1:ItNr	2:Metric	3:StepSize	4:||Gradient||	Time[ms]
0	-0.679326	627.201626	0.008569	688.9
1	-0.787117	623.504937	0.007060	4.0
2	-0.917635	619.865785	0.014734	4.1
3	-0.631844	616.282728	0.010316	4.0
4	-0.000000	612.754375	0.000000	3.5
5	-0.373457	609.279381	0.004289	4.1
6	-0.347162	605.856447	0.007587	4.2
7	-0.000000	602.484317	0.000000	3.7
8	-0.000000	599.161779	0.000000	3.7
9	-0.455785	595.887656	0.008300	4.5
10	-0.000000	592.660813	0.000000	4.5
11	-0.336624	589.480151	0.006726	3.7
12	-0.463559	586.344606	0.011043	4.0
13	-0.369560	583.253145	0.015283	3.0
14	-0.000000	580.204771	0.000000	4.3
15	-0.685374	577.198517	0.003070	4.1
16	-0.934295	574.233444	0.015457	3.9
17	-0.938593	571.308645	0.009900	3.9
18	-0.830829	568.423237	0.006290	4.1
19	-0.241084	565.576365	0.004925	4.8
20	-0.000000	562.767201	0.000000	3.0
21	-0.820793	559.994938	0.014041	4.6
22	-0.508264	557.258797	0.007414	4.3
23	-0.040056	554.558018	0.000863	3.8
24	-0.832095	551.891865	0.009665	3.8
25	-0.696674	549.259621	0.010857	4.5
26	-0.710725	546.660592	0.008415	4.5
27	-0.568724	544.094102	0.008202	3.9
28	-0.660714	541.559494	0.008074	3.3
29	-0.375605	539.056129	0.004422	5.0
30	-0.000000	536.583387	0.000000	4.0
31	-0.599067	534.140663	0.012151	4.0
32	-0.000000	531.727370	0.000000	3.9
33	-0.092725	529.342935	0.004038	4.8
34	-0.776334	526.986802	0.010744	4.1
35	-0.199848	524.658430	0.006271	5.0
36	-0.207636	522.357290	0.009129	5.2
37	-0.000000	520.082868	0.000000	4.6
38	-0.011376	517.834665	0.000442	4.1
39	-0.755497	515.612193	0.015017	5.0
40	-0.717492	513.414976	0.007787	4.4
41	-0.386448	511.242551	0.006096	3.8
42	-0.784103	509.094468	0.007982	4.6
43	-0.689144	506.970285	0.014894	4.8
44	-0.000000	504.869574	0.000000	4.1
45	-0.460414	502.791916	0.003765	4.4
46	-0.280889	500.736903	0.002093	4.3
47	-0.841573	498.704137	0.008999	4.3
48	-0.130265	496.693228	0.007367	4.1
49	-0.000000	494.703798	0.000000	4.8
50	-0.000000	492.735476	0.000000	4.7
51	-0.000000	490.787900	0.000000	4.2
52	-0.459833	488.860718	0.008300	5.0
53	-0.297231	486.953585	0.002091	4.6
54	-0.753785	485.066164	0.005705	4.6
55	-0.180951	483.198126	0.002081	4.7
56	-0.883876	481.349149	0.021060	3.6
57	-0.361347	479.518920	0.009881	4.9
58	-0.565781	477.707132	0.006764	4.5
59	-0.483991	475.913485	0.005558	4.7
60	-0.957978	474.137684	0.010035	5.1
61	-0.347987	472.379445	0.005505	4.3
62	-0.000000	470.638485	0.000000	4.0
63	-0.288436	468.914531	0.008600	4.5
64	-0.557454	467.207315	0.008521	5.0
65	-0.886939	465.516573	0.007883	5.7
66	-0.000000	463.842050	0.000000	4.5
67	-0.768767	462.183494	0.007720	5.2
68	-0.666512	460.540658	0.007707	4.9
69	-0.657799	458.913303	0.014052	4.9
70	-0.514831	457.301192	0.004573	5.7
71	-0.285586	455.704096	0.004030	4.4
72	-0.000000	454.121787	0.000000	4.7
73	-0.893031	452.554045	0.008614	5.6
74	-0.369659	451.000653	0.007617	5.1
75	-0.615388	449.461399	0.006701	5.2
76	-0.000000	447.936075	0.000000	5.2
77	-0.742050	446.424477	0.013747	4.5
78	-0.007694	444.926406	0.001227	5.0
79	-0.557318	443.441666	0.007527	5.8
80	-0.292265	441.970065	0.005184	4.7
81	-0.638994	440.511415	0.008957	5.4
82	-0.555092	439.065533	0.006064	6.1
83	-0.621538	437.632238	0.011442	4.9
84	-0.463950	436.211351	0.007964	5.4
85	-0.000000	434.802701	0.000000	6.3
86	-0.790573	433.406117	0.010793	6.5
87	-0.064673	432.021430	0.005746	5.3
88	-0.000002	430.648479	0.000002	6.1
89	-0.000000	429.287101	0.000000	4.6
90	-1.215480	427.937140	0.014646	4.6
91	-0.331966	426.598440	0.006680	5.0
92	-0.415066	425.270849	0.005921	5.0
93	-0.088318	423.954220	0.007118	5.0
94	-0.402606	422.648404	0.005096	7.3
95	-0.125680	421.353259	0.004091	5.3
96	-0.011309	420.068643	0.002957	8.5
97	-0.050375	418.794419	0.002597	4.1
98	-0.000000	417.530451	0.000000	4.7
99	-0.579281	416.276604	0.010301	4.8
100	-0.754212	415.032748	0.008826	4.8
101	-0.874662	413.798754	0.010983	4.4
102	-0.000000	412.574495	0.000000	5.0
103	-0.772480	411.359849	0.011338	4.8
104	-0.889269	410.154691	0.007768	4.4
105	-0.603288	408.958904	0.007620	5.2
106	-0.574864	407.772368	0.010500	5.0
107	-0.536415	406.594968	0.007819	4.5
108	-0.854046	405.426590	0.008893	5.1
109	-0.000001	404.267122	0.000000	5.2
110	-0.521371	403.116456	0.005317	5.2
111	-0.721850	401.974481	0.012823	5.0
112	-0.000000	400.841093	0.000000	5.2
113	-0.771406	399.716187	0.006228	4.9
114	-0.066674	398.599660	0.003083	5.4
115	-0.000000	397.491411	0.000000	5.5
116	-0.000000	396.391342	0.000000	5.4
117	-0.165442	395.299353	0.004300	5.8
118	-0.596883	394.215350	0.007585	5.6
119	-0.112416	393.139238	0.003562	5.3
120	-0.579700	392.070924	0.009828	5.6
121	-0.710837	391.010316	0.009343	4.9
122	-0.000001	389.957325	0.000000	5.3
123	-0.612703	388.911862	0.010491	5.7
124	-0.560883	387.873839	0.008129	4.8
125	-0.898987	386.843173	0.007067	4.8
126	-0.000000	385.819777	0.000000	5.6
127	-0.738601	384.803569	0.007480	4.4
128	-0.770299	383.794468	0.006737	4.7
129	-0.672151	382.792393	0.008580	5.7
130	-0.893125	381.797264	0.018534	4.9
131	-0.226788	380.809005	0.005503	4.8
132	-0.923556	379.827537	0.007300	5.1
133	-0.000049	378.852786	0.000027	5.1
134	-1.005701	377.884678	0.014835	5.4
135	-0.550278	376.923138	0.006835	5.9
136	-0.638532	375.968095	0.011524	5.6
137	-0.563599	375.019479	0.006314	5.1
138	-0.510076	374.077218	0.007210	5.6
139	-0.702950	373.141244	0.010195	5.1
140	-0.076374	372.211489	0.003488	4.4
141	-0.770085	371.287887	0.009178	5.2
142	-0.602944	370.370370	0.011497	4.6
143	-0.311804	369.458876	0.003859	4.5
144	-0.000000	368.553338	0.000000	5.0
145	-0.978252	367.653696	0.018209	4.3
146	-0.876540	366.759885	0.006491	4.5
147	-0.683001	365.871846	0.007553	4.0
148	-0.000001	364.989518	0.000000	5.3
149	-0.349545	364.112841	0.011923	4.9
150	-0.000000	363.241757	0.000000	4.4
151	-0.433698	362.376208	0.008356	5.5
152	-0.025034	361.516137	0.001231	4.5
153	-0.522276	360.661488	0.008330	4.4
154	-0.554473	359.812206	0.010783	5.6
155	-0.100768	358.968236	0.003707	4.8
156	-0.502593	358.129524	0.002965	4.6
157	-0.436545	357.296018	0.002674	5.2
158	-0.000000	356.467665	0.000000	4.8
159	-0.715508	355.644414	0.011327	4.8
160	-0.767166	354.826213	0.005632	6.1
161	-0.933942	354.013012	0.006698	5.3
162	-0.000000	353.204763	0.000000	5.8
163	-0.740686	352.401415	0.010587	5.4
164	-0.000000	351.602922	0.000000	4.7
165	-0.000000	350.809235	0.000000	5.0
166	-0.437144	350.020308	0.012968	5.9
167	-0.848031	349.236095	0.007298	6.2
168	-0.729131	348.456550	0.007406	4.9
169	-0.000000	347.681627	0.000000	5.9
170	-0.750979	346.911283	0.005211	5.4
171	-0.647533	346.145474	0.007163	5.4
172	-0.246807	345.384157	0.003936	6.6
173	-1.073611	344.627288	0.018554	4.7
174	-0.959411	343.874826	0.005598	4.8
175	-0.002076	343.126729	0.000692	6.1
176	-0.720271	342.382957	0.008419	5.6
177	-0.000000	341.643469	0.000000	6.6
178	-0.166020	340.908224	0.001128	5.6
179	-0.558166	340.177184	0.009335	5.4
180	-0.604865	339.450309	0.004835	7.2
181	-0.000000	338.727561	0.000000	6.1
182	-0.071742	338.008902	0.002377	6.1
183	-0.853744	337.294295	0.008451	5.2
184	-0.386990	336.583703	0.005593	4.5
185	-0.702842	335.877089	0.007254	5.9
186	-0.304214	335.174416	0.006680	4.7
187	-0.899527	334.475651	0.010721	4.5
188	-0.833078	333.780756	0.005780	4.9
189	-0.000101	333.089698	0.000032	5.2
190	-0.000000	332.402443	0.000000	4.6
191	-0.608139	331.718955	0.009443	5.5
192	-0.513788	331.039203	0.005669	4.9
193	-0.791806	330.363153	0.009435	5.1
194	-0.381437	329.690771	0.008104	4.3
195	-0.000000	329.022027	0.000000	4.9
196	-0.974686	328.356888	0.011017	4.7
197	-0.000000	327.695322	0.000000	5.0
198	-0.251084	327.037299	0.004779	5.0
199	-0.000000	326.382787	0.000000	4.5
200	-0.311907	325.731758	0.004606	5.0
201	-0.000000	325.084179	0.000000	5.1
202	-1.112109	324.440023	0.012073	4.7
203	-0.853756	323.799258	0.009029	5.1
204	-0.904281	323.161858	0.012586	5.4
205	-0.000239	322.527792	0.000202	4.6
206	-0.488384	321.897034	0.008236	5.3
207	-0.019245	321.269554	0.001373	4.6
208	-0.384221	320.645325	0.009319	4.6
209	-0.049108	320.024320	0.003071	4.7
210	-0.420850	319.406512	0.010127	4.3
211	-0.680347	318.791875	0.004680	5.0
212	-0.760979	318.180381	0.014160	4.5
213	-0.000000	317.572005	0.000000	4.4
214	-0.269628	316.966721	0.007546	4.9
215	-0.000000	316.364504	0.000000	5.2
216	-0.000000	315.765329	0.000000	5.1
217	-0.000000	315.169170	0.000000	5.5
218	-0.830464	314.576003	0.013050	5.1
219	-0.913488	313.985804	0.004814	5.4
220	-0.735238	313.398548	0.006769	5.5
221	-0.000000	312.814213	0.000000	5.3
222	-0.526997	312.232773	0.005619	5.4
223	-0.989228	311.654207	0.015493	6.0
224	-0.363750	311.078491	0.004892	5.1
225	-0.000000	310.505602	0.000000	5.0
226	-0.000000	309.935518	0.000000	5.5
227	-0.789528	309.368217	0.010142	4.9
228	-0.828807	308.803676	0.011368	4.6
229	-0.000000	308.241874	0.000000	5.5
230	-0.518866	307.682789	0.008758	5.6
231	-0.095973	307.126400	0.009771	4.9
232	-0.000000	306.572687	0.000000	5.5
233	-0.000000	306.021627	0.000000	5.0
234	-0.370267	305.473201	0.004804	4.9
235	-0.492770	304.927388	0.009100	6.1
236	-0.550684	304.384168	0.007057	4.7
237	-0.000000	303.843521	0.000000	5.1
238	-0.604426	303.305427	0.007194	5.5
239	-0.736097	302.769867	0.007778	5.1
240	-0.703835	302.236821	0.015015	5.6
241	-0.000000	301.706270	0.000000	5.7
242	-0.622727	301.178196	0.007873	5.0
243	-0.000000	300.652580	0.000000	5.4
244	-0.568139	300.129402	0.008948	5.2
245	-0.690767	299.608645	0.008346	4.4
246	-0.275152	299.090291	0.005488	4.1
247	-0.404664	298.574321	0.004680	5.1
248	-0.420542	298.060718	0.007037	4.1
249	-0.834315	297.549465	0.012664	4.8
250	-0.638323	297.040543	0.007682	4.4
251	-0.638519	296.533936	0.008828	4.9
252	-0.000000	296.029626	0.000000	4.5
253	-0.645825	295.527597	0.003906	4.4
254	-0.317031	295.027832	0.004060	5.1
255	-0.046476	294.530315	0.003594	4.7
256	-0.301426	294.035028	0.008043	4.5
257	-0.291418	293.541956	0.004197	4.4
258	-0.000000	293.051083	0.000000	5.0
259	-0.515017	292.562393	0.005298	4.5
260	-0.000000	292.075870	0.000000	4.4
261	-0.843677	291.591498	0.004841	5.1
262	-0.000000	291.109263	0.000000	4.5
263	-0.856210	290.629149	0.009259	4.4
264	-0.000000	290.151140	0.000000	5.7
265	-0.473609	289.675222	0.008829	5.0
266	-0.119518	289.201380	0.003224	4.8
267	-0.000000	288.729600	0.000000	5.5
268	-0.000000	288.259866	0.000000	4.8
269	-0.827123	287.792165	0.007374	4.4
270	-0.000000	287.326481	0.000000	6.0
271	-0.789225	286.862802	0.008558	4.7
272	-0.000034	286.401113	0.000024	4.5
273	-0.121625	285.941400	0.004355	5.6
274	-0.000000	285.483649	0.000000	5.3
275	-0.889155	285.027847	0.008340	3.8
276	-0.613794	284.573981	0.008024	4.8
277	-0.536581	284.122037	0.005471	4.9
278	-0.883891	283.672002	0.006449	4.5
279	-0.250030	283.223863	0.005531	5.0
280	-0.722820	282.777607	0.011711	5.1
281	-0.000000	282.333221	0.000000	5.1
282	-0.536036	281.890692	0.010885	5.3
283	-0.609138	281.450008	0.007550	6.1
284	-0.902200	281.011157	0.006231	6.3
285	-0.887344	280.574125	0.005092	6.3
286	-0.679388	280.138901	0.011322	7.3
287	-0.204637	279.705473	0.006066	5.3
288	-0.468679	279.273829	0.005927	5.2
289	-0.000000	278.843956	0.000000	5.1
290	-0.766955	278.415844	0.006426	4.5
291	-0.173276	277.989479	0.002789	6.0
292	-0.219939	277.564851	0.005862	6.2
293	-0.342011	277.141949	0.004664	4.1
294	-1.039354	276.720761	0.008929	4.8
295	-0.817743	276.301275	0.016795	6.0
296	-0.916215	275.883480	0.010043	5.5
297	-0.004014	275.467366	0.000716	5.3
298	-0.000000	275.052922	0.000000	4.9
299	-0.441694	274.640136	0.009082	3.8
300	-0.621449	274.228998	0.008842	6.3
301	-0.399300	273.819497	0.005115	5.0
302	-0.000000	273.411623	0.000000	4.4
303	-0.489151	273.005365	0.004900	6.1
304	-0.571517	272.600712	0.008450	4.7
305	-0.000000	272.197655	0.000000	4.9
306	-0.006286	271.796184	0.001616	5.3
307	-0.478674	271.396287	0.008204	5.2
308	-0.610540	270.997956	0.005771	4.3
309	-0.723017	270.601180	0.010223	5.4
310	-0.000016	270.205949	0.000012	4.7
311	-0.656815	269.812254	0.009435	4.8
312	-0.641783	269.420085	0.007604	4.9
313	-0.683635	269.029432	0.015310	4.1
314	-0.482312	268.640287	0.009893	4.5
315	-0.774536	268.252638	0.008059	4.9
316	-0.000000	267.866478	0.000000	5.0
317	-0.104458	267.481796	0.002556	4.6
318	-0.000004	267.098584	0.000003	4.5
319	-0.000000	266.716833	0.000000	5.0
320	-0.549381	266.336533	0.005919	4.6
321	-0.745705	265.957676	0.008904	4.8
322	-0.000000	265.580253	0.000000	4.5
323	-0.597082	265.204254	0.005923	4.7
324	-0.241250	264.829672	0.006342	5.0
325	-0.930938	264.456497	0.005491	4.7
326	-0.351409	264.084721	0.005791	4.9
327	-0.181733	263.714335	0.003823	6.0
328	-0.420337	263.345332	0.008723	4.4
329	-0.517861	262.977702	0.006741	4.9
330	-0.506739	262.611438	0.007634	4.8
331	-0.436289	262.246531	0.009200	4.4
332	-0.509435	261.882973	0.011747	4.9
333	-0.883415	261.520756	0.008197	5.1
334	-0.729865	261.159871	0.003499	4.4
335	-0.431445	260.800312	0.003861	4.5
336	-0.000000	260.442070	0.000000	5.5
337	-0.360715	260.085137	0.004259	4.5
338	-0.784228	259.729505	0.007045	4.3
339	-0.000000	259.375167	0.000000	5.5
340	-0.467854	259.022116	0.008601	3.6
341	-0.197556	258.670343	0.004148	3.7
342	-0.006925	258.319841	0.001723	4.5
343	-0.475672	257.970602	0.013642	4.9
344	-0.740181	257.622620	0.006144	4.5
345	-0.036608	257.275887	0.001085	4.1
346	-0.980866	256.930396	0.009350	6.2
347	-0.321873	256.586139	0.002980	4.5
348	-0.862985	256.243109	0.008198	4.4
349	-0.255459	255.901300	0.004018	5.6
350	-1.018493	255.560703	0.011505	4.1
351	-0.626550	255.221313	0.006150	5.3
352	-0.505950	254.883122	0.006263	5.8
353	-0.719502	254.546124	0.009109	5.5
354	-0.649253	254.210311	0.013079	5.5
355	-0.510999	253.875677	0.006334	5.4
356	-0.099875	253.542215	0.003143	5.3
357	-0.875213	253.209918	0.012670	4.9
358	-0.002147	252.878781	0.001037	5.8
359	-0.491173	252.548795	0.004276	5.1
360	-0.477246	252.219956	0.006688	5.5
361	-0.480403	251.892255	0.004520	5.3
362	-0.578474	251.565688	0.001997	5.1
363	-0.000000	251.240247	0.000000	5.8
364	-0.135312	250.915926	0.004285	3.8
365	-0.000000	250.592720	0.000000	5.0
366	-0.717117	250.270621	0.010135	5.4
367	-0.515606	249.949624	0.010323	5.5
368	-0.606843	249.629723	0.010093	5.9
369	-0.000000	249.310911	0.000000	5.4
370	-0.000000	248.993182	0.000000	5.1
371	-0.983964	248.676531	0.011246	5.4
372	-0.712725	248.360952	0.010156	5.2
373	-0.000000	248.046438	0.000000	5.4
374	-0.000000	247.732984	0.000000	4.8
375	-0.737952	247.420584	0.008891	4.9
376	-0.675385	247.109233	0.008670	5.0
377	-0.039122	246.798924	0.001136	4.2
378	-0.000000	246.489652	0.000000	4.7
379	-0.000000	246.181412	0.000000	5.4
380	-0.000000	245.874197	0.000000	5.3
381	-0.168976	245.568002	0.005927	5.1
382	-0.000011	245.262822	0.000006	5.0
383	-0.607170	244.958652	0.006307	5.0
384	-0.236940	244.655485	0.005143	4.8
385	-0.161199	244.353317	0.009180	5.8
386	-0.002551	244.052142	0.000594	5.7
387	-0.168648	243.751955	0.007829	5.4
388	-0.458177	243.452750	0.005272	5.4
389	-0.399948	243.154523	0.006124	4.5
390	-0.873502	242.857268	0.006770	4.4
391	-0.887623	242.560980	0.006458	5.3
392	-0.525531	242.265654	0.004064	4.3
393	-0.000000	241.971285	0.000000	4.4
394	-0.731176	241.677868	0.008012	4.3
395	-0.743163	241.385397	0.023287	5.2
396	-0.403783	241.093869	0.003973	4.4
397	-0.873948	240.803278	0.006962	4.8
398	-0.000758	240.513619	0.000189	5.2
399	-0.428526	240.224887	0.006306	4.5
400	-0.000000	239.937077	0.000000	4.4
401	-0.781955	239.650186	0.009302	4.6
402	-0.000000	239.364207	0.000000	4.7
403	-0.846638	239.079136	0.003641	4.5
404	-0.539302	238.794969	0.007155	4.7
405	-0.000000	238.511701	0.000000	3.9
406	-0.964649	238.229327	0.015069	3.5
407	-0.821631	237.947843	0.008738	5.0
408	-0.962245	237.667244	0.005373	5.0
409	-0.006344	237.387526	0.001292	3.8
410	-0.000000	237.108684	0.000000	4.5
411	-0.822377	236.830714	0.009209	4.3
412	-0.116408	236.553610	0.004375	4.7
413	-0.000000	236.277370	0.000000	4.8
414	-0.000000	236.001989	0.000000	4.4
415	-0.000000	235.727461	0.000000	4.9
416	-0.504490	235.453784	0.005482	4.6
417	-0.602421	235.180952	0.008828	4.6
418	-0.308215	234.908962	0.004476	5.1
419	-0.403532	234.637809	0.006722	4.9
420	-0.187473	234.367488	0.006161	4.8
421	-0.000000	234.097997	0.000000	5.2
422	-0.743017	233.829331	0.007598	4.3
423	-0.934371	233.561485	0.029657	4.5
424	-0.112906	233.294456	0.005142	3.9
425	-0.219933	233.028239	0.003702	4.8
426	-0.541084	232.762831	0.009345	5.0
427	-0.525937	232.498228	0.005237	3.7
428	-0.156653	232.234425	0.002109	4.9
429	-0.655096	231.971419	0.007932	4.3
430	-0.494451	231.709205	0.004432	4.4
431	-0.698447	231.447781	0.005611	4.6
432	-0.834736	231.187141	0.009976	5.3
433	-1.068353	230.927283	0.013475	3.7
434	-0.000000	230.668202	0.000000	4.4
435	-0.000000	230.409895	0.000000	5.1
436	-0.000000	230.152358	0.000000	4.5
437	-0.000000	229.895587	0.000000	4.5
438	-0.027426	229.639578	0.002173	5.6
439	-0.568787	229.384329	0.009497	5.4
440	-0.872713	229.129834	0.006700	4.4
441	-0.837123	228.876091	0.013880	5.6
442	-0.967031	228.623096	0.006734	5.2
443	-0.868060	228.370846	0.006083	4.5
444	-0.634670	228.119336	0.012587	4.8
445	-0.000000	227.868563	0.000000	5.6
446	-0.022227	227.618525	0.001727	5.2
447	-0.966163	227.369216	0.018351	4.5
448	-0.787365	227.120635	0.003413	5.0
449	-1.104821	226.872777	0.018334	5.0
450	-0.175012	226.625638	0.001950	5.4
451	-0.166369	226.379217	0.003705	5.1
452	-0.317118	226.133509	0.006139	5.2
453	-0.861849	225.888510	0.017246	4.9
454	-0.967508	225.644218	0.022490	4.7
455	-0.000000	225.400630	0.000000	5.5
456	-0.785438	225.157741	0.011177	4.7
457	-0.353338	224.915549	0.005211	5.2
458	-0.000000	224.674051	0.000000	5.3
459	-0.000000	224.433242	0.000000	4.6
460	-0.028956	224.193121	0.001007	5.3
461	-0.000000	223.953684	0.000000	4.8
462	-0.700547	223.714927	0.009922	5.3
463	-0.013105	223.476848	0.001193	5.5
464	-0.076965	223.239444	0.004222	6.2
465	-0.662026	223.002710	0.011174	4.6
466	-0.155215	222.766645	0.004822	5.6
467	-0.355827	222.531245	0.006010	5.5
468	-0.656626	222.296508	0.007122	5.5
469	-0.878196	222.062429	0.005481	5.2
470	-0.000000	221.829007	0.000000	4.6
471	-0.300856	221.596238	0.006960	4.0
472	-0.805766	221.364119	0.004634	5.6
473	-0.152554	221.132647	0.003789	4.5
474	-0.258703	220.901820	0.004680	4.4
475	-0.841250	220.671634	0.009570	5.3
476	-0.849894	220.442086	0.010112	4.7
477	-0.205552	220.213174	0.005962	4.4
478	-0.156784	219.984895	0.003166	5.5
479	-0.689660	219.757246	0.011277	6.0
480	-0.253502	219.530224	0.004777	7.2
481	-0.361205	219.303826	0.004950	5.2
482	-0.369377	219.078050	0.004022	4.9
483	-0.000000	218.852893	0.000000	4.8
484	-0.936134	218.628352	0.014392	4.6
485	-0.896259	218.404424	0.006919	4.5
486	-0.059497	218.181106	0.001850	4.6
487	-0.687709	217.958397	0.006631	5.0
488	-0.000000	217.736292	0.000000	4.5
489	-0.000131	217.514790	0.000075	4.8
490	-0.000000	217.293888	0.000000	4.9
491	-0.000000	217.073584	0.000000	4.5
492	-0.008403	216.853873	0.000528	4.9
493	-0.359764	216.634755	0.005262	4.4
494	-0.476552	216.416227	0.006717	4.3
495	-0.553537	216.198285	0.006440	4.9
496	-0.000000	215.980927	0.000000	4.4
497	-0.041231	215.764151	0.001525	5.0
498	-0.409442	215.547955	0.005023	4.8
499	-0.343468	215.332335	0.005764	4.3
500	-0.000000	215.117289	0.000000	4.9
501	-0.000000	214.902815	0.000000	5.1
502	-0.793596	214.688911	0.010513	4.4
503	-0.901204	214.475573	0.015733	4.4
504	-0.372393	214.262800	0.005171	5.3
505	-0.597203	214.050588	0.003814	4.5
506	-0.313487	213.838936	0.007220	4.0
507	-0.384954	213.627842	0.002875	5.4
508	-0.060013	213.417302	0.001353	4.5
509	-0.000000	213.207314	0.000000	4.4
510	-0.025430	212.997877	0.001911	5.3
511	-0.847851	212.788987	0.006720	4.7
512	-0.038556	212.580642	0.000784	4.4
513	-0.000000	212.372841	0.000000	3.3
514	-0.454405	212.165581	0.005567	5.8
515	-0.334917	211.958859	0.005453	5.3
516	-0.000010	211.752673	0.000005	5.1
517	-0.945376	211.547021	0.008035	5.1
518	-0.531099	211.341902	0.006217	4.4
519	-0.974360	211.137311	0.016074	3.5
520	-0.901190	210.933248	0.006406	5.1
521	-0.750086	210.729710	0.006979	4.4
522	-0.316561	210.526695	0.003432	4.4
523	-0.802682	210.324200	0.005594	6.0
524	-0.000003	210.122224	0.000003	4.8
525	-0.000000	209.920765	0.000000	4.6
526	-0.000000	209.719820	0.000000	4.6
527	-0.458804	209.519387	0.004522	4.6
528	-0.690388	209.319463	0.013254	4.7
529	-0.855296	209.120048	0.010660	6.6
530	-0.630402	208.921139	0.006104	4.8
531	-0.695810	208.722733	0.009901	4.6
532	-0.828127	208.524829	0.009652	4.4
533	-0.953855	208.327425	0.005884	5.0
534	-0.000000	208.130518	0.000000	4.5
535	-0.828781	207.934107	0.005079	4.7
536	-0.944187	207.738189	0.007731	5.0
537	-0.971787	207.542762	0.012451	5.4
538	-0.722403	207.347825	0.003453	5.1
539	-0.696611	207.153376	0.009571	5.6
540	-0.000000	206.959412	0.000000	3.9
541	-0.490349	206.765932	0.006894	5.1
542	-0.562029	206.572933	0.006605	5.6
543	-0.562206	206.380414	0.006761	5.0
544	-0.309798	206.188373	0.004833	5.0
545	-0.009409	205.996807	0.000536	5.9
546	-0.005838	205.805716	0.001153	6.2
547	-0.657886	205.615096	0.007599	4.9
548	-0.929963	205.424946	0.005734	6.1
549	-0.035775	205.235265	0.001536	4.9
550	-1.068303	205.046050	0.017541	4.1
551	-0.513883	204.857299	0.008000	5.5
552	-0.896469	204.669011	0.011225	5.0
553	-0.297690	204.481184	0.003156	5.6
554	-0.000000	204.293816	0.000000	6.1
555	-0.759167	204.106905	0.008568	5.4
556	-0.570051	203.920449	0.009186	4.9
557	-0.729313	203.734447	0.007217	6.2
558	-1.019734	203.548896	0.014012	5.0
559	-0.547181	203.363795	0.006130	5.2
560	-0.320547	203.179143	0.005924	5.9
561	-0.112220	202.994937	0.004021	5.2
562	-0.741471	202.811176	0.009075	5.5
563	-0.000000	202.627857	0.000000	5.3
564	-0.747961	202.444980	0.008869	3.5
565	-0.467236	202.262543	0.004482	4.8
566	-0.000000	202.080543	0.000000	6.1
567	-0.794903	201.898979	0.004896	5.1
568	-0.587054	201.717849	0.005178	5.9
569	-0.595168	201.537153	0.009368	5.0
570	-0.591132	201.356887	0.006815	4.6
571	-0.710243	201.177050	0.011881	5.0
572	-0.198177	200.997642	0.004556	5.4
573	-0.127474	200.818659	0.002608	4.6
574	-0.667750	200.640100	0.007874	5.6
575	-0.000000	200.461965	0.000000	5.3
576	-0.696327	200.284250	0.005742	4.8
577	-0.726049	200.106955	0.008180	4.9
578	-0.576377	199.930078	0.005845	5.3
579	-0.588047	199.753617	0.004418	4.6
580	-0.713387	199.577571	0.005354	4.9
581	-0.650023	199.401938	0.006362	5.1
582	-0.615087	199.226717	0.006090	4.6
583	-0.291886	199.051905	0.007408	5.0
584	-0.474007	198.877502	0.006572	5.3
585	-0.317791	198.703506	0.004859	5.1
586	-0.512929	198.529916	0.005129	5.0
587	-0.023306	198.356729	0.001910	4.7
588	-0.896863	198.183944	0.005700	5.2
589	-0.000000	198.011560	0.000000	4.2
590	-0.000000	197.839576	0.000000	4.4
591	-0.439407	197.667989	0.007234	5.0
592	-0.933027	197.496798	0.006507	4.5
593	-0.000000	197.326002	0.000000	4.3
594	-0.963311	197.155600	0.009776	4.3
595	-0.429606	196.985589	0.006288	5.4
596	-0.932383	196.815969	0.006737	4.9
597	-0.000000	196.646738	0.000000	5.2
598	-0.000000	196.477894	0.000000	4.6
599	-0.457765	196.309436	0.006141	4.4
600	-0.000000	196.141363	0.000000	5.6
601	-0.000000	195.973673	0.000000	4.6
602	-0.000102	195.806365	0.000070	4.4
603	-0.000000	195.639437	0.000000	4.9
604	-0.999315	195.472888	0.026722	4.2
605	-0.000004	195.306717	0.000003	4.5
606	-0.157557	195.140922	0.004205	4.7
607	-0.938471	194.975501	0.033788	4.1
608	-0.000000	194.810454	0.000000	4.6
609	-0.791669	194.645779	0.005904	4.4
610	-0.000000	194.481475	0.000000	5.3
611	-0.003778	194.317540	0.000302	4.5
612	-0.959804	194.153973	0.006384	4.9
613	-0.538867	193.990773	0.007728	4.8
614	-0.791454	193.827938	0.006017	4.2
615	-0.000992	193.665467	0.000452	4.9
616	-0.548268	193.503358	0.005542	4.4
617	-0.829943	193.341611	0.006821	4.9
618	-0.000000	193.180224	0.000000	4.4
619	-0.000001	193.019196	0.000001	4.8
620	-0.687827	192.858525	0.010831	5.0
621	-0.949259	192.698210	0.012167	4.1
622	-0.000000	192.538251	0.000000	4.5
623	-0.746467	192.378644	0.010977	5.0
624	-0.117301	192.219391	0.003341	5.1
625	-0.631462	192.060488	0.012627	4.4
626	-0.616129	191.901935	0.005415	4.8
627	-0.539180	191.743730	0.006288	5.2
628	-0.320143	191.585873	0.007074	4.5
629	-0.753095	191.428362	0.007102	5.3
630	-0.117247	191.271196	0.001458	5.6
631	-0.953818	191.114374	0.006175	5.5
632	-0.000000	190.957893	0.000000	4.9
633	-0.647273	190.801755	0.005097	5.7
634	-1.111656	190.645956	0.013252	4.5
635	-0.535863	190.490495	0.005998	4.3
636	-0.731661	190.335373	0.004313	6.6
637	-0.000000	190.180587	0.000000	4.6
638	-1.050816	190.026136	0.013633	5.5
639	-0.602693	189.872019	0.012202	5.6
640	-0.497847	189.718235	0.004434	4.7
641	-0.764999	189.564782	0.006605	5.1
642	-0.579443	189.411661	0.006939	5.6
643	-0.965738	189.258868	0.009970	4.6
644	-0.234399	189.106404	0.004936	4.4
645	-0.880497	188.954267	0.005576	5.5
646	-0.083555	188.802456	0.002338	4.7
647	-0.305795	188.650969	0.003957	5.0
648	-0.921836	188.499807	0.004642	5.3
649	-0.745245	188.348967	0.007693	4.8
650	-0.442979	188.198448	0.004972	5.7
651	-0.060657	188.048250	0.003874	5.2
652	-0.971902	187.898371	0.005349	4.6
653	-0.000000	187.748810	0.000000	4.9
654	-0.856050	187.599566	0.004427	5.4
655	-0.585811	187.450638	0.008127	4.8
656	-0.680844	187.302025	0.003495	6.8
657	-0.528059	187.153725	0.007619	5.6
658	-0.327020	187.005739	0.002945	5.4
659	-0.005973	186.858064	0.001087	4.5
660	-0.414701	186.710699	0.011786	5.0
661	-0.000002	186.563645	0.000001	5.0
662	-0.000000	186.416898	0.000000	4.5
663	-0.311584	186.270459	0.005515	4.7
664	-0.532138	186.124326	0.009677	5.1
665	-0.086376	185.978499	0.004348	3.3
666	-0.721330	185.832976	0.009577	3.6
667	-0.791794	185.687756	0.009431	5.0
668	-0.829579	185.542838	0.005902	4.8
669	-0.000054	185.398222	0.000030	4.4
670	-0.643676	185.253906	0.008209	4.5
671	-0.476838	185.109889	0.002643	5.1
672	-0.331190	184.966170	0.010871	4.3
673	-0.542276	184.822748	0.008786	4.4
674	-0.000000	184.679623	0.000000	5.6
675	-0.000000	184.536792	0.000000	6.7
676	-0.739200	184.394256	0.005798	5.4
677	-0.718101	184.252013	0.004946	5.2
678	-0.503235	184.110062	0.006638	5.2
679	-0.000000	183.968403	0.000000	5.6
680	-0.000000	183.827034	0.000000	4.7
681	-0.693438	183.685954	0.003907	4.5
682	-0.000000	183.545163	0.000000	5.1
683	-0.712009	183.404658	0.007955	4.8
684	-0.220318	183.264441	0.004922	4.4
685	-0.000000	183.124509	0.000000	4.7
686	-0.558814	182.984861	0.006455	4.9
687	-0.860546	182.845497	0.006257	4.5
688	-0.494306	182.706416	0.005455	4.9
689	-0.277140	182.567616	0.005233	5.2
690	-0.000000	182.429098	0.000000	4.6
691	-0.000000	182.290859	0.000000	3.9
692	-0.557286	182.152899	0.005756	4.4
693	-0.544711	182.015217	0.007514	4.8
694	-0.628746	181.877813	0.007410	4.8
695	-0.832238	181.740684	0.008852	4.4
696	-0.828647	181.603832	0.003251	4.9
697	-0.215816	181.467253	0.004716	4.4
698	-0.715246	181.330948	0.006493	4.8
699	-0.439169	181.194916	0.003594	5.0
700	-0.000000	181.059155	0.000000	4.6
701	-0.000000	180.923666	0.000000	4.6
702	-0.329572	180.788446	0.004865	4.6
703	-0.019025	180.653496	0.002078	5.1
704	-1.112293	180.518814	0.008567	4.4
705	-0.830194	180.384399	0.012465	4.6
706	-0.691560	180.250251	0.011911	4.9
707	-0.087004	180.116369	0.003285	4.6
708	-0.000000	179.982752	0.000000	4.3
709	-0.655098	179.849398	0.005612	5.5
710	-0.000000	179.716308	0.000000	4.5
711	-0.000000	179.583480	0.000000	4.6
712	-0.000000	179.450913	0.000000	5.3
713	-0.658285	179.318607	0.007810	4.6
714	-0.249721	179.186561	0.008509	4.3
715	-0.000001	179.054774	0.000001	4.8
716	-0.916840	178.923245	0.007616	4.7
717	-0.451911	178.791973	0.004160	4.4
718	-0.000000	178.660958	0.000000	5.2
719	-0.472836	178.530199	0.007012	4.7
720	-0.615418	178.399694	0.008240	4.4
721	-0.974050	178.269444	0.007352	5.4
722	-0.971845	178.139447	0.013864	4.2
723	-0.000000	178.009702	0.000000	4.4
724	-0.949168	177.880209	0.006194	5.3
725	-0.358675	177.750967	0.005816	5.6
726	-0.747936	177.621975	0.015164	5.1
727	-0.000000	177.493232	0.000000	5.2
728	-0.445104	177.364738	0.006376	6.1
729	-0.744947	177.236492	0.008152	5.5
730	-0.778699	177.108492	0.008431	5.8
731	-0.368432	176.980739	0.008837	5.7
732	-0.461997	176.853231	0.003532	5.0
733	-0.920179	176.725968	0.011462	4.8
734	-0.394737	176.598949	0.009384	6.3
735	-0.520686	176.472173	0.006611	5.4
736	-0.460438	176.345639	0.005124	5.8
737	-0.870540	176.219348	0.010892	4.8
738	-0.453094	176.093296	0.003849	4.7
739	-0.389375	175.967486	0.006146	5.7
740	-0.378440	175.841914	0.004345	5.1
741	-0.866504	175.716581	0.008972	5.1
742	-0.478567	175.591486	0.004620	6.3
743	-0.307676	175.466629	0.003859	4.8
744	-0.000000	175.342008	0.000000	4.9
745	-0.000000	175.217622	0.000000	5.6
746	-0.000119	175.093472	0.000099	5.3
747	-0.911604	174.969556	0.012773	3.9
748	-0.942984	174.845873	0.007172	5.9
749	-0.559774	174.722423	0.007129	5.3
750	-0.231702	174.599206	0.003231	5.8
751	-0.000000	174.476220	0.000000	8.1
752	-1.005376	174.353464	0.005572	4.7
753	-0.235318	174.230939	0.003418	4.8
754	-0.531701	174.108643	0.008916	4.9
755	-0.165838	173.986576	0.005731	4.5
756	-0.961404	173.864737	0.008544	4.4
757	-0.981546	173.743124	0.010880	4.4
758	-0.758885	173.621739	0.006190	4.9
759	-0.000010	173.500579	0.000004	4.5
760	-0.549693	173.379645	0.005995	5.1
761	-0.711232	173.258935	0.007754	4.4
762	-0.405058	173.138449	0.010576	3.9
763	-0.000000	173.018186	0.000000	5.0
764	-0.849845	172.898146	0.007097	5.1
765	-0.799052	172.778327	0.003579	4.1
766	-0.002013	172.658730	0.000417	4.8
767	-0.435189	172.539353	0.005105	4.7
768	-0.848225	172.420196	0.004256	4.8
769	-0.320117	172.301258	0.003411	4.7
770	-0.070928	172.182539	0.004254	3.4
771	-0.264967	172.064037	0.006276	4.9
772	-0.958327	171.945753	0.009784	4.9
773	-0.076942	171.827686	0.000585	4.4
774	-0.902604	171.709834	0.007428	5.2
775	-0.120070	171.592198	0.003100	4.8
776	-0.893961	171.474776	0.007163	4.1
777	-0.817926	171.357568	0.008392	4.9
778	-0.972943	171.240574	0.007909	5.1
779	-0.000000	171.123793	0.000000	4.4
780	-0.030629	171.007223	0.002435	4.4
781	-0.732741	170.890865	0.013133	5.3
782	-0.385602	170.774718	0.005139	4.5
783	-0.677313	170.658782	0.009430	3.4
784	-0.000000	170.543055	0.000000	5.7
785	-0.684592	170.427537	0.005728	4.2
786	-0.000000	170.312227	0.000000	4.5
787	-0.000000	170.197125	0.000000	4.7
788	-0.781177	170.082231	0.009238	4.9
789	-0.000000	169.967543	0.000000	4.4
790	-0.948516	169.853061	0.004532	4.6
791	-0.038598	169.738784	0.002831	4.9
792	-0.166246	169.624713	0.003638	4.6
793	-0.000000	169.510845	0.000000	4.8
794	-0.769626	169.397181	0.007603	5.2
795	-0.379434	169.283720	0.006206	3.9
796	-0.366082	169.170462	0.005067	4.4
797	-0.567501	169.057405	0.005561	5.3
798	-0.993664	168.944549	0.007576	4.7
799	-0.000000	168.831895	0.000000	4.4
800	-0.414664	168.719440	0.004584	5.3
801	-0.939465	168.607185	0.014120	4.5
802	-0.559239	168.495129	0.005227	5.1
803	-0.859997	168.383271	0.003674	5.6
804	-0.550978	168.271611	0.006517	4.9
805	-0.757354	168.160148	0.008505	4.9
806	-0.000000	168.048882	0.000000	4.4
807	-0.000003	167.937812	0.000002	4.9
808	-0.904523	167.826938	0.004243	4.9
809	-0.702275	167.716258	0.012675	4.5
810	-0.000000	167.605773	0.000000	4.9
811	-0.564838	167.495482	0.006657	4.3
812	-0.536326	167.385384	0.007007	4.0
813	-0.000000	167.275479	0.000000	4.6
814	-0.448926	167.165766	0.009795	4.9
815	-0.717296	167.056245	0.002565	4.5
816	-0.426125	166.946915	0.007844	4.5
817	-0.000000	166.837776	0.000000	5.3
818	-0.000000	166.728826	0.000000	4.4
819	-0.424757	166.620067	0.004886	4.4
820	-0.135962	166.511496	0.003192	5.5
821	-0.000000	166.403113	0.000000	4.5
822	-0.311101	166.294919	0.009549	4.4
823	-0.274945	166.186912	0.004858	4.1
824	-0.955468	166.079091	0.007204	5.3
825	-0.297654	165.971458	0.006516	4.3
826	-0.524467	165.864009	0.006876	4.5
827	-0.718484	165.756747	0.007075	5.2
828	-0.381284	165.649669	0.004123	4.6
829	-0.698138	165.542775	0.004946	4.5
830	-0.887634	165.436065	0.008829	5.6
831	-0.565190	165.329538	0.004899	4.7
832	-0.673284	165.223194	0.009108	4.6
833	-0.144565	165.117032	0.004725	5.6
834	-0.887259	165.011052	0.010977	4.8
835	-0.624343	164.905253	0.004094	4.6
836	-0.901169	164.799635	0.010116	5.7
837	-0.060510	164.694197	0.003595	5.9
838	-0.611866	164.588939	0.011078	5.7
839	-0.103181	164.483859	0.006509	5.9
840	-0.000000	164.378959	0.000000	5.5
841	-0.000000	164.274237	0.000000	5.4
842	-0.377503	164.169692	0.006975	6.0
843	-0.538724	164.065325	0.006766	5.4
844	-0.890766	163.961135	0.010052	4.5
845	-0.000000	163.857120	0.000000	5.6
846	-0.602730	163.753282	0.007420	5.2
847	-0.452013	163.649619	0.006456	4.9
848	-0.041721	163.546130	0.002675	5.4
849	-0.159472	163.442816	0.005191	6.1
850	-0.000000	163.339676	0.000000	4.5
851	-1.017719	163.236709	0.010792	5.5
852	-0.000000	163.133915	0.000000	5.3
853	-0.000000	163.031294	0.000000	5.7
854	-0.000000	162.928844	0.000000	5.7
855	-0.004357	162.826566	0.001405	4.5
856	-0.889320	162.724459	0.007895	4.6
857	-0.665753	162.622523	0.010196	5.5
858	-0.615828	162.520757	0.006357	5.1
859	-0.000000	162.419160	0.000000	4.5
860	-0.178511	162.317733	0.006357	5.3
861	-0.000003	162.216474	0.000004	4.8
862	-0.583582	162.115383	0.003695	5.0
863	-0.546267	162.014461	0.005935	5.9
864	-0.000000	161.913705	0.000000	4.1
865	-0.631493	161.813117	0.004750	4.9
866	-0.000000	161.712695	0.000000	5.5
867	-0.804921	161.612439	0.004225	4.7
868	-0.963790	161.512349	0.005617	4.4
869	-0.000000	161.412424	0.000000	5.4
870	-0.148866	161.312663	0.003920	5.3
871	-0.000000	161.213067	0.000000	4.7
872	-0.000000	161.113635	0.000000	5.9
873	-0.010811	161.014366	0.000587	6.9
874	-0.000000	160.915260	0.000000	5.6
875	-0.296123	160.816316	0.007805	5.0
876	-0.809626	160.717535	0.010411	4.6
877	-0.419249	160.618915	0.004384	5.2
878	-0.000038	160.520456	0.000033	4.9
879	-1.075314	160.422158	0.013303	4.2
880	-0.000000	160.324021	0.000000	5.6
881	-0.001491	160.226043	0.000085	5.3
882	-0.000000	160.128225	0.000000	4.5
883	-0.568606	160.030566	0.006918	4.8
884	-0.000000	159.933066	0.000000	5.1
885	-0.000002	159.835723	0.000000	4.7
886	-0.750538	159.738539	0.007844	4.9
887	-0.093003	159.641512	0.003683	4.6
888	-0.710443	159.544642	0.004842	4.6
889	-0.537831	159.447929	0.006519	4.7
890	-0.990957	159.351372	0.008562	4.4
891	-0.468962	159.254971	0.006707	4.2
892	-0.000000	159.158725	0.000000	5.0
893	-0.421828	159.062634	0.005697	4.4
894	-0.842399	158.966697	0.006005	5.0
895	-0.780466	158.870915	0.009001	5.2
896	-0.665116	158.775286	0.005767	4.4
897	-0.675401	158.679811	0.003464	4.4
898	-0.472753	158.584489	0.005225	5.2
899	-0.337291	158.489319	0.004910	4.5
900	-0.000000	158.394302	0.000000	4.2
901	-0.545164	158.299436	0.008363	5.7
902	-0.570542	158.204721	0.008388	4.5
903	-0.000000	158.110158	0.000000	4.4
904	-0.000000	158.015745	0.000000	5.5
905	-0.932148	157.921482	0.011414	4.6
906	-0.000000	157.827369	0.000000	4.3
907	-0.000000	157.733406	0.000000	4.8
908	-0.298852	157.639591	0.004409	3.7
909	-0.868994	157.545925	0.006162	4.4
910	-0.117706	157.452408	0.004275	4.5
911	-0.849008	157.359038	0.005786	5.4
912	-0.477442	157.265816	0.003785	4.7
913	-0.899081	157.172741	0.006907	4.6
914	-0.876865	157.079813	0.006886	5.1
915	-0.564210	156.987031	0.005710	4.4
916	-0.000028	156.894395	0.000030	5.0
917	-0.756991	156.801904	0.007128	5.1
918	-0.932456	156.709559	0.006565	4.5
919	-0.303173	156.617359	0.002995	4.8
920	-0.593985	156.525304	0.007207	4.6
921	-0.803490	156.433392	0.006920	4.7
922	-1.088781	156.341624	0.006475	4.8
923	-0.798832	156.250000	0.006424	4.5
924	-0.826769	156.158519	0.005159	4.7
925	-0.744129	156.067180	0.004920	4.8
926	-0.946120	155.975984	0.006227	5.2
927	-0.797094	155.884930	0.007019	5.1
928	-0.510314	155.794017	0.005988	4.7
929	-0.794113	155.703246	0.005509	4.5
930	-0.634088	155.612615	0.003687	4.3
931	-0.438086	155.522125	0.006668	4.8
932	-0.000000	155.431775	0.000000	4.7
933	-0.784960	155.341565	0.006362	5.3
934	-0.954011	155.251495	0.008151	5.3
935	-0.526929	155.161563	0.010533	4.5
936	-0.000000	155.071771	0.000000	4.4
937	-0.028884	154.982117	0.000832	5.4
938	-0.000000	154.892601	0.000000	4.5
939	-0.439139	154.803222	0.005677	4.6
940	-0.000000	154.713981	0.000000	5.3
941	-0.344576	154.624878	0.007168	4.5
942	-0.643814	154.535910	0.011247	4.4
943	-0.534826	154.447080	0.007165	5.5
944	-0.958103	154.358385	0.005471	5.5
945	-0.008181	154.269826	0.000304	4.8
946	-0.000000	154.181402	0.000000	5.8
947	-0.614551	154.093114	0.007021	5.7
948	-0.250304	154.004960	0.005269	4.4
949	-0.970256	153.916940	0.005689	5.5
950	-0.009163	153.829054	0.000834	4.7
951	-0.916123	153.741303	0.008481	5.0
952	-0.841815	153.653684	0.007839	5.4
953	-0.559024	153.566198	0.005290	5.5
954	-0.071018	153.478846	0.002426	5.0
955	-0.056366	153.391625	0.001403	5.1
956	-0.767132	153.304537	0.004334	5.4
957	-0.841460	153.217580	0.011792	5.5
958	-0.600462	153.130755	0.008679	5.4
959	-0.155035	153.044061	0.003137	5.2
960	-0.000004	152.957498	0.000003	4.9
961	-0.626560	152.871065	0.007012	5.5
962	-0.585476	152.784762	0.009560	4.4
963	-0.677011	152.698589	0.006624	4.9
964	-0.946143	152.612545	0.004669	5.1
965	-0.031877	152.526631	0.001861	5.5
966	-0.483396	152.440845	0.007891	6.4
967	-0.420914	152.355188	0.005770	5.8
968	-0.406988	152.269660	0.005302	5.5
969	-1.033721	152.184259	0.006922	5.3
970	-0.324744	152.098986	0.003304	6.0
971	-0.521010	152.013840	0.008145	5.3
972	-0.000000	151.928821	0.000000	5.2
973	-0.878563	151.843928	0.004520	4.8
974	-0.984050	151.759163	0.014052	4.4
975	-0.498874	151.674523	0.003398	5.4
976	-0.752114	151.590009	0.010663	5.2
977	-0.905286	151.505620	0.005705	4.2
978	-0.515393	151.421357	0.009473	5.6
979	-0.000000	151.337218	0.000000	5.9
980	-0.387621	151.253204	0.005120	5.2
981	-0.664817	151.169314	0.007735	5.3
982	-0.322145	151.085549	0.004907	5.2
983	-0.966711	151.001907	0.006416	5.0
984	-0.888061	150.918388	0.006712	4.9
985	-0.386031	150.834992	0.003001	5.0
986	-0.001932	150.751719	0.000325	4.5
987	-0.473073	150.668569	0.005043	4.5
988	-0.809937	150.585541	0.004105	5.0
989	-0.541892	150.502634	0.005348	4.9
990	-0.649519	150.419849	0.007500	4.4
991	-0.592099	150.337186	0.003486	5.1
992	-0.035384	150.254644	0.002444	4.6
993	-0.442209	150.172222	0.006122	5.0
994	-0.699577	150.089921	0.005655	5.3
995	-0.009569	150.007740	0.000352	4.9
996	-0.870868	149.925679	0.012991	5.4
997	-0.000000	149.843737	0.000000	5.9
998	-1.038845	149.761915	0.014672	5.5
999	-0.643440	149.680212	0.003248	6.1
1000	-0.541344	149.598627	0.010557	5.5
1001	-0.000023	149.517161	0.000013	5.1
1002	-0.441912	149.435814	0.006883	5.3
1003	-0.781886	149.354584	0.005495	5.6
1004	-0.821240	149.273472	0.006848	4.9
1005	-0.775861	149.192477	0.006572	5.2
1006	-0.980788	149.111599	0.008271	5.9
1007	-0.000000	149.030838	0.000000	6.0
1008	-0.672694	148.950194	0.007065	5.4
1009	-0.000000	148.869666	0.000000	5.0
1010	-0.684702	148.789253	0.008314	5.2
1011	-0.800258	148.708957	0.006680	5.9
1012	-0.575327	148.628776	0.008544	5.5
1013	-0.292881	148.548710	0.004556	5.0
1014	-0.000000	148.468759	0.000000	5.4
1015	-0.000000	148.388923	0.000000	4.6
1016	-0.953125	148.309201	0.006715	5.3
1017	-0.643524	148.229594	0.004860	5.8
1018	-0.695402	148.150100	0.005661	5.4
1019	-0.417022	148.070719	0.007597	4.9
1020	-0.615106	147.991452	0.009395	5.8
1021	-1.013700	147.912298	0.004818	5.0
1022	-0.000000	147.833257	0.000000	5.0
1023	-0.632265	147.754329	0.010635	4.2
1024	-1.038028	147.675512	0.008302	4.1
1025	-0.855415	147.596808	0.009553	5.0
1026	-0.080424	147.518216	0.005023	4.6
1027	-0.481172	147.439735	0.006140	4.6
1028	-0.000000	147.361365	0.000000	4.9
1029	-0.660662	147.283106	0.003692	4.4
1030	-0.500236	147.204958	0.010538	4.9
1031	-0.317253	147.126920	0.005402	5.0
1032	-0.244689	147.048993	0.003117	4.6
1033	-0.773709	146.971175	0.004008	4.9
1034	-0.435512	146.893468	0.005790	4.8
1035	-0.793152	146.815869	0.008213	4.4
1036	-1.130316	146.738380	0.009376	4.8
1037	-0.751093	146.661000	0.008664	6.2
1038	-0.899012	146.583729	0.008050	4.7
1039	-0.746941	146.506566	0.007896	4.9
1040	-0.000000	146.429511	0.000000	5.6
1041	-0.228627	146.352565	0.003986	5.0
1042	-0.392565	146.275726	0.007187	5.3
1043	-0.000000	146.198994	0.000000	5.4
1044	-0.000000	146.122370	0.000000	5.0
1045	-0.894165	146.045853	0.007548	6.1
1046	-0.006873	145.969442	0.001136	5.0
1047	-0.000208	145.893139	0.000014	5.1
1048	-0.000011	145.816941	0.000006	5.7
1049	-0.430265	145.740849	0.003920	4.9
1050	-0.533486	145.664863	0.008659	4.6
1051	-0.744531	145.588983	0.005944	6.1
1052	-0.775348	145.513208	0.006882	5.1
1053	-0.661075	145.437538	0.007462	5.2
1054	-0.442103	145.361973	0.005547	5.9
1055	-0.000000	145.286513	0.000000	5.3
1056	-0.000000	145.211157	0.000000	5.4
1057	-0.000000	145.135905	0.000000	5.3
1058	-1.194828	145.060757	0.010118	4.1
1059	-0.000000	144.985712	0.000000	5.6
1060	-0.869525	144.910771	0.009110	5.2
1061	-0.404642	144.835934	0.006176	5.6
1062	-0.402862	144.761199	0.003773	5.3
1063	-0.000000	144.686567	0.000000	8.2
1064	-0.000000	144.612037	0.000000	8.1
1065	-0.000000	144.537610	0.000000	6.2
1066	-0.353026	144.463285	0.004511	5.2
1067	-0.711923	144.389062	0.006029	4.6
1068	-0.575116	144.314940	0.003435	5.9
1069	-0.389690	144.240920	0.007870	4.6
1070	-0.576470	144.167001	0.010724	4.5
1071	-0.722111	144.093182	0.008189	5.3
1072	-0.591247	144.019465	0.005802	4.4
1073	-0.544461	143.945848	0.005437	4.5
1074	-0.693982	143.872331	0.012517	5.3
1075	-0.604244	143.798914	0.005701	4.8
1076	-0.208099	143.725597	0.003631	4.4
1077	-0.890287	143.652380	0.009034	5.2
1078	-0.944466	143.579262	0.005229	4.8
1079	-0.919796	143.506243	0.008019	4.7
1080	-0.928316	143.433323	0.015570	4.0
1081	-0.592316	143.360502	0.009830	4.9
1082	-0.756393	143.287780	0.008278	4.5
1083	-0.498948	143.215155	0.006442	4.7
1084	-0.276326	143.142629	0.003719	5.1
1085	-0.713721	143.070201	0.009418	4.7
1086	-0.000000	142.997870	0.000000	5.1
1087	-0.583101	142.925637	0.004455	5.8
1088	-0.872962	142.853501	0.005086	5.4
1089	-0.487152	142.781462	0.004890	6.3
1090	-0.134194	142.709519	0.003984	5.1
1091	-0.553869	142.637674	0.005919	5.5
1092	-0.715784	142.565924	0.003772	4.6
1093	-0.809790	142.494271	0.007932	5.8
1094	-0.831697	142.422714	0.008462	6.5
1095	-0.477764	142.351252	0.006182	4.6
1096	-0.784342	142.279886	0.006553	5.9
1097	-0.454726	142.208616	0.004924	6.0
1098	-0.000000	142.137440	0.000000	5.8
1099	-0.039794	142.066360	0.002461	5.8
1100	-0.784173	141.995374	0.004020	5.9
1101	-0.000000	141.924483	0.000000	5.7
1102	-0.814430	141.853685	0.006347	5.3
1103	-0.939010	141.782983	0.009345	4.8
1104	-0.315778	141.712373	0.006244	4.3
1105	-0.179404	141.641858	0.002573	5.8
1106	-0.937224	141.571436	0.004438	4.8
1107	-0.429109	141.501108	0.004961	5.5
1108	-0.949229	141.430872	0.010071	5.0
1109	-0.266283	141.360730	0.005450	5.3
1110	-0.000000	141.290680	0.000000	5.6
1111	-0.559560	141.220722	0.008236	4.6
1112	-0.761574	141.150857	0.005170	6.0
1113	-0.506474	141.081084	0.005448	6.2
1114	-0.195284	141.011403	0.004478	4.6
1115	-0.000000	140.941813	0.000000	4.4
1116	-0.259375	140.872315	0.009964	4.5
1117	-0.000000	140.802909	0.000000	4.6
1118	-0.001692	140.733593	0.000394	4.5
1119	-0.000000	140.664369	0.000000	5.2
1120	-0.000000	140.595235	0.000000	4.7
1121	-0.000000	140.526192	0.000000	4.5
1122	-0.948804	140.457239	0.015326	4.6
1123	-0.543643	140.388376	0.012485	4.9
1124	-0.000000	140.319603	0.000000	4.5
1125	-0.422691	140.250920	0.004492	4.6
1126	-0.767817	140.182326	0.005865	5.5
1127	-0.146928	140.113822	0.004398	4.8
1128	-0.098755	140.045407	0.001947	5.3
1129	-0.172121	139.977081	0.004585	5.3
1130	-0.000000	139.908844	0.000000	4.6
1131	-0.006027	139.840696	0.000912	4.7
1132	-0.075002	139.772635	0.003810	5.1
1133	-0.013351	139.704664	0.002010	4.6
1134	-0.894457	139.636780	0.008442	4.9
1135	-0.211197	139.568984	0.009053	3.9
1136	-0.000000	139.501276	0.000000	5.0
1137	-0.000000	139.433655	0.000000	4.7
1138	-0.052515	139.366122	0.001864	4.6
1139	-0.000000	139.298676	0.000000	5.1
1140	-0.451011	139.231317	0.006544	4.9
1141	-0.219885	139.164045	0.004807	4.3
1142	-0.314063	139.096859	0.005755	5.2
1143	-0.515449	139.029760	0.005689	5.2
1144	-1.108830	138.962747	0.012171	3.8
1145	-0.609934	138.895820	0.008386	4.3
1146	-0.000000	138.828978	0.000000	5.6
1147	-0.979147	138.762223	0.008972	4.5
1148	-0.829227	138.695553	0.006934	4.3
1149	-0.807647	138.628969	0.005230	5.0
1150	-0.000001	138.562469	0.000000	5.5
1151	-0.000000	138.496055	0.000000	5.5
1152	-0.005987	138.429725	0.000596	5.9
1153	-0.885825	138.363481	0.009775	4.8
1154	-0.063109	138.297320	0.002826	5.6
1155	-0.585420	138.231244	0.007551	4.8
1156	-0.653532	138.165252	0.007198	5.3
1157	-0.000041	138.099344	0.000017	5.7
1158	-0.275679	138.033520	0.005047	5.4
1159	-0.399919	137.967779	0.004325	5.1
1160	-0.000000	137.902122	0.000000	5.6
1161	-0.596078	137.836548	0.005171	4.9
1162	-0.185436	137.771057	0.001598	4.6
1163	-0.695404	137.705649	0.005599	4.8
1164	-0.874718	137.640324	0.006886	5.1
1165	-0.844931	137.575081	0.008137	4.6
1166	-0.812402	137.509921	0.006167	5.2
1167	-0.451498	137.444842	0.003530	5.4
1168	-0.635951	137.379846	0.005206	5.2
1169	-0.041027	137.314932	0.003265	5.7
1170	-0.000000	137.250100	0.000000	5.7
1171	-0.968036	137.185349	0.012685	5.3
1172	-0.747923	137.120680	0.007539	4.6
1173	-0.000000	137.056092	0.000000	4.5
1174	-0.802630	136.991585	0.004253	5.0
1175	-0.755254	136.927158	0.005162	5.5
1176	-0.420346	136.862813	0.005482	4.9
1177	-0.611787	136.798548	0.006738	5.1
1178	-0.861695	136.734363	0.008464	4.9
1179	-0.638091	136.670259	0.010785	5.2
1180	-0.314329	136.606235	0.004542	5.0
1181	-0.000000	136.542291	0.000000	4.4
1182	-1.051501	136.478426	0.011196	5.1
1183	-0.222095	136.414641	0.002662	5.0
1184	-0.458382	136.350936	0.005356	4.5
1185	-0.077390	136.287310	0.002784	4.5
1186	-0.005985	136.223763	0.000571	5.3
1187	-0.387641	136.160295	0.008107	4.1
1188	-0.775004	136.096905	0.008352	4.4
1189	-0.039345	136.033594	0.001399	5.2
1190	-0.301764	135.970362	0.005755	4.4
1191	-0.471085	135.907208	0.003684	4.1
1192	-0.344513	135.844133	0.004571	5.7
1193	-0.717879	135.781135	0.002171	4.6
1194	-0.000000	135.718215	0.000000	3.7
1195	-0.482157	135.655373	0.006688	3.5
1196	-0.744595	135.592608	0.005255	5.2
1197	-0.000000	135.529921	0.000000	4.7
1198	-0.018639	135.467311	0.001181	4.4
1199	-0.888545	135.404778	0.010179	5.3
1200	-0.583199	135.342322	0.006214	4.5
1201	-0.606673	135.279942	0.006986	4.4
1202	-0.020458	135.217640	0.001324	5.9
1203	-0.110965	135.155413	0.003895	4.6
1204	-0.596679	135.093263	0.004828	4.4
1205	-0.260463	135.031190	0.005867	5.7
1206	-0.396798	134.969192	0.003943	6.2
1207	-0.643342	134.907270	0.008811	4.5
1208	-0.191409	134.845424	0.003363	4.6
1209	-0.666198	134.783653	0.005088	4.6
1210	-0.000000	134.721958	0.000000	4.6
1211	-0.000000	134.660338	0.000000	4.9
1212	-0.591824	134.598793	0.005663	5.0
1213	-0.533092	134.537323	0.006061	4.4
1214	-1.008361	134.475927	0.008233	4.7
1215	-0.258273	134.414607	0.004261	5.4
1216	-0.000000	134.353361	0.000000	5.0
1217	-1.022361	134.292189	0.005155	4.4
1218	-0.771985	134.231092	0.007811	5.2
1219	-0.681490	134.170068	0.006543	5.0
1220	-0.000000	134.109119	0.000000	5.4
1221	-0.583513	134.048243	0.005894	5.7
1222	-0.000000	133.987441	0.000000	5.7
1223	-0.679697	133.926713	0.006768	5.2
1224	-0.687076	133.866057	0.003096	5.4
1225	-0.742595	133.805475	0.004299	5.6
1226	-1.030336	133.744966	0.011700	4.7
1227	-0.001624	133.684530	0.000616	4.3
1228	-0.418423	133.624167	0.004907	5.2
1229	-0.620005	133.563877	0.005156	4.8
1230	-0.000000	133.503658	0.000000	5.9
1231	-0.847266	133.443513	0.006911	4.8
1232	-0.660992	133.383439	0.005602	4.6
1233	-0.592673	133.323437	0.006547	5.5
1234	-0.381619	133.263508	0.007164	5.0
1235	-0.981248	133.203650	0.005120	4.6
1236	-0.708471	133.143864	0.007748	5.9
1237	-0.786183	133.084149	0.004603	5.3
1238	-0.496433	133.024506	0.005218	5.3
1239	-0.799322	132.964934	0.005544	5.9
1240	-0.601228	132.905433	0.003727	5.3
1241	-1.045533	132.846003	0.005878	5.2
1242	-0.173809	132.786643	0.004613	5.7
1243	-0.888281	132.727355	0.004762	5.6
1244	-0.000000	132.668137	0.000000	4.9
1245	-0.584633	132.608989	0.004071	5.0
1246	-0.000000	132.549912	0.000000	4.6
1247	-0.778104	132.490904	0.013550	4.8
1248	-0.000000	132.431967	0.000000	5.1
1249	-0.475302	132.373100	0.005039	4.4
1250	-0.000000	132.314302	0.000000	4.9
1251	-0.766019	132.255574	0.005691	4.9
1252	-0.013229	132.196916	0.000817	4.7
1253	-0.726316	132.138326	0.006446	4.7
1254	-0.302657	132.079806	0.004980	6.3
1255	-0.000000	132.021355	0.000000	5.7
1256	-0.000000	131.962973	0.000000	5.7
1257	-0.030329	131.904660	0.002274	5.7
1258	-0.879060	131.846415	0.007733	3.5
1259	-0.220082	131.788239	0.002520	4.9
1260	-0.569335	131.730131	0.007140	4.4
1261	-0.674212	131.672092	0.003614	4.7
1262	-0.070639	131.614121	0.004111	4.7
1263	-0.215941	131.556217	0.002457	4.4
1264	-0.688964	131.498382	0.006061	5.0
1265	-0.204655	131.440614	0.005945	5.3
1266	-1.107300	131.382914	0.011470	4.1
1267	-0.776231	131.325282	0.006668	4.9
1268	-0.000000	131.267717	0.000000	5.0
1269	-0.218276	131.210219	0.003773	4.4
1270	-0.450908	131.152788	0.007464	4.4
1271	-0.394696	131.095424	0.003745	5.0
1272	-0.494172	131.038127	0.005259	4.5
1273	-0.018071	130.980897	0.002183	4.4
1274	-0.764916	130.923733	0.005982	4.8
1275	-0.714191	130.866636	0.006410	4.5
1276	-0.344903	130.809605	0.005633	4.4
1277	-0.554362	130.752641	0.011611	5.0
1278	-0.134112	130.695742	0.002715	5.0
1279	-0.425185	130.638910	0.004211	4.5
1280	-0.811989	130.582143	0.006885	4.7
1281	-0.000000	130.525442	0.000000	4.2
1282	-0.748341	130.468807	0.008844	3.5
1283	-0.000000	130.412237	0.000000	4.3
1284	-0.317616	130.355733	0.005989	5.0
1285	-0.047209	130.299294	0.002015	5.0
1286	-0.000000	130.242920	0.000000	4.4
1287	-0.000000	130.186611	0.000000	5.3
1288	-0.834585	130.130366	0.007063	4.6
1289	-0.870813	130.074187	0.006216	4.5
1290	-0.878863	130.018072	0.005923	5.1
1291	-0.797043	129.962022	0.005568	5.0
1292	-0.000000	129.906036	0.000000	3.5
1293	-0.631756	129.850114	0.005017	4.4
1294	-0.000000	129.794257	0.000000	5.8
1295	-0.809329	129.738463	0.008307	5.0
1296	-0.000000	129.682734	0.000000	5.1
1297	-1.080350	129.627068	0.005279	5.3
1298	-0.251237	129.571466	0.003588	5.3
1299	-0.240886	129.515927	0.004176	5.2
1300	-0.000000	129.460452	0.000000	5.5
1301	-0.000000	129.405040	0.000000	4.9
1302	-0.555953	129.349692	0.009715	5.3
1303	-0.845084	129.294406	0.010690	5.0
1304	-0.142540	129.239183	0.005184	5.4
1305	-0.700721	129.184024	0.011558	4.7
1306	-0.579141	129.128927	0.007462	5.3
1307	-0.657012	129.073892	0.009924	4.9
1308	-0.000000	129.018921	0.000000	4.9
1309	-0.000000	128.964011	0.000000	5.3
1310	-0.002117	128.909164	0.000105	5.3
1311	-0.006771	128.854379	0.001560	4.9
1312	-0.321736	128.799656	0.004334	5.4
1313	-0.098642	128.744995	0.004864	8.1
1314	-0.744753	128.690396	0.002935	5.8
1315	-0.833010	128.635858	0.004979	6.2
1316	-0.766793	128.581382	0.002626	5.7
1317	-0.820322	128.526968	0.003813	5.9
1318	-0.000000	128.472615	0.000000	5.9
1319	-1.194475	128.418323	0.010021	4.8
1320	-0.842659	128.364092	0.010593	6.3
1321	-0.735962	128.309922	0.007288	5.3
1322	-0.420784	128.255814	0.006204	7.0
1323	-0.925742	128.201766	0.006664	5.3
1324	-0.784914	128.147778	0.006209	4.5
1325	-0.003156	128.093852	0.000578	5.4
1326	-0.562135	128.039985	0.006977	4.8
1327	-0.509483	127.986180	0.005045	4.4
1328	-0.875667	127.932434	0.006521	5.1
1329	-0.090086	127.878749	0.001680	4.9
1330	-0.000000	127.825123	0.000000	3.7
1331	-0.000000	127.771558	0.000000	4.8
1332	-0.000000	127.718052	0.000000	5.1
1333	-0.956463	127.664606	0.009695	4.4
1334	-0.128161	127.611220	0.003395	4.7
1335	-0.554483	127.557893	0.007128	5.1
1336	-0.000066	127.504625	0.000053	4.7
1337	-0.566802	127.451417	0.008948	4.5
1338	-0.000000	127.398268	0.000000	5.0
1339	-0.854014	127.345178	0.015819	4.6
1340	-0.037923	127.292147	0.001509	3.5
1341	-0.621941	127.239175	0.005326	4.4
1342	-0.189186	127.186261	0.003736	5.1
1343	-0.889828	127.133407	0.004829	4.0
1344	-0.736745	127.080610	0.003343	5.2
1345	-0.922244	127.027872	0.004941	5.1
1346	-0.906343	126.975193	0.005194	5.3
1347	-0.357649	126.922572	0.007258	4.5
1348	-0.486931	126.870008	0.004930	5.1
1349	-0.027296	126.817503	0.002772	3.8
1350	-0.615562	126.765056	0.006808	4.5
1351	-0.272703	126.712667	0.004790	4.5
1352	-0.400805	126.660335	0.004315	4.9
1353	-0.000000	126.608061	0.000000	4.9
1354	-0.006224	126.555844	0.001483	3.3
1355	-0.731464	126.503685	0.004579	4.9
1356	-0.000000	126.451583	0.000000	4.9
1357	-0.604479	126.399538	0.002426	5.1
1358	-0.432548	126.347550	0.003693	5.7
1359	-0.230301	126.295619	0.006490	5.4
1360	-0.482302	126.243745	0.006235	5.4
1361	-0.030669	126.191928	0.001368	5.6
1362	-0.381812	126.140168	0.005541	5.0
1363	-0.553710	126.088464	0.003702	4.7
1364	-0.000000	126.036817	0.000000	5.7
1365	-0.000000	125.985226	0.000000	5.0
1366	-0.678803	125.933691	0.004284	4.8
1367	-0.115581	125.882212	0.001459	5.3
1368	-0.368572	125.830790	0.004282	4.9
1369	-0.927340	125.779423	0.010623	4.0
1370	-0.032840	125.728113	0.002734	6.2
1371	-0.293308	125.676858	0.006680	5.6
1372	-0.423965	125.625659	0.004530	5.4
1373	-0.882504	125.574515	0.006422	5.4
1374	-0.434935	125.523427	0.006078	4.4
1375	-0.538631	125.472394	0.008722	5.4
1376	-0.002014	125.421417	0.000463	5.7
1377	-0.006243	125.370495	0.000181	5.5
1378	-0.634399	125.319628	0.006651	4.1
1379	-0.936788	125.268815	0.006147	5.3
1380	-0.830529	125.218058	0.006051	5.1
1381	-0.618744	125.167356	0.006797	5.5
1382	-0.573484	125.116708	0.006021	5.6
1383	-0.463422	125.066115	0.005652	5.2
1384	-0.134973	125.015576	0.005953	4.5
1385	-0.000000	124.965092	0.000000	5.4
1386	-0.929610	124.914662	0.008432	5.3
1387	-0.150930	124.864287	0.001792	5.3
1388	-0.620479	124.813965	0.010717	5.2
1389	-0.943354	124.763698	0.004581	6.1
1390	-0.393005	124.713485	0.008557	5.3
1391	-0.741523	124.663325	0.007341	6.0
1392	-0.455584	124.613219	0.004573	4.9
1393	-0.000000	124.563167	0.000000	4.5
1394	-0.000000	124.513168	0.000000	5.6
1395	-0.849400	124.463223	0.008871	5.3
1396	-0.000000	124.413332	0.000000	4.7
1397	-0.665363	124.363493	0.002693	6.3
1398	-0.785649	124.313708	0.006425	5.0
1399	-1.079231	124.263976	0.009472	3.8
1400	-0.587340	124.214297	0.007206	5.3
1401	-0.334947	124.164671	0.004877	4.8
1402	-0.000000	124.115097	0.000000	4.4
1403	-0.557131	124.065577	0.006063	5.2
1404	-0.786500	124.016109	0.004222	4.7
1405	-0.492927	123.966693	0.007291	4.7
1406	-0.739180	123.917330	0.007195	4.0
1407	-0.004794	123.868020	0.000761	5.0
1408	-0.000000	123.818762	0.000000	4.4
1409	-0.640580	123.769556	0.004680	4.6
1410	-0.728420	123.720402	0.004795	5.8
1411	-0.773387	123.671300	0.005857	4.8
1412	-0.661252	123.622250	0.005898	5.0
1413	-0.021287	123.573252	0.002294	5.5
1414	-0.361421	123.524305	0.004877	4.2
1415	-0.944693	123.475411	0.009250	4.8
1416	-0.709671	123.426568	0.010702	5.0
1417	-0.000000	123.377776	0.000000	4.8
1418	-0.071988	123.329036	0.002881	4.5
1419	-0.071473	123.280347	0.002662	4.6
1420	-0.108800	123.231709	0.003966	4.7
1421	-0.500506	123.183122	0.005965	4.4
1422	-0.000000	123.134587	0.000000	4.9
1423	-0.710781	123.086102	0.005920	4.7
1424	-0.950852	123.037669	0.011030	4.0
1425	-0.877619	122.989286	0.005831	4.8
1426	-0.000000	122.940954	0.000000	4.9
1427	-0.789005	122.892672	0.004023	4.3
1428	-0.597019	122.844441	0.005661	5.4
1429	-0.601856	122.796261	0.006776	4.4
1430	-0.000000	122.748130	0.000000	4.8
1431	-0.244309	122.700050	0.002389	4.9
1432	-0.725156	122.652021	0.007092	4.6
1433	-0.539920	122.604041	0.005412	4.9
1434	-0.661180	122.556111	0.006079	4.9
1435	-0.000000	122.508232	0.000000	4.4
1436	-0.351727	122.460402	0.002983	5.1
1437	-0.496888	122.412622	0.006638	4.6
1438	-0.829912	122.364891	0.005470	4.6
1439	-0.339762	122.317210	0.011489	3.6
1440	-0.000001	122.269579	0.000001	4.8
1441	-0.766835	122.221997	0.004993	4.0
1442	-0.000000	122.174465	0.000000	4.4
1443	-0.000000	122.126981	0.000000	4.3
1444	-0.876108	122.079547	0.009184	5.1
1445	-0.082135	122.032162	0.002547	4.5
1446	-0.565250	121.984826	0.006973	4.5
1447	-0.714005	121.937539	0.005824	5.3
1448	-0.518657	121.890301	0.006108	6.5
1449	-0.000857	121.843112	0.000374	9.4
1450	-0.982948	121.795971	0.013175	4.9
1451	-0.592188	121.748879	0.005103	4.4
1452	-0.436576	121.701835	0.004261	5.5
1453	-0.705261	121.654840	0.009091	4.5
1454	-0.007051	121.607893	0.000792	3.7
1455	-0.552649	121.560994	0.009630	5.4
1456	-0.816378	121.514144	0.006022	4.6
1457	-0.816142	121.467342	0.007506	4.5
1458	-0.000000	121.420588	0.000000	5.1
1459	-0.503839	121.373882	0.003640	4.8
1460	-0.612977	121.327223	0.003841	4.5
1461	-0.823705	121.280613	0.006378	5.1
1462	-0.000070	121.234050	0.000046	4.4
1463	-0.000002	121.187535	0.000002	4.9
1464	-0.989608	121.141067	0.004577	5.3
1465	-0.526662	121.094647	0.007350	5.7
1466	-0.983240	121.048274	0.005952	5.4
1467	-0.435360	121.001949	0.005741	4.6
1468	-0.284973	120.955671	0.003593	5.4
1469	-0.809461	120.909440	0.011071	4.8
1470	-0.000000	120.863256	0.000000	5.4
1471	-0.000000	120.817119	0.000000	5.8
1472	-0.000000	120.771029	0.000000	5.8
1473	-0.076286	120.724986	0.002741	5.1
1474	-0.000000	120.678990	0.000000	4.7
1475	-0.822009	120.633040	0.007374	5.1
1476	-0.772708	120.587137	0.005516	6.3
1477	-0.676405	120.541281	0.008618	5.1
1478	-0.163134	120.495471	0.005216	5.4
1479	-0.001214	120.449707	0.000143	5.4
1480	-0.526350	120.403990	0.011699	5.8
1481	-0.460145	120.358319	0.010117	4.8
1482	-0.520951	120.312694	0.007085	5.5
1483	-0.000000	120.267115	0.000000	5.8
1484	-0.090936	120.221582	0.003732	5.3
1485	-0.907820	120.176096	0.005607	5.8
1486	-0.486612	120.130655	0.005806	4.6
1487	-0.094796	120.085260	0.005078	5.3
1488	-0.173692	120.039910	0.002033	5.9
1489	-0.842750	119.994606	0.004977	4.7
1490	-0.079985	119.949348	0.002025	5.2
1491	-0.465631	119.904135	0.006523	5.7
1492	-0.301455	119.858968	0.004466	5.5
1493	-0.986424	119.813846	0.005024	4.9
1494	-0.578039	119.768769	0.005863	5.0
1495	-0.392885	119.723738	0.005027	4.4
1496	-0.777845	119.678752	0.005420	4.7
1497	-0.868583	119.633810	0.011565	5.0
1498	-0.983700	119.588914	0.008918	4.5
1499	-0.367890	119.544062	0.005964	4.6
1500	-0.873913	119.499256	0.005720	4.8
1501	-1.019751	119.454494	0.010900	4.5
1502	-0.000005	119.409777	0.000004	3.5
1503	-0.698152	119.365104	0.006512	4.6
1504	-0.857377	119.320476	0.011792	5.4
1505	-0.311904	119.275893	0.005948	4.3
1506	-0.679747	119.231353	0.004386	5.1
1507	-0.967931	119.186859	0.011136	4.7
1508	-0.593778	119.142408	0.007267	4.5
1509	-0.000000	119.098002	0.000000	4.5
1510	-0.886302	119.053639	0.009070	4.9
1511	-0.516638	119.009321	0.005565	5.2
1512	-0.398870	118.965047	0.004992	4.5
1513	-0.024671	118.920816	0.003277	3.3
1514	-0.000000	118.876630	0.000000	5.1
1515	-0.763511	118.832487	0.007630	4.5
1516	-0.607513	118.788388	0.007410	4.4
1517	-0.780075	118.744332	0.006482	5.0
1518	-0.000000	118.700320	0.000000	5.0
1519	-0.000000	118.656352	0.000000	4.4
1520	-0.897138	118.612427	0.011116	5.0
1521	-0.344041	118.568545	0.003785	4.6
1522	-0.885096	118.524706	0.005432	4.4
1523	-0.743556	118.480911	0.004572	4.6
1524	-0.008119	118.437159	0.000215	4.0
1525	-0.873998	118.393450	0.005938	4.5
1526	-0.726263	118.349784	0.004480	4.4
1527	-1.015438	118.306160	0.006068	5.1
1528	-0.606764	118.262580	0.012281	3.5
1529	-0.443249	118.219042	0.006050	4.4
1530	-0.723096	118.175548	0.007102	5.2
1531	-0.636601	118.132095	0.005610	4.7
1532	-0.198187	118.088686	0.003250	4.4
1533	-0.257903	118.045319	0.002901	4.9
1534	-0.199013	118.001994	0.002976	5.2
1535	-0.000000	117.958712	0.000000	4.5
1536	-0.732196	117.915472	0.007845	3.9
1537	-0.395523	117.872274	0.007520	4.6
1538	-0.783934	117.829118	0.004615	4.6
1539	-0.000000	117.786005	0.000000	5.0
1540	-0.044741	117.742933	0.003347	5.9
1541	-0.982453	117.699904	0.006687	4.4
1542	-0.000000	117.656916	0.000000	5.5
1543	-1.270030	117.613971	0.012396	3.7
1544	-0.000000	117.571067	0.000000	4.9
1545	-0.569307	117.528205	0.006503	4.9
1546	-0.530522	117.485384	0.006017	4.5
1547	-0.032581	117.442605	0.002190	5.0
1548	-0.894475	117.399867	0.004272	4.7
1549	-0.000002	117.357171	0.000002	4.5
1550	-0.125412	117.314517	0.002859	5.1
1551	-0.337755	117.271903	0.003859	4.7
1552	-0.000000	117.229331	0.000000	4.5
1553	-0.798620	117.186800	0.009884	4.8
1554	-0.569063	117.144311	0.005808	5.5
1555	-0.643993	117.101862	0.008821	4.2
1556	-0.645295	117.059454	0.014372	3.9
1557	-0.761359	117.017087	0.005632	5.7
1558	-0.379207	116.974762	0.004488	5.0
1559	-0.591485	116.932476	0.004449	4.5
1560	-0.411058	116.890232	0.005542	5.3
1561	-0.166629	116.848028	0.004386	5.2
1562	-0.736252	116.805865	0.005050	5.0
1563	-0.000000	116.763743	0.000000	5.8
1564	-0.860866	116.721661	0.010602	4.4
1565	-0.236831	116.679619	0.002412	5.3
1566	-0.479109	116.637618	0.005941	5.5
1567	-0.747712	116.595657	0.004834	5.0
1568	-0.949906	116.553736	0.010469	4.6
1569	-0.000000	116.511855	0.000000	6.3
1570	-0.834188	116.470015	0.008963	4.7
1571	-0.685764	116.428214	0.006201	4.9
1572	-0.862633	116.386454	0.005920	5.7
1573	-0.867773	116.344733	0.004228	5.4
1574	-0.924256	116.303052	0.004077	6.0
1575	-0.080780	116.261412	0.004524	5.5
1576	-0.836497	116.219810	0.004907	5.6
1577	-0.584883	116.178249	0.004995	5.2
1578	-0.045621	116.136727	0.005809	4.9
1579	-0.515720	116.095245	0.008773	5.0
1580	-0.317296	116.053802	0.005670	4.9
1581	-0.937750	116.012398	0.006187	5.7
1582	-1.021029	115.971034	0.006620	4.3
1583	-0.519882	115.929710	0.005792	5.3
1584	-0.871621	115.888424	0.006523	5.6
1585	-0.888407	115.847178	0.007527	4.8
1586	-0.000000	115.805970	0.000000	5.3
1587	-0.000000	115.764802	0.000000	5.3
1588	-0.947120	115.723673	0.005954	5.1
1589	-0.005191	115.682583	0.002751	4.6
1590	-1.053129	115.641532	0.007103	4.9
1591	-0.000000	115.600519	0.000000	5.0
1592	-0.729555	115.559546	0.005273	4.5
1593	-0.926535	115.518610	0.007451	5.1
1594	-0.996272	115.477714	0.005091	5.2
1595	-0.996135	115.436856	0.008267	4.5
1596	-1.055338	115.396037	0.005843	3.9
1597	-0.889393	115.355256	0.010650	5.3
1598	-0.937560	115.314514	0.007056	4.5
1599	-0.027993	115.273810	0.002102	4.6
1600	-0.601615	115.233144	0.008346	5.4
1601	-0.893652	115.192517	0.015161	4.5
1602	-0.054819	115.151927	0.001539	4.3
1603	-0.308064	115.111376	0.004500	5.4
1604	-0.000037	115.070863	0.000025	5.1
1605	-0.917592	115.030388	0.006818	4.4
1606	-0.373251	114.989951	0.003831	4.5
1607	-0.716665	114.949551	0.010739	4.7
1608	-0.656933	114.909190	0.007634	4.4
1609	-0.000000	114.868866	0.000000	4.4
1610	-0.675730	114.828580	0.006890	5.0
1611	-0.598846	114.788332	0.011028	4.3
1612	-0.910384	114.748121	0.005611	4.5
1613	-1.052235	114.707948	0.007241	4.8
1614	-0.513337	114.667812	0.005677	4.5
1615	-0.420403	114.627714	0.004375	4.5
1616	-0.665696	114.587653	0.008146	6.0
1617	-0.310736	114.547629	0.005613	5.2
1618	-0.802470	114.507643	0.006966	4.5
1619	-0.901522	114.467693	0.003978	5.3
1620	-0.000000	114.427781	0.000000	4.1
1621	-0.088856	114.387907	0.004343	4.4
1622	-0.871489	114.348069	0.005525	4.9
1623	-0.746621	114.308268	0.016745	4.9
1624	-0.844032	114.268504	0.005556	4.5
1625	-0.443356	114.228777	0.005481	4.9
1626	-0.104611	114.189086	0.007305	4.3
1627	-0.711817	114.149433	0.006147	4.5
1628	-0.478685	114.109816	0.004783	4.9
1629	-0.582307	114.070235	0.009945	4.7
1630	-0.146503	114.030692	0.006837	4.9
1631	-0.385754	113.991185	0.005147	5.1
1632	-0.001406	113.951714	0.000160	4.5
1633	-0.000000	113.912280	0.000000	4.8
1634	-0.302704	113.872882	0.004407	4.3
1635	-0.619586	113.833521	0.005599	4.5
1636	-0.322489	113.794195	0.002996	5.1
1637	-0.617459	113.754906	0.005038	4.9
1638	-0.000000	113.715653	0.000000	4.4
1639	-0.228404	113.676437	0.003890	4.0
1640	-0.000000	113.637256	0.000000	5.2
1641	-0.068793	113.598111	0.002757	4.6
1642	-0.000000	113.559002	0.000000	5.0
1643	-0.000000	113.519929	0.000000	5.2
1644	-0.826148	113.480892	0.003525	5.4
1645	-0.706253	113.441891	0.006361	6.0
1646	-0.642195	113.402925	0.007106	9.6
1647	-0.266891	113.363995	0.004588	4.7
1648	-0.909168	113.325101	0.009955	6.3
1649	-0.726499	113.286242	0.006815	4.4
1650	-0.085068	113.247419	0.001181	4.4
1651	-0.145296	113.208631	0.004223	5.3
1652	-0.738447	113.169879	0.004948	4.4
1653	-0.893109	113.131162	0.010937	4.4
1654	-0.669704	113.092480	0.006924	4.8
1655	-0.543111	113.053833	0.004991	5.8
1656	-0.045076	113.015222	0.000899	5.7
1657	-0.000000	112.976646	0.000000	4.7
1658	-0.079292	112.938105	0.001107	4.4
1659	-0.952479	112.899599	0.004948	5.0
1660	-0.348465	112.861128	0.002136	5.0
1661	-0.492856	112.822692	0.007222	4.5
1662	-0.000000	112.784291	0.000000	4.7
1663	-0.217540	112.745924	0.001827	5.6
1664	-0.000000	112.707593	0.000000	4.4
1665	-1.067359	112.669296	0.013022	3.8
1666	-0.391396	112.631034	0.004582	4.7
1667	-0.919746	112.592806	0.008966	4.6
1668	-0.590771	112.554613	0.006808	4.4
1669	-0.000000	112.516455	0.000000	5.2
1670	-0.969435	112.478331	0.010597	4.7
1671	-0.368649	112.440241	0.005292	5.8
1672	-0.774766	112.402186	0.006600	4.5
1673	-0.000000	112.364165	0.000000	5.5
1674	-0.765533	112.326179	0.003407	4.9
1675	-0.717688	112.288227	0.010707	4.9
1676	-0.000000	112.250309	0.000000	5.3
1677	-0.450518	112.212425	0.006638	5.2
1678	-0.839417	112.174575	0.003978	5.1
1679	-0.907973	112.136759	0.009650	5.0
1680	-0.978590	112.098977	0.008174	5.3
1681	-0.008048	112.061229	0.001643	4.3
1682	-0.879041	112.023515	0.007718	4.9
1683	-0.028740	111.985834	0.002575	5.2
1684	-0.843406	111.948188	0.005215	5.5
1685	-0.840846	111.910575	0.006158	5.5
1686	-0.845967	111.872996	0.005024	4.9
1687	-0.531687	111.835450	0.004296	4.6
1688	-0.207698	111.797939	0.005710	5.5
1689	-0.000059	111.760460	0.000035	5.1
1690	-0.355663	111.723015	0.005361	4.5
1691	-0.576364	111.685604	0.006556	5.2
1692	-0.000000	111.648226	0.000000	6.0
1693	-0.636833	111.610881	0.003643	5.3
1694	-0.854736	111.573570	0.004989	5.3
1695	-0.943167	111.536292	0.007035	4.9
1696	-0.541943	111.499047	0.005178	5.1
1697	-1.056166	111.461835	0.007110	5.6
1698	-0.577868	111.424656	0.007959	4.9
1699	-0.713081	111.387510	0.007944	4.3
1700	-0.000000	111.350398	0.000000	5.7
1701	-0.000000	111.313318	0.000000	4.5
1702	-0.337804	111.276271	0.005246	4.4
1703	-0.449433	111.239257	0.007163	5.6
1704	-0.824578	111.202276	0.004174	4.6
1705	-0.825632	111.165328	0.006736	4.4
1706	-0.853766	111.128412	0.007419	4.8
1707	-0.000000	111.091529	0.000000	4.5
1708	-0.594036	111.054679	0.003730	4.6
1709	-0.517139	111.017861	0.006990	4.9
1710	-0.541753	110.981076	0.006218	5.1
1711	-0.000000	110.944323	0.000000	4.4
1712	-0.682726	110.907603	0.006007	4.9
1713	-0.000000	110.870915	0.000000	5.0
1714	-0.810805	110.834259	0.008774	4.2
1715	-0.930393	110.797636	0.006970	4.8
1716	-0.444626	110.761045	0.003107	5.9
1717	-0.658638	110.724486	0.006088	4.7
1718	-0.771918	110.687959	0.006675	5.2
1719	-0.080498	110.651465	0.002424	4.0
1720	-0.000000	110.615002	0.000000	5.4
1721	-0.678392	110.578572	0.009326	4.8
1722	-0.525845	110.542173	0.006129	5.1
1723	-0.622669	110.505807	0.008946	5.7
1724	-0.000000	110.469472	0.000000	5.6
1725	-0.312695	110.433169	0.005955	5.4
1726	-0.564725	110.396898	0.009967	5.5
1727	-0.018928	110.360659	0.000773	5.5
1728	-0.455037	110.324451	0.004509	4.8
1729	-0.796620	110.288276	0.005692	4.8
1730	-0.765430	110.252131	0.006304	5.1
1731	-0.376306	110.216019	0.006000	4.7
1732	-0.565992	110.179937	0.004469	4.8
1733	-0.890911	110.143888	0.005452	5.2
1734	-0.032593	110.107869	0.002330	4.1
1735	-0.839694	110.071882	0.014584	4.5
1736	-0.056626	110.035927	0.002253	5.9
1737	-0.626277	110.000003	0.013201	5.2
1738	-0.854120	109.964110	0.009447	6.3
1739	-0.345130	109.928248	0.005522	5.3
1740	-0.000000	109.892417	0.000000	5.0
1741	-0.000000	109.856618	0.000000	5.9
1742	-0.818393	109.820850	0.009164	5.2
1743	-0.429701	109.785112	0.004340	5.0
1744	-0.021836	109.749406	0.000766	5.5
1745	-0.437136	109.713730	0.003302	4.6
1746	-0.000267	109.678086	0.000138	4.5
1747	-0.405250	109.642472	0.005026	5.0
1748	-0.106368	109.606890	0.006058	4.4
1749	-0.873270	109.571337	0.004778	4.7
1750	-0.659376	109.535816	0.005184	5.1
1751	-0.000000	109.500326	0.000000	4.2
1752	-0.586658	109.464866	0.005150	4.7
1753	-0.003954	109.429436	0.001220	4.9
1754	-0.810122	109.394038	0.007035	4.7
1755	-0.824308	109.358669	0.003836	4.7
1756	-0.173240	109.323331	0.003327	5.1
1757	-0.871537	109.288024	0.005658	4.8
1758	-0.000000	109.252747	0.000000	5.4
1759	-0.431889	109.217501	0.007847	3.9
1760	-0.674983	109.182284	0.003851	5.1
1761	-0.000000	109.147098	0.000000	5.4
1762	-0.239759	109.111942	0.005502	4.6
1763	-0.901858	109.076817	0.007906	4.4
1764	-0.387669	109.041721	0.004662	5.5
1765	-0.000000	109.006656	0.000000	5.2
1766	-0.528795	108.971620	0.008073	4.9
1767	-0.462573	108.936615	0.004439	5.5
1768	-0.586152	108.901640	0.007854	5.8
1769	-0.561237	108.866694	0.003904	6.7
1770	-0.803735	108.831779	0.009064	5.9
1771	-0.289013	108.796893	0.004888	5.2
1772	-0.520458	108.762037	0.004278	5.7
1773	-0.225781	108.727211	0.002204	5.3
1774	-0.189773	108.692415	0.004542	6.4
1775	-0.912869	108.657648	0.010216	5.5
1776	-0.000000	108.622911	0.000000	5.2
1777	-0.669523	108.588203	0.003160	6.9
1778	-0.688459	108.553525	0.002760	6.7
1779	-1.087724	108.518877	0.012637	8.0
1780	-0.000000	108.484258	0.000000	8.1
1781	-0.941174	108.449668	0.009937	7.6
1782	-0.720556	108.415108	0.005517	6.3
1783	-0.431025	108.380578	0.005337	7.0
1784	-0.102949	108.346076	0.005871	6.1
1785	-0.817624	108.311604	0.006596	5.8
1786	-0.450119	108.277161	0.007333	6.2
1787	-0.641390	108.242747	0.007529	5.6
1788	-0.000014	108.208363	0.000009	5.9
1789	-0.217239	108.174007	0.002884	5.8
1790	-0.566555	108.139681	0.006842	5.0
1791	-0.203763	108.105383	0.007306	5.2
1792	-0.955571	108.071115	0.007807	5.9
1793	-0.848172	108.036875	0.006417	5.3
1794	-0.828945	108.002665	0.003811	5.9
1795	-0.949179	107.968483	0.005324	5.9
1796	-0.819924	107.934330	0.004737	6.0
1797	-0.422083	107.900206	0.005501	6.4
1798	-0.844730	107.866111	0.006635	6.3
1799	-0.623465	107.832044	0.006055	5.8
1800	-0.484379	107.798007	0.004958	6.1
1801	-0.703920	107.763997	0.003547	4.6
1802	-0.873620	107.730017	0.008777	6.2
1803	-0.343864	107.696065	0.003426	5.9
1804	-0.837753	107.662141	0.003407	5.4
1805	-0.000000	107.628246	0.000000	6.4
1806	-0.384838	107.594379	0.005666	5.5
1807	-0.833103	107.560541	0.006112	6.8
1808	-0.000000	107.526731	0.000000	6.4
1809	-0.000000	107.492949	0.000000	6.2
1810	-0.671209	107.459196	0.004651	6.5
1811	-0.000000	107.425471	0.000000	6.2
1812	-0.650297	107.391774	0.006988	7.4
1813	-0.958874	107.358106	0.006651	5.9
1814	-0.843806	107.324465	0.009003	6.4
1815	-0.522073	107.290853	0.009023	6.2
1816	-0.924414	107.257268	0.006183	6.1
1817	-0.000000	107.223712	0.000000	6.1
1818	-0.714675	107.190184	0.005945	5.4
1819	-0.636787	107.156683	0.004667	6.6
1820	-0.000000	107.123211	0.000000	5.3
1821	-0.192592	107.089766	0.004507	5.6
1822	-0.000000	107.056349	0.000000	6.2
1823	-0.753305	107.022960	0.004620	5.7
1824	-0.223909	106.989599	0.005857	6.3
1825	-0.019219	106.956265	0.002995	8.9
1826	-0.879786	106.922960	0.009150	6.9
1827	-0.000000	106.889681	0.000000	7.7
1828	-0.000000	106.856431	0.000000	5.7
1829	-0.699781	106.823208	0.006952	5.2
1830	-0.437135	106.790012	0.005629	6.2
1831	-0.059307	106.756844	0.001644	5.8
1832	-0.926223	106.723703	0.007632	6.5
1833	-0.000000	106.690590	0.000000	5.8
1834	-1.017182	106.657505	0.007538	5.3
1835	-0.188267	106.624446	0.004137	5.6
1836	-0.678708	106.591415	0.006426	5.7
1837	-0.000000	106.558411	0.000000	4.9
1838	-0.789570	106.525435	0.009262	5.6
1839	-0.550692	106.492485	0.005334	4.5
1840	-0.194225	106.459563	0.004431	4.5
1841	-0.067371	106.426668	0.002453	5.1
1842	-0.800398	106.393800	0.006915	4.6
1843	-0.603306	106.360959	0.006017	4.5
1844	-0.596313	106.328145	0.006009	6.3
1845	-0.572905	106.295358	0.004704	4.5
1846	-0.834863	106.262598	0.007037	4.5
1847	-0.653663	106.229865	0.005261	5.1
1848	-0.370293	106.197158	0.003641	4.6
1849	-0.000000	106.164479	0.000000	5.0
1850	-0.000000	106.131826	0.000000	6.4
1851	-0.814299	106.099201	0.004959	4.3
1852	-0.375771	106.066602	0.004514	4.4
1853	-0.571760	106.034029	0.005633	5.2
1854	-0.402570	106.001483	0.002613	4.7
1855	-0.849491	105.968964	0.007670	4.5
1856	-0.382362	105.936472	0.004551	5.0
1857	-1.021716	105.904006	0.005335	4.8
1858	-0.951379	105.871566	0.010179	4.5
1859	-0.336303	105.839153	0.005269	4.8
1860	-0.167999	105.806767	0.002447	4.9
1861	-0.000000	105.774407	0.000000	4.5
1862	-1.005196	105.742073	0.005901	5.0
1863	-0.459194	105.709766	0.005409	5.7
1864	-0.482954	105.677485	0.004358	4.6
1865	-0.594871	105.645230	0.004567	4.8
1866	-0.000000	105.613001	0.000000	4.9
1867	-0.000000	105.580799	0.000000	4.1
1868	-0.698263	105.548623	0.007716	5.0
1869	-0.011682	105.516473	0.001025	5.2
1870	-0.000000	105.484349	0.000000	5.1
1871	-0.000000	105.452251	0.000000	5.2
1872	-0.000000	105.420179	0.000000	4.9
1873	-0.982028	105.388133	0.004482	5.4
1874	-0.233433	105.356113	0.003135	4.4
1875	-0.902643	105.324119	0.004773	4.7
1876	-0.000000	105.292151	0.000000	5.2
1877	-0.940262	105.260209	0.003884	5.7
1878	-0.000000	105.228293	0.000000	5.1
1879	-0.503444	105.196402	0.005940	5.4
1880	-0.000330	105.164537	0.000114	5.8
1881	-0.769719	105.132698	0.006373	4.9
1882	-0.680302	105.100885	0.006374	5.4
1883	-0.736376	105.069097	0.008985	6.2
1884	-0.000000	105.037335	0.000000	4.8
1885	-0.444853	105.005598	0.007068	5.7
1886	-0.000000	104.973887	0.000000	5.2
1887	-0.515420	104.942202	0.009503	5.0
1888	-0.526827	104.910542	0.004975	5.7
1889	-0.176887	104.878907	0.001194	5.4
1890	-0.787738	104.847298	0.007335	5.4
1891	-0.810151	104.815715	0.006447	5.3
1892	-0.000006	104.784156	0.000004	4.7
1893	-0.001137	104.752623	0.000364	5.8
1894	-0.561551	104.721116	0.006091	4.8
1895	-0.540388	104.689633	0.006519	5.3
1896	-0.310864	104.658176	0.005354	6.1
1897	-0.000000	104.626744	0.000000	4.3
1898	-0.000000	104.595337	0.000000	5.8
1899	-0.999996	104.563955	0.007471	5.9
1900	-0.123741	104.532599	0.002572	4.9
1901	-0.767286	104.501267	0.004927	4.6
1902	-0.021626	104.469960	0.001740	5.2
1903	-0.386071	104.438679	0.006368	4.6
1904	-0.923615	104.407422	0.010246	4.3
1905	-0.096239	104.376191	0.003807	5.0
1906	-0.000000	104.344984	0.000000	4.6
1907	-0.746076	104.313802	0.004856	4.6
1908	-0.650385	104.282645	0.005780	4.8
1909	-0.000000	104.251513	0.000000	5.0
1910	-0.632327	104.220405	0.009009	4.4
1911	-0.233646	104.189323	0.005017	4.1
1912	-0.455483	104.158265	0.003319	5.0
1913	-0.000000	104.127231	0.000000	4.8
1914	-0.000000	104.096222	0.000000	4.7
1915	-0.000000	104.065238	0.000000	5.1
1916	-0.087732	104.034279	0.002263	3.9
1917	-0.871210	104.003344	0.003655	5.1
1918	-0.945265	103.972433	0.010745	4.4
1919	-0.406055	103.941547	0.003692	5.7
1920	-0.109625	103.910686	0.006241	5.3
1921	-0.880068	103.879849	0.005691	5.6
1922	-0.000000	103.849036	0.000000	5.0
1923	-0.579062	103.818248	0.009702	5.5
1924	-0.887633	103.787484	0.010372	5.1
1925	-0.928501	103.756744	0.004568	5.9
1926	-0.289496	103.726029	0.003145	5.5
1927	-0.569819	103.695338	0.008183	5.1
1928	-0.000000	103.664671	0.000000	5.5
1929	-0.764977	103.634028	0.004361	3.6
1930	-0.797255	103.603409	0.006198	4.6
1931	-0.721787	103.572814	0.010539	5.3
1932	-0.000000	103.542244	0.000000	5.0
1933	-0.000000	103.511698	0.000000	4.8
1934	-0.825152	103.481175	0.007135	5.8
1935	-0.791216	103.450677	0.007535	5.1
1936	-0.583931	103.420202	0.006505	5.0
1937	-0.372213	103.389752	0.004495	5.8
1938	-0.825028	103.359325	0.005175	4.8
1939	-0.305883	103.328922	0.002830	4.6
1940	-0.037052	103.298543	0.000339	5.4
1941	-0.508627	103.268188	0.006868	5.3
1942	-0.000000	103.237857	0.000000	5.0
1943	-0.801120	103.207549	0.005267	5.7
1944	-0.813338	103.177265	0.005579	5.5
1945	-0.000000	103.147005	0.000000	5.2
1946	-0.000000	103.116768	0.000000	5.4
1947	-0.959194	103.086556	0.008545	5.8
1948	-0.861392	103.056366	0.007142	5.1
1949	-0.765014	103.026200	0.006849	5.3
1950	-0.077815	102.996058	0.003275	4.4
1951	-0.000000	102.965939	0.000000	4.6
1952	-0.000000	102.935844	0.000000	5.0
1953	-0.440692	102.905772	0.004150	4.5
1954	-0.179935	102.875724	0.001746	4.2
1955	-0.791020	102.845699	0.006896	3.9
1956	-0.514097	102.815697	0.007617	4.2
1957	-1.012360	102.785719	0.009752	3.7
1958	-0.553030	102.755764	0.005316	4.8
1959	-0.566112	102.725832	0.003817	4.9
1960	-0.790450	102.695924	0.004006	4.8
1961	-0.433361	102.666038	0.010418	5.0
1962	-0.021592	102.636176	0.000340	4.7
1963	-0.617516	102.606337	0.005033	4.6
1964	-1.266088	102.576521	0.011528	4.4
1965	-0.798072	102.546728	0.009896	3.9
1966	-0.478499	102.516959	0.009634	4.2
1967	-0.634052	102.487212	0.007441	5.6
1968	-0.285180	102.457488	0.003957	4.9
1969	-0.677279	102.427788	0.005714	5.6
1970	-0.000000	102.398110	0.000000	5.2
1971	-0.000000	102.368455	0.000000	5.1
1972	-0.731202	102.338823	0.005887	6.1
1973	-0.060515	102.309214	0.003691	3.8
1974	-0.404219	102.279628	0.004241	5.4
1975	-0.000000	102.250064	0.000000	6.4
1976	-0.042653	102.220524	0.002718	5.3
1977	-0.000000	102.191006	0.000000	5.0
1978	-0.229473	102.161511	0.004070	5.4
1979	-0.953499	102.132038	0.006755	5.3
1980	-0.939024	102.102588	0.003147	4.7
1981	-0.639003	102.073161	0.008500	5.2
1982	-0.937592	102.043757	0.012456	5.4
1983	-0.000000	102.014375	0.000000	5.1
1984	-0.754610	101.985015	0.006437	5.6
1985	-0.047292	101.955678	0.002057	4.9
1986	-0.431799	101.926364	0.004671	5.3
1987	-0.892045	101.897072	0.005268	5.5
1988	-0.874892	101.867802	0.006106	5.0
1989	-0.000001	101.838555	0.000001	5.5
1990	-0.000000	101.809330	0.000000	5.7
1991	-0.000000	101.780128	0.000000	5.3
1992	-0.000000	101.750948	0.000000	4.8
1993	-0.000000	101.721790	0.000000	5.1
1994	-0.435868	101.692654	0.005814	5.3
1995	-0.418109	101.663541	0.009994	5.3
1996	-0.965622	101.634450	0.005133	5.2
1997	-0.000032	101.605381	0.000021	4.8
1998	-0.553534	101.576335	0.005590	4.4
1999	-0.059144	101.547310	0.002401	5.1
