1:ItNr	2:Metric	3:StepSize	4:||Gradient||	Time[ms]
0	0.000000	627.201626	0.000000	761.7
1	-0.845367	623.504937	0.008922	25.4
2	-0.631494	619.865785	0.009163	28.2
3	-0.310598	616.282728	0.004425	26.5
4	-0.384240	612.754375	0.007079	28.0
5	-0.000000	609.279381	0.000000	27.5
6	0.000000	605.856447	0.000000	27.7
7	-0.682436	602.484317	0.005709	27.1
8	-0.562321	599.161779	0.008889	27.8
9	0.000000	595.887656	0.000000	28.6
10	-0.527738	592.660813	0.006579	26.7
11	0.000000	589.480151	0.000000	29.7
12	-0.511915	586.344606	0.003860	29.1
13	0.000000	583.253145	0.000000	30.7
14	-0.610888	580.204771	0.006064	30.8
15	-0.261507	577.198517	0.003674	28.4
16	-0.300742	574.233444	0.004646	29.2
17	-0.319376	571.308645	0.005014	30.2
18	-0.000027	568.423237	0.000028	29.8
19	-0.905495	565.576365	0.009563	26.3
20	-0.000000	562.767201	0.000000	28.6
21	-0.743863	559.994938	0.004813	28.7
22	-0.703511	557.258797	0.004761	27.9
23	-0.717597	554.558018	0.005116	27.2
24	-0.599128	551.891865	0.005083	28.5
25	-0.701864	549.259621	0.004930	28.6
26	-0.447630	546.660592	0.005714	28.6
27	0.000000	544.094102	0.000000	28.5
28	-0.206894	541.559494	0.005332	28.9
29	-0.175118	539.056129	0.003191	28.2
30	-0.299238	536.583387	0.003605	29.3
31	-0.566008	534.140663	0.007152	26.3
32	-0.029996	531.727370	0.001315	29.7
33	-0.118131	529.342935	0.003093	27.2
34	-0.450026	526.986802	0.006013	27.7
35	-0.765276	524.658430	0.006249	27.3
36	-0.000458	522.357290	0.000256	27.6
37	-0.555379	520.082868	0.004303	29.4
38	-0.366551	517.834665	0.004862	29.5
39	-0.943751	515.612193	0.006538	28.8
40	-0.799056	513.414976	0.005196	30.8
41	-0.513281	511.242551	0.007506	30.3
42	-0.466478	509.094468	0.006378	29.8
43	-0.000000	506.970285	0.000000	27.8
44	-0.554299	504.869574	0.007124	30.0
45	-0.479404	502.791916	0.005757	28.2
46	-0.720999	500.736903	0.006130	28.6
47	0.000000	498.704137	0.000000	25.9
48	-0.557215	496.693228	0.006847	29.0
49	-0.481836	494.703798	0.003553	27.6
50	0.000000	492.735476	0.000000	31.0
51	0.000000	490.787900	0.000000	27.8
52	-0.126785	488.860718	0.001673	28.6
53	-0.429448	486.953585	0.005404	27.9
54	-0.658482	485.066164	0.007318	28.0
55	-0.797197	483.198126	0.007404	27.6
56	0.000000	481.349149	0.000000	28.6
57	0.000000	479.518920	0.000000	27.0
58	0.000000	477.707132	0.000000	29.6
59	-0.325804	475.913485	0.005040	29.2
60	0.000000	474.137684	0.000000	29.5
61	-0.000013	472.379445	0.000023	29.1
62	-0.272787	470.638485	0.004119	29.7
63	0.000000	468.914531	0.000000	30.5
64	-0.494394	467.207315	0.005985	29.2
65	-0.809437	465.516573	0.006938	29.3
66	-0.648187	463.842050	0.004618	27.2
67	-0.400125	462.183494	0.005612	30.0
68	-0.633912	460.540658	0.007900	28.6
69	-0.003819	458.913303	0.000669	29.0
70	-0.547134	457.301192	0.005750	28.2
71	-0.653149	455.704096	0.006880	29.1
72	-0.909894	454.121787	0.006479	28.8
73	-0.189090	452.554045	0.002970	28.7
74	-0.650906	451.000653	0.007030	27.3
75	-0.556140	449.461399	0.007229	29.5
76	-0.077274	447.936075	0.001279	28.7
77	0.000000	446.424477	0.000000	27.3
78	-0.142028	444.926406	0.003690	27.8
79	-0.030300	443.441666	0.001498	29.6
80	0.000000	441.970065	0.000000	26.9
81	0.000000	440.511415	0.000000	28.0
82	-0.179547	439.065533	0.002290	28.7
83	-0.324157	437.632238	0.003425	28.6
84	-0.700842	436.211351	0.008345	28.5
85	0.000000	434.802701	0.000000	27.9
86	-0.264609	433.406117	0.004848	31.3
87	-0.370491	432.021430	0.003522	31.1
88	0.000000	430.648479	0.000000	30.5
89	-0.021115	429.287101	0.001090	27.8
90	-0.313393	427.937140	0.004714	29.6
91	-0.766428	426.598440	0.005197	29.3
92	-0.770556	425.270849	0.005878	28.9
93	0.000000	423.954220	0.000000	27.4
94	0.000000	422.648404	0.000000	29.3
95	-0.428325	421.353259	0.005664	29.8
96	-0.334523	420.068643	0.004979	29.3
97	-0.080031	418.794419	0.002045	27.9
98	-0.259502	417.530451	0.004503	29.6
99	-0.043195	416.276604	0.001876	28.8
100	0.000000	415.032748	0.000000	28.8
101	-0.421541	413.798754	0.006860	28.1
102	-0.393588	412.574495	0.007664	29.8
103	-0.770686	411.359849	0.004390	29.2
104	-0.753758	410.154691	0.006721	28.5
105	-0.839992	408.958904	0.006566	29.2
106	-0.023631	407.772368	0.000236	29.3
107	-0.587568	406.594968	0.005622	29.1
108	-0.529500	405.426590	0.006696	29.0
109	0.000000	404.267122	0.000000	28.8
110	0.000000	403.116456	0.000000	27.5
111	-0.295144	401.974481	0.004902	29.2
112	-0.278894	400.841093	0.004318	29.2
113	-0.660618	399.716187	0.006471	28.2
114	-0.312498	398.599660	0.003657	27.2
115	-0.788238	397.491411	0.005622	29.7
116	-0.424703	396.391342	0.010988	29.4
117	0.000000	395.299353	0.000000	30.0
118	0.000000	394.215350	0.000000	30.2
119	-0.180620	393.139238	0.004822	29.7
120	-0.836188	392.070924	0.008112	29.4
121	-0.083007	391.010316	0.001444	29.4
122	-0.764279	389.957325	0.004923	30.5
123	0.000000	388.911862	0.000000	26.8
124	0.000000	387.873839	0.000000	29.0
125	0.000000	386.843173	0.000000	29.0
126	0.000000	385.819777	0.000000	28.9
127	-0.171353	384.803569	0.002357	29.6
128	-0.672278	383.794468	0.007462	29.4
129	-0.834390	382.792393	0.008069	29.7
130	-0.013976	381.797264	0.000852	29.9
131	0.000000	380.809005	0.000000	28.5
132	0.000000	379.827537	0.000000	28.2
133	-0.856251	378.852786	0.007311	27.4
134	-0.746426	377.884678	0.004704	28.3
135	-0.048573	376.923138	0.001768	26.9
136	-0.464437	375.968095	0.008088	28.0
137	-0.632787	375.019479	0.007624	29.6
138	-0.674101	374.077218	0.004621	27.7
139	-0.234851	373.141244	0.002972	28.6
140	-0.665549	372.211489	0.007328	27.6
141	-0.035575	371.287887	0.000490	31.0
142	-0.863219	370.370370	0.007720	29.9
143	-0.807891	369.458876	0.008535	29.0
144	-0.014859	368.553338	0.001468	28.1
145	-0.505064	367.653696	0.007255	29.4
146	-0.428501	366.759885	0.004173	28.9
147	-0.030961	365.871846	0.001405	27.5
148	-0.671131	364.989518	0.004773	28.1
149	-0.451587	364.112841	0.006358	28.7
150	-0.327640	363.241757	0.004770	28.8
151	-0.000000	362.376208	0.000000	26.5
152	-0.557123	361.516137	0.006543	29.1
153	-0.222281	360.661488	0.002873	28.2
154	0.000000	359.812206	0.000000	28.8
155	-0.000000	358.968236	0.000000	29.1
156	-0.311209	358.129524	0.003977	28.9
157	-0.675255	357.296018	0.004763	28.8
158	-0.705523	356.467665	0.007598	35.1
159	-0.417250	355.644414	0.003244	29.2
160	-0.520311	354.826213	0.004830	28.1
161	0.000000	354.013012	0.000000	32.8
162	-0.000085	353.204763	0.000014	29.3
163	0.000000	352.401415	0.000000	29.2
164	0.000000	351.602922	0.000000	28.3
165	-1.025501	350.809235	0.010581	27.4
166	-0.722340	350.020308	0.004723	29.3
167	0.000000	349.236095	0.000000	29.3
168	0.000000	348.456550	0.000000	27.0
169	-0.576340	347.681627	0.006493	28.6
170	-0.817933	346.911283	0.005569	28.3
171	0.000000	346.145474	0.000000	27.7
172	-0.473728	345.384157	0.009530	25.3
173	0.000000	344.627288	0.000000	28.8
174	-0.535117	343.874826	0.006907	27.9
175	-0.779667	343.126729	0.004924	27.9
176	-0.681830	342.382957	0.007852	28.6
177	-0.651617	341.643469	0.006276	30.8
178	-0.059996	340.908224	0.002328	30.4
179	0.000000	340.177184	0.000000	30.1
180	-0.914916	339.450309	0.007650	29.7
181	-0.516065	338.727561	0.006602	28.4
182	-0.378871	338.008902	0.006808	30.1
183	-0.597865	337.294295	0.004910	28.4
184	-0.728298	336.583703	0.003905	28.0
185	-0.271829	335.877089	0.003746	28.9
186	-0.803296	335.174416	0.006321	28.5
187	-0.383532	334.475651	0.004217	27.5
188	0.000000	333.780756	0.000000	28.6
189	-0.327579	333.089698	0.004777	27.8
190	0.000000	332.402443	0.000000	28.8
191	-0.705207	331.718955	0.006111	27.3
192	-0.729412	331.039203	0.006260	29.1
193	-0.782313	330.363153	0.008898	28.5
194	-0.000000	329.690771	0.000000	29.0
195	-0.713705	329.022027	0.005123	28.6
196	0.000000	328.356888	0.000000	29.2
197	-0.477735	327.695322	0.004028	32.7
198	-0.783356	327.037299	0.005672	29.2
199	-0.387624	326.382787	0.004868	29.9
200	-0.756305	325.731758	0.004818	30.2
201	-0.063112	325.084179	0.001289	29.6
202	-0.805177	324.440023	0.007179	28.9
203	-0.740798	323.799258	0.006259	29.3
204	-0.097153	323.161858	0.001935	27.9
205	-0.787351	322.527792	0.005736	28.7
206	-0.758878	321.897034	0.007484	27.3
207	-0.643003	321.269554	0.004291	26.8
208	-0.507189	320.645325	0.006160	27.8
209	-0.522104	320.024320	0.005693	29.0
210	-0.470826	319.406512	0.006722	28.6
211	-0.153550	318.791875	0.006052	28.1
212	-0.241269	318.180381	0.003094	28.3
213	-0.006018	317.572005	0.000331	27.8
214	0.000000	316.966721	0.000000	28.4
215	-0.969728	316.364504	0.007712	27.1
216	-0.362902	315.765329	0.005045	28.0
217	-0.652282	315.169170	0.006228	30.3
218	-0.501138	314.576003	0.004809	29.3
219	-0.614735	313.985804	0.008688	28.3
220	-0.777684	313.398548	0.006546	28.7
221	-0.966053	312.814213	0.008001	29.2
222	-0.129441	312.232773	0.004368	28.2
223	0.000000	311.654207	0.000000	26.8
224	0.000000	311.078491	0.000000	29.9
225	0.000000	310.505602	0.000000	27.7
226	-0.296309	309.935518	0.005235	28.7
227	0.000000	309.368217	0.000000	27.1
228	-0.153533	308.803676	0.003651	29.7
229	0.000000	308.241874	0.000000	29.1
230	-0.163734	307.682789	0.002206	29.5
231	-0.812811	307.126400	0.005663	29.9
232	-0.590434	306.572687	0.007811	29.8
233	-0.887949	306.021627	0.006676	29.4
234	-0.202645	305.473201	0.004322	28.3
235	-0.666703	304.927388	0.005737	27.2
236	-0.714017	304.384168	0.004893	29.3
237	-0.491009	303.843521	0.005583	28.2
238	-0.853598	303.305427	0.005606	29.6
239	-0.428817	302.769867	0.006727	26.2
240	-0.163464	302.236821	0.002605	31.6
241	-0.180621	301.706270	0.003972	30.7
242	-0.718068	301.178196	0.005731	30.8
243	-0.560914	300.652580	0.003979	31.6
244	0.000000	300.129402	0.000000	31.8
245	-0.581553	299.608645	0.006664	30.6
246	-0.426928	299.090291	0.003758	27.8
247	-0.468689	298.574321	0.005665	29.8
248	-0.376784	298.060718	0.003328	30.2
249	-0.021293	297.549465	0.000841	28.6
250	-0.746156	297.040543	0.007281	30.8
251	-0.656330	296.533936	0.004608	29.2
252	-0.732275	296.029626	0.005742	30.9
253	-0.037358	295.527597	0.001769	29.0
254	-0.595691	295.027832	0.006941	28.3
255	0.000000	294.530315	0.000000	26.3
256	0.000000	294.035028	0.000000	29.1
257	0.000000	293.541956	0.000000	29.4
258	-0.000000	293.051083	0.000000	29.6
259	-0.161834	292.562393	0.001946	30.7
260	-0.410090	292.075870	0.004230	30.5
261	-0.485333	291.591498	0.005746	29.1
262	-0.731757	291.109263	0.004894	30.2
263	-0.862267	290.629149	0.005413	29.6
264	-0.499549	290.151140	0.003090	27.6
265	-0.000874	289.675222	0.001080	29.7
266	-0.231718	289.201380	0.003497	29.9
267	-0.733485	288.729600	0.005287	30.2
268	-0.601213	288.259866	0.006482	29.2
269	-0.804884	287.792165	0.006314	28.7
270	0.000000	287.326481	0.000000	30.9
271	0.000000	286.862802	0.000000	29.4
272	-0.350640	286.401113	0.005406	29.7
273	-0.973522	285.941400	0.006192	29.3
274	0.000000	285.483649	0.000000	28.9
275	0.000000	285.027847	0.000000	29.3
276	-0.594947	284.573981	0.005908	28.2
277	-0.265862	284.122037	0.005712	28.1
278	0.000000	283.672002	0.000000	27.9
279	-0.868494	283.223863	0.007749	27.7
280	-0.538596	282.777607	0.007348	30.5
281	-0.490093	282.333221	0.005086	28.8
282	-0.749562	281.890692	0.005223	29.1
283	-0.588304	281.450008	0.003749	29.4
284	-0.430531	281.011157	0.004531	30.0
285	-0.660535	280.574125	0.007342	29.6
286	-0.043597	280.138901	0.002219	28.0
287	-0.031641	279.705473	0.001448	28.5
288	-0.722909	279.273829	0.008636	28.5
289	0.000000	278.843956	0.000000	28.9
290	-0.047335	278.415844	0.001275	26.8
291	-0.473996	277.989479	0.006296	28.5
292	-0.805293	277.564851	0.006061	28.3
293	-0.441535	277.141949	0.005434	27.5
294	0.000000	276.720761	0.000000	29.6
295	0.000000	276.301275	0.000000	29.1
296	-0.797759	275.883480	0.010895	28.7
297	-0.723524	275.467366	0.005399	27.4
298	-0.440810	275.052922	0.004852	28.9
299	-0.570664	274.640136	0.007630	29.9
300	-0.382497	274.228998	0.003849	31.1
301	-0.093189	273.819497	0.006371	28.9
302	-0.034857	273.411623	0.001261	31.3
303	-0.691173	273.005365	0.004922	31.3
304	-0.633053	272.600712	0.007104	27.0
305	-0.181190	272.197655	0.002287	29.4
306	-0.607300	271.796184	0.006736	28.6
307	-0.786974	271.396287	0.006118	27.5
308	-0.186475	270.997956	0.002433	30.7
309	-0.747761	270.601180	0.004474	30.7
310	-0.313845	270.205949	0.004078	29.6
311	-0.649755	269.812254	0.004196	28.5
312	-0.129240	269.420085	0.002035	29.0
313	-0.669661	269.029432	0.005339	28.4
314	-0.826267	268.640287	0.009140	30.2
315	-0.647833	268.252638	0.005049	28.8
316	-0.740889	267.866478	0.005918	29.4
317	0.000000	267.481796	0.000000	28.8
318	-0.254919	267.098584	0.004187	29.1
319	-0.770939	266.716833	0.006584	29.5
320	-0.345487	266.336533	0.005797	28.5
321	-0.768009	265.957676	0.005414	26.3
322	-0.381243	265.580253	0.003980	29.0
323	-0.479732	265.204254	0.006203	27.6
324	-0.247127	264.829672	0.005780	28.3
325	0.000000	264.456497	0.000000	28.5
326	0.000000	264.084721	0.000000	29.6
327	-0.301004	263.714335	0.004040	28.3
328	-0.835142	263.345332	0.006172	30.4
329	-0.583169	262.977702	0.004293	27.9
330	-0.470884	262.611438	0.003687	30.3
331	-0.804653	262.246531	0.006369	30.5
332	0.000000	261.882973	0.000000	28.8
333	-0.445723	261.520756	0.005530	28.4
334	-0.906128	261.159871	0.007173	28.6
335	-0.602891	260.800312	0.008065	28.7
336	-0.531704	260.442070	0.005847	28.8
337	-0.686763	260.085137	0.005525	26.4
338	-0.743123	259.729505	0.004826	29.2
339	-0.697210	259.375167	0.006988	29.8
340	-0.671475	259.022116	0.006621	29.2
341	-0.000687	258.670343	0.001162	28.0
342	-0.545745	258.319841	0.005733	27.8
343	-0.707059	257.970602	0.008414	28.6
344	-0.637892	257.622620	0.005519	28.3
345	-0.001033	257.275887	0.000448	28.8
346	-0.910257	256.930396	0.005308	29.9
347	-0.464526	256.586139	0.006879	28.6
348	-0.469760	256.243109	0.003348	28.9
349	-0.684891	255.901300	0.007685	29.6
350	-0.583042	255.560703	0.005035	28.7
351	-0.022384	255.221313	0.001317	28.8
352	0.000000	254.883122	0.000000	28.7
353	-0.083910	254.546124	0.001967	28.0
354	-0.190953	254.210311	0.002169	28.8
355	-0.001155	253.875677	0.000255	27.0
356	-0.410205	253.542215	0.005188	27.8
357	-0.548581	253.209918	0.007711	28.6
358	-0.731579	252.878781	0.004152	28.2
359	-0.632023	252.548795	0.004812	29.0
360	-0.132147	252.219956	0.002326	28.5
361	-0.708256	251.892255	0.004198	28.9
362	-0.266088	251.565688	0.003640	28.3
363	-0.077981	251.240247	0.003545	25.1
364	-0.366514	250.915926	0.003702	29.8
365	-0.374353	250.592720	0.007864	30.0
366	-0.003243	250.270621	0.000714	28.7
367	-0.779133	249.949624	0.008759	28.0
368	-0.372138	249.629723	0.004913	29.6
369	-0.299801	249.310911	0.003886	28.2
370	-0.718776	248.993182	0.005465	28.9
371	-0.469826	248.676531	0.005056	26.8
372	-0.786881	248.360952	0.006108	28.6
373	-0.434069	248.046438	0.005883	28.7
374	-0.804330	247.732984	0.006573	28.0
375	-0.829472	247.420584	0.007089	29.9
376	-0.665379	247.109233	0.006881	31.0
377	0.000000	246.798924	0.000000	29.8
378	-0.484769	246.489652	0.007020	29.9
379	0.000000	246.181412	0.000000	29.5
380	-0.521777	245.874197	0.007931	27.7
381	-0.714414	245.568002	0.004808	30.1
382	0.000000	245.262822	0.000000	28.0
383	-0.568030	244.958652	0.006044	28.7
384	-0.663393	244.655485	0.005516	29.4
385	-0.817549	244.353317	0.007181	31.2
386	-0.273634	244.052142	0.005334	30.3
387	-0.538243	243.751955	0.006353	29.9
388	-0.567267	243.452750	0.006217	29.7
389	0.000000	243.154523	0.000000	27.7
390	-0.521712	242.857268	0.004920	30.1
391	-0.666726	242.560980	0.005491	28.6
392	-0.117690	242.265654	0.001828	28.6
393	-0.827021	241.971285	0.005496	25.9
394	-0.719391	241.677868	0.005256	30.1
395	-0.488821	241.385397	0.005092	27.9
396	-0.325772	241.093869	0.004730	27.6
397	0.000000	240.803278	0.000000	27.0
398	-0.557238	240.513619	0.006146	29.1
399	-0.576409	240.224887	0.006924	27.5
400	-0.034080	239.937077	0.001066	28.9
401	-0.759920	239.650186	0.006278	28.9
402	-0.756367	239.364207	0.004370	27.6
403	-0.007947	239.079136	0.000022	29.1
404	0.000000	238.794969	0.000000	26.6
405	0.000000	238.511701	0.000000	29.3
406	0.000000	238.229327	0.000000	27.2
407	-0.537408	237.947843	0.006677	29.3
408	-0.000000	237.667244	0.000000	27.7
409	-0.016500	237.387526	0.001326	30.4
410	0.000000	237.108684	0.000000	27.0
411	0.000000	236.830714	0.000000	30.1
412	0.000000	236.553610	0.000000	33.5
413	-0.710263	236.277370	0.003764	27.9
414	-0.023472	236.001989	0.002537	28.5
415	-0.886170	235.727461	0.006765	27.9
416	-0.574672	235.453784	0.003755	29.0
417	0.000000	235.180952	0.000000	29.2
418	-0.623569	234.908962	0.005153	28.4
419	-0.322879	234.637809	0.004587	26.9
420	-0.008555	234.367488	0.000063	28.3
421	-0.840313	234.097997	0.005122	28.2
422	0.000000	233.829331	0.000000	27.3
423	0.000000	233.561485	0.000000	28.2
424	-0.827550	233.294456	0.006570	28.9
425	-0.563215	233.028239	0.006051	27.4
426	-0.706384	232.762831	0.007923	28.2
427	-0.609734	232.498228	0.006650	27.2
428	0.000000	232.234425	0.000000	28.7
429	-0.484399	231.971419	0.008329	28.7
430	-0.019562	231.709205	0.001270	28.6
431	-0.750673	231.447781	0.005683	29.3
432	0.000000	231.187141	0.000000	30.6
433	0.000000	230.927283	0.000000	30.6
434	-0.820842	230.668202	0.004580	28.3
435	-0.813337	230.409895	0.005667	29.5
436	-0.578662	230.152358	0.003704	28.5
437	-0.803970	229.895587	0.004864	29.3
438	-0.446191	229.639578	0.003233	27.4
439	-0.854909	229.384329	0.005863	29.5
440	-0.463539	229.129834	0.004882	29.7
441	-0.677179	228.876091	0.005039	30.7
442	-0.890098	228.623096	0.006033	29.1
443	-0.035251	228.370846	0.002143	28.1
444	-0.344523	228.119336	0.002600	28.6
445	-0.259457	227.868563	0.003931	28.9
446	-0.521216	227.618525	0.003323	29.8
447	-0.000000	227.369216	0.000000	29.9
448	-0.708821	227.120635	0.004289	28.7
449	-0.861630	226.872777	0.006029	29.5
450	-0.505413	226.625638	0.004334	29.6
451	-0.143863	226.379217	0.003147	28.5
452	-0.297868	226.133509	0.003572	31.7
453	0.000000	225.888510	0.000000	33.2
454	-0.298664	225.644218	0.002977	30.8
455	-0.833861	225.400630	0.004794	32.1
456	-0.369481	225.157741	0.005867	29.5
457	-0.577954	224.915549	0.004383	30.2
458	0.000000	224.674051	0.000000	29.4
459	-0.670454	224.433242	0.008491	29.6
460	-0.421952	224.193121	0.007356	29.5
461	0.000000	223.953684	0.000000	30.4
462	0.000000	223.714927	0.000000	30.5
463	0.000000	223.476848	0.000000	31.4
464	-0.295829	223.239444	0.006072	33.0
465	-0.608614	223.002710	0.004868	33.4
466	-0.375786	222.766645	0.007417	32.8
467	-0.610550	222.531245	0.007569	29.0
468	-0.640257	222.296508	0.005540	29.5
469	-0.568277	222.062429	0.004004	27.9
470	-0.258965	221.829007	0.003977	30.1
471	-0.563460	221.596238	0.005652	28.8
472	-0.733686	221.364119	0.005631	30.9
473	-0.336147	221.132647	0.006676	29.7
474	0.000000	220.901820	0.000000	29.9
475	-0.050494	220.671634	0.002599	30.2
476	-0.555319	220.442086	0.005260	29.8
477	-0.406684	220.213174	0.003033	29.4
478	-0.361509	219.984895	0.004280	29.2
479	-0.750114	219.757246	0.004735	30.0
480	-0.747786	219.530224	0.008100	29.4
481	-0.590424	219.303826	0.007719	31.9
482	-0.738543	219.078050	0.005979	29.1
483	0.000000	218.852893	0.000000	27.1
484	-0.004950	218.628352	0.000446	28.2
485	-0.129164	218.404424	0.002736	28.0
486	-0.612530	218.181106	0.007687	29.2
487	0.000000	217.958397	0.000000	28.0
488	-0.724594	217.736292	0.005948	29.3
489	-0.248009	217.514790	0.002850	28.3
490	-0.039015	217.293888	0.001362	28.2
491	-0.000006	217.073584	0.000008	30.3
492	-0.705018	216.853873	0.006191	26.8
493	-0.347549	216.634755	0.004539	29.1
494	-0.124658	216.416227	0.002109	29.6
495	0.000000	216.198285	0.000000	29.7
496	-0.091713	215.980927	0.001596	28.7
497	-0.767963	215.764151	0.005339	28.5
498	-0.214351	215.547955	0.002931	27.9
499	-0.457844	215.332335	0.006386	27.3
500	-0.668660	215.117289	0.008058	29.3
501	-0.503299	214.902815	0.005064	27.4
502	-0.092005	214.688911	0.002385	28.4
503	-0.823767	214.475573	0.008484	28.7
504	-0.769590	214.262800	0.004704	29.0
505	0.000000	214.050588	0.000000	29.1
506	-0.077431	213.838936	0.002152	28.9
507	-0.151745	213.627842	0.002511	27.2
508	-0.763846	213.417302	0.006420	29.2
509	-0.370513	213.207314	0.005294	30.6
510	-0.692459	212.997877	0.005982	29.5
511	-0.568266	212.788987	0.007136	30.9
512	-0.296584	212.580642	0.004511	28.7
513	-0.077034	212.372841	0.001542	30.2
514	0.000000	212.165581	0.000000	29.7
515	-0.803333	211.958859	0.006903	27.7
516	-0.887941	211.752673	0.008265	27.4
517	-0.329662	211.547021	0.003103	26.9
518	-0.054490	211.341902	0.003284	29.3
519	-0.000000	211.137311	0.000000	29.0
520	0.000000	210.933248	0.000000	28.3
521	-0.741702	210.729710	0.007428	28.4
522	-0.989425	210.526695	0.007432	29.9
523	-0.346461	210.324200	0.004810	29.3
524	-0.166050	210.122224	0.003713	29.9
525	-0.283863	209.920765	0.003104	28.0
526	-0.813360	209.719820	0.005468	30.8
527	-0.000000	209.519387	0.000000	30.2
528	-0.192958	209.319463	0.003305	30.2
529	-0.128691	209.120048	0.001096	29.4
530	-0.297650	208.921139	0.007555	28.6
531	-0.875089	208.722733	0.006239	28.1
532	-0.177310	208.524829	0.004607	28.3
533	0.000000	208.327425	0.000000	29.5
534	-0.794362	208.130518	0.005689	27.3
535	-0.646724	207.934107	0.006369	30.0
536	0.000000	207.738189	0.000000	28.8
537	0.000000	207.542762	0.000000	28.2
538	-0.000790	207.347825	0.000155	28.6
539	0.000000	207.153376	0.000000	28.0
540	-0.693933	206.959412	0.006493	29.3
541	0.000000	206.765932	0.000000	26.5
542	-0.640149	206.572933	0.008078	28.7
543	-0.813835	206.380414	0.005059	27.6
544	-0.024806	206.188373	0.001110	28.5
545	-0.373477	205.996807	0.004021	28.9
546	-0.540977	205.805716	0.007169	29.4
547	-0.478296	205.615096	0.005852	28.9
548	0.000000	205.424946	0.000000	28.5
549	-0.452323	205.235265	0.005262	28.9
550	-0.602689	205.046050	0.007432	30.5
551	-0.735023	204.857299	0.004913	28.6
552	-0.531672	204.669011	0.005992	29.1
553	-0.781238	204.481184	0.009189	31.1
554	-0.238592	204.293816	0.004520	27.6
555	-0.762515	204.106905	0.008053	29.6
556	-0.854608	203.920449	0.007614	29.2
557	-0.408333	203.734447	0.003357	29.5
558	0.000000	203.548896	0.000000	27.9
559	-0.793582	203.363795	0.007929	29.2
560	-1.026737	203.179143	0.009058	26.6
561	-0.694596	202.994937	0.006771	28.8
562	0.000000	202.811176	0.000000	28.5
563	-0.594059	202.627857	0.004772	29.0
564	-0.230772	202.444980	0.002921	27.1
565	-0.790816	202.262543	0.006383	28.4
566	-0.107773	202.080543	0.002069	29.2
567	-0.728612	201.898979	0.005438	29.9
568	-0.366633	201.717849	0.003581	31.0
569	-0.693848	201.537153	0.006705	28.1
570	-0.535149	201.356887	0.005277	29.9
571	-0.005897	201.177050	0.001964	29.2
572	0.000000	200.997642	0.000000	29.8
573	-0.890529	200.818659	0.005951	28.0
574	-0.522287	200.640100	0.006780	28.3
575	-0.263930	200.461965	0.005024	28.8
576	0.000000	200.284250	0.000000	28.0
577	-0.620201	200.106955	0.006183	28.3
578	-0.782622	199.930078	0.005311	27.2
579	-0.000000	199.753617	0.000000	28.4
580	-0.001060	199.577571	0.000639	28.4
581	-0.000126	199.401938	0.000145	28.5
582	-0.878321	199.226717	0.006883	28.1
583	-0.733710	199.051905	0.005936	28.5
584	-0.213463	198.877502	0.002412	26.3
585	0.000000	198.703506	0.000000	29.1
586	-0.367460	198.529916	0.003787	28.5
587	-0.374899	198.356729	0.005135	27.5
588	-0.322141	198.183944	0.005494	28.7
589	-0.278621	198.011560	0.003555	29.3
590	-0.406869	197.839576	0.003813	31.4
591	-0.307627	197.667989	0.003835	27.2
592	0.000000	197.496798	0.000000	30.5
593	-0.660616	197.326002	0.007723	28.7
594	-0.000152	197.155600	0.000217	29.9
595	-0.557533	196.985589	0.006067	28.6
596	-0.169778	196.815969	0.001804	29.8
597	-0.320501	196.646738	0.004856	29.1
598	-0.713702	196.477894	0.005239	30.1
599	0.000000	196.309436	0.000000	30.2
600	-0.000000	196.141363	0.000000	30.3
601	-0.740756	195.973673	0.006148	31.0
602	-0.943217	195.806365	0.006423	28.7
603	0.000000	195.639437	0.000000	30.2
604	-0.368287	195.472888	0.006353	30.4
605	-1.027855	195.306717	0.009248	29.1
606	-0.040450	195.140922	0.000861	27.7
607	0.000000	194.975501	0.000000	28.4
608	0.000000	194.810454	0.000000	29.0
609	-0.771048	194.645779	0.004470	28.3
610	-0.771398	194.481475	0.005026	28.9
611	-0.678830	194.317540	0.006840	28.3
612	-0.530260	194.153973	0.005032	30.1
613	-0.199983	193.990773	0.002021	29.4
614	0.000000	193.827938	0.000000	29.9
615	0.000000	193.665467	0.000000	27.4
616	0.000000	193.503358	0.000000	31.2
617	-0.794501	193.341611	0.005215	28.8
618	-0.074147	193.180224	0.001774	28.2
619	-0.340697	193.019196	0.005994	27.2
620	-0.284249	192.858525	0.002956	30.2
621	-0.273002	192.698210	0.002473	27.7
622	-0.804615	192.538251	0.005512	30.3
623	-0.000000	192.378644	0.000000	28.2
624	-0.615083	192.219391	0.006621	29.8
625	-0.557020	192.060488	0.005475	35.4
626	-0.341793	191.901935	0.005430	29.8
627	-0.291496	191.743730	0.005209	29.7
628	-0.110420	191.585873	0.001885	27.8
629	-0.433627	191.428362	0.005467	28.5
630	-0.690586	191.271196	0.005092	26.4
631	0.000000	191.114374	0.000000	29.0
632	-0.764262	190.957893	0.007949	27.6
633	-0.461298	190.801755	0.005156	28.1
634	-0.595029	190.645956	0.006908	28.6
635	-0.828885	190.490495	0.005437	27.5
636	-0.005447	190.335373	0.000400	28.4
637	-0.551191	190.180587	0.004190	29.6
638	-0.577974	190.026136	0.005612	29.4
639	0.000000	189.872019	0.000000	30.1
640	0.000000	189.718235	0.000000	31.5
641	-0.704511	189.564782	0.006558	28.3
642	-0.007044	189.411661	0.000680	28.5
643	-0.508173	189.258868	0.008270	28.8
644	-0.375208	189.106404	0.004195	28.3
645	-0.128561	188.954267	0.001726	27.9
646	-0.812759	188.802456	0.008873	28.5
647	-0.880387	188.650969	0.005824	27.4
648	-0.639263	188.499807	0.005318	28.5
649	0.000000	188.348967	0.000000	26.5
650	-0.234393	188.198448	0.003180	30.0
651	-0.245778	188.048250	0.003234	30.3
652	-0.863314	187.898371	0.006179	30.3
653	-0.065044	187.748810	0.002455	28.5
654	-0.420268	187.599566	0.006639	31.1
655	0.000000	187.450638	0.000000	29.9
656	-0.671474	187.302025	0.007400	28.2
657	0.000000	187.153725	0.000000	28.5
658	-0.728175	187.005739	0.007237	27.6
659	-0.716424	186.858064	0.003906	29.6
660	-0.744621	186.710699	0.005650	28.9
661	-0.387784	186.563645	0.006744	31.2
662	0.000000	186.416898	0.000000	26.1
663	0.000000	186.270459	0.000000	29.1
664	-0.730158	186.124326	0.005320	27.6
665	-0.432362	185.978499	0.005974	29.2
666	-0.872276	185.832976	0.006447	28.3
667	-0.425945	185.687756	0.006655	32.0
668	-0.830060	185.542838	0.007086	30.6
669	-0.763747	185.398222	0.005893	31.1
670	-0.793847	185.253906	0.004793	30.3
671	0.000000	185.109889	0.000000	31.5
672	-0.675281	184.966170	0.006558	28.2
673	0.000000	184.822748	0.000000	29.1
674	0.000000	184.679623	0.000000	29.7
675	-0.282971	184.536792	0.004928	27.5
676	-0.566331	184.394256	0.006701	29.8
677	-0.371593	184.252013	0.005345	28.7
678	0.000000	184.110062	0.000000	29.2
679	-0.964577	183.968403	0.011020	27.9
680	-0.784061	183.827034	0.005288	29.7
681	-0.383048	183.685954	0.003201	26.1
682	-0.503646	183.545163	0.004787	29.0
683	-0.021899	183.404658	0.001445	29.5
684	-0.203159	183.264441	0.002225	28.5
685	-0.431052	183.124509	0.005296	29.3
686	-0.436476	182.984861	0.003001	30.3
687	-0.448738	182.845497	0.006646	31.0
688	0.000000	182.706416	0.000000	29.0
689	0.000000	182.567616	0.000000	29.4
690	0.000000	182.429098	0.000000	27.8
691	-0.453042	182.290859	0.004216	29.0
692	-0.339335	182.152899	0.004125	27.5
693	-0.441913	182.015217	0.005774	28.9
694	-0.420879	181.877813	0.004211	27.7
695	0.000000	181.740684	0.000000	28.3
696	-0.437460	181.603832	0.005804	29.9
697	0.000000	181.467253	0.000000	29.4
698	-0.228425	181.330948	0.002879	29.8
699	-0.253887	181.194916	0.003320	27.2
700	-0.997351	181.059155	0.008472	27.3
701	0.000000	180.923666	0.000000	28.8
702	-1.019468	180.788446	0.007939	28.7
703	0.000000	180.653496	0.000000	27.9
704	-0.643336	180.518814	0.005898	28.6
705	-0.198567	180.384399	0.002396	29.1
706	-0.159495	180.250251	0.003450	31.9
707	-0.742929	180.116369	0.006325	29.3
708	-0.824520	179.982752	0.006925	31.5
709	-0.374701	179.849398	0.005679	30.0
710	-0.644899	179.716308	0.006631	28.5
711	-0.639838	179.583480	0.004693	28.6
712	-0.452805	179.450913	0.005384	28.2
713	-0.598951	179.318607	0.005267	30.1
714	-0.643072	179.186561	0.004048	28.7
715	-0.524982	179.054774	0.004953	27.1
716	-0.814008	178.923245	0.004789	28.7
717	-0.123742	178.791973	0.002046	28.2
718	-0.383006	178.660958	0.006101	28.3
719	-0.816494	178.530199	0.006989	27.5
720	-0.764048	178.399694	0.007314	28.5
721	0.000000	178.269444	0.000000	28.8
722	-0.475403	178.139447	0.003363	28.6
723	-0.497907	178.009702	0.006761	29.3
724	-0.024125	177.880209	0.000940	26.1
725	-0.332780	177.750967	0.004747	29.6
726	-0.635636	177.621975	0.006867	28.9
727	-0.825651	177.493232	0.006569	29.1
728	-0.195217	177.364738	0.002207	29.6
729	-0.438784	177.236492	0.005943	28.9
730	-0.833628	177.108492	0.005630	29.8
731	-0.660546	176.980739	0.007584	30.4
732	-0.057444	176.853231	0.001328	29.3
733	-0.549961	176.725968	0.006643	28.3
734	-0.505369	176.598949	0.005274	27.8
735	-0.087816	176.472173	0.002690	28.9
736	-0.597260	176.345639	0.008427	27.6
737	-0.257566	176.219348	0.005619	28.6
738	0.000000	176.093296	0.000000	27.0
739	-0.429900	175.967486	0.005972	30.1
740	-0.181998	175.841914	0.002419	29.5
741	-0.607050	175.716581	0.005202	30.1
742	0.000000	175.591486	0.000000	29.0
743	-0.388968	175.466629	0.005627	30.2
744	-0.722082	175.342008	0.005011	30.9
745	0.000000	175.217622	0.000000	30.9
746	-0.496584	175.093472	0.006263	30.0
747	-0.258611	174.969556	0.002907	31.6
748	-0.827859	174.845873	0.005156	31.3
749	-0.818296	174.722423	0.005371	30.3
750	-0.887755	174.599206	0.006713	32.8
751	-0.014156	174.476220	0.000476	30.0
752	-0.613447	174.353464	0.007236	31.2
753	-0.070231	174.230939	0.002308	31.1
754	-0.454946	174.108643	0.004528	31.5
755	-0.131560	173.986576	0.002188	29.2
756	-0.823831	173.864737	0.004827	32.0
757	-0.082928	173.743124	0.001449	27.6
758	-0.275747	173.621739	0.004151	30.0
759	0.000000	173.500579	0.000000	28.3
760	-0.209851	173.379645	0.003029	31.6
761	0.000000	173.258935	0.000000	29.9
762	-0.749146	173.138449	0.005986	29.3
763	-0.033456	173.018186	0.000849	29.2
764	-0.531553	172.898146	0.007456	29.4
765	-0.393479	172.778327	0.003662	28.7
766	-0.827801	172.658730	0.005908	28.9
767	-0.102108	172.539353	0.002756	30.0
768	-0.857627	172.420196	0.008742	29.9
769	0.000000	172.301258	0.000000	30.1
770	-0.525038	172.182539	0.005896	30.9
771	-0.532266	172.064037	0.003941	30.6
772	-0.382490	171.945753	0.003611	31.6
773	-0.826552	171.827686	0.007670	30.4
774	-0.697287	171.709834	0.004144	30.5
775	0.000000	171.592198	0.000000	28.4
776	-0.825251	171.474776	0.006298	29.0
777	-0.079826	171.357568	0.002002	29.0
778	-0.302494	171.240574	0.004815	30.5
779	0.000000	171.123793	0.000000	27.5
780	-0.541575	171.007223	0.006304	31.7
781	-0.688918	170.890865	0.005194	29.1
782	-0.000589	170.774718	0.000481	29.3
783	0.000000	170.658782	0.000000	29.4
784	-0.358367	170.543055	0.004742	30.1
785	-0.015919	170.427537	0.000635	28.3
786	-0.019586	170.312227	0.001098	30.1
787	-0.784740	170.197125	0.006859	32.9
788	-0.046802	170.082231	0.001541	32.8
789	-0.756526	169.967543	0.004724	30.1
790	-0.661538	169.853061	0.004890	31.1
791	-0.139695	169.738784	0.004609	30.5
792	-0.777656	169.624713	0.005578	29.6
793	0.000000	169.510845	0.000000	28.4
794	-0.250122	169.397181	0.003154	28.7
795	-0.392913	169.283720	0.003756	28.6
796	-0.956291	169.170462	0.010385	26.9
797	0.000000	169.057405	0.000000	29.4
798	-0.797077	168.944549	0.007308	29.9
799	0.000000	168.831895	0.000000	28.1
800	-0.721584	168.719440	0.005560	30.1
801	0.000000	168.607185	0.000000	31.4
802	-0.004677	168.495129	0.000546	32.3
803	-0.408943	168.383271	0.005066	29.5
804	-0.008811	168.271611	0.000506	28.8
805	-0.157819	168.160148	0.005360	28.2
806	-0.471560	168.048882	0.006852	27.6
807	-0.792785	167.937812	0.005430	28.6
808	-0.784511	167.826938	0.004563	29.2
809	-0.610913	167.716258	0.004821	29.5
810	-0.754280	167.605773	0.007563	27.2
811	-0.651587	167.495482	0.006866	30.0
812	-0.652059	167.385384	0.006500	29.6
813	-0.076962	167.275479	0.002148	28.8
814	-0.650528	167.165766	0.007025	29.7
815	-0.778988	167.056245	0.004546	29.6
816	-0.152480	166.946915	0.001771	29.4
817	0.000000	166.837776	0.000000	28.1
818	-0.796043	166.728826	0.004831	28.8
819	0.000000	166.620067	0.000000	28.9
820	-0.860332	166.511496	0.005276	28.2
821	0.000000	166.403113	0.000000	28.1
822	0.000000	166.294919	0.000000	27.1
823	-0.618824	166.186912	0.005991	30.8
824	-0.754135	166.079091	0.005422	28.9
825	-0.655196	165.971458	0.004196	29.2
826	-0.471413	165.864009	0.006900	29.4
827	-0.024126	165.756747	0.001439	30.0
828	-0.764881	165.649669	0.003841	30.6
829	-0.164465	165.542775	0.002924	28.9
830	0.000000	165.436065	0.000000	27.5
831	-0.396139	165.329538	0.005763	28.7
832	-0.758316	165.223194	0.005665	29.4
833	-0.001625	165.117032	0.000755	28.5
834	-0.495669	165.011052	0.006746	27.6
835	-0.811700	164.905253	0.005289	28.2
836	0.000000	164.799635	0.000000	28.7
837	-0.631865	164.694197	0.005826	28.9
838	-0.729872	164.588939	0.004925	31.5
839	-0.194360	164.483859	0.002834	29.2
840	-0.000000	164.378959	0.000000	28.6
841	-0.727419	164.274237	0.004923	30.6
842	-0.043713	164.169692	0.001041	30.1
843	-0.256854	164.065325	0.004452	29.4
844	-0.463821	163.961135	0.005625	26.7
845	-0.550750	163.857120	0.006132	28.2
846	-0.530001	163.753282	0.005240	28.3
847	-0.129766	163.649619	0.001519	27.8
848	0.000000	163.546130	0.000000	28.6
849	-0.735810	163.442816	0.005660	26.6
850	-0.251997	163.339676	0.002754	28.1
851	-0.838576	163.236709	0.006044	28.4
852	-0.735854	163.133915	0.006915	27.4
853	-0.000000	163.031294	0.000000	27.1
854	0.000000	162.928844	0.000000	28.0
855	0.000000	162.826566	0.000000	29.6
856	0.000000	162.724459	0.000000	29.4
857	0.000000	162.622523	0.000000	29.7
858	-0.733565	162.520757	0.009604	29.0
859	-0.385805	162.419160	0.002933	29.7
860	-0.745034	162.317733	0.004450	29.4
861	-0.806362	162.216474	0.004810	29.4
862	0.000000	162.115383	0.000000	28.3
863	-0.835176	162.014461	0.006521	27.8
864	0.000000	161.913705	0.000000	27.6
865	-0.000000	161.813117	0.000000	28.9
866	0.000000	161.712695	0.000000	27.3
867	-0.415393	161.612439	0.003918	29.1
868	-0.750652	161.512349	0.005407	28.2
869	-0.770410	161.412424	0.007404	26.0
870	0.000000	161.312663	0.000000	28.6
871	-0.001312	161.213067	0.000198	28.9
872	-0.297076	161.113635	0.004937	27.9
873	-0.434815	161.014366	0.005502	30.7
874	-0.599398	160.915260	0.004752	28.7
875	0.000000	160.816316	0.000000	31.0
876	-0.872024	160.717535	0.006971	29.1
877	-0.738901	160.618915	0.006361	31.9
878	-0.823206	160.520456	0.007598	27.9
879	-0.521830	160.422158	0.004931	29.1
880	-0.247730	160.324021	0.004483	28.7
881	-0.887673	160.226043	0.008438	28.0
882	-0.743311	160.128225	0.004649	27.6
883	-0.026752	160.030566	0.001253	28.0
884	-0.013150	159.933066	0.002218	28.9
885	-0.283537	159.835723	0.006160	25.9
886	-0.537600	159.738539	0.006955	28.7
887	-0.493950	159.641512	0.003562	30.0
888	-0.698231	159.544642	0.004883	29.3
889	-0.909125	159.447929	0.007699	27.0
890	-0.870246	159.351372	0.005574	28.2
891	-0.638085	159.254971	0.004927	27.6
892	-0.136220	159.158725	0.002089	30.7
893	-0.304909	159.062634	0.003497	29.7
894	-0.365947	158.966697	0.004658	30.3
895	-0.000040	158.870915	0.000052	30.5
896	-0.406692	158.775286	0.004373	30.8
897	-0.746989	158.679811	0.007598	29.9
898	0.000000	158.584489	0.000000	28.6
899	-0.004869	158.489319	0.000501	27.6
900	-0.731237	158.394302	0.005058	29.0
901	0.000000	158.299436	0.000000	29.1
902	-0.549503	158.204721	0.006110	27.4
903	-0.570538	158.110158	0.006181	28.6
904	-0.483261	158.015745	0.009237	27.9
905	-0.655418	157.921482	0.006581	28.3
906	-0.129861	157.827369	0.001920	27.0
907	-0.405523	157.733406	0.004333	29.4
908	-0.352685	157.639591	0.004521	27.9
909	-0.441704	157.545925	0.005933	30.6
910	-0.343638	157.452408	0.004865	29.5
911	-0.582260	157.359038	0.006890	28.4
912	-0.660869	157.265816	0.008202	27.7
913	-0.741003	157.172741	0.004923	29.6
914	-0.374892	157.079813	0.004548	28.4
915	0.000000	156.987031	0.000000	29.1
916	-0.483526	156.894395	0.005400	29.8
917	-0.466166	156.801904	0.005347	29.3
918	-0.361152	156.709559	0.005128	29.7
919	-0.064420	156.617359	0.001835	26.2
920	-0.845338	156.525304	0.006275	29.4
921	-0.720045	156.433392	0.004179	27.8
922	-0.188021	156.341624	0.002528	28.7
923	-0.490935	156.250000	0.004793	28.5
924	-0.302369	156.158519	0.004428	28.5
925	-0.487903	156.067180	0.003508	28.5
926	-0.022616	155.975984	0.003021	27.3
927	0.000000	155.884930	0.000000	29.2
928	-0.708407	155.794017	0.006608	27.4
929	-0.913631	155.703246	0.007768	29.9
930	-0.417640	155.612615	0.003926	27.9
931	-0.617627	155.522125	0.006068	28.2
932	-0.960807	155.431775	0.006760	25.9
933	-0.755564	155.341565	0.007900	28.0
934	-0.792911	155.251495	0.005845	28.4
935	-0.453197	155.161563	0.006241	29.2
936	-0.863686	155.071771	0.005978	28.1
937	-0.776271	154.982117	0.004928	29.1
938	-0.582814	154.892601	0.006202	31.1
939	-0.832290	154.803222	0.004519	29.2
940	-0.370743	154.713981	0.004274	30.7
941	0.000000	154.624878	0.000000	28.1
942	-0.598973	154.535910	0.009772	28.1
943	-0.000037	154.447080	0.000047	29.3
944	-0.466163	154.358385	0.005177	28.1
945	-0.335405	154.269826	0.005246	29.5
946	-0.172872	154.181402	0.003224	32.1
947	-0.512308	154.093114	0.004751	29.9
948	-0.834951	154.004960	0.007316	29.8
949	-0.259181	153.916940	0.002591	30.2
950	0.000000	153.829054	0.000000	28.6
951	0.000000	153.741303	0.000000	26.6
952	-0.258336	153.653684	0.003470	29.6
953	-0.768267	153.566198	0.005759	28.6
954	-0.063969	153.478846	0.001380	29.9
955	-0.746941	153.391625	0.004972	29.1
956	0.000000	153.304537	0.000000	30.0
957	-0.777478	153.217580	0.006587	29.8
958	0.000000	153.130755	0.000000	30.1
959	-0.647033	153.044061	0.003613	28.9
960	0.000000	152.957498	0.000000	28.6
961	-0.859537	152.871065	0.005071	29.9
962	-0.540507	152.784762	0.006959	30.6
963	-0.795057	152.698589	0.008849	27.5
964	-0.547635	152.612545	0.003678	30.0
965	-0.628755	152.526631	0.005505	26.9
966	-0.787298	152.440845	0.004597	29.7
967	0.000000	152.355188	0.000000	29.6
968	-0.432277	152.269660	0.003291	29.9
969	-0.293419	152.184259	0.004730	29.0
970	-0.195170	152.098986	0.004597	31.1
971	0.000000	152.013840	0.000000	29.9
972	-0.449419	151.928821	0.007371	28.5
973	-0.942032	151.843928	0.008195	27.8
974	-0.769941	151.759163	0.008169	28.9
975	0.000000	151.674523	0.000000	29.0
976	-0.601155	151.590009	0.006405	28.0
977	-0.648418	151.505620	0.004849	30.0
978	-0.019570	151.421357	0.001164	28.1
979	-0.742682	151.337218	0.004303	30.0
980	0.000000	151.253204	0.000000	29.2
981	-0.460856	151.169314	0.008629	30.8
982	0.000000	151.085549	0.000000	28.2
983	-0.253169	151.001907	0.002411	28.3
984	-0.673938	150.918388	0.003825	29.6
985	-0.658283	150.834992	0.004583	28.4
986	0.000000	150.751719	0.000000	27.6
987	-0.494215	150.668569	0.005065	30.3
988	-0.583477	150.585541	0.006602	30.4
989	-0.599803	150.502634	0.006230	30.9
990	-0.468607	150.419849	0.005199	29.0
991	0.000000	150.337186	0.000000	28.4
992	0.000000	150.254644	0.000000	29.5
993	0.000000	150.172222	0.000000	28.0
994	-0.660205	150.089921	0.007336	26.7
995	-0.339535	150.007740	0.004552	28.7
996	-0.273619	149.925679	0.003243	28.4
997	-0.562694	149.843737	0.006809	27.5
998	-0.152814	149.761915	0.004714	28.6
999	-0.000001	149.680212	0.000002	28.2
1000	-0.607528	149.598627	0.007917	30.1
1001	-0.914330	149.517161	0.008872	28.3
1002	0.000000	149.435814	0.000000	31.2
1003	0.000000	149.354584	0.000000	29.7
1004	-0.328219	149.273472	0.003601	28.8
1005	-0.991020	149.192477	0.008646	28.5
1006	-0.554629	149.111599	0.007060	28.4
1007	-0.868642	149.030838	0.005224	27.3
1008	-0.375788	148.950194	0.005860	28.4
1009	-0.872580	148.869666	0.005355	27.8
1010	0.000000	148.789253	0.000000	32.7
1011	-0.450911	148.708957	0.005258	29.5
1012	-0.223318	148.628776	0.004089	28.6
1013	0.000000	148.548710	0.000000	31.6
1014	-0.740189	148.468759	0.004637	29.3
1015	-0.789488	148.388923	0.006403	30.8
1016	0.000000	148.309201	0.000000	28.7
1017	-0.584620	148.229594	0.008350	31.0
1018	-0.613407	148.150100	0.006377	27.2
1019	0.000000	148.070719	0.000000	30.2
1020	-0.046869	147.991452	0.000732	31.9
1021	-0.029361	147.912298	0.000965	32.1
1022	-0.365909	147.833257	0.002845	30.3
1023	-0.718601	147.754329	0.008268	28.0
1024	-0.792124	147.675512	0.005840	28.0
1025	-0.001117	147.596808	0.000704	27.8
1026	-0.523630	147.518216	0.008003	27.4
1027	-0.754239	147.439735	0.008770	27.8
1028	-0.877048	147.361365	0.008591	26.9
1029	-0.812157	147.283106	0.004787	29.0
1030	-0.738969	147.204958	0.004999	29.6
1031	-0.000007	147.126920	0.000009	29.8
1032	0.000000	147.048993	0.000000	30.6
1033	-0.000000	146.971175	0.000000	31.7
1034	-0.187113	146.893468	0.002401	30.5
1035	0.000000	146.815869	0.000000	30.8
1036	-0.814973	146.738380	0.007351	29.0
1037	-0.719596	146.661000	0.006204	27.3
1038	-0.391718	146.583729	0.005390	28.7
1039	-0.786936	146.506566	0.008192	29.5
1040	-0.009536	146.429511	0.000395	28.4
1041	-0.444424	146.352565	0.007855	26.5
1042	-0.320879	146.275726	0.004735	29.8
1043	-0.463538	146.198994	0.006409	29.3
1044	-0.750812	146.122370	0.005480	29.2
1045	0.000000	146.045853	0.000000	28.7
1046	-0.794704	145.969442	0.005945	29.5
1047	-0.501343	145.893139	0.003264	29.9
1048	0.000000	145.816941	0.000000	28.7
1049	-0.721034	145.740849	0.005006	27.9
1050	-0.229744	145.664863	0.002796	28.6
1051	-0.644001	145.588983	0.009462	27.7
1052	-0.739401	145.513208	0.006986	29.9
1053	-0.840489	145.437538	0.009074	28.8
1054	0.000000	145.361973	0.000000	28.6
1055	-0.012635	145.286513	0.000892	28.2
1056	0.000000	145.211157	0.000000	29.5
1057	-0.707564	145.135905	0.004626	28.6
1058	-0.724865	145.060757	0.007307	29.7
1059	0.000000	144.985712	0.000000	30.1
1060	-0.478976	144.910771	0.004185	30.8
1061	-0.275041	144.835934	0.004795	29.4
1062	-0.027992	144.761199	0.003543	31.0
1063	-0.391230	144.686567	0.003003	29.7
1064	-0.473747	144.612037	0.004522	30.1
1065	-0.508322	144.537610	0.005444	28.6
1066	0.000000	144.463285	0.000000	27.8
1067	-0.256122	144.389062	0.003646	26.6
1068	-0.675185	144.314940	0.007121	28.5
1069	-0.486241	144.240920	0.008261	28.2
1070	-0.211004	144.167001	0.003244	27.5
1071	-0.000000	144.093182	0.000000	29.8
1072	-0.660602	144.019465	0.008081	31.4
1073	-0.288035	143.945848	0.005104	30.5
1074	0.000000	143.872331	0.000000	32.0
1075	-0.825668	143.798914	0.009675	29.0
1076	-0.044760	143.725597	0.001356	27.3
1077	-0.737242	143.652380	0.005071	29.4
1078	-0.543089	143.579262	0.005627	29.0
1079	-0.604958	143.506243	0.007215	28.5
1080	-0.756962	143.433323	0.006763	28.1
1081	0.000000	143.360502	0.000000	28.2
1082	-0.072194	143.287780	0.001786	29.0
1083	-0.503876	143.215155	0.005005	26.7
1084	-0.693777	143.142629	0.005139	28.7
1085	-0.740216	143.070201	0.006482	29.0
1086	-0.473458	142.997870	0.005124	28.5
1087	0.000000	142.925637	0.000000	28.4
1088	-0.628905	142.853501	0.005081	28.9
1089	-0.651994	142.781462	0.004280	29.6
1090	-0.600119	142.709519	0.007038	27.9
1091	-0.290835	142.637674	0.002870	30.1
1092	0.000000	142.565924	0.000000	28.4
1093	0.000000	142.494271	0.000000	29.4
1094	0.000000	142.422714	0.000000	28.1
1095	-0.205752	142.351252	0.002830	26.6
1096	-0.220948	142.279886	0.002809	28.7
1097	-0.000000	142.208616	0.000000	28.4
1098	-0.773174	142.137440	0.005749	29.1
1099	-0.758504	142.066360	0.006066	25.7
1100	-0.760383	141.995374	0.006984	30.1
1101	-0.620657	141.924483	0.006166	28.1
1102	-0.616995	141.853685	0.004116	30.0
1103	-0.033340	141.782983	0.001102	28.2
1104	-0.808101	141.712373	0.005627	28.8
1105	0.000000	141.641858	0.000000	29.5
1106	-0.337464	141.571436	0.004428	31.7
1107	0.000000	141.501108	0.000000	28.6
1108	-0.007480	141.430872	0.000574	30.7
1109	-0.084395	141.360730	0.002193	30.2
1110	0.000000	141.290680	0.000000	29.3
1111	-0.335639	141.220722	0.005194	28.5
1112	-0.041737	141.150857	0.000923	29.6
1113	-0.872947	141.081084	0.008433	28.6
1114	-0.682390	141.011403	0.006789	29.8
1115	0.000000	140.941813	0.000000	30.2
1116	-0.000000	140.872315	0.000000	29.7
1117	-0.786177	140.802909	0.006023	28.6
1118	-0.906782	140.733593	0.005684	30.1
1119	-0.125407	140.664369	0.002218	28.0
1120	0.000000	140.595235	0.000000	29.7
1121	0.000000	140.526192	0.000000	27.8
1122	0.000000	140.457239	0.000000	28.3
1123	0.000000	140.388376	0.000000	28.0
1124	-0.755922	140.319603	0.006632	30.6
1125	-0.326456	140.250920	0.005383	29.7
1126	-0.768556	140.182326	0.005038	28.0
1127	0.000000	140.113822	0.000000	30.0
1128	0.000000	140.045407	0.000000	32.0
1129	-0.487292	139.977081	0.005956	29.7
1130	0.000000	139.908844	0.000000	27.6
1131	-0.586310	139.840696	0.004232	28.6
1132	0.000000	139.772635	0.000000	28.9
1133	-0.644767	139.704664	0.007358	27.6
1134	0.000000	139.636780	0.000000	28.5
1135	-0.595633	139.568984	0.008833	27.0
1136	-0.695635	139.501276	0.007967	28.8
1137	-0.563838	139.433655	0.003555	30.1
1138	-0.656929	139.366122	0.007699	28.0
1139	0.000000	139.298676	0.000000	29.8
1140	-0.332051	139.231317	0.004866	30.5
1141	-0.693215	139.164045	0.004893	31.1
1142	-0.620403	139.096859	0.005445	29.7
1143	-0.532157	139.029760	0.006884	28.6
1144	0.000000	138.962747	0.000000	29.6
1145	-0.292773	138.895820	0.002119	29.1
1146	-0.765110	138.828978	0.004733	29.3
1147	-0.122852	138.762223	0.002131	26.7
1148	0.000000	138.695553	0.000000	29.2
1149	0.000000	138.628969	0.000000	28.6
1150	-0.781008	138.562469	0.004338	29.1
1151	-0.734308	138.496055	0.005057	27.4
1152	-0.628617	138.429725	0.008158	30.8
1153	-0.665891	138.363481	0.004821	29.5
1154	-0.818632	138.297320	0.004501	30.2
1155	-0.837500	138.231244	0.004695	29.6
1156	-0.630400	138.165252	0.005786	27.9
1157	-0.743435	138.099344	0.005351	28.2
1158	-0.604923	138.033520	0.003811	29.2
1159	-0.569313	137.967779	0.006968	29.5
1160	0.000000	137.902122	0.000000	27.6
1161	-0.591407	137.836548	0.005864	28.7
1162	-0.867295	137.771057	0.006193	29.1
1163	-0.732463	137.705649	0.006335	27.5
1164	-0.430405	137.640324	0.005883	29.0
1165	-0.345148	137.575081	0.003512	28.1
1166	-0.377647	137.509921	0.004103	31.2
1167	0.000000	137.444842	0.000000	29.4
1168	-0.742711	137.379846	0.004166	30.7
1169	-0.566820	137.314932	0.003910	28.6
1170	-0.367883	137.250100	0.005628	30.3
1171	-0.462200	137.185349	0.005483	29.3
1172	-0.844763	137.120680	0.007911	28.5
1173	0.000000	137.056092	0.000000	28.0
1174	-0.488360	136.991585	0.004641	29.2
1175	-0.471737	136.927158	0.005293	28.7
1176	-0.328737	136.862813	0.004816	28.9
1177	-0.503313	136.798548	0.003298	26.1
1178	-0.623532	136.734363	0.005741	29.2
1179	-0.815019	136.670259	0.005054	29.0
1180	-0.090591	136.606235	0.001531	29.4
1181	-0.576288	136.542291	0.004878	27.8
1182	-0.043723	136.478426	0.003409	30.0
1183	-0.001463	136.414641	0.000586	30.4
1184	-0.676274	136.350936	0.004711	31.2
1185	-0.850574	136.287310	0.007142	29.6
1186	-0.328012	136.223763	0.003297	30.9
1187	-0.596203	136.160295	0.006239	29.0
1188	-0.157228	136.096905	0.001991	28.4
1189	-0.572428	136.033594	0.005000	28.3
1190	0.000000	135.970362	0.000000	27.3
1191	-0.772674	135.907208	0.005418	28.1
1192	-0.854911	135.844133	0.008108	26.8
1193	-0.815588	135.781135	0.005223	28.9
1194	-0.557561	135.718215	0.005085	27.9
1195	-0.128317	135.655373	0.003325	28.8
1196	-0.346278	135.592608	0.002994	28.5
1197	-0.060676	135.529921	0.004757	27.6
1198	0.000000	135.467311	0.000000	27.0
1199	-0.000005	135.404778	0.000007	30.1
1200	-0.809914	135.342322	0.005816	28.8
1201	-0.500374	135.279942	0.004443	29.1
1202	-0.004429	135.217640	0.000877	29.8
1203	-0.326236	135.155413	0.003972	29.8
1204	-0.021881	135.093263	0.000469	28.7
1205	-0.126815	135.031190	0.002210	28.1
1206	-0.539968	134.969192	0.005270	26.2
1207	-0.881100	134.907270	0.005192	29.0
1208	-0.580067	134.845424	0.005417	28.1
1209	-0.139794	134.783653	0.005397	28.1
1210	-0.844762	134.721958	0.005306	28.5
1211	-0.062553	134.660338	0.001758	28.3
1212	-0.744088	134.598793	0.005684	28.0
1213	-0.778221	134.537323	0.005613	28.2
1214	-0.633901	134.475927	0.005941	30.2
1215	-0.551471	134.414607	0.006015	29.1
1216	-0.557082	134.353361	0.005536	27.7
1217	-0.864655	134.292189	0.008492	29.5
1218	-0.652793	134.231092	0.007353	29.0
1219	-0.264313	134.170068	0.002678	29.0
1220	-0.700453	134.109119	0.005509	29.4
1221	-0.831203	134.048243	0.007957	29.4
1222	-0.465397	133.987441	0.003257	29.4
1223	-0.670888	133.926713	0.005355	30.0
1224	-0.328548	133.866057	0.003384	29.9
1225	-0.000000	133.805475	0.000000	29.2
1226	-0.235538	133.744966	0.003079	27.8
1227	0.000000	133.684530	0.000000	28.4
1228	-0.967451	133.624167	0.007176	28.5
1229	0.000000	133.563877	0.000000	26.7
1230	-0.482955	133.503658	0.004870	29.6
1231	-0.355297	133.443513	0.002744	28.6
1232	-0.556221	133.383439	0.007318	29.8
1233	-0.682364	133.323437	0.006879	27.7
1234	-0.664734	133.263508	0.005271	28.8
1235	0.000000	133.203650	0.000000	28.2
1236	-0.766985	133.143864	0.006826	29.7
1237	-0.792259	133.084149	0.007138	27.4
1238	0.000000	133.024506	0.000000	28.2
1239	-0.708319	132.964934	0.004853	28.0
1240	-0.748739	132.905433	0.004308	28.4
1241	-0.597238	132.846003	0.005435	29.0
1242	0.000000	132.786643	0.000000	29.2
1243	-0.664894	132.727355	0.007019	27.8
1244	-0.609508	132.668137	0.005621	28.7
1245	-0.164425	132.608989	0.002107	30.2
1246	-0.626535	132.549912	0.006653	29.3
1247	-0.408296	132.490904	0.002975	30.1
1248	-0.413704	132.431967	0.006049	29.2
1249	0.000000	132.373100	0.000000	27.0
1250	-0.827025	132.314302	0.004768	29.5
1251	-0.512140	132.255574	0.007637	28.2
1252	-0.689020	132.196916	0.007254	28.9
1253	-0.557354	132.138326	0.004856	29.4
1254	-0.526407	132.079806	0.006044	29.9
1255	0.000000	132.021355	0.000000	29.4
1256	-0.699964	131.962973	0.006317	29.1
1257	-0.536079	131.904660	0.003865	28.5
1258	-0.300440	131.846415	0.004662	28.0
1259	-0.465381	131.788239	0.005568	29.5
1260	-0.450179	131.730131	0.009478	29.0
1261	-0.000000	131.672092	0.000000	28.6
1262	-0.521756	131.614121	0.006965	29.5
1263	-0.775589	131.556217	0.005311	28.6
1264	-0.383859	131.498382	0.003056	28.0
1265	-0.394334	131.440614	0.006574	27.3
1266	-0.682105	131.382914	0.004992	29.7
1267	-0.864488	131.325282	0.006485	135.6
1268	0.000000	131.267717	0.000000	29.1
1269	-0.731941	131.210219	0.005356	29.3
1270	-0.241304	131.152788	0.004853	29.0
1271	-0.000000	131.095424	0.000000	28.2
1272	-0.030964	131.038127	0.003781	29.3
1273	-0.113717	130.980897	0.002811	30.2
1274	-0.003692	130.923733	0.001711	29.2
1275	-0.633146	130.866636	0.005731	28.7
1276	-0.168041	130.809605	0.002671	27.9
1277	-0.354753	130.752641	0.003411	29.1
1278	0.000000	130.695742	0.000000	28.9
1279	0.000000	130.638910	0.000000	31.1
1280	-0.542807	130.582143	0.006161	28.7
1281	-0.792094	130.525442	0.005653	29.6
1282	-0.445935	130.468807	0.003489	30.8
1283	-0.715408	130.412237	0.004482	29.1
1284	0.000000	130.355733	0.000000	26.5
1285	0.000000	130.299294	0.000000	27.9
1286	-0.406717	130.242920	0.005809	28.5
1287	-0.934897	130.186611	0.006483	28.4
1288	-0.041173	130.130366	0.002821	26.8
1289	0.000000	130.074187	0.000000	28.2
1290	0.000000	130.018072	0.000000	28.7
1291	-0.115742	129.962022	0.002860	28.6
1292	-0.252596	129.906036	0.003401	29.1
1293	0.000000	129.850114	0.000000	29.8
1294	-0.024069	129.794257	0.000594	29.2
1295	-0.802684	129.738463	0.006974	28.5
1296	-0.614462	129.682734	0.007531	29.6
1297	-0.228746	129.627068	0.003478	26.5
1298	-0.356899	129.571466	0.002932	29.1
1299	-0.220977	129.515927	0.001957	28.2
1300	-0.200758	129.460452	0.003496	28.1
1301	-0.052566	129.405040	0.000991	28.6
1302	-0.562505	129.349692	0.007114	28.0
1303	-1.020586	129.294406	0.006893	28.3
1304	-0.748653	129.239183	0.004464	32.6
1305	-0.790717	129.184024	0.006513	29.8
1306	-0.044506	129.128927	0.000515	29.3
1307	-0.730762	129.073892	0.006272	29.9
1308	-0.464144	129.018921	0.006559	28.5
1309	-0.631250	128.964011	0.006952	28.7
1310	-0.811484	128.909164	0.007021	29.5
1311	-0.298813	128.854379	0.006307	28.3
1312	-0.036980	128.799656	0.001678	28.9
1313	0.000000	128.744995	0.000000	29.2
1314	0.000000	128.690396	0.000000	28.7
1315	-0.494052	128.635858	0.003291	27.5
1316	-0.213509	128.581382	0.003562	28.1
1317	-0.661155	128.526968	0.008248	27.7
1318	-0.616451	128.472615	0.003999	30.8
1319	-0.000000	128.418323	0.000000	27.4
1320	-0.580538	128.364092	0.006047	29.6
1321	-0.463206	128.309922	0.005202	31.1
1322	-0.078614	128.255814	0.001625	30.9
1323	-0.624091	128.201766	0.004464	29.8
1324	-0.007993	128.147778	0.000117	28.6
1325	-0.186264	128.093852	0.002996	27.5
1326	-0.659966	128.039985	0.006773	30.6
1327	0.000000	127.986180	0.000000	28.7
1328	-0.270362	127.932434	0.004969	29.3
1329	-0.477674	127.878749	0.007661	27.6
1330	-0.000176	127.825123	0.000027	28.8
1331	0.000000	127.771558	0.000000	29.3
1332	0.000000	127.718052	0.000000	27.8
1333	0.000000	127.664606	0.000000	27.6
1334	-0.093811	127.611220	0.002677	30.6
1335	-0.431598	127.557893	0.002402	30.0
1336	-0.771601	127.504625	0.005776	29.6
1337	0.000000	127.451417	0.000000	29.2
1338	-0.735766	127.398268	0.004702	28.9
1339	-0.134478	127.345178	0.001852	27.0
1340	0.000000	127.292147	0.000000	29.7
1341	-0.315569	127.239175	0.002737	29.0
1342	-0.589069	127.186261	0.005917	28.5
1343	-0.802336	127.133407	0.007036	28.9
1344	0.000000	127.080610	0.000000	28.9
1345	-0.594920	127.027872	0.005607	28.9
1346	-0.759735	126.975193	0.004206	27.2
1347	-0.536073	126.922572	0.007102	29.9
1348	-0.195214	126.870008	0.002017	27.5
1349	-0.838781	126.817503	0.005052	30.3
1350	-0.912424	126.765056	0.005609	29.7
1351	-0.748031	126.712667	0.008126	30.0
1352	-0.432525	126.660335	0.005677	31.2
1353	-0.402447	126.608061	0.005261	29.7
1354	-0.176175	126.555844	0.002781	29.0
1355	-0.005645	126.503685	0.000000	27.7
1356	-0.148888	126.451583	0.001895	28.2
1357	-0.447390	126.399538	0.003341	29.3
1358	0.000000	126.347550	0.000000	27.5
1359	-0.393159	126.295619	0.005806	28.3
1360	-0.613707	126.243745	0.007938	29.2
1361	0.000000	126.191928	0.000000	28.2
1362	0.000000	126.140168	0.000000	28.4
1363	-0.731370	126.088464	0.007372	27.1
1364	-0.697476	126.036817	0.007793	29.1
1365	0.000000	125.985226	0.000000	27.6
1366	-0.082477	125.933691	0.002241	28.2
1367	-0.000000	125.882212	0.000000	28.4
1368	-0.000805	125.830790	0.000218	35.2
1369	-0.699619	125.779423	0.006094	33.4
1370	0.000000	125.728113	0.000000	28.9
1371	-0.000000	125.676858	0.000000	29.7
1372	-0.824130	125.625659	0.005553	29.5
1373	-0.036113	125.574515	0.001933	28.6
1374	-0.617742	125.523427	0.004152	28.8
1375	-0.553879	125.472394	0.004727	28.3
1376	-0.879471	125.421417	0.008599	29.9
1377	-0.462612	125.370495	0.005365	29.6
1378	-0.803917	125.319628	0.004869	28.1
1379	0.000000	125.268815	0.000000	28.4
1380	-0.129117	125.218058	0.001734	29.8
1381	-0.293382	125.167356	0.005433	28.0
1382	-0.113973	125.116708	0.003461	29.3
1383	-0.387272	125.066115	0.005055	30.0
1384	-0.406064	125.015576	0.004586	28.6
1385	-0.839155	124.965092	0.005873	26.8
1386	-0.679270	124.914662	0.003233	28.9
1387	-0.257727	124.864287	0.005733	30.8
1388	-0.440600	124.813965	0.003771	29.3
1389	-0.013051	124.763698	0.001811	28.1
1390	-0.252508	124.713485	0.007313	30.2
1391	-0.563858	124.663325	0.006018	28.7
1392	0.000000	124.613219	0.000000	30.7
1393	-0.495464	124.563167	0.006426	28.6
1394	-0.674713	124.513168	0.005255	28.7
1395	-0.561883	124.463223	0.007588	29.1
1396	-0.149703	124.413332	0.002423	29.2
1397	0.000000	124.363493	0.000000	28.8
1398	-0.491232	124.313708	0.005730	30.1
1399	-0.796978	124.263976	0.008933	26.2
1400	-0.823005	124.214297	0.006869	30.2
1401	0.000000	124.164671	0.000000	28.6
1402	-0.792116	124.115097	0.004359	29.1
1403	-0.378286	124.065577	0.005167	28.2
1404	0.000000	124.016109	0.000000	27.2
1405	-0.504179	123.966693	0.006592	28.3
1406	-0.615996	123.917330	0.006968	26.6
1407	-0.399422	123.868020	0.005544	30.2
1408	0.000000	123.818762	0.000000	28.5
1409	-0.739517	123.769556	0.005655	29.8
1410	-0.570146	123.720402	0.004248	29.1
1411	-0.652292	123.671300	0.005765	30.3
1412	-0.419352	123.622250	0.004443	31.2
1413	0.000000	123.573252	0.000000	30.1
1414	0.000000	123.524305	0.000000	30.2
1415	-0.069837	123.475411	0.003399	31.6
1416	-0.501589	123.426568	0.007406	29.5
1417	-0.390734	123.377776	0.006232	28.0
1418	-0.854657	123.329036	0.009470	29.6
1419	-0.306961	123.280347	0.005970	29.2
1420	-0.001881	123.231709	0.000281	29.6
1421	-0.822801	123.183122	0.005864	25.7
1422	0.000000	123.134587	0.000000	29.8
1423	0.000000	123.086102	0.000000	28.3
1424	-0.230412	123.037669	0.003441	28.2
1425	-0.692552	122.989286	0.004000	27.7
1426	-0.677494	122.940954	0.009129	30.0
1427	-0.788717	122.892672	0.005867	28.1
1428	-0.369555	122.844441	0.008890	27.2
1429	-0.364461	122.796261	0.003017	30.1
1430	-0.572926	122.748130	0.006786	29.7
1431	-0.775907	122.700050	0.005205	29.4
1432	-0.570699	122.652021	0.005097	30.3
1433	0.000000	122.604041	0.000000	27.6
1434	-0.801704	122.556111	0.006311	29.4
1435	-0.669310	122.508232	0.003536	29.2
1436	-0.847177	122.460402	0.006571	29.0
1437	-0.227978	122.412622	0.003232	27.3
1438	0.000000	122.364891	0.000000	29.6
1439	-0.396837	122.317210	0.004426	29.9
1440	0.000000	122.269579	0.000000	28.9
1441	0.000000	122.221997	0.000000	28.6
1442	-0.000000	122.174465	0.000000	31.0
1443	-0.546761	122.126981	0.007430	29.9
1444	-0.484773	122.079547	0.005000	29.5
1445	-0.512346	122.032162	0.007513	28.3
1446	-0.044997	121.984826	0.004220	30.0
1447	-0.322374	121.937539	0.006416	29.2
1448	0.000000	121.890301	0.000000	31.2
1449	-0.000529	121.843112	0.000679	30.4
1450	-0.084138	121.795971	0.002858	30.9
1451	-0.298563	121.748879	0.002471	28.1
1452	-0.628340	121.701835	0.006804	28.0
1453	-0.811974	121.654840	0.007582	27.3
1454	-0.047382	121.607893	0.001532	28.8
1455	-0.109138	121.560994	0.002066	26.5
1456	0.000000	121.514144	0.000000	28.0
1457	-0.000157	121.467342	0.000017	28.6
1458	-0.239372	121.420588	0.005438	31.2
1459	-0.268252	121.373882	0.005453	29.3
1460	-0.867669	121.327223	0.005691	30.8
1461	-0.500534	121.280613	0.003553	29.4
1462	0.000000	121.234050	0.000000	30.2
1463	-0.614743	121.187535	0.003387	27.5
1464	0.000000	121.141067	0.000000	26.8
1465	-0.543601	121.094647	0.006809	28.8
1466	-0.683939	121.048274	0.006484	28.7
1467	-0.527157	121.001949	0.007803	29.3
1468	-0.426376	120.955671	0.004298	26.7
1469	-0.647136	120.909440	0.004175	30.9
1470	0.000000	120.863256	0.000000	31.1
1471	0.000000	120.817119	0.000000	31.2
1472	-0.589834	120.771029	0.005993	31.6
1473	-0.832463	120.724986	0.006049	30.4
1474	-0.704444	120.678990	0.004333	28.1
1475	0.000000	120.633040	0.000000	28.6
1476	-0.378161	120.587137	0.003140	28.5
1477	-0.011323	120.541281	0.000913	29.1
1478	-0.784316	120.495471	0.007673	27.7
1479	-0.816488	120.449707	0.004958	28.9
1480	-0.835238	120.403990	0.006856	27.3
1481	-0.460294	120.358319	0.004463	28.9
1482	-0.307753	120.312694	0.004569	27.5
1483	-0.767056	120.267115	0.006427	30.3
1484	0.000000	120.221582	0.000000	31.2
1485	-1.012484	120.176096	0.010076	31.9
1486	-0.782272	120.130655	0.006607	29.8
1487	-0.819768	120.085260	0.006125	27.6
1488	-0.860070	120.039910	0.005376	30.1
1489	-0.962217	119.994606	0.007391	29.1
1490	-0.595284	119.949348	0.006407	27.3
1491	-0.179366	119.904135	0.003326	27.7
1492	-0.708163	119.858968	0.004719	29.0
1493	-0.465638	119.813846	0.003790	28.7
1494	-0.674306	119.768769	0.004406	28.7
1495	-0.498497	119.723738	0.002714	27.7
1496	-0.961933	119.678752	0.010807	27.9
1497	-0.242790	119.633810	0.004832	28.0
1498	-0.000126	119.588914	0.000094	29.1
1499	-0.614082	119.544062	0.005011	27.4
1500	-0.452082	119.499256	0.005209	30.2
1501	-0.793265	119.454494	0.006624	30.1
1502	-0.013521	119.409777	0.000601	29.7
1503	-0.767315	119.365104	0.005519	28.1
1504	-0.742314	119.320476	0.004400	29.7
1505	-0.817081	119.275893	0.004970	28.1
1506	-0.429842	119.231353	0.006968	27.5
1507	-0.702637	119.186859	0.007743	28.4
1508	-0.737572	119.142408	0.007724	28.5
1509	-0.537453	119.098002	0.005055	27.2
1510	0.000000	119.053639	0.000000	27.9
1511	-0.153528	119.009321	0.003095	27.8
1512	-0.401223	118.965047	0.005395	27.7
1513	-0.039132	118.920816	0.002690	27.9
1514	-0.583619	118.876630	0.005997	28.4
1515	-0.843355	118.832487	0.004774	28.3
1516	-0.813445	118.788388	0.006755	29.5
1517	-0.154648	118.744332	0.003184	26.2
1518	-0.117475	118.700320	0.002002	32.4
1519	0.000000	118.656352	0.000000	29.4
1520	-0.470962	118.612427	0.005666	29.8
1521	0.000000	118.568545	0.000000	30.8
1522	-0.000144	118.524706	0.000084	27.0
1523	-0.000000	118.480911	0.000000	29.0
1524	-0.652262	118.437159	0.004816	28.5
1525	0.000000	118.393450	0.000000	28.0
1526	-0.024905	118.349784	0.001423	28.4
1527	-0.781292	118.306160	0.006638	26.8
1528	-0.222580	118.262580	0.002529	29.3
1529	-0.754138	118.219042	0.005806	26.9
1530	0.000000	118.175548	0.000000	28.4
1531	-0.652794	118.132095	0.006497	28.7
1532	-0.002204	118.088686	0.000865	28.3
1533	-0.000000	118.045319	0.000000	31.3
1534	-0.817567	118.001994	0.006287	27.9
1535	-0.000000	117.958712	0.000000	30.0
1536	-0.441488	117.915472	0.003298	30.4
1537	-0.880414	117.872274	0.007045	29.5
1538	-0.277900	117.829118	0.004909	29.0
1539	-0.000000	117.786005	0.000000	29.3
1540	-0.875190	117.742933	0.005194	28.9
1541	-0.185441	117.699904	0.003858	27.0
1542	-0.757532	117.656916	0.006477	29.2
1543	-0.450458	117.613971	0.003436	28.8
1544	-0.388110	117.571067	0.005483	29.8
1545	0.000000	117.528205	0.000000	29.3
1546	-0.743198	117.485384	0.004916	30.4
1547	-0.700744	117.442605	0.005791	35.0
1548	-0.425378	117.399867	0.004912	31.0
1549	-0.705205	117.357171	0.004778	27.9
1550	0.000000	117.314517	0.000000	30.8
1551	-0.003631	117.271903	0.000662	30.5
1552	-0.755915	117.229331	0.008892	30.7
1553	-0.001109	117.186800	0.000441	32.7
1554	-0.742168	117.144311	0.006251	30.5
1555	-0.347452	117.101862	0.003647	37.3
1556	-0.776564	117.059454	0.008030	32.3
1557	0.000000	117.017087	0.000000	29.9
1558	-0.788666	116.974762	0.006811	29.0
1559	-0.520262	116.932476	0.006165	29.6
1560	-0.627438	116.890232	0.006946	29.3
1561	0.000000	116.848028	0.000000	30.8
1562	-0.813696	116.805865	0.006999	28.4
1563	-0.000187	116.763743	0.000124	28.5
1564	-0.330801	116.721661	0.006297	26.5
1565	-0.000000	116.679619	0.000000	29.6
1566	-0.577059	116.637618	0.007431	27.8
1567	-0.836179	116.595657	0.005169	27.8
1568	-0.277271	116.553736	0.003816	28.7
1569	-0.764066	116.511855	0.008787	29.8
1570	-0.599107	116.470015	0.006753	28.6
1571	-0.450019	116.428214	0.006796	26.1
1572	-0.000000	116.386454	0.000000	29.1
1573	-0.834754	116.344733	0.005387	31.7
1574	0.000000	116.303052	0.000000	28.8
1575	-0.724300	116.261412	0.005223	28.9
1576	-0.802085	116.219810	0.007348	29.0
1577	-0.352525	116.178249	0.004162	28.9
1578	-0.854558	116.136727	0.004803	28.1
1579	-0.002900	116.095245	0.000506	26.4
1580	-0.498308	116.053802	0.005094	29.5
1581	-0.465056	116.012398	0.003484	28.6
1582	-0.680378	115.971034	0.004975	27.2
1583	0.000000	115.929710	0.000000	28.4
1584	0.000000	115.888424	0.000000	28.7
1585	0.000000	115.847178	0.000000	28.8
1586	-0.524271	115.805970	0.005226	27.9
1587	-0.157282	115.764802	0.003657	29.7
1588	-0.641968	115.723673	0.006391	28.3
1589	-0.020606	115.682583	0.002411	27.8
1590	-0.381416	115.641532	0.004340	27.5
1591	-0.003943	115.600519	0.000230	30.3
1592	0.000000	115.559546	0.000000	29.8
1593	-0.607690	115.518610	0.005142	27.0
1594	0.000000	115.477714	0.000000	28.4
1595	-0.244450	115.436856	0.003352	29.1
1596	-0.175281	115.396037	0.004264	30.6
1597	-0.796308	115.355256	0.004824	29.9
1598	-0.502164	115.314514	0.007830	30.5
1599	-0.424919	115.273810	0.004610	28.7
1600	-0.339242	115.233144	0.003351	29.9
1601	-0.402656	115.192517	0.002935	29.4
1602	-0.823795	115.151927	0.005353	28.7
1603	-0.672876	115.111376	0.006130	27.1
1604	0.000000	115.070863	0.000000	29.6
1605	-0.602799	115.030388	0.004815	30.4
1606	-0.564100	114.989951	0.007014	29.4
1607	-0.936476	114.949551	0.008559	29.2
1608	-0.208877	114.909190	0.004124	30.3
1609	-0.782844	114.868866	0.006783	28.8
1610	-0.598637	114.828580	0.006477	28.6
1611	-0.936911	114.788332	0.007412	29.2
1612	-0.569896	114.748121	0.006025	26.8
1613	-0.774599	114.707948	0.004483	28.5
1614	-0.660422	114.667812	0.005880	29.7
1615	-0.780942	114.627714	0.008941	30.4
1616	-0.472349	114.587653	0.005353	29.1
1617	-0.770204	114.547629	0.004608	29.7
1618	-0.123303	114.507643	0.001814	31.8
1619	-0.353776	114.467693	0.004586	30.6
1620	-0.781763	114.427781	0.007647	29.5
1621	-0.492102	114.387907	0.004094	30.7
1622	-0.791341	114.348069	0.004729	29.6
1623	-0.784457	114.308268	0.007593	28.4
1624	0.000000	114.268504	0.000000	29.0
1625	-0.812721	114.228777	0.005216	30.7
1626	-0.851924	114.189086	0.005192	28.9
1627	-0.690142	114.149433	0.004724	29.6
1628	-0.000000	114.109816	0.000000	29.7
1629	-0.673978	114.070235	0.005295	28.8
1630	-0.703993	114.030692	0.005337	31.0
1631	-0.729100	113.991185	0.005388	27.2
1632	-0.845281	113.951714	0.006958	28.9
1633	-0.508220	113.912280	0.003888	28.1
1634	0.000000	113.872882	0.000000	28.2
1635	-0.383060	113.833521	0.003558	27.6
1636	-0.451614	113.794195	0.006813	29.3
1637	-0.492902	113.754906	0.007146	28.5
1638	-0.000000	113.715653	0.000000	30.3
1639	-0.822104	113.676437	0.005008	29.2
1640	-0.823476	113.637256	0.004597	29.5
1641	-0.718761	113.598111	0.007943	28.7
1642	-0.666593	113.559002	0.006856	29.4
1643	-0.463171	113.519929	0.006506	29.0
1644	-0.666802	113.480892	0.006041	27.5
1645	-0.000030	113.441891	0.000030	28.9
1646	0.000000	113.402925	0.000000	27.5
1647	-0.647004	113.363995	0.007634	28.3
1648	-0.732691	113.325101	0.004136	28.2
1649	-0.030264	113.286242	0.001375	28.6
1650	-0.454091	113.247419	0.005658	27.3
1651	0.000000	113.208631	0.000000	28.2
1652	-0.558344	113.169879	0.003883	29.1
1653	-0.830296	113.131162	0.005874	29.7
1654	-0.752418	113.092480	0.006889	27.1
1655	-0.670792	113.053833	0.007764	30.8
1656	-0.000000	113.015222	0.000000	29.3
1657	0.000000	112.976646	0.000000	27.5
1658	-0.579156	112.938105	0.004142	27.9
1659	-0.023839	112.899599	0.000807	27.6
1660	-0.834945	112.861128	0.006892	28.6
1661	-0.668123	112.822692	0.005908	27.9
1662	0.000000	112.784291	0.000000	28.5
1663	-0.610698	112.745924	0.008500	30.2
1664	-0.466999	112.707593	0.005429	28.2
1665	-0.415084	112.669296	0.007192	28.9
1666	-0.774409	112.631034	0.004013	28.8
1667	-0.179944	112.592806	0.002217	27.7
1668	-0.490167	112.554613	0.005856	30.0
1669	-0.800413	112.516455	0.006621	29.5
1670	-0.918579	112.478331	0.006202	29.6
1671	-0.499261	112.440241	0.007272	28.4
1672	-0.299268	112.402186	0.005195	29.7
1673	-0.585477	112.364165	0.007239	29.3
1674	-0.309696	112.326179	0.005367	27.7
1675	-0.209194	112.288227	0.003323	27.1
1676	-0.371801	112.250309	0.004609	29.1
1677	-0.726136	112.212425	0.006969	27.7
1678	-0.554776	112.174575	0.004591	26.1
1679	-0.783536	112.136759	0.006387	29.0
1680	-0.000000	112.098977	0.000000	28.5
1681	-0.373223	112.061229	0.005370	26.8
1682	-0.777218	112.023515	0.005234	29.4
1683	-0.350598	111.985834	0.005107	29.3
1684	-0.790230	111.948188	0.005649	29.2
1685	-0.846064	111.910575	0.006148	29.4
1686	-0.144809	111.872996	0.002288	28.7
1687	0.000000	111.835450	0.000000	30.8
1688	-0.539278	111.797939	0.005522	28.9
1689	-0.504274	111.760460	0.003835	29.4
1690	-0.657462	111.723015	0.006229	29.4
1691	-0.059798	111.685604	0.003348	29.5
1692	0.000000	111.648226	0.000000	28.6
1693	-0.800097	111.610881	0.006364	30.3
1694	-0.595820	111.573570	0.005018	28.8
1695	-0.574243	111.536292	0.006488	29.7
1696	-0.140978	111.499047	0.002457	28.4
1697	0.000000	111.461835	0.000000	30.1
1698	-0.765926	111.424656	0.004744	29.7
1699	-0.508940	111.387510	0.003742	30.9
1700	-0.913682	111.350398	0.008112	30.1
1701	-0.577700	111.313318	0.006062	28.9
1702	0.000000	111.276271	0.000000	31.8
1703	0.000000	111.239257	0.000000	29.8
1704	-0.757006	111.202276	0.006943	30.1
1705	-0.836856	111.165328	0.005406	27.2
1706	-0.165476	111.128412	0.003152	29.1
1707	-0.082221	111.091529	0.001719	28.0
1708	0.000000	111.054679	0.000000	28.9
1709	-0.412575	111.017861	0.005755	28.4
1710	-0.643928	110.981076	0.006117	27.3
1711	-0.000000	110.944323	0.000000	28.9
1712	-0.055436	110.907603	0.001836	27.2
1713	-0.638180	110.870915	0.005164	28.9
1714	-0.829686	110.834259	0.005093	29.5
1715	0.000000	110.797636	0.000000	28.8
1716	-0.743757	110.761045	0.005080	28.4
1717	-0.432491	110.724486	0.005170	28.2
1718	-0.673752	110.687959	0.006054	29.6
1719	-0.849339	110.651465	0.003995	31.0
1720	0.000000	110.615002	0.000000	29.9
1721	-0.754430	110.578572	0.004297	29.3
1722	-0.858785	110.542173	0.009016	28.0
1723	0.000000	110.505807	0.000000	29.1
1724	-0.083706	110.469472	0.001686	28.1
1725	-0.724421	110.433169	0.005814	29.5
1726	-0.670384	110.396898	0.006966	28.2
1727	-0.560487	110.360659	0.005921	28.9
1728	-0.000000	110.324451	0.000000	28.5
1729	-0.674406	110.288276	0.004260	27.2
1730	-0.765954	110.252131	0.004555	28.4
1731	-0.530404	110.216019	0.004135	27.4
1732	-0.789843	110.179937	0.004921	28.6
1733	-0.643771	110.143888	0.006027	28.2
1734	-0.781031	110.107869	0.005246	28.8
1735	-0.663668	110.071882	0.007498	27.1
1736	-0.348596	110.035927	0.004849	30.1
1737	-0.730295	110.000003	0.004634	28.3
1738	-0.766484	109.964110	0.007489	30.5
1739	-0.702088	109.928248	0.006283	29.2
1740	-0.747102	109.892417	0.007714	29.5
1741	-0.008286	109.856618	0.000767	28.5
1742	-0.808165	109.820850	0.007473	29.4
1743	-0.730989	109.785112	0.004851	28.8
1744	0.000000	109.749406	0.000000	28.3
1745	0.000000	109.713730	0.000000	29.4
1746	0.000000	109.678086	0.000000	28.2
1747	-0.440410	109.642472	0.002959	28.9
1748	-0.742004	109.606890	0.005082	28.0
1749	-0.297428	109.571337	0.003557	25.8
1750	-0.974124	109.535816	0.007005	28.3
1751	-0.901644	109.500326	0.006307	27.8
1752	-0.343801	109.464866	0.005181	28.2
1753	0.000000	109.429436	0.000000	28.7
1754	0.000000	109.394038	0.000000	29.7
1755	-0.841650	109.358669	0.004149	28.6
1756	-0.360876	109.323331	0.005871	28.8
1757	-0.086433	109.288024	0.002209	27.6
1758	-0.093197	109.252747	0.003381	31.2
1759	-0.707528	109.217501	0.005890	30.7
1760	-0.762623	109.182284	0.009286	31.0
1761	0.000000	109.147098	0.000000	28.0
1762	-0.676987	109.111942	0.004632	29.9
1763	-0.651166	109.076817	0.008860	28.1
1764	0.000000	109.041721	0.000000	29.6
1765	-0.865653	109.006656	0.006033	28.8
1766	-0.599721	108.971620	0.008960	29.0
1767	-0.099508	108.936615	0.002288	29.4
1768	-0.406708	108.901640	0.004945	28.5
1769	-0.718236	108.866694	0.005725	27.9
1770	-0.582647	108.831779	0.004506	28.0
1771	-0.821557	108.796893	0.005903	28.2
1772	-0.056557	108.762037	0.001314	29.4
1773	-0.000093	108.727211	0.000071	31.6
1774	-0.432316	108.692415	0.007694	27.5
1775	-0.002184	108.657648	0.000327	28.7
1776	-0.429803	108.622911	0.005669	29.6
1777	-0.280372	108.588203	0.007879	26.5
1778	-0.204401	108.553525	0.004506	26.4
1779	0.000000	108.518877	0.000000	29.1
1780	-0.000069	108.484258	0.000063	29.4
1781	0.000000	108.449668	0.000000	29.0
1782	-0.748488	108.415108	0.006585	30.6
1783	-0.186365	108.380578	0.002493	30.7
1784	-0.630234	108.346076	0.007857	31.7
1785	0.000000	108.311604	0.000000	27.9
1786	-0.506600	108.277161	0.007561	27.8
1787	-0.583768	108.242747	0.003828	26.7
1788	-0.197740	108.208363	0.003614	29.2
1789	-0.626462	108.174007	0.003958	29.2
1790	-0.786619	108.139681	0.005659	29.6
1791	-0.319738	108.105383	0.004846	30.4
1792	-0.051637	108.071115	0.002101	30.0
1793	-0.906271	108.036875	0.006473	31.3
1794	-0.472396	108.002665	0.006026	30.3
1795	-0.000000	107.968483	0.000000	29.6
1796	-0.058104	107.934330	0.002401	27.7
1797	-0.000000	107.900206	0.000001	28.5
1798	-0.572687	107.866111	0.006040	29.0
1799	-0.279874	107.832044	0.002787	28.9
1800	-0.723477	107.798007	0.006373	28.0
1801	0.000000	107.763997	0.000000	28.5
1802	0.000000	107.730017	0.000000	29.6
1803	-0.806894	107.696065	0.005195	29.0
1804	-0.741449	107.662141	0.005833	28.6
1805	-0.601122	107.628246	0.006041	29.1
1806	-0.303246	107.594379	0.005226	30.4
1807	-0.782166	107.560541	0.005338	28.5
1808	-0.721338	107.526731	0.004592	27.7
1809	0.000000	107.492949	0.000000	29.8
1810	0.000000	107.459196	0.000000	27.8
1811	0.000000	107.425471	0.000000	27.7
1812	0.000000	107.391774	0.000000	28.3
1813	-0.796051	107.358106	0.006043	29.5
1814	-0.504415	107.324465	0.005425	30.0
1815	-0.229705	107.290853	0.003576	28.3
1816	-0.408659	107.257268	0.005599	29.6
1817	-0.334652	107.223712	0.006418	28.5
1818	-0.689773	107.190184	0.005051	29.9
1819	0.000000	107.156683	0.000000	28.5
1820	-0.474035	107.123211	0.005667	28.3
1821	-0.000175	107.089766	0.000031	28.4
1822	-0.423773	107.056349	0.002749	28.9
1823	-0.048521	107.022960	0.002259	28.3
1824	-0.427971	106.989599	0.003700	27.7
1825	0.000000	106.956265	0.000000	28.3
1826	-0.473663	106.922960	0.005661	29.5
1827	-0.514783	106.889681	0.006210	29.3
1828	-0.752345	106.856431	0.006554	28.0
1829	0.000000	106.823208	0.000000	29.9
1830	-0.421538	106.790012	0.007780	29.4
1831	-0.471610	106.756844	0.004731	29.5
1832	-0.340855	106.723703	0.003385	28.4
1833	-0.560266	106.690590	0.005305	28.8
1834	0.000000	106.657505	0.000000	28.4
1835	-0.653404	106.624446	0.005263	28.1
1836	-0.797190	106.591415	0.005093	28.1
1837	-0.275015	106.558411	0.004385	29.5
1838	-0.225466	106.525435	0.005578	29.7
1839	-0.031614	106.492485	0.001134	29.1
1840	-0.819621	106.459563	0.007640	27.6
1841	-0.671165	106.426668	0.006268	29.0
1842	-0.578291	106.393800	0.008410	31.0
1843	-0.782369	106.360959	0.006347	30.9
1844	-0.787063	106.328145	0.008178	29.2
1845	-0.762964	106.295358	0.004648	30.3
1846	-0.031739	106.262598	0.001455	30.3
1847	-0.783618	106.229865	0.005621	28.2
1848	-0.016158	106.197158	0.001145	28.8
1849	0.000000	106.164479	0.000000	28.8
1850	-0.024496	106.131826	0.001372	29.0
1851	-0.531619	106.099201	0.003779	34.2
1852	-0.611362	106.066602	0.007761	32.9
1853	-0.343292	106.034029	0.005660	33.4
1854	-0.522236	106.001483	0.005570	33.4
1855	-0.592933	105.968964	0.005010	34.2
1856	-0.730149	105.936472	0.006404	32.5
1857	-0.855110	105.904006	0.007553	37.9
1858	-0.792539	105.871566	0.006022	34.9
1859	0.000000	105.839153	0.000000	37.0
1860	0.000000	105.806767	0.000000	35.0
1861	-0.101285	105.774407	0.002254	33.4
1862	-0.447899	105.742073	0.005323	36.1
1863	0.000000	105.709766	0.000000	34.2
1864	-0.107038	105.677485	0.002707	32.5
1865	-0.398197	105.645230	0.005171	38.6
1866	-0.183498	105.613001	0.004821	34.1
1867	-0.739650	105.580799	0.006990	34.3
1868	0.000000	105.548623	0.000000	31.5
1869	-0.732279	105.516473	0.006332	31.7
1870	-0.692429	105.484349	0.007429	32.2
1871	-0.733434	105.452251	0.005579	33.4
1872	-0.838246	105.420179	0.005884	31.5
1873	-0.833295	105.388133	0.005298	30.3
1874	-0.692177	105.356113	0.007803	33.3
1875	-0.000785	105.324119	0.000285	32.6
1876	-0.000000	105.292151	0.000000	31.9
1877	0.000000	105.260209	0.000000	34.9
1878	-0.174205	105.228293	0.002678	33.1
1879	-0.774310	105.196402	0.008261	31.8
1880	-0.702107	105.164537	0.005090	31.4
1881	-0.795497	105.132698	0.007961	30.1
1882	-0.618251	105.100885	0.004581	31.2
1883	-0.650009	105.069097	0.003300	30.3
1884	-0.545551	105.037335	0.003234	30.3
1885	-0.699990	105.005598	0.004900	32.3
1886	-0.046220	104.973887	0.002412	30.7
1887	-0.630003	104.942202	0.005274	32.3
1888	-0.420429	104.910542	0.006088	31.4
1889	-0.347688	104.878907	0.005428	32.6
1890	0.000000	104.847298	0.000000	32.8
1891	-0.296969	104.815715	0.004260	33.3
1892	-0.796088	104.784156	0.006659	34.7
1893	-0.602191	104.752623	0.005557	31.7
1894	-0.380057	104.721116	0.005552	31.2
1895	-0.000123	104.689633	0.000142	32.8
1896	-0.622377	104.658176	0.005178	31.6
1897	-0.338291	104.626744	0.004498	30.3
1898	-0.000000	104.595337	0.000000	33.3
1899	-0.684460	104.563955	0.006007	28.8
1900	-0.610272	104.532599	0.005671	30.7
1901	-0.369899	104.501267	0.003673	30.5
1902	-0.643345	104.469960	0.006067	30.2
1903	-0.812041	104.438679	0.005066	30.2
1904	-1.038594	104.407422	0.007189	30.2
1905	-0.338578	104.376191	0.005247	29.5
1906	-0.095555	104.344984	0.002039	29.1
1907	-0.525046	104.313802	0.004669	31.0
1908	-0.698252	104.282645	0.005927	29.1
1909	-0.852827	104.251513	0.007362	31.8
1910	0.000000	104.220405	0.000000	32.6
1911	0.000000	104.189323	0.000000	32.6
1912	-0.303525	104.158265	0.003513	30.8
1913	0.000000	104.127231	0.000000	29.2
1914	0.000000	104.096222	0.000000	28.0
1915	0.000000	104.065238	0.000000	29.5
1916	-0.292419	104.034279	0.004734	30.2
1917	-0.269352	104.003344	0.003033	32.0
1918	0.000000	103.972433	0.000000	29.9
1919	-0.000000	103.941547	0.000000	30.2
1920	-0.038481	103.910686	0.000586	29.5
1921	0.000000	103.879849	0.000000	29.7
1922	-0.351011	103.849036	0.005293	30.4
1923	-0.485755	103.818248	0.008248	29.5
1924	-0.151969	103.787484	0.002789	30.1
1925	-0.668085	103.756744	0.006332	29.9
1926	-0.000000	103.726029	0.000000	29.1
1927	-0.073844	103.695338	0.001796	31.0
1928	-0.876349	103.664671	0.005448	30.2
1929	-0.872694	103.634028	0.005645	32.1
1930	-0.943031	103.603409	0.007458	31.7
1931	-0.865455	103.572814	0.006038	31.8
1932	-0.001131	103.542244	0.000770	28.7
1933	-0.060915	103.511698	0.002460	29.2
1934	-0.000000	103.481175	0.000000	29.8
1935	-0.238690	103.450677	0.002977	29.8
1936	-0.618324	103.420202	0.004296	29.6
1937	0.000000	103.389752	0.000000	28.7
1938	-0.350794	103.359325	0.005308	29.5
1939	0.000000	103.328922	0.000000	27.5
1940	-0.001711	103.298543	0.000541	29.1
1941	-0.886116	103.268188	0.004847	29.5
1942	-0.851837	103.237857	0.006012	28.4
1943	-0.045745	103.207549	0.004199	30.3
1944	-0.920381	103.177265	0.006973	30.4
1945	-0.492298	103.147005	0.004106	29.9
1946	-0.043271	103.116768	0.001608	29.7
1947	-0.004129	103.086556	0.000000	28.6
1948	-0.196695	103.056366	0.003366	29.8
1949	0.000000	103.026200	0.000000	30.3
1950	-0.745602	102.996058	0.006843	32.9
1951	-0.516409	102.965939	0.003556	32.8
1952	-0.504094	102.935844	0.006926	30.9
1953	0.000000	102.905772	0.000000	31.2
1954	-0.950939	102.875724	0.009816	29.8
1955	-0.553238	102.845699	0.005930	28.3
1956	-0.589744	102.815697	0.004953	30.1
1957	-0.351164	102.785719	0.005351	30.5
1958	-0.714227	102.755764	0.006249	31.7
1959	0.000000	102.725832	0.000000	29.5
1960	-0.764502	102.695924	0.004864	32.4
1961	-0.000238	102.666038	0.000241	28.5
1962	-0.823479	102.636176	0.005420	29.7
1963	-0.594966	102.606337	0.005412	29.8
1964	-0.800877	102.576521	0.005118	29.9
1965	-0.088476	102.546728	0.002668	28.0
1966	-0.256014	102.516959	0.003197	31.0
1967	-0.665941	102.487212	0.007206	29.4
1968	0.000000	102.457488	0.000000	32.5
1969	-0.783194	102.427788	0.005375	29.9
1970	-0.793788	102.398110	0.005442	33.6
1971	0.000000	102.368455	0.000000	30.3
1972	-0.763753	102.338823	0.003970	30.3
1973	-0.674315	102.309214	0.007033	29.2
1974	-0.729553	102.279628	0.005682	30.2
1975	-0.000000	102.250064	0.000000	30.7
1976	-0.474869	102.220524	0.007438	30.2
1977	-0.861724	102.191006	0.007091	30.0
1978	-0.648754	102.161511	0.009156	32.0
1979	0.000000	102.132038	0.000000	34.7
1980	-0.000000	102.102588	0.000000	32.3
1981	-0.322963	102.073161	0.005700	32.1
1982	0.000000	102.043757	0.000000	29.6
1983	-0.800828	102.014375	0.005211	29.4
1984	0.000000	101.985015	0.000000	29.5
1985	-0.000001	101.955678	0.000001	29.3
1986	-0.647306	101.926364	0.004744	31.0
1987	0.000000	101.897072	0.000000	29.0
1988	-0.008333	101.867802	0.000167	30.3
1989	-0.172731	101.838555	0.003362	29.9
1990	-0.014358	101.809330	0.000785	32.1
1991	-0.000000	101.780128	0.000000	32.4
1992	-0.919044	101.750948	0.007612	31.2
1993	0.000000	101.721790	0.000000	29.8
1994	-0.008280	101.692654	0.000599	30.3
1995	-0.830413	101.663541	0.006853	30.4
1996	-0.733070	101.634450	0.007520	31.1
1997	0.000000	101.605381	0.000000	28.4
1998	-0.754023	101.576335	0.006277	29.9
1999	0.000000	101.547310	0.000000	30.2
