1:ItNr	2:Metric	3:StepSize	4:||Gradient||	Time[ms]
0	-0.038350	627.201626	0.002043	884.0
1	-1.090943	623.504937	0.008747	3.9
2	-0.000027	619.865785	0.000006	4.4
3	-0.970000	616.282728	0.010466	4.4
4	-1.274376	612.754375	0.022455	4.3
5	-1.255344	609.279381	0.013760	4.6
6	-0.570189	605.856447	0.011377	5.1
7	-0.013650	602.484317	0.001412	4.5
8	-1.246183	599.161779	0.006982	4.5
9	-0.115949	595.887656	0.001593	4.8
10	-1.054305	592.660813	0.012653	4.8
11	-1.071020	589.480151	0.012648	4.1
12	-1.364320	586.344606	0.013896	4.3
13	-1.252108	583.253145	0.015292	5.7
14	-0.537383	580.204771	0.003563	4.8
15	-0.672133	577.198517	0.016722	4.3
16	-1.276515	574.233444	0.013677	4.7
17	-0.102824	571.308645	0.001692	4.7
18	-0.540580	568.423237	0.013690	4.3
19	-0.831965	565.576365	0.010187	4.8
20	-0.906267	562.767201	0.008644	4.3
21	-0.840838	559.994938	0.015051	4.9
22	-0.804909	557.258797	0.010425	5.1
23	-0.000000	554.558018	0.000000	4.9
24	-0.000051	551.891865	0.000009	4.9
25	-1.102919	549.259621	0.010604	3.8
26	-0.308470	546.660592	0.009916	5.2
27	-0.654400	544.094102	0.004406	5.3
28	0.000000	541.559494	0.000000	4.9
29	-0.069890	539.056129	0.001557	5.1
30	-1.285062	536.583387	0.017581	4.9
31	-1.368034	534.140663	0.009418	4.7
32	-0.921293	531.727370	0.014235	5.1
33	-0.458793	529.342935	0.004179	5.4
34	-0.000000	526.986802	0.000000	4.7
35	-0.602966	524.658430	0.006023	4.5
36	-0.022553	522.357290	0.000845	5.6
37	-1.302528	520.082868	0.011631	4.7
38	-0.787534	517.834665	0.009919	5.4
39	-1.008776	515.612193	0.025256	5.6
40	-1.310522	513.414976	0.012457	4.7
41	-1.192691	511.242551	0.018171	4.5
42	-0.722675	509.094468	0.008001	5.8
43	-1.164986	506.970285	0.015924	5.2
44	-1.132264	504.869574	0.019630	5.1
45	-0.000000	502.791916	0.000000	5.1
46	-0.100700	500.736903	0.001428	5.0
47	-0.657480	498.704137	0.006638	6.2
48	-0.000015	496.693228	0.000004	5.0
49	-1.230901	494.703798	0.018959	4.8
50	-0.796981	492.735476	0.005950	5.6
51	-0.000000	490.787900	0.000000	5.5
52	-0.984088	488.860718	0.008838	5.0
53	-0.873772	486.953585	0.009895	6.5
54	-1.006591	485.066164	0.012531	5.8
55	-0.015685	483.198126	0.001666	6.0
56	-1.608863	481.349149	0.005519	5.2
57	-1.235223	479.518920	0.010671	5.0
58	-0.154306	477.707132	0.003125	4.9
59	-0.737716	475.913485	0.006325	4.7
60	-0.065481	474.137684	0.001102	5.2
61	-1.188424	472.379445	0.017447	5.4
62	-0.155664	470.638485	0.003918	5.6
63	-1.431120	468.914531	0.017214	5.2
64	-0.984372	467.207315	0.010561	5.5
65	-0.000000	465.516573	0.000000	5.6
66	-1.412838	463.842050	0.014716	5.6
67	-0.778447	462.183494	0.013164	5.1
68	-0.702171	460.540658	0.004314	5.8
69	-1.414681	458.913303	0.010120	5.5
70	-0.406422	457.301192	0.005272	5.4
71	-1.110109	455.704096	0.010041	6.3
72	-0.703495	454.121787	0.011662	4.9
73	-1.046012	452.554045	0.010834	5.3
74	-0.335880	451.000653	0.002171	5.4
75	-1.196449	449.461399	0.009347	5.0
76	-1.228333	447.936075	0.023998	5.3
77	-0.446368	446.424477	0.013728	4.6
78	-0.381153	444.926406	0.007353	4.9
79	-0.428357	443.441666	0.009312	5.7
80	-0.000000	441.970065	0.000000	5.2
81	-0.000000	440.511415	0.000000	5.3
82	-1.571941	439.065533	0.011722	5.0
83	-0.790589	437.632238	0.005294	5.2
84	-1.245309	436.211351	0.014502	5.9
85	-0.000000	434.802701	0.000000	5.5
86	-0.781107	433.406117	0.014121	5.3
87	-1.218222	432.021430	0.006383	5.3
88	-1.040602	430.648479	0.007206	4.9
89	-0.000023	429.287101	0.000005	5.0
90	-0.376110	427.937140	0.005787	5.3
91	-0.094285	426.598440	0.004278	5.0
92	-1.404111	425.270849	0.004561	4.7
93	-0.032168	423.954220	0.001724	5.3
94	-0.380994	422.648404	0.017656	5.4
95	-1.146451	421.353259	0.010853	5.3
96	-0.508325	420.068643	0.004737	5.3
97	-0.416021	418.794419	0.004756	5.3
98	-1.241607	417.530451	0.008400	5.5
99	-0.507299	416.276604	0.002912	5.2
100	-0.921292	415.032748	0.004752	5.3
101	-1.152800	413.798754	0.013266	5.3
102	-1.005267	412.574495	0.021822	5.1
103	-1.189751	411.359849	0.008989	5.9
104	-0.005684	410.154691	0.000118	5.7
105	-1.143783	408.958904	0.016948	5.4
106	-1.050259	407.772368	0.009878	5.5
107	-0.925828	406.594968	0.019083	5.1
108	-1.354657	405.426590	0.007989	5.3
109	-1.353048	404.267122	0.019069	5.6
110	-1.347564	403.116456	0.010904	4.9
111	-1.169526	401.974481	0.009502	5.0
112	-0.234281	400.841093	0.003438	6.1
113	-0.270975	399.716187	0.003428	5.0
114	-1.238335	398.599660	0.008759	4.5
115	-0.617876	397.491411	0.006818	5.8
116	-0.000000	396.391342	0.000000	5.2
117	-1.080045	395.299353	0.013263	5.3
118	-0.628951	394.215350	0.007576	5.0
119	-0.112611	393.139238	0.002838	5.4
120	-0.221789	392.070924	0.002704	5.2
121	-0.341695	391.010316	0.004454	5.2
122	-1.081822	389.957325	0.013509	5.1
123	-0.859150	388.911862	0.008250	5.6
124	-0.002289	387.873839	0.000337	5.6
125	-1.398890	386.843173	0.014879	4.5
126	-1.512103	385.819777	0.026700	6.4
127	-0.000000	384.803569	0.000000	5.5
128	-0.519043	383.794468	0.005540	5.3
129	-0.000005	382.792393	0.000002	5.1
130	-0.408414	381.797264	0.009314	4.6
131	-0.329496	380.809005	0.002716	4.8
132	-0.000000	379.827537	0.000000	4.8
133	-0.944438	378.852786	0.006875	5.6
134	-0.320161	377.884678	0.005736	5.3
135	-0.525617	376.923138	0.006884	5.3
136	-1.023965	375.968095	0.019150	5.4
137	-0.328593	375.019479	0.004880	6.2
138	-0.695130	374.077218	0.008534	5.7
139	-0.862439	373.141244	0.015009	5.2
140	-0.361900	372.211489	0.007227	5.4
141	-1.102064	371.287887	0.022921	5.0
142	-0.829801	370.370370	0.009431	4.8
143	-1.071922	369.458876	0.017481	5.7
144	-1.480626	368.553338	0.009125	4.8
145	-0.002032	367.653696	0.000240	5.1
146	-1.111584	366.759885	0.010484	5.1
147	-0.000470	365.871846	0.000094	4.5
148	-0.020314	364.989518	0.001125	5.5
149	-1.120117	364.112841	0.008317	5.2
150	-1.408506	363.241757	0.014306	5.2
151	-0.696314	362.376208	0.008805	5.5
152	-1.138101	361.516137	0.007335	4.7
153	-0.000000	360.661488	0.000000	4.6
154	-0.997849	359.812206	0.012738	5.5
155	-0.013356	358.968236	0.000524	5.4
156	-1.134197	358.129524	0.016462	5.1
157	-0.559385	357.296018	0.009054	5.8
158	-0.000000	356.467665	0.000000	4.7
159	-1.460896	355.644414	0.022497	5.4
160	-1.293201	354.826213	0.009712	5.8
161	-1.524149	354.013012	0.006297	5.4
162	-0.578061	353.204763	0.007733	5.4
163	-0.080034	352.401415	0.005437	6.0
164	-0.788366	351.602922	0.011703	5.1
165	-0.135542	350.809235	0.002862	5.5
166	-1.242942	350.020308	0.019602	5.4
167	-0.777539	349.236095	0.011589	5.2
168	-0.000000	348.456550	0.000000	5.0
169	-0.179943	347.681627	0.005457	5.1
170	-1.372234	346.911283	0.007197	4.5
171	-0.000000	346.145474	0.000000	6.2
172	-1.495048	345.384157	0.020878	4.9
173	-0.506439	344.627288	0.009465	5.2
174	-1.151118	343.874826	0.017862	5.2
175	-1.227158	343.126729	0.019370	5.0
176	-0.000001	342.382957	0.000000	4.8
177	-0.529639	341.643469	0.005361	5.9
178	-1.294058	340.908224	0.008221	5.2
179	-0.448267	340.177184	0.005299	5.9
180	-1.171773	339.450309	0.020422	5.5
181	-1.581550	338.727561	0.010498	5.5
182	-1.036527	338.008902	0.008601	4.8
183	-0.003427	337.294295	0.000503	5.1
184	-0.766502	336.583703	0.011550	4.9
185	-0.268233	335.877089	0.004745	5.0
186	-0.268521	335.174416	0.003068	5.0
187	-1.387716	334.475651	0.012545	5.3
188	-0.000000	333.780756	0.000000	4.6
189	-1.087028	333.089698	0.009718	5.8
190	-1.252989	332.402443	0.013125	6.6
191	-0.752295	331.718955	0.007542	5.2
192	-0.000008	331.039203	0.000002	5.2
193	-0.642242	330.363153	0.014319	6.1
194	-1.133665	329.690771	0.008571	5.3
195	-0.705816	329.022027	0.009701	5.1
196	-0.062673	328.356888	0.001901	5.6
197	-0.007650	327.695322	0.000678	5.1
198	-0.028454	327.037299	0.001886	5.3
199	-1.289976	326.382787	0.006010	4.6
200	-0.798938	325.731758	0.008246	5.5
201	-0.475513	325.084179	0.003999	5.0
202	-0.890498	324.440023	0.008630	5.0
203	-0.131509	323.799258	0.001531	5.4
204	-0.830295	323.161858	0.008295	5.6
205	-1.139223	322.527792	0.008693	5.3
206	-0.002820	321.897034	0.000420	5.2
207	-0.000000	321.269554	0.000000	6.5
208	-0.000968	320.645325	0.000143	5.6
209	-1.103289	320.024320	0.011568	6.4
210	-0.197763	319.406512	0.004529	7.2
211	-1.257453	318.791875	0.013246	4.7
212	-1.049556	318.180381	0.009838	5.2
213	-0.706849	317.572005	0.006841	5.0
214	-0.206607	316.966721	0.003298	5.7
215	-1.319036	316.364504	0.009025	5.5
216	-0.380145	315.765329	0.002551	5.1
217	-0.000000	315.169170	0.000000	5.5
218	-0.000000	314.576003	0.000000	5.3
219	-1.393956	313.985804	0.016972	5.4
220	-1.245577	313.398548	0.007144	5.8
221	-1.173157	312.814213	0.013663	5.6
222	-0.010241	312.232773	0.000541	4.8
223	-0.000088	311.654207	0.000019	5.6
224	-1.246508	311.078491	0.013231	5.0
225	-0.010093	310.505602	0.001250	5.1
226	-0.000003	309.935518	0.000001	5.6
227	-1.568797	309.368217	0.014406	5.1
228	-0.903677	308.803676	0.011504	5.2
229	-1.474304	308.241874	0.011203	6.1
230	-0.428722	307.682789	0.007336	5.3
231	-1.252651	307.126400	0.011681	4.9
232	-0.281839	306.572687	0.004576	5.6
233	-1.256185	306.021627	0.005500	5.1
234	-0.661485	305.473201	0.005193	5.4
235	-0.532257	304.927388	0.003195	5.4
236	-0.486284	304.384168	0.013942	5.1
237	-0.000000	303.843521	0.000000	4.5
238	-0.000000	303.305427	0.000000	5.3
239	-0.161327	302.769867	0.005124	5.2
240	-0.909312	302.236821	0.013338	5.1
241	-0.017934	301.706270	0.000616	5.4
242	-1.315726	301.178196	0.011361	5.2
243	-0.574188	300.652580	0.007982	4.8
244	-0.918661	300.129402	0.014756	5.5
245	-0.487027	299.608645	0.008135	5.8
246	-0.779067	299.090291	0.011057	5.0
247	-1.198884	298.574321	0.012715	4.7
248	-1.213523	298.060718	0.008791	5.4
249	-0.800387	297.549465	0.006606	5.2
250	-0.087594	297.040543	0.003797	5.4
251	-0.253942	296.533936	0.004250	5.3
252	-1.069772	296.029626	0.010688	4.5
253	-0.434483	295.527597	0.010474	5.6
254	-0.966921	295.027832	0.009397	5.7
255	-0.000016	294.530315	0.000004	5.0
256	-1.242082	294.035028	0.016268	5.5
257	-0.181841	293.541956	0.003951	5.0
258	-0.047471	293.051083	0.001924	5.2
259	-0.876420	292.562393	0.008312	6.1
260	-0.000000	292.075870	0.000000	5.2
261	-1.077538	291.591498	0.004262	5.1
262	-1.072638	291.109263	0.019966	6.1
263	-0.738420	290.629149	0.007972	4.8
264	-1.104270	290.151140	0.006418	4.6
265	-1.281300	289.675222	0.009412	5.4
266	-1.185488	289.201380	0.019546	4.8
267	-0.030322	288.729600	0.001408	5.2
268	-0.904329	288.259866	0.011300	5.1
269	-0.609565	287.792165	0.006538	5.2
270	-0.518590	287.326481	0.010594	4.9
271	-0.816825	286.862802	0.015116	5.2
272	-0.350396	286.401113	0.003389	5.2
273	-0.392169	285.941400	0.006523	4.8
274	-0.952559	285.483649	0.009798	5.8
275	-0.778478	285.027847	0.005052	5.2
276	-0.120482	284.573981	0.002715	5.8
277	-1.268722	284.122037	0.007446	5.6
278	-1.272427	283.672002	0.012348	5.5
279	-0.399687	283.223863	0.003054	4.6
280	-1.507321	282.777607	0.004730	5.6
281	-0.038063	282.333221	0.001472	5.8
282	-0.004618	281.890692	0.000300	5.1
283	-1.157353	281.450008	0.020091	5.6
284	-1.253485	281.011157	0.011685	5.2
285	-1.438805	280.574125	0.010058	5.5
286	-0.510321	280.138901	0.013390	5.3
287	-0.000231	279.705473	0.000034	5.1
288	-0.697003	279.273829	0.017147	4.7
289	-1.138452	278.843956	0.012071	5.7
290	-0.000000	278.415844	0.000000	4.6
291	-0.593768	277.989479	0.005932	5.2
292	-0.577273	277.564851	0.007310	5.2
293	-0.792914	277.141949	0.008759	5.1
294	-1.395952	276.720761	0.005419	5.2
295	-0.087464	276.301275	0.004800	5.8
296	-0.832676	275.883480	0.017311	5.1
297	-0.766564	275.467366	0.005531	5.4
298	-0.674428	275.052922	0.024680	5.4
299	-0.687945	274.640136	0.005840	5.1
300	-0.604059	274.228998	0.013620	5.5
301	-1.259848	273.819497	0.015781	5.5
302	-1.028445	273.411623	0.008816	4.9
303	-1.146026	273.005365	0.011732	5.9
304	-0.049254	272.600712	0.001710	4.7
305	-1.025215	272.197655	0.012406	5.0
306	-1.215252	271.796184	0.014523	5.1
307	-1.379797	271.396287	0.009761	4.4
308	-0.045996	270.997956	0.002444	5.1
309	-1.142670	270.601180	0.008649	4.9
310	-0.000001	270.205949	0.000000	5.9
311	-0.079549	269.812254	0.003339	5.5
312	-0.508827	269.420085	0.012270	5.8
313	-0.216529	269.029432	0.001615	5.9
314	-0.636491	268.640287	0.005232	5.4
315	-0.819173	268.252638	0.013099	6.5
316	-0.914721	267.866478	0.018858	5.7
317	-1.283557	267.481796	0.007585	5.9
318	-1.272962	267.098584	0.017749	5.7
319	-1.230441	266.716833	0.004170	5.4
320	-0.003875	266.336533	0.000405	5.7
321	-0.724155	265.957676	0.011768	5.5
322	-0.000000	265.580253	0.000000	4.7
323	-0.396482	265.204254	0.005882	5.8
324	-0.000000	264.829672	0.000000	5.8
325	-0.828939	264.456497	0.008262	5.6
326	-0.000001	264.084721	0.000000	5.5
327	-1.193123	263.714335	0.014073	5.2
328	-0.452013	263.345332	0.003294	5.3
329	-0.862481	262.977702	0.010941	5.3
330	-0.001523	262.611438	0.000260	5.2
331	-0.719178	262.246531	0.009652	4.6
332	-1.131379	261.882973	0.016499	5.2
333	-0.855989	261.520756	0.008180	4.9
334	-0.000281	261.159871	0.000043	4.9
335	-0.595878	260.800312	0.017185	4.9
336	-0.601798	260.442070	0.010144	6.0
337	-0.853082	260.085137	0.008107	4.9
338	-1.307700	259.729505	0.020427	5.8
339	-0.940059	259.375167	0.009315	6.1
340	-1.420588	259.022116	0.029231	5.2
341	-0.810869	258.670343	0.017100	5.4
342	-0.000000	258.319841	0.000000	5.3
343	-1.338628	257.970602	0.022687	5.3
344	-0.000044	257.622620	0.000010	5.7
345	-0.859326	257.275887	0.012432	5.0
346	-1.158689	256.930396	0.008919	5.2
347	-1.279168	256.586139	0.015946	5.9
348	-0.000000	256.243109	0.000000	5.3
349	-1.461071	255.901300	0.016036	5.2
350	-0.976570	255.560703	0.021379	5.8
351	-1.441485	255.221313	0.008124	4.7
352	-0.519774	254.883122	0.008297	5.7
353	-1.233132	254.546124	0.020523	5.5
354	-1.077534	254.210311	0.005814	5.3
355	-0.003548	253.875677	0.000520	5.4
356	-0.196212	253.542215	0.004387	5.5
357	-1.386648	253.209918	0.008137	5.3
358	-0.684389	252.878781	0.011490	5.2
359	-0.000000	252.548795	0.000000	5.5
360	-0.895615	252.219956	0.009895	4.6
361	-0.728899	251.892255	0.010140	5.2
362	-0.002390	251.565688	0.000323	5.5
363	-1.354440	251.240247	0.018694	5.5
364	-0.281235	250.915926	0.009088	5.1
365	-0.692109	250.592720	0.011483	4.7
366	-0.136321	250.270621	0.004001	5.4
367	-0.972663	249.949624	0.006196	5.4
368	-0.752009	249.629723	0.007962	5.7
369	-1.223390	249.310911	0.014096	5.3
370	-0.000526	248.993182	0.000096	5.1
371	-0.305980	248.676531	0.011130	5.1
372	-0.000000	248.360952	0.000000	4.9
373	-1.125187	248.046438	0.007774	5.2
374	-1.493956	247.732984	0.008517	5.7
375	-1.371770	247.420584	0.014927	5.5
376	-0.684327	247.109233	0.007861	5.1
377	-0.000000	246.798924	0.000000	5.7
378	-1.094157	246.489652	0.003855	4.8
379	-0.000020	246.181412	0.000005	5.3
380	-0.451256	245.874197	0.013534	5.8
381	-1.296485	245.568002	0.009534	5.1
382	-1.580097	245.262822	0.010547	5.0
383	-0.140015	244.958652	0.003797	5.3
384	-1.449416	244.655485	0.017018	5.1
385	-0.609922	244.353317	0.011479	5.3
386	-0.000002	244.052142	0.000001	5.3
387	-0.268038	243.751955	0.005403	5.2
388	-0.007538	243.452750	0.000960	5.4
389	-0.000000	243.154523	0.000000	4.8
390	-0.629136	242.857268	0.009807	4.5
391	-1.435646	242.560980	0.012126	6.4
392	-0.831556	242.265654	0.007216	5.7
393	-0.005363	241.971285	0.000495	5.3
394	-1.235367	241.677868	0.008069	5.7
395	-1.187411	241.385397	0.012838	4.8
396	-0.965656	241.093869	0.009899	5.5
397	-0.000000	240.803278	0.000000	4.9
398	-1.323629	240.513619	0.004871	5.3
399	-0.015699	240.224887	0.000997	5.1
400	-0.129547	239.937077	0.004148	5.4
401	-0.010757	239.650186	0.000612	5.3
402	-0.000000	239.364207	0.000000	6.3
403	-0.304089	239.079136	0.007145	5.5
404	-1.553371	238.794969	0.012959	4.8
405	-1.336152	238.511701	0.014477	5.0
406	-0.484223	238.229327	0.016649	5.2
407	-0.000000	237.947843	0.000000	5.7
408	-0.161050	237.667244	0.005411	6.4
409	-1.385870	237.387526	0.005626	5.7
410	-0.971579	237.108684	0.002808	5.3
411	-0.000000	236.830714	0.000000	6.9
412	-1.322005	236.553610	0.013542	6.3
413	-0.541450	236.277370	0.011729	5.1
414	-1.164484	236.001989	0.011609	5.2
415	-1.446158	235.727461	0.005842	5.4
416	-1.163005	235.453784	0.013960	5.2
417	-0.465585	235.180952	0.007592	5.8
418	-0.483071	234.908962	0.008605	5.1
419	-0.649244	234.637809	0.010383	5.0
420	-1.035330	234.367488	0.010135	5.4
421	-0.868994	234.097997	0.008601	5.5
422	-1.159150	233.829331	0.012792	7.5
423	-1.151950	233.561485	0.010440	5.1
424	-0.745609	233.294456	0.008078	4.9
425	-1.055211	233.028239	0.012918	5.5
426	-0.947324	232.762831	0.015778	5.6
427	-0.000000	232.498228	0.000000	5.5
428	-0.414149	232.234425	0.013604	5.4
429	-1.309329	231.971419	0.011608	5.2
430	-1.023392	231.709205	0.009904	5.3
431	-0.423317	231.447781	0.010967	5.1
432	-1.205011	231.187141	0.017512	5.3
433	-0.082638	230.927283	0.001914	5.1
434	-0.767194	230.668202	0.006107	5.4
435	-0.000000	230.409895	0.000000	5.3
436	-0.027186	230.152358	0.002318	5.4
437	-0.693298	229.895587	0.007694	5.6
438	-1.429772	229.639578	0.014340	5.2
439	-0.852012	229.384329	0.012279	4.8
440	-0.084011	229.129834	0.003116	5.6
441	-1.236618	228.876091	0.012076	5.3
442	-0.000000	228.623096	0.000000	5.1
443	-0.791553	228.370846	0.012284	5.4
444	-0.000171	228.119336	0.000026	5.5
445	-0.000001	227.868563	0.000000	5.0
446	-0.405437	227.618525	0.005253	5.3
447	-1.353955	227.369216	0.012815	5.6
448	-1.123652	227.120635	0.003391	4.8
449	-0.048112	226.872777	0.002085	5.8
450	-0.241043	226.625638	0.003472	5.2
451	-1.056593	226.379217	0.009993	5.3
452	-0.723532	226.133509	0.004436	5.0
453	-0.000000	225.888510	0.000000	5.2
454	-0.029648	225.644218	0.002074	5.1
455	-0.142056	225.400630	0.004573	6.4
456	-1.494926	225.157741	0.009668	4.7
457	-0.523250	224.915549	0.005689	5.3
458	-0.137375	224.674051	0.002283	5.8
459	-1.157949	224.433242	0.009212	5.1
460	-0.703434	224.193121	0.006179	5.4
461	-0.000000	223.953684	0.000000	6.5
462	-0.958910	223.714927	0.020225	5.4
463	-0.918596	223.476848	0.011114	5.5
464	-0.653823	223.239444	0.005806	5.0
465	-0.429585	223.002710	0.010608	5.3
466	-1.344683	222.766645	0.013175	5.2
467	-1.111881	222.531245	0.014063	5.1
468	-1.223699	222.296508	0.015099	4.6
469	-1.219270	222.062429	0.010805	5.2
470	-0.875637	221.829007	0.007989	5.7
471	-1.510973	221.596238	0.011581	5.2
472	-0.599688	221.364119	0.006053	5.3
473	-0.458407	221.132647	0.004280	5.2
474	-1.475906	220.901820	0.009653	5.2
475	0.000000	220.671634	0.000000	5.8
476	-1.403486	220.442086	0.007876	5.6
477	-0.744898	220.213174	0.012080	5.4
478	-0.754235	219.984895	0.004261	5.1
479	-1.045802	219.757246	0.011990	5.5
480	-1.502246	219.530224	0.008738	6.8
481	-0.931253	219.303826	0.006936	6.6
482	-1.236189	219.078050	0.014141	5.0
483	-0.003595	218.852893	0.000499	5.2
484	-1.504249	218.628352	0.015839	5.4
485	-1.221045	218.404424	0.007009	5.5
486	-1.313063	218.181106	0.024297	5.7
487	-1.042632	217.958397	0.009076	5.8
488	-0.029720	217.736292	0.001406	6.1
489	-1.373882	217.514790	0.009021	5.7
490	-0.611721	217.293888	0.010876	5.5
491	-1.304858	217.073584	0.014851	6.4
492	-0.021154	216.853873	0.000594	5.5
493	-0.000000	216.634755	0.000000	5.2
494	-1.459052	216.416227	0.017659	4.6
495	-0.259980	216.198285	0.002581	5.4
496	-0.000000	215.980927	0.000000	5.9
497	-0.704782	215.764151	0.008465	5.1
498	-0.019121	215.547955	0.000874	6.3
499	-0.212022	215.332335	0.005151	5.2
500	-0.746709	215.117289	0.007711	5.0
501	-1.227828	214.902815	0.017726	5.5
502	-1.159020	214.688911	0.012078	5.2
503	-1.234974	214.475573	0.014449	5.1
504	-0.132580	214.262800	0.005193	6.3
505	-1.399991	214.050588	0.011864	5.1
506	-0.650909	213.838936	0.008468	5.6
507	-0.053003	213.627842	0.003427	5.6
508	-0.104408	213.417302	0.001881	5.1
509	-0.799204	213.207314	0.001689	5.4
510	-1.308498	212.997877	0.012636	5.2
511	-0.818928	212.788987	0.020469	5.2
512	-0.105021	212.580642	0.001529	5.5
513	-0.448961	212.372841	0.005386	5.3
514	-0.177784	212.165581	0.003732	5.5
515	-0.000000	211.958859	0.000000	5.1
516	-0.703658	211.752673	0.012636	5.2
517	-1.266357	211.547021	0.010822	5.4
518	-0.711990	211.341902	0.009778	5.5
519	-0.817514	211.137311	0.005837	5.3
520	-1.534543	210.933248	0.011326	5.3
521	-0.151913	210.729710	0.002330	5.5
522	-0.000722	210.526695	0.000108	5.3
523	-1.485070	210.324200	0.011402	5.2
524	-1.588253	210.122224	0.017840	5.6
525	-1.558912	209.920765	0.011523	5.3
526	-0.509046	209.719820	0.011301	5.1
527	-1.203975	209.519387	0.011742	5.2
528	-0.000000	209.319463	0.000000	4.5
529	-1.340773	209.120048	0.013652	5.1
530	-0.606339	208.921139	0.008665	5.6
531	-0.345794	208.722733	0.004513	5.6
532	-1.245576	208.524829	0.004260	5.3
533	-1.133269	208.327425	0.009592	5.8
534	-1.161235	208.130518	0.022515	5.2
535	-0.116058	207.934107	0.003080	5.2
536	-0.000000	207.738189	0.000000	5.7
537	-0.000000	207.542762	0.000000	5.3
538	-0.770141	207.347825	0.009382	5.2
539	-0.165164	207.153376	0.002415	5.7
540	-0.183458	206.959412	0.004608	5.4
541	-0.788625	206.765932	0.008698	5.3
542	-0.055265	206.572933	0.002109	5.1
543	-0.712388	206.380414	0.003757	4.6
544	-0.000000	206.188373	0.000000	5.2
545	-1.378552	205.996807	0.006209	5.2
546	-1.191685	205.805716	0.007865	5.1
547	-0.000000	205.615096	0.000000	5.3
548	-0.439761	205.424946	0.010450	6.0
549	-1.142148	205.235265	0.017030	5.2
550	-0.624819	205.046050	0.006066	4.9
551	-0.766140	204.857299	0.008543	5.3
552	-1.159822	204.669011	0.015438	5.1
553	-1.269892	204.481184	0.020984	5.3
554	-1.454015	204.293816	0.009080	5.3
555	-0.398464	204.106905	0.006253	5.5
556	-0.877593	203.920449	0.007865	5.2
557	-1.124742	203.734447	0.017826	5.5
558	-0.000000	203.548896	0.000000	5.5
559	-0.000000	203.363795	0.000000	4.7
560	-0.546054	203.179143	0.009752	5.4
561	-1.432294	202.994937	0.013585	5.2
562	-0.899696	202.811176	0.025410	5.3
563	-1.028888	202.627857	0.012259	5.8
564	-1.474874	202.444980	0.009598	5.1
565	-0.448629	202.262543	0.004791	5.0
566	-1.495318	202.080543	0.020438	5.7
567	-1.569416	201.898979	0.007604	5.2
568	-0.100880	201.717849	0.004529	5.2
569	-0.934513	201.537153	0.009144	5.6
570	-1.303813	201.356887	0.006219	5.7
571	-0.904099	201.177050	0.011787	5.3
572	-0.069703	200.997642	0.001864	5.3
573	-0.010670	200.818659	0.000555	5.0
574	-0.953748	200.640100	0.010183	5.5
575	-0.000000	200.461965	0.000000	5.3
576	-0.000212	200.284250	0.000038	4.5
577	-0.550394	200.106955	0.005932	5.0
578	-0.835342	199.930078	0.006890	5.9
579	-1.077900	199.753617	0.010778	5.3
580	-0.038544	199.577571	0.001364	5.5
581	-0.000000	199.401938	0.000000	4.6
582	-1.218919	199.226717	0.009355	5.0
583	-1.116888	199.051905	0.009790	5.9
584	-0.150671	198.877502	0.004128	5.5
585	-0.000001	198.703506	0.000000	5.4
586	-1.001798	198.529916	0.009519	5.3
587	-1.578186	198.356729	0.012551	4.9
588	-0.141340	198.183944	0.003804	5.4
589	-0.928292	198.011560	0.002546	5.3
590	-1.260773	197.839576	0.009158	5.5
591	-1.472224	197.667989	0.004076	5.2
592	-0.000000	197.496798	0.000000	5.5
593	-0.009758	197.326002	0.000735	5.4
594	-0.000000	197.155600	0.000000	5.7
595	-0.749560	196.985589	0.007212	5.6
596	-0.000000	196.815969	0.000000	5.5
597	-0.420589	196.646738	0.005951	5.2
598	-1.329923	196.477894	0.014100	5.1
599	-0.233266	196.309436	0.002566	5.5
600	-0.348366	196.141363	0.005429	5.1
601	-0.136520	195.973673	0.001394	5.5
602	-0.706982	195.806365	0.006436	5.7
603	-0.793766	195.639437	0.006914	4.6
604	-1.248981	195.472888	0.010797	5.5
605	-0.986887	195.306717	0.013119	5.2
606	-1.407463	195.140922	0.017161	5.0
607	-0.000000	194.975501	0.000000	5.3
608	-1.205352	194.810454	0.009306	5.0
609	-0.556165	194.645779	0.005535	5.3
610	-1.336352	194.481475	0.014962	5.9
611	-0.399663	194.317540	0.003398	5.4
612	-0.000000	194.153973	0.000000	5.3
613	-0.652135	193.990773	0.006147	5.6
614	-0.803959	193.827938	0.013219	5.3
615	-0.540380	193.665467	0.009063	5.0
616	-0.806002	193.503358	0.004595	5.7
617	-0.000000	193.341611	0.000000	4.8
618	-1.195690	193.180224	0.011269	5.7
619	-0.138009	193.019196	0.003814	5.4
620	-1.119456	192.858525	0.010204	5.2
621	-0.724503	192.698210	0.012372	4.8
622	-0.495241	192.538251	0.009377	5.4
623	-1.527270	192.378644	0.006140	5.2
624	-0.000000	192.219391	0.000000	5.3
625	-1.353782	192.060488	0.011250	5.2
626	-1.485039	191.901935	0.005900	5.1
627	-0.000150	191.743730	0.000020	5.3
628	-1.418461	191.585873	0.020674	5.4
629	-0.359186	191.428362	0.009348	5.5
630	-1.372906	191.271196	0.004193	5.3
631	-0.853178	191.114374	0.014719	5.6
632	-1.083116	190.957893	0.005680	5.5
633	-0.941967	190.801755	0.006434	5.0
634	-1.426092	190.645956	0.007422	5.3
635	-0.671333	190.490495	0.005318	5.5
636	-0.410445	190.335373	0.006706	5.4
637	-0.880907	190.180587	0.015624	5.8
638	-0.343700	190.026136	0.003846	5.2
639	-0.762050	189.872019	0.005901	5.4
640	-0.000035	189.718235	0.000006	5.3
641	-0.927248	189.564782	0.009317	5.2
642	-0.000000	189.411661	0.000000	5.2
643	-1.246684	189.258868	0.011480	6.0
644	-0.000415	189.106404	0.000080	5.1
645	-1.495070	188.954267	0.014236	5.1
646	-0.044233	188.802456	0.002047	5.4
647	-1.067834	188.650969	0.011302	5.2
648	-0.090664	188.499807	0.002889	5.8
649	-0.156307	188.348967	0.005034	4.7
650	-1.546342	188.198448	0.020861	5.1
651	-1.450172	188.048250	0.016426	5.8
652	-1.474342	187.898371	0.014774	5.2
653	-0.016711	187.748810	0.001472	5.2
654	-0.612013	187.599566	0.008862	5.3
655	-0.765903	187.450638	0.006840	5.1
656	-0.709465	187.302025	0.015126	5.1
657	-1.391977	187.153725	0.015990	7.1
658	-0.780173	187.005739	0.004416	5.3
659	-0.834295	186.858064	0.015768	5.2
660	-0.876015	186.710699	0.010212	5.3
661	-0.000004	186.563645	0.000001	5.2
662	-1.016652	186.416898	0.017416	5.7
663	-1.515144	186.270459	0.004024	5.5
664	-1.392269	186.124326	0.011039	5.3
665	-1.326286	185.978499	0.014746	5.4
666	-1.196005	185.832976	0.018644	5.6
667	-1.282007	185.687756	0.018356	5.0
668	-1.558261	185.542838	0.008811	7.6
669	-0.000939	185.398222	0.000186	5.1
670	-0.052029	185.253906	0.002927	5.5
671	-0.102765	185.109889	0.005308	5.4
672	-1.282047	184.966170	0.016317	5.3
673	-0.513447	184.822748	0.005585	5.5
674	-1.100978	184.679623	0.021984	5.2
675	-0.000000	184.536792	0.000000	5.1
676	-0.001056	184.394256	0.000152	5.0
677	-0.594485	184.252013	0.015558	6.2
678	-0.006731	184.110062	0.000482	5.4
679	-0.846562	183.968403	0.007513	5.0
680	-1.353306	183.827034	0.026051	5.4
681	-0.159565	183.685954	0.003533	5.8
682	-1.060366	183.545163	0.005783	5.8
683	-0.247384	183.404658	0.004594	6.6
684	-1.020540	183.264441	0.009894	6.0
685	-1.597702	183.124509	0.014031	5.3
686	-1.187064	182.984861	0.006262	6.2
687	-0.132848	182.845497	0.003390	5.1
688	-0.540093	182.706416	0.011034	5.7
689	-0.635815	182.567616	0.007585	5.1
690	-1.227847	182.429098	0.011821	5.7
691	-0.017121	182.290859	0.001002	6.6
692	-0.002485	182.152899	0.000335	5.6
693	-0.533916	182.015217	0.007403	5.9
694	-0.940716	181.877813	0.007880	5.5
695	-1.145532	181.740684	0.010641	5.2
696	-1.075059	181.603832	0.007385	5.0
697	-0.977907	181.467253	0.018192	5.3
698	-0.000280	181.330948	0.000053	5.1
699	-0.830359	181.194916	0.009591	5.6
700	-0.922298	181.059155	0.012836	5.8
701	-0.008844	180.923666	0.000481	4.9
702	-1.231943	180.788446	0.010133	5.5
703	-0.586010	180.653496	0.025896	5.0
704	-0.918757	180.518814	0.006244	4.7
705	-1.157220	180.384399	0.006848	5.2
706	-0.996894	180.250251	0.005389	4.9
707	-0.424059	180.116369	0.004099	5.9
708	-1.301998	179.982752	0.015808	5.0
709	-1.319914	179.849398	0.014266	5.0
710	-1.551480	179.716308	0.008277	5.6
711	-1.025558	179.583480	0.009795	5.1
712	-0.604229	179.450913	0.008623	5.2
713	-1.106767	179.318607	0.007783	4.6
714	-0.000000	179.186561	0.000000	5.4
715	-0.976026	179.054774	0.012085	5.4
716	-0.908446	178.923245	0.006772	5.0
717	-0.151063	178.791973	0.002480	5.5
718	-1.341084	178.660958	0.002602	8.3
719	-0.652294	178.530199	0.008926	5.0
720	-0.870351	178.399694	0.008325	5.7
721	-0.691149	178.269444	0.006255	5.0
722	-0.706850	178.139447	0.007952	5.1
723	-1.106982	178.009702	0.011795	5.5
724	-1.395018	177.880209	0.010201	5.2
725	-1.077535	177.750967	0.009525	5.3
726	-0.791853	177.621975	0.007293	5.1
727	-0.000000	177.493232	0.000000	5.2
728	-1.158914	177.364738	0.004711	5.0
729	-0.050670	177.236492	0.001641	5.6
730	-0.408907	177.108492	0.008335	5.3
731	-0.000005	176.980739	0.000001	5.0
732	-1.483655	176.853231	0.012529	5.6
733	-1.371164	176.725968	0.013930	5.3
734	-0.859676	176.598949	0.020698	5.4
735	-0.480444	176.472173	0.004710	5.4
736	-0.109732	176.345639	0.002494	5.3
737	-0.455972	176.219348	0.014238	6.0
738	-1.253612	176.093296	0.011192	5.2
739	-0.846074	175.967486	0.007358	5.2
740	-0.786030	175.841914	0.007745	5.7
741	-1.306149	175.716581	0.013917	5.2
742	-0.932642	175.591486	0.020959	4.2
743	-0.077087	175.466629	0.003208	5.6
744	-0.214807	175.342008	0.003022	4.6
745	-0.579646	175.217622	0.008817	5.1
746	-1.163737	175.093472	0.013585	5.5
747	-1.519785	174.969556	0.022025	5.3
748	-1.012378	174.845873	0.021922	5.0
749	-1.075822	174.722423	0.008982	5.8
750	-0.933403	174.599206	0.008004	5.1
751	-1.168964	174.476220	0.010510	5.3
752	-1.198018	174.353464	0.008261	5.5
753	-0.000196	174.230939	0.000035	5.3
754	-0.000000	174.108643	0.000000	5.9
755	-1.545061	173.986576	0.012698	5.9
756	-0.489903	173.864737	0.006391	5.6
757	-0.416162	173.743124	0.011919	5.6
758	-1.395858	173.621739	0.011431	5.3
759	-1.052398	173.500579	0.006869	5.8
760	-0.860302	173.379645	0.005638	6.5
761	-0.676574	173.258935	0.006985	5.4
762	-0.179021	173.138449	0.001267	5.2
763	-0.000364	173.018186	0.000058	5.6
764	-1.080994	172.898146	0.009213	5.2
765	-1.383007	172.778327	0.010779	5.1
766	-0.000001	172.658730	0.000000	5.5
767	-1.344938	172.539353	0.011446	5.7
768	-0.010192	172.420196	0.000474	5.3
769	-1.033112	172.301258	0.012483	5.3
770	-0.744659	172.182539	0.009701	5.3
771	-0.000000	172.064037	0.000000	4.7
772	-1.167262	171.945753	0.005841	5.5
773	-1.439238	171.827686	0.010186	5.1
774	-0.416535	171.709834	0.005761	5.3
775	-0.024205	171.592198	0.001304	5.9
776	-1.372765	171.474776	0.011474	5.1
777	-0.656671	171.357568	0.004022	5.2
778	-0.988691	171.240574	0.005280	6.1
779	-0.071869	171.123793	0.003753	5.1
780	-1.257888	171.007223	0.006475	5.2
781	-0.750794	170.890865	0.006056	5.8
782	-1.128829	170.774718	0.008967	5.3
783	-1.318956	170.658782	0.011421	5.6
784	-0.020874	170.543055	0.001348	5.7
785	-0.350276	170.427537	0.007759	5.2
786	-1.150603	170.312227	0.023933	6.0
787	-1.160287	170.197125	0.009979	5.4
788	-1.047812	170.082231	0.014548	5.0
789	-1.201821	169.967543	0.011343	5.1
790	-1.276918	169.853061	0.016924	5.0
791	-1.122781	169.738784	0.009131	4.9
792	-1.344710	169.624713	0.014481	5.7
793	-0.037865	169.510845	0.001788	4.9
794	-1.212955	169.397181	0.008203	5.8
795	-1.216018	169.283720	0.010592	5.5
796	-0.296794	169.170462	0.005521	5.2
797	-1.148518	169.057405	0.008735	5.4
798	-1.257167	168.944549	0.004902	5.6
799	-0.000065	168.831895	0.000013	5.1
800	-1.049036	168.719440	0.023562	5.0
801	-0.417452	168.607185	0.006602	5.4
802	-1.347122	168.495129	0.020387	5.4
803	-1.153586	168.383271	0.007416	4.9
804	-0.746928	168.271611	0.019612	5.5
805	-0.858083	168.160148	0.008262	5.6
806	-0.809850	168.048882	0.006415	5.6
807	-0.166137	167.937812	0.001513	5.4
808	-1.320647	167.826938	0.009505	5.4
809	-1.245046	167.716258	0.019633	5.0
810	-1.426765	167.605773	0.022314	5.5
811	-1.262081	167.495482	0.012526	5.4
812	-1.486579	167.385384	0.002846	5.1
813	-0.000000	167.275479	0.000000	6.3
814	-0.236300	167.165766	0.006416	5.5
815	-0.587402	167.056245	0.006715	5.3
816	-0.954094	166.946915	0.014313	5.0
817	-1.339500	166.837776	0.008010	5.0
818	-1.245559	166.728826	0.014068	5.0
819	-0.704335	166.620067	0.008793	6.1
820	-0.000000	166.511496	0.000000	5.5
821	-0.000004	166.403113	0.000001	5.3
822	-0.000001	166.294919	0.000000	5.4
823	-0.557892	166.186912	0.010620	5.1
824	-0.477867	166.079091	0.006332	5.7
825	-0.811322	165.971458	0.003720	5.2
826	-0.379012	165.864009	0.004047	5.0
827	-1.122637	165.756747	0.008835	5.4
828	-1.122777	165.649669	0.010697	5.8
829	-1.160271	165.542775	0.007162	5.3
830	-0.997167	165.436065	0.009947	5.3
831	-1.349632	165.329538	0.013763	5.2
832	-0.548505	165.223194	0.011235	6.3
833	-1.236207	165.117032	0.021426	5.3
834	-0.717680	165.011052	0.005502	5.2
835	-0.722591	164.905253	0.013742	5.3
836	-1.024610	164.799635	0.004948	5.4
837	-1.509157	164.694197	0.009390	5.3
838	-1.351896	164.588939	0.018735	4.6
839	-1.207271	164.483859	0.009238	5.2
840	-0.000325	164.378959	0.000061	5.3
841	-0.146031	164.274237	0.009337	5.3
842	-0.756944	164.169692	0.019104	5.0
843	-0.719865	164.065325	0.009541	6.5
844	-1.345934	163.961135	0.008563	5.4
845	-0.000909	163.857120	0.000166	5.6
846	-0.000000	163.753282	0.000000	4.9
847	-1.403047	163.649619	0.014288	5.1
848	-1.080068	163.546130	0.010828	5.7
849	-0.829766	163.442816	0.015749	4.6
850	-0.000162	163.339676	0.000029	5.4
851	-0.505203	163.236709	0.006122	5.5
852	-0.000240	163.133915	0.000044	5.0
853	-0.085887	163.031294	0.003320	4.7
854	-1.306805	162.928844	0.008396	5.5
855	-0.000006	162.826566	0.000002	5.2
856	-0.826869	162.724459	0.004483	5.0
857	-1.234476	162.622523	0.004781	5.3
858	-0.000000	162.520757	0.000000	5.1
859	-0.378280	162.419160	0.002268	5.0
860	-0.065615	162.317733	0.002762	5.7
861	-1.462684	162.216474	0.016717	5.2
862	-1.351394	162.115383	0.010983	5.0
863	-1.019653	162.014461	0.006894	5.1
864	-1.298232	161.913705	0.008473	5.2
865	-0.097965	161.813117	0.001543	5.2
866	-0.906134	161.712695	0.010497	5.5
867	-0.000000	161.612439	0.000000	4.6
868	-0.000000	161.512349	0.000000	5.2
869	-0.050524	161.412424	0.002976	5.7
870	-1.026504	161.312663	0.006326	5.2
871	-0.004704	161.213067	0.000443	5.5
872	-1.257646	161.113635	0.025444	5.4
873	-0.806820	161.014366	0.010333	5.3
874	-0.645479	160.915260	0.009402	4.5
875	-0.708411	160.816316	0.003665	5.4
876	-0.566360	160.717535	0.004922	5.1
877	-0.000000	160.618915	0.000000	5.1
878	-0.337474	160.520456	0.006721	5.5
879	-0.000000	160.422158	0.000000	5.2
880	-0.731935	160.324021	0.008240	5.1
881	-0.027436	160.226043	0.002863	4.8
882	-0.744942	160.128225	0.008395	5.2
883	-1.291378	160.030566	0.007340	5.1
884	-0.000029	159.933066	0.000005	5.2
885	-1.440445	159.835723	0.012860	5.7
886	-1.432750	159.738539	0.010032	4.8
887	-1.507085	159.641512	0.011573	5.7
888	-0.115015	159.544642	0.003110	5.1
889	-1.330496	159.447929	0.015960	5.1
890	-1.119957	159.351372	0.011992	5.7
891	-1.097326	159.254971	0.006724	5.5
892	-0.226186	159.158725	0.004566	5.2
893	-0.004061	159.062634	0.000567	5.3
894	-0.000000	158.966697	0.000000	5.3
895	-1.486731	158.870915	0.018226	5.1
896	-0.670421	158.775286	0.008665	5.8
897	-0.311393	158.679811	0.006441	5.2
898	-0.983948	158.584489	0.007732	5.2
899	-0.972965	158.489319	0.006574	5.5
900	-1.267544	158.394302	0.011018	5.3
901	-0.000000	158.299436	0.000000	5.5
902	-1.462567	158.204721	0.019839	5.6
903	-0.847912	158.110158	0.011933	5.2
904	-0.016164	158.015745	0.000768	5.3
905	-1.075746	157.921482	0.007167	5.2
906	-0.261015	157.827369	0.004133	5.3
907	-0.059372	157.733406	0.001609	5.0
908	-0.768952	157.639591	0.006819	4.6
909	-1.050315	157.545925	0.019987	5.1
910	-0.757321	157.452408	0.005976	5.5
911	-1.258495	157.359038	0.010742	5.9
912	-0.000000	157.265816	0.000000	5.1
913	-1.379656	157.172741	0.013135	4.9
914	-0.108600	157.079813	0.002250	5.5
915	-0.000000	156.987031	0.000000	5.4
916	-0.000327	156.894395	0.000055	5.1
917	-1.500681	156.801904	0.007379	5.8
918	-1.221774	156.709559	0.015953	5.3
919	-0.632689	156.617359	0.010154	5.4
920	-1.349169	156.525304	0.023891	5.6
921	-0.676973	156.433392	0.008721	5.4
922	-0.629015	156.341624	0.007685	6.3
923	-0.000000	156.250000	0.000000	5.1
924	-0.932712	156.158519	0.017816	5.1
925	-0.467040	156.067180	0.010300	5.7
926	-0.000000	155.975984	0.000000	5.2
927	-1.117248	155.884930	0.014189	5.1
928	-0.061329	155.794017	0.002194	5.4
929	-0.737999	155.703246	0.008694	4.8
930	-1.500238	155.612615	0.008028	5.9
931	-0.556628	155.522125	0.011433	5.6
932	-0.634884	155.431775	0.005062	5.0
933	-0.000000	155.341565	0.000000	5.4
934	-1.058737	155.251495	0.018728	5.4
935	-1.384087	155.161563	0.009391	6.0
936	-1.176343	155.071771	0.008962	6.2
937	-1.225611	154.982117	0.012801	5.7
938	-1.047982	154.892601	0.007935	5.1
939	-1.533257	154.803222	0.004603	6.0
940	-0.000000	154.713981	0.000000	5.2
941	-1.420585	154.624878	0.003325	5.3
942	-1.398715	154.535910	0.015000	5.3
943	-0.000019	154.447080	0.000005	4.8
944	-0.661174	154.358385	0.004640	5.4
945	-1.239862	154.269826	0.007055	4.9
946	-0.000000	154.181402	0.000000	5.5
947	-0.950486	154.093114	0.007971	5.1
948	-0.862988	154.004960	0.008803	4.9
949	-0.000008	153.916940	0.000002	6.6
950	-1.444118	153.829054	0.012112	5.1
951	-0.000000	153.741303	0.000000	5.6
952	-0.496676	153.653684	0.015280	5.1
953	-0.847942	153.566198	0.023686	4.6
954	-0.160884	153.478846	0.004424	5.2
955	-1.234194	153.391625	0.006864	5.9
956	-0.549762	153.304537	0.005498	5.3
957	-1.274163	153.217580	0.003861	5.2
958	-1.358144	153.130755	0.015557	5.2
959	-0.000000	153.044061	0.000000	4.9
960	-0.782578	152.957498	0.010431	5.4
961	-0.000046	152.871065	0.000009	4.6
962	-0.004073	152.784762	0.000490	5.1
963	-0.000000	152.698589	0.000000	5.7
964	-0.676263	152.612545	0.014527	5.2
965	-1.229959	152.526631	0.008130	5.1
966	-1.330023	152.440845	0.013310	5.5
967	-0.656518	152.355188	0.005130	5.2
968	-0.821103	152.269660	0.008713	4.8
969	-0.059640	152.184259	0.004920	6.0
970	-1.132167	152.098986	0.014544	5.2
971	-0.000017	152.013840	0.000004	5.3
972	-0.934477	151.928821	0.006659	4.9
973	-0.472044	151.843928	0.006890	5.4
974	-0.000001	151.759163	0.000000	5.0
975	-1.341562	151.674523	0.014259	5.5
976	-1.381848	151.590009	0.009963	5.3
977	-0.000218	151.505620	0.000027	5.3
978	-0.000000	151.421357	0.000000	5.5
979	-1.221729	151.337218	0.013418	5.4
980	-0.048536	151.253204	0.001794	5.1
981	-1.495922	151.169314	0.008867	5.3
982	-1.118057	151.085549	0.006630	5.3
983	-0.888321	151.001907	0.008607	5.3
984	-1.564914	150.918388	0.016217	5.3
985	-0.015145	150.834992	0.000367	5.3
986	-0.000000	150.751719	0.000000	5.1
987	-0.722038	150.668569	0.019018	5.4
988	-1.288738	150.585541	0.011691	5.5
989	-0.732344	150.502634	0.009308	5.3
990	-0.797500	150.419849	0.011157	5.7
991	-1.088132	150.337186	0.003421	5.1
992	-1.169286	150.254644	0.015020	5.2
993	-0.378832	150.172222	0.006871	5.4
994	-1.407789	150.089921	0.014025	4.3
995	-0.637540	150.007740	0.008230	5.1
996	-0.831130	149.925679	0.008614	5.8
997	-0.000002	149.843737	0.000001	5.1
998	-1.344404	149.761915	0.012172	4.7
999	-1.148846	149.680212	0.012993	5.6
1000	-0.805242	149.598627	0.006002	5.0
1001	-0.525566	149.517161	0.005350	5.2
1002	-0.635422	149.435814	0.008151	5.8
1003	-0.000000	149.354584	0.000000	5.2
1004	-1.221224	149.273472	0.015777	5.5
1005	-0.000000	149.192477	0.000000	5.7
1006	-0.000006	149.111599	0.000001	5.1
1007	-0.284251	149.030838	0.002495	5.3
1008	-0.000000	148.950194	0.000000	5.4
1009	-0.576110	148.869666	0.011187	5.2
1010	-1.050105	148.789253	0.006369	4.8
1011	-0.063869	148.708957	0.002196	5.1
1012	-0.734372	148.628776	0.018151	5.2
1013	-0.000845	148.548710	0.000170	6.0
1014	-0.028370	148.468759	0.002296	5.4
1015	-0.000094	148.388923	0.000020	5.1
1016	-1.150949	148.309201	0.007793	5.1
1017	-0.335593	148.229594	0.002736	5.0
1018	-0.427885	148.150100	0.007291	5.3
1019	-1.055270	148.070719	0.005524	5.3
1020	-0.000000	147.991452	0.000000	5.7
1021	-1.149789	147.912298	0.012939	6.1
1022	-0.459832	147.833257	0.013986	6.1
1023	-0.521646	147.754329	0.006526	5.2
1024	-1.373475	147.675512	0.009811	6.2
1025	-1.047310	147.596808	0.016163	5.0
1026	-0.674597	147.518216	0.007281	5.8
1027	-1.258736	147.439735	0.014498	5.3
1028	-0.312770	147.361365	0.007191	4.9
1029	-1.424192	147.283106	0.009296	6.0
1030	-0.023004	147.204958	0.001928	5.2
1031	-0.695251	147.126920	0.008891	5.4
1032	-1.010587	147.048993	0.014242	4.8
1033	-0.792945	146.971175	0.007214	4.7
1034	-1.284082	146.893468	0.007838	5.8
1035	-0.501161	146.815869	0.012723	5.0
1036	-1.181009	146.738380	0.015160	4.3
1037	-0.954948	146.661000	0.014817	5.8
1038	-1.310547	146.583729	0.006830	5.0
1039	-1.406474	146.506566	0.008341	5.2
1040	-0.546211	146.429511	0.019394	5.7
1041	-0.000734	146.352565	0.000120	5.2
1042	-0.000000	146.275726	0.000000	4.6
1043	-1.348592	146.198994	0.012760	5.5
1044	-0.852866	146.122370	0.005983	5.3
1045	-1.033275	146.045853	0.011857	5.0
1046	-1.261360	145.969442	0.020668	5.7
1047	-0.867815	145.893139	0.007890	5.1
1048	-1.394340	145.816941	0.011205	4.9
1049	-1.215884	145.740849	0.015860	5.9
1050	-0.230449	145.664863	0.005257	5.1
1051	-0.942374	145.588983	0.009912	5.2
1052	-1.469175	145.513208	0.015368	5.9
1053	-1.267245	145.437538	0.007674	5.0
1054	-0.883817	145.361973	0.007876	4.9
1055	-0.233457	145.286513	0.004162	5.3
1056	-0.160931	145.211157	0.003328	5.7
1057	-0.187584	145.135905	0.003028	5.0
1058	-0.076825	145.060757	0.001801	6.0
1059	-0.002778	144.985712	0.000489	5.3
1060	-0.001792	144.910771	0.000328	5.1
1061	-0.034678	144.835934	0.001381	5.2
1062	-1.115470	144.761199	0.007709	5.5
1063	-1.285944	144.686567	0.014175	6.1
1064	-1.400598	144.612037	0.016274	6.4
1065	-1.220283	144.537610	0.008291	5.5
1066	-0.056450	144.463285	0.002664	5.1
1067	-1.333552	144.389062	0.024663	5.3
1068	-1.071043	144.314940	0.013428	4.7
1069	-0.661885	144.240920	0.007355	5.2
1070	-0.000651	144.167001	0.000106	5.4
1071	-0.729327	144.093182	0.005247	5.1
1072	-0.645747	144.019465	0.012494	5.6
1073	-1.440632	143.945848	0.004778	5.3
1074	-0.585236	143.872331	0.008856	4.9
1075	-0.000000	143.798914	0.000000	5.6
1076	-0.387240	143.725597	0.004331	5.2
1077	-1.358206	143.652380	0.015645	5.1
1078	-0.021795	143.579262	0.000933	5.6
1079	-0.507273	143.506243	0.009511	5.1
1080	-0.836228	143.433323	0.009655	4.6
1081	-1.503784	143.360502	0.007505	5.5
1082	-0.879950	143.287780	0.009602	5.3
1083	-1.175679	143.215155	0.012106	5.3
1084	-0.121663	143.142629	0.003681	6.5
1085	-1.074036	143.070201	0.009379	5.6
1086	-0.000000	142.997870	0.000000	5.4
1087	-1.019358	142.925637	0.010393	5.8
1088	-1.421035	142.853501	0.012125	5.3
1089	-1.236137	142.781462	0.015726	4.6
1090	-1.354552	142.709519	0.012495	5.2
1091	-1.129957	142.637674	0.011209	5.2
1092	-0.770971	142.565924	0.014410	5.4
1093	-1.521166	142.494271	0.008439	5.3
1094	-0.770315	142.422714	0.007256	5.5
1095	-1.298762	142.351252	0.005571	4.5
1096	-0.826556	142.279886	0.011100	5.2
1097	-0.037978	142.208616	0.001421	4.9
1098	-0.781233	142.137440	0.004431	5.3
1099	-1.281704	142.066360	0.002798	5.6
1100	-0.000000	141.995374	0.000000	5.2
1101	-1.296513	141.924483	0.016289	4.7
1102	-1.177626	141.853685	0.011625	5.6
1103	-0.569033	141.782983	0.013096	5.1
1104	-0.855293	141.712373	0.008356	6.1
1105	-1.604798	141.641858	0.009630	6.2
1106	-0.002952	141.571436	0.000300	5.1
1107	-1.213916	141.501108	0.012070	5.0
1108	-1.100224	141.430872	0.012464	6.3
1109	-1.014389	141.360730	0.007369	5.3
1110	-0.906843	141.290680	0.008713	6.3
1111	-0.951077	141.220722	0.009263	5.4
1112	-0.000000	141.150857	0.000000	5.6
1113	-0.000000	141.081084	0.000000	5.5
1114	-1.269885	141.011403	0.011288	5.6
1115	-0.001750	140.941813	0.000237	5.6
1116	-0.642425	140.872315	0.006410	5.7
1117	-1.127479	140.802909	0.009128	5.0
1118	-1.214138	140.733593	0.028218	5.2
1119	-0.580941	140.664369	0.007102	5.3
1120	-0.005017	140.595235	0.000752	5.1
1121	-1.370349	140.526192	0.011247	5.3
1122	-0.000000	140.457239	0.000000	5.1
1123	-0.452374	140.388376	0.006967	5.1
1124	-0.000000	140.319603	0.000000	5.1
1125	-0.530988	140.250920	0.008655	5.6
1126	-0.005092	140.182326	0.000472	5.3
1127	-0.549487	140.113822	0.013940	5.1
1128	-0.451586	140.045407	0.005567	5.4
1129	-0.938229	139.977081	0.007945	4.7
1130	-0.205816	139.908844	0.006116	5.1
1131	-1.174422	139.840696	0.008336	5.4
1132	-0.909255	139.772635	0.017092	5.2
1133	-0.424632	139.704664	0.007892	5.2
1134	-0.822040	139.636780	0.006660	5.9
1135	-1.330881	139.568984	0.016871	5.3
1136	-0.767624	139.501276	0.009284	5.3
1137	-1.316700	139.433655	0.010053	6.1
1138	-1.382359	139.366122	0.015070	5.1
1139	-1.068277	139.298676	0.019195	5.5
1140	-1.412683	139.231317	0.008391	5.5
1141	-0.991536	139.164045	0.008488	5.3
1142	-1.143071	139.096859	0.009968	5.6
1143	-0.675080	139.029760	0.011398	5.4
1144	-0.000000	138.962747	0.000000	4.7
1145	-1.288529	138.895820	0.011872	5.4
1146	-1.511061	138.828978	0.007694	5.1
1147	-0.943036	138.762223	0.009091	5.0
1148	-1.554132	138.695553	0.011140	5.3
1149	-1.233681	138.628969	0.019749	5.0
1150	-1.500996	138.562469	0.011555	5.1
1151	-1.267019	138.496055	0.006248	5.6
1152	-1.147442	138.429725	0.007132	5.4
1153	-1.351263	138.363481	0.020678	5.4
1154	-0.385604	138.297320	0.008016	5.2
1155	-0.000000	138.231244	0.000000	5.3
1156	-0.000000	138.165252	0.000000	5.3
1157	-0.642629	138.099344	0.006365	5.5
1158	-0.277191	138.033520	0.006021	5.1
1159	-0.118147	137.967779	0.002889	5.3
1160	-1.024060	137.902122	0.006489	5.5
1161	-0.007710	137.836548	0.000728	5.6
1162	-1.645708	137.771057	0.010180	5.5
1163	-1.252069	137.705649	0.016298	5.7
1164	-0.556252	137.640324	0.012584	5.6
1165	-0.898228	137.575081	0.008750	4.4
1166	-1.205528	137.509921	0.012513	5.4
1167	0.000000	137.444842	0.000000	5.0
1168	-1.232440	137.379846	0.011946	5.3
1169	-0.236596	137.314932	0.004675	5.4
1170	-0.000005	137.250100	0.000001	5.3
1171	-1.437623	137.185349	0.007163	4.7
1172	-0.064665	137.120680	0.002317	5.6
1173	-1.217219	137.056092	0.008973	5.6
1174	-0.541157	136.991585	0.012396	5.0
1175	-1.176616	136.927158	0.008237	6.0
1176	-0.813277	136.862813	0.005182	5.1
1177	-0.604238	136.798548	0.012966	5.2
1178	-0.000000	136.734363	0.000000	5.8
1179	-0.028143	136.670259	0.001630	5.1
1180	-0.736510	136.606235	0.007260	5.2
1181	-0.000000	136.542291	0.000000	5.5
1182	-0.000543	136.478426	0.000079	5.0
1183	-0.000000	136.414641	0.000000	5.6
1184	-1.315475	136.350936	0.018892	5.5
1185	-1.086186	136.287310	0.010050	5.0
1186	-0.565967	136.223763	0.007748	5.6
1187	-0.778901	136.160295	0.009394	5.1
1188	-1.012794	136.096905	0.018437	4.7
1189	-0.000000	136.033594	0.000000	5.6
1190	-1.114211	135.970362	0.016251	5.2
1191	-0.832607	135.907208	0.010950	6.8
1192	-1.149271	135.844133	0.005505	5.4
1193	-1.386247	135.781135	0.006779	5.2
1194	-0.944210	135.718215	0.007151	5.4
1195	-1.309678	135.655373	0.010254	5.1
1196	-1.249184	135.592608	0.011991	4.7
1197	-1.003319	135.529921	0.013247	4.6
1198	-0.000000	135.467311	0.000000	5.7
1199	-0.000000	135.404778	0.000000	5.7
1200	-0.000000	135.342322	0.000000	5.0
1201	-0.007899	135.279942	0.000508	5.0
1202	-0.464607	135.217640	0.007309	6.6
1203	-0.506379	135.155413	0.012866	4.6
1204	-0.130098	135.093263	0.001924	4.9
1205	-0.653667	135.031190	0.013350	5.6
1206	-0.782269	134.969192	0.006810	5.3
1207	-1.338662	134.907270	0.009455	5.0
1208	-1.451003	134.845424	0.020367	5.1
1209	-0.655737	134.783653	0.006610	4.9
1210	-0.016324	134.721958	0.000925	5.5
1211	-0.377468	134.660338	0.008562	5.0
1212	-0.028113	134.598793	0.001798	5.3
1213	-0.001701	134.537323	0.000267	5.9
1214	-1.413944	134.475927	0.012707	5.1
1215	-0.259892	134.414607	0.007155	5.2
1216	-0.616861	134.353361	0.004192	5.9
1217	-1.221180	134.292189	0.013474	5.5
1218	-1.323150	134.231092	0.006508	4.7
1219	-1.082608	134.170068	0.008267	6.3
1220	-0.868440	134.109119	0.010257	5.0
1221	-1.412338	134.048243	0.012574	5.2
1222	-1.292434	133.987441	0.011590	5.7
1223	-1.170836	133.926713	0.007126	5.1
1224	-0.819544	133.866057	0.001714	5.5
1225	-1.317945	133.805475	0.006390	5.0
1226	-0.624019	133.744966	0.003578	5.2
1227	-1.209917	133.684530	0.008284	5.2
1228	-1.001957	133.624167	0.003065	5.4
1229	-1.303058	133.563877	0.009178	5.1
1230	-1.411217	133.503658	0.007668	5.3
1231	-1.159801	133.443513	0.022070	5.4
1232	-0.172892	133.383439	0.003455	5.2
1233	-1.027781	133.323437	0.010268	5.6
1234	-1.517496	133.263508	0.014619	5.6
1235	-0.213074	133.203650	0.005589	5.2
1236	-0.345629	133.143864	0.005685	4.6
1237	-0.035873	133.084149	0.001905	5.8
1238	-0.272998	133.024506	0.005729	6.5
1239	-0.847462	132.964934	0.007692	5.3
1240	-1.027534	132.905433	0.013580	5.4
1241	-0.735218	132.846003	0.003123	5.5
1242	-1.463734	132.786643	0.013834	5.0
1243	-0.059384	132.727355	0.002284	5.8
1244	-0.034257	132.668137	0.001618	5.5
1245	-1.417229	132.608989	0.007607	4.8
1246	-0.751477	132.549912	0.007278	5.9
1247	-0.000000	132.490904	0.000000	4.6
1248	-0.259313	132.431967	0.003216	5.3
1249	-1.427186	132.373100	0.011437	6.9
1250	-1.535598	132.314302	0.024341	5.4
1251	-0.000027	132.255574	0.000004	6.4
1252	-1.341610	132.196916	0.006202	5.3
1253	-0.375704	132.138326	0.008013	5.3
1254	-0.451609	132.079806	0.005732	5.8
1255	-1.120038	132.021355	0.009055	5.2
1256	-1.361899	131.962973	0.015556	5.1
1257	-1.343514	131.904660	0.013412	6.3
1258	-1.377651	131.846415	0.008220	5.2
1259	-0.890622	131.788239	0.008423	5.6
1260	-1.289979	131.730131	0.008723	5.4
1261	-1.359316	131.672092	0.010049	5.2
1262	-0.000000	131.614121	0.000000	5.4
1263	-1.065255	131.556217	0.006273	5.3
1264	-0.969456	131.498382	0.012696	5.2
1265	-1.356160	131.440614	0.014060	5.2
1266	-1.002656	131.382914	0.018585	5.4
1267	-1.224937	131.325282	0.012796	4.9
1268	-1.320414	131.267717	0.005776	5.4
1269	-1.367658	131.210219	0.014482	5.1
1270	-0.075902	131.152788	0.002669	5.2
1271	-1.509024	131.095424	0.021374	6.1
1272	-0.901592	131.038127	0.008460	5.1
1273	-1.183644	130.980897	0.012838	4.6
1274	-0.945512	130.923733	0.008561	5.5
1275	-0.122711	130.866636	0.003484	5.3
1276	-1.193533	130.809605	0.012725	5.4
1277	-0.723847	130.752641	0.011005	5.2
1278	-1.293411	130.695742	0.013956	4.6
1279	-0.536326	130.638910	0.010130	5.0
1280	-1.377491	130.582143	0.014763	4.5
1281	-1.241675	130.525442	0.015481	5.5
1282	-1.365061	130.468807	0.012255	5.6
1283	-1.340981	130.412237	0.023461	5.4
1284	-0.451108	130.355733	0.004653	5.3
1285	-1.329649	130.299294	0.007834	4.8
1286	-1.296428	130.242920	0.011827	4.6
1287	-0.897302	130.186611	0.019509	5.4
1288	-0.016507	130.130366	0.000510	5.4
1289	-0.589053	130.074187	0.005970	4.6
1290	-0.005558	130.018072	0.000498	4.9
1291	-0.807657	129.962022	0.009006	5.9
1292	-0.694993	129.906036	0.006752	5.9
1293	-0.550481	129.850114	0.006100	5.6
1294	-0.240003	129.794257	0.005207	5.2
1295	-0.375512	129.738463	0.011086	5.5
1296	-0.098000	129.682734	0.003116	5.5
1297	-1.238788	129.627068	0.007958	5.3
1298	-1.321968	129.571466	0.015720	5.6
1299	-0.694835	129.515927	0.009792	5.4
1300	-0.603038	129.460452	0.007745	5.1
1301	-1.132523	129.405040	0.018790	4.8
1302	-0.000388	129.349692	0.000086	5.4
1303	-0.000000	129.294406	0.000000	5.2
1304	-0.000193	129.239183	0.000034	6.0
1305	-1.193240	129.184024	0.004855	5.1
1306	-0.211316	129.128927	0.004916	4.7
1307	-0.000000	129.073892	0.000000	5.1
1308	-1.496610	129.018921	0.012487	5.5
1309	-0.332008	128.964011	0.004538	5.3
1310	-1.112512	128.909164	0.013490	5.1
1311	-0.936786	128.854379	0.011034	5.3
1312	-0.000000	128.799656	0.000000	5.3
1313	-1.507940	128.744995	0.022318	5.0
1314	-1.232645	128.690396	0.015275	5.2
1315	-1.269530	128.635858	0.009522	5.2
1316	-0.403580	128.581382	0.005929	5.3
1317	-1.163107	128.526968	0.011062	5.3
1318	-0.065716	128.472615	0.001848	5.4
1319	-1.211336	128.418323	0.011728	5.5
1320	-0.000000	128.364092	0.000000	5.1
1321	-0.000000	128.309922	0.000000	5.4
1322	-1.417489	128.255814	0.012158	5.6
1323	-1.089590	128.201766	0.020051	5.2
1324	-1.362059	128.147778	0.009326	4.9
1325	-1.108491	128.093852	0.006143	5.4
1326	-1.008483	128.039985	0.003485	5.4
1327	-0.801418	127.986180	0.009393	5.6
1328	-1.219036	127.932434	0.006644	5.3
1329	-0.593434	127.878749	0.004327	5.3
1330	-0.639967	127.825123	0.007963	5.1
1331	-0.000000	127.771558	0.000000	5.3
1332	-0.299028	127.718052	0.008503	5.2
1333	-0.731632	127.664606	0.012083	5.0
1334	-0.099738	127.611220	0.001959	5.2
1335	-1.193480	127.557893	0.012065	5.1
1336	-1.289667	127.504625	0.009564	5.3
1337	-1.464464	127.451417	0.008028	5.1
1338	-1.025382	127.398268	0.015570	5.2
1339	-1.007297	127.345178	0.003861	4.5
1340	-0.929437	127.292147	0.003964	5.3
1341	-0.757761	127.239175	0.009732	5.7
1342	-1.459058	127.186261	0.017428	4.7
1343	-0.528006	127.133407	0.013590	5.4
1344	-0.880005	127.080610	0.013475	5.5
1345	-0.322051	127.027872	0.005761	5.1
1346	-0.534267	126.975193	0.006847	5.5
1347	-1.226567	126.922572	0.009756	5.6
1348	-1.459694	126.870008	0.011890	5.2
1349	-0.725448	126.817503	0.006757	6.1
1350	-0.000001	126.765056	0.000000	5.2
1351	0.000000	126.712667	0.000000	4.5
1352	-0.801905	126.660335	0.009881	6.8
1353	-0.095455	126.608061	0.002225	5.0
1354	-0.000000	126.555844	0.000000	4.5
1355	-0.834578	126.503685	0.006256	5.9
1356	-0.874453	126.451583	0.011133	5.3
1357	-0.455494	126.399538	0.006838	5.2
1358	-1.055025	126.347550	0.003581	5.5
1359	-0.000538	126.295619	0.000098	5.0
1360	-0.755665	126.243745	0.009040	5.3
1361	-0.000095	126.191928	0.000025	5.0
1362	-0.132108	126.140168	0.005629	5.0
1363	-1.010988	126.088464	0.013448	4.9
1364	-0.767145	126.036817	0.004578	5.5
1365	-1.019612	125.985226	0.011277	4.5
1366	-1.605533	125.933691	0.005160	5.2
1367	-0.961377	125.882212	0.009504	5.2
1368	-0.468917	125.830790	0.005394	5.3
1369	-0.000017	125.779423	0.000004	5.2
1370	-1.353405	125.728113	0.010844	6.2
1371	-0.183750	125.676858	0.002175	5.2
1372	-0.000003	125.625659	0.000001	5.1
1373	-0.740451	125.574515	0.010524	5.5
1374	-0.000000	125.523427	0.000000	5.5
1375	-0.605852	125.472394	0.004483	4.8
1376	-1.056630	125.421417	0.006083	5.3
1377	-1.557093	125.370495	0.009572	5.5
1378	-1.307583	125.319628	0.015776	4.6
1379	-0.429469	125.268815	0.007729	5.3
1380	-1.299549	125.218058	0.020429	5.3
1381	-1.015830	125.167356	0.006734	5.4
1382	-1.219287	125.116708	0.016379	6.7
1383	-1.376453	125.066115	0.020809	5.3
1384	-0.000108	125.015576	0.000021	5.2
1385	-1.499417	124.965092	0.014362	5.2
1386	-1.457678	124.914662	0.011901	5.6
1387	-0.598315	124.864287	0.010511	5.3
1388	-0.194576	124.813965	0.005216	5.8
1389	-0.000012	124.763698	0.000003	5.4
1390	-0.374218	124.713485	0.007984	6.0
1391	-1.071676	124.663325	0.010114	5.3
1392	-0.453774	124.613219	0.007830	5.3
1393	-0.481874	124.563167	0.003587	5.8
1394	-1.389590	124.513168	0.005640	5.3
1395	-0.002644	124.463223	0.000269	5.1
1396	-1.622886	124.413332	0.004885	5.5
1397	-1.100294	124.363493	0.010585	5.6
1398	-0.753459	124.313708	0.026417	4.9
1399	-0.520090	124.263976	0.014803	5.1
1400	-0.000000	124.214297	0.000000	5.2
1401	-1.525333	124.164671	0.007567	4.6
1402	-1.314736	124.115097	0.007467	5.5
1403	-1.009892	124.065577	0.008505	5.3
1404	-0.509667	124.016109	0.007746	5.1
1405	-1.272137	123.966693	0.008522	6.3
1406	-1.168541	123.917330	0.005355	5.1
1407	-0.108948	123.868020	0.002958	5.4
1408	-1.421776	123.818762	0.013893	5.6
1409	-1.284825	123.769556	0.015479	5.7
1410	-0.000322	123.720402	0.000061	4.9
1411	-0.657456	123.671300	0.004994	4.7
1412	-1.115270	123.622250	0.011683	5.1
1413	-0.538560	123.573252	0.016068	5.0
1414	-1.299766	123.524305	0.018243	5.4
1415	-0.780084	123.475411	0.014978	5.2
1416	-0.024080	123.426568	0.002498	5.6
1417	-0.318930	123.377776	0.005141	5.8
1418	-0.225661	123.329036	0.005533	4.7
1419	-0.107577	123.280347	0.002424	5.1
1420	-0.373492	123.231709	0.005679	6.1
1421	-1.460436	123.183122	0.011346	5.0
1422	-0.349560	123.134587	0.007319	5.2
1423	-0.129981	123.086102	0.002333	5.7
1424	-0.429144	123.037669	0.008546	5.5
1425	-0.601329	122.989286	0.005250	5.7
1426	-1.413254	122.940954	0.008617	5.5
1427	-1.415788	122.892672	0.008995	5.1
1428	-0.018405	122.844441	0.001737	6.6
1429	-0.721720	122.796261	0.008795	5.5
1430	-0.000000	122.748130	0.000000	6.1
1431	-0.744429	122.700050	0.010873	5.8
1432	-1.168413	122.652021	0.006053	5.8
1433	-0.707241	122.604041	0.005661	5.5
1434	-0.000000	122.556111	0.000000	6.1
1435	-1.328819	122.508232	0.018945	5.0
1436	-0.372017	122.460402	0.004761	5.4
1437	-0.000000	122.412622	0.000000	6.2
1438	-1.047229	122.364891	0.008180	5.4
1439	-0.859559	122.317210	0.010548	5.3
1440	-0.000000	122.269579	0.000000	5.9
1441	-1.271648	122.221997	0.009655	5.0
1442	-0.787456	122.174465	0.005567	5.4
1443	0.000000	122.126981	0.000000	5.3
1444	-1.327418	122.079547	0.017886	5.2
1445	-1.131610	122.032162	0.004780	4.8
1446	-1.548016	121.984826	0.014954	5.4
1447	-0.005208	121.937539	0.000631	4.7
1448	-0.135486	121.890301	0.002270	5.5
1449	-0.844895	121.843112	0.018707	5.7
1450	-1.075789	121.795971	0.008464	4.7
1451	-0.073730	121.748879	0.002189	5.2
1452	-0.016762	121.701835	0.001351	5.2
1453	-1.349589	121.654840	0.014865	5.1
1454	-1.034927	121.607893	0.014629	5.6
1455	-0.341234	121.560994	0.004294	5.2
1456	-1.248363	121.514144	0.011939	5.4
1457	-0.000258	121.467342	0.000053	5.6
1458	-1.407498	121.420588	0.011530	5.1
1459	-0.000064	121.373882	0.000014	5.2
1460	-1.266646	121.327223	0.011451	6.7
1461	-0.509555	121.280613	0.006796	5.4
1462	-1.398219	121.234050	0.017121	6.0
1463	-1.301424	121.187535	0.022070	5.7
1464	-1.041193	121.141067	0.010004	5.3
1465	-0.799930	121.094647	0.011029	4.9
1466	-0.000000	121.048274	0.000000	5.3
1467	-0.159006	121.001949	0.002030	5.7
1468	-0.926303	120.955671	0.007269	5.6
1469	-1.052101	120.909440	0.011420	5.5
1470	-0.100763	120.863256	0.002878	5.2
1471	-1.000642	120.817119	0.007852	5.5
1472	-1.447878	120.771029	0.019837	5.6
1473	-0.728529	120.724986	0.010102	5.3
1474	-1.380385	120.678990	0.011206	5.7
1475	-0.000000	120.633040	0.000000	5.3
1476	-0.882550	120.587137	0.008351	5.2
1477	-1.216306	120.541281	0.011337	5.4
1478	-1.368589	120.495471	0.020762	4.9
1479	-0.645715	120.449707	0.010063	5.2
1480	-1.027614	120.403990	0.010405	6.1
1481	-1.086926	120.358319	0.002888	5.3
1482	-0.000000	120.312694	0.000000	5.0
1483	-1.382567	120.267115	0.014814	5.9
1484	-0.001955	120.221582	0.000248	5.1
1485	-0.002107	120.176096	0.000316	4.9
1486	-1.086007	120.130655	0.024005	5.9
1487	-1.289624	120.085260	0.009151	5.1
1488	-1.342438	120.039910	0.008819	5.8
1489	-1.470994	119.994606	0.012009	5.2
1490	-1.261043	119.949348	0.014786	5.1
1491	-0.186350	119.904135	0.004623	5.4
1492	-0.000059	119.858968	0.000012	4.9
1493	-0.501701	119.813846	0.008555	5.1
1494	-1.412182	119.768769	0.007166	5.4
1495	-1.079795	119.723738	0.012695	4.4
1496	-1.137893	119.678752	0.011045	5.2
1497	-0.517983	119.633810	0.004817	5.1
1498	-1.269572	119.588914	0.008189	5.2
1499	-0.557642	119.544062	0.008070	5.0
1500	-1.033154	119.499256	0.014019	5.0
1501	-0.003592	119.454494	0.000339	5.1
1502	-1.038053	119.409777	0.010444	5.1
1503	-0.553540	119.365104	0.004344	5.5
1504	-1.124767	119.320476	0.016002	5.0
1505	-0.953225	119.275893	0.004314	4.9
1506	-0.000000	119.231353	0.000000	4.9
1507	-0.666896	119.186859	0.015376	5.3
1508	-1.013959	119.142408	0.009620	5.5
1509	-1.181316	119.098002	0.014303	5.0
1510	-0.000000	119.053639	0.000000	5.2
1511	-1.513395	119.009321	0.014388	5.2
1512	-1.424211	118.965047	0.011620	5.4
1513	-1.148022	118.920816	0.016956	5.2
1514	-0.000000	118.876630	0.000000	5.4
1515	-1.041776	118.832487	0.009635	4.5
1516	-0.516772	118.788388	0.005452	5.5
1517	-0.541445	118.744332	0.011642	5.2
1518	-1.410976	118.700320	0.012341	5.1
1519	-1.120433	118.656352	0.009648	5.4
1520	-0.984982	118.612427	0.021377	5.2
1521	-1.242445	118.568545	0.015520	5.3
1522	-0.032265	118.524706	0.001527	5.7
1523	-1.389733	118.480911	0.006622	5.1
1524	-1.167356	118.437159	0.012751	4.9
1525	-1.265883	118.393450	0.008081	5.9
1526	-1.050497	118.349784	0.011170	5.3
1527	-1.171265	118.306160	0.013790	5.2
1528	-0.517754	118.262580	0.008536	5.4
1529	-1.410309	118.219042	0.015654	5.1
1530	-0.437145	118.175548	0.004349	5.0
1531	-1.438638	118.132095	0.017437	5.5
1532	-1.338248	118.088686	0.011601	4.6
1533	-1.416059	118.045319	0.015731	5.6
1534	-1.232146	118.001994	0.013833	5.5
1535	-0.007914	117.958712	0.000891	5.6
1536	-1.249603	117.915472	0.011017	4.9
1537	-1.146426	117.872274	0.011186	5.3
1538	-0.032455	117.829118	0.001225	5.4
1539	-0.587973	117.786005	0.004453	5.2
1540	-0.963710	117.742933	0.012909	5.8
1541	-0.993642	117.699904	0.012718	5.5
1542	-1.334276	117.656916	0.009060	4.8
1543	-0.222818	117.613971	0.005204	5.7
1544	-1.347641	117.571067	0.010646	5.1
1545	-1.024972	117.528205	0.010577	5.0
1546	-0.452288	117.485384	0.006931	4.9
1547	-1.302039	117.442605	0.019012	4.5
1548	-0.000605	117.399867	0.000123	5.3
1549	-1.389928	117.357171	0.021918	6.7
1550	-0.659716	117.314517	0.005988	4.9
1551	-0.993784	117.271903	0.013742	5.2
1552	-1.055098	117.229331	0.018651	7.3
1553	-0.002868	117.186800	0.000366	5.2
1554	-1.319671	117.144311	0.007749	5.4
1555	-0.038124	117.101862	0.001560	5.1
1556	-1.237199	117.059454	0.015712	5.0
1557	-1.269088	117.017087	0.012579	6.6
1558	-0.801789	116.974762	0.008127	5.4
1559	-0.213177	116.932476	0.004684	7.5
1560	-0.644663	116.890232	0.017306	6.0
1561	-0.685684	116.848028	0.006940	4.6
1562	-0.000002	116.805865	0.000000	5.7
1563	-0.260772	116.763743	0.002846	5.7
1564	-0.230525	116.721661	0.003530	5.1
1565	-0.241532	116.679619	0.002754	5.4
1566	-0.578281	116.637618	0.008172	5.6
1567	-0.506106	116.595657	0.011398	5.8
1568	-1.323686	116.553736	0.010159	5.6
1569	-1.346983	116.511855	0.022378	5.4
1570	-1.451077	116.470015	0.019077	4.7
1571	-0.000000	116.428214	0.000000	5.6
1572	-1.379324	116.386454	0.012700	5.1
1573	-0.699208	116.344733	0.004353	5.0
1574	-1.000810	116.303052	0.008796	5.5
1575	-1.286898	116.261412	0.012798	5.1
1576	-0.085552	116.219810	0.001723	5.1
1577	-1.020571	116.178249	0.015468	5.0
1578	-0.000022	116.136727	0.000005	5.4
1579	-0.269273	116.095245	0.005128	4.9
1580	-0.646604	116.053802	0.005855	5.7
1581	-0.661167	116.012398	0.010724	4.9
1582	-1.443231	115.971034	0.017645	5.3
1583	-1.409058	115.929710	0.011495	5.9
1584	-1.397550	115.888424	0.007551	5.3
1585	-1.322930	115.847178	0.010849	5.3
1586	-0.288742	115.805970	0.005947	5.6
1587	-0.000000	115.764802	0.000000	5.1
1588	-0.000000	115.723673	0.000000	5.1
1589	-0.781589	115.682583	0.015921	5.9
1590	-0.436332	115.641532	0.005087	5.3
1591	-0.921866	115.600519	0.009559	5.6
1592	-1.566571	115.559546	0.009500	5.2
1593	-0.001051	115.518610	0.000155	5.1
1594	-0.908791	115.477714	0.018212	5.8
1595	-1.281670	115.436856	0.007856	5.0
1596	-0.853912	115.396037	0.010867	5.4
1597	-0.117823	115.355256	0.004711	5.4
1598	-0.273889	115.314514	0.004336	5.4
1599	-1.506198	115.273810	0.005954	5.1
1600	-0.000000	115.233144	0.000000	4.9
1601	-0.117896	115.192517	0.002360	5.0
1602	-1.237000	115.151927	0.012809	5.0
1603	-0.000000	115.111376	0.000000	5.0
1604	-1.236207	115.070863	0.012090	5.6
1605	-1.636582	115.030388	0.003946	5.1
1606	-0.000004	114.989951	0.000001	5.1
1607	-0.909724	114.949551	0.010723	5.5
1608	-0.350315	114.909190	0.004491	5.1
1609	-1.052556	114.868866	0.008636	5.5
1610	-1.524587	114.828580	0.011750	4.8
1611	-0.842003	114.788332	0.017336	4.5
1612	-1.202567	114.748121	0.013649	5.4
1613	-1.355116	114.707948	0.017299	5.4
1614	-1.308373	114.667812	0.003469	5.1
1615	-0.358993	114.627714	0.008053	4.9
1616	-1.173266	114.587653	0.007749	5.2
1617	-1.338005	114.547629	0.012757	5.3
1618	-0.403445	114.507643	0.004051	5.1
1619	-1.157093	114.467693	0.012717	5.7
1620	-0.000000	114.427781	0.000000	6.2
1621	-0.000600	114.387907	0.000081	6.2
1622	-1.463045	114.348069	0.004832	5.5
1623	-1.346809	114.308268	0.011881	5.4
1624	-1.456923	114.268504	0.016709	5.9
1625	-0.631763	114.228777	0.009730	5.2
1626	-1.476747	114.189086	0.011117	5.2
1627	-1.467865	114.149433	0.012291	4.5
1628	-0.997794	114.109816	0.006393	4.9
1629	-0.003838	114.070235	0.000548	5.5
1630	-1.078102	114.030692	0.016468	5.4
1631	-0.000000	113.991185	0.000000	5.2
1632	-0.483100	113.951714	0.005466	5.3
1633	-0.703525	113.912280	0.010068	5.4
1634	-0.125998	113.872882	0.002632	5.7
1635	-1.017535	113.833521	0.008756	5.5
1636	-0.000000	113.794195	0.000000	5.4
1637	-0.341075	113.754906	0.004476	5.2
1638	-1.202473	113.715653	0.005762	5.3
1639	-0.653296	113.676437	0.014298	4.6
1640	-1.243513	113.637256	0.018284	5.4
1641	-1.356734	113.598111	0.010529	5.4
1642	-0.000002	113.559002	0.000001	5.6
1643	-0.000010	113.519929	0.000002	4.8
1644	-1.377736	113.480892	0.020910	4.6
1645	-0.905518	113.441891	0.019004	5.6
1646	-1.324428	113.402925	0.010041	5.3
1647	-0.000075	113.363995	0.000016	5.8
1648	-0.758632	113.325101	0.007490	5.7
1649	-1.200890	113.286242	0.019582	5.4
1650	-0.936145	113.247419	0.007380	5.4
1651	-1.294498	113.208631	0.023998	4.8
1652	-1.529852	113.169879	0.019451	5.2
1653	-1.279616	113.131162	0.016105	5.0
1654	-0.567026	113.092480	0.005360	5.2
1655	-0.783372	113.053833	0.009380	5.0
1656	-0.755938	113.015222	0.008441	5.5
1657	-0.673289	112.976646	0.007729	5.2
1658	-0.679361	112.938105	0.009552	5.3
1659	-1.183242	112.899599	0.014864	5.4
1660	-1.314692	112.861128	0.010190	5.2
1661	-0.028697	112.822692	0.001142	5.2
1662	-0.017549	112.784291	0.000447	5.4
1663	-0.000000	112.745924	0.000000	5.2
1664	-1.366625	112.707593	0.005989	4.6
1665	-0.407463	112.669296	0.004420	5.8
1666	-1.148737	112.631034	0.008897	5.4
1667	-1.044490	112.592806	0.013188	5.1
1668	-1.309865	112.554613	0.011970	5.5
1669	-0.000009	112.516455	0.000002	4.8
1670	-0.342436	112.478331	0.004885	5.3
1671	-0.048233	112.440241	0.001746	5.6
1672	-1.236746	112.402186	0.022736	5.2
1673	-0.000089	112.364165	0.000020	5.8
1674	-0.000000	112.326179	0.000000	5.2
1675	-1.464403	112.288227	0.012216	5.0
1676	-1.300776	112.250309	0.006218	5.5
1677	-0.898028	112.212425	0.008989	5.2
1678	-1.520307	112.174575	0.011712	5.0
1679	-0.331758	112.136759	0.003966	5.1
1680	-1.062131	112.098977	0.013366	5.7
1681	-1.000431	112.061229	0.005598	5.3
1682	-0.587914	112.023515	0.008582	5.0
1683	-0.000000	111.985834	0.000000	5.4
1684	-0.496955	111.948188	0.005439	5.7
1685	-1.308806	111.910575	0.007114	5.3
1686	-1.116402	111.872996	0.008673	6.0
1687	-1.073893	111.835450	0.008549	5.2
1688	-1.201006	111.797939	0.006479	5.1
1689	-0.414091	111.760460	0.003940	5.2
1690	-0.000000	111.723015	0.000000	4.7
1691	-0.479639	111.685604	0.003412	5.5
1692	-0.081278	111.648226	0.001836	4.9
1693	-0.000884	111.610881	0.000123	5.2
1694	-1.452723	111.573570	0.008789	4.9
1695	-0.316380	111.536292	0.003617	5.9
1696	-0.684296	111.499047	0.006623	5.1
1697	-1.281326	111.461835	0.017846	5.5
1698	-0.000005	111.424656	0.000001	5.2
1699	-0.005332	111.387510	0.000788	5.1
1700	-0.468793	111.350398	0.007972	5.4
1701	-1.214615	111.313318	0.005772	5.5
1702	-0.267821	111.276271	0.002535	5.1
1703	-0.009959	111.239257	0.000598	5.3
1704	-0.378161	111.202276	0.004845	4.1
1705	-1.256294	111.165328	0.011901	5.3
1706	-1.345522	111.128412	0.014525	4.8
1707	-1.135978	111.091529	0.008629	4.6
1708	-0.702872	111.054679	0.008312	5.4
1709	-1.270706	111.017861	0.014031	5.6
1710	-0.688258	110.981076	0.007487	5.3
1711	-1.534942	110.944323	0.006550	5.0
1712	-0.000000	110.907603	0.000000	5.8
1713	-0.000000	110.870915	0.000000	5.2
1714	-0.457765	110.834259	0.008687	5.3
1715	-1.444763	110.797636	0.009013	5.7
1716	-0.000000	110.761045	0.000000	5.3
1717	-1.010445	110.724486	0.016370	4.8
1718	-1.387924	110.687959	0.008866	4.9
1719	-0.921413	110.651465	0.010195	5.2
1720	-0.904464	110.615002	0.008094	5.8
1721	-0.567071	110.578572	0.012922	5.4
1722	-1.297705	110.542173	0.017016	5.3
1723	-0.000000	110.505807	0.000000	5.2
1724	-0.720120	110.469472	0.009606	5.6
1725	-0.024810	110.433169	0.002135	5.2
1726	-1.360562	110.396898	0.007092	5.3
1727	-0.646517	110.360659	0.010653	5.1
1728	-0.011233	110.324451	0.000585	5.6
1729	-1.423870	110.288276	0.006120	5.2
1730	-0.273253	110.252131	0.005927	5.8
1731	-0.535460	110.216019	0.016373	5.4
1732	-0.502165	110.179937	0.009661	5.2
1733	-1.242894	110.143888	0.005296	5.3
1734	-0.766526	110.107869	0.017114	6.2
1735	-1.515743	110.071882	0.011804	5.3
1736	-0.627609	110.035927	0.005925	5.8
1737	-0.343047	110.000003	0.004542	6.4
1738	-0.524939	109.964110	0.006383	5.2
1739	-1.288483	109.928248	0.004461	5.3
1740	-1.336440	109.892417	0.013538	4.8
1741	-0.968452	109.856618	0.006254	5.5
1742	-0.945733	109.820850	0.007142	5.4
1743	-1.148192	109.785112	0.017013	5.2
1744	-0.941277	109.749406	0.017463	5.8
1745	-0.872416	109.713730	0.010631	5.1
1746	-1.414526	109.678086	0.007957	4.6
1747	-0.016408	109.642472	0.000706	5.6
1748	-1.268109	109.606890	0.012927	5.3
1749	-0.500074	109.571337	0.006014	5.4
1750	-0.646330	109.535816	0.015323	5.8
1751	-0.000000	109.500326	0.000000	4.6
1752	-0.468559	109.464866	0.005576	5.1
1753	-0.000000	109.429436	0.000000	5.8
1754	-0.000494	109.394038	0.000102	6.4
1755	-1.236374	109.358669	0.010071	5.3
1756	-0.989452	109.323331	0.011892	5.7
1757	-1.406164	109.288024	0.009019	5.3
1758	-0.000317	109.252747	0.000066	5.2
1759	-0.780143	109.217501	0.011489	5.5
1760	-1.507300	109.182284	0.009446	4.9
1761	-0.647206	109.147098	0.008091	5.2
1762	-1.347092	109.111942	0.008395	5.9
1763	-0.000049	109.076817	0.000012	5.3
1764	-0.395424	109.041721	0.007913	5.7
1765	-1.477370	109.006656	0.017203	5.4
1766	-1.230208	108.971620	0.009464	5.2
1767	-1.126963	108.936615	0.008222	5.7
1768	-0.791276	108.901640	0.013769	5.2
1769	-1.360297	108.866694	0.010316	5.5
1770	-1.467407	108.831779	0.014031	5.5
1771	-1.233577	108.796893	0.008802	5.2
1772	-1.369613	108.762037	0.012685	5.4
1773	-0.000000	108.727211	0.000000	5.5
1774	-0.249957	108.692415	0.006672	5.5
1775	-0.000000	108.657648	0.000000	4.8
1776	-0.000000	108.622911	0.000000	5.4
1777	-0.616794	108.588203	0.007013	5.4
1778	-1.433489	108.553525	0.012964	5.2
1779	-0.667422	108.518877	0.008454	5.6
1780	-0.064671	108.484258	0.002980	8.5
1781	-0.744016	108.449668	0.013981	5.7
1782	-0.483035	108.415108	0.005169	5.6
1783	-1.343828	108.380578	0.007591	5.4
1784	-0.762008	108.346076	0.004545	5.1
1785	-0.022315	108.311604	0.001323	5.2
1786	-1.387621	108.277161	0.019799	5.3
1787	-1.498138	108.242747	0.013323	5.5
1788	-0.873634	108.208363	0.006294	5.0
1789	-1.357542	108.174007	0.012882	5.3
1790	-1.077264	108.139681	0.007617	5.8
1791	-0.183392	108.105383	0.003709	6.3
1792	-0.742227	108.071115	0.013844	5.2
1793	-0.483972	108.036875	0.006935	6.7
1794	-0.000001	108.002665	0.000000	5.4
1795	-0.520308	107.968483	0.011662	6.5
1796	-0.000805	107.934330	0.000123	5.5
1797	-0.000000	107.900206	0.000000	5.5
1798	-0.155385	107.866111	0.002337	5.1
1799	-0.284399	107.832044	0.003112	5.8
1800	-1.293246	107.798007	0.012355	5.0
1801	-1.390581	107.763997	0.009931	6.2
1802	-0.809171	107.730017	0.009490	4.7
1803	-0.166080	107.696065	0.002590	5.4
1804	-0.000002	107.662141	0.000001	5.0
1805	-1.127177	107.628246	0.010212	5.6
1806	-1.200919	107.594379	0.006052	5.7
1807	-0.730449	107.560541	0.006949	5.7
1808	-1.471593	107.526731	0.009788	5.4
1809	-1.205923	107.492949	0.006106	5.2
1810	-0.976062	107.459196	0.009363	5.9
1811	-0.000679	107.425471	0.000118	6.2
1812	-0.000078	107.391774	0.000012	5.6
1813	-1.322681	107.358106	0.015818	5.9
1814	-0.206439	107.324465	0.002544	5.1
1815	-1.039240	107.290853	0.008106	5.5
1816	-0.289837	107.257268	0.003144	5.9
1817	-0.699664	107.223712	0.008338	5.3
1818	-1.454036	107.190184	0.009568	5.1
1819	-0.000679	107.156683	0.000078	5.3
1820	-0.028695	107.123211	0.000578	5.0
1821	-0.977725	107.089766	0.008224	5.3
1822	-1.320506	107.056349	0.005190	4.9
1823	-1.354125	107.022960	0.014212	6.1
1824	-1.081292	106.989599	0.012140	5.6
1825	-0.902110	106.956265	0.005595	5.3
1826	-1.341787	106.922960	0.016326	4.6
1827	-1.269567	106.889681	0.015515	5.2
1828	-1.178882	106.856431	0.006372	5.6
1829	-0.033620	106.823208	0.002634	5.4
1830	-0.895742	106.790012	0.008400	5.7
1831	-0.490968	106.756844	0.005395	4.7
1832	-1.323240	106.723703	0.010610	5.1
1833	-0.042996	106.690590	0.001457	5.4
1834	-0.152702	106.657505	0.003359	5.5
1835	-1.138785	106.624446	0.019270	6.0
1836	-1.338003	106.591415	0.018206	5.3
1837	-1.359208	106.558411	0.013949	5.0
1838	-0.010078	106.525435	0.000434	5.8
1839	-1.417283	106.492485	0.013313	4.9
1840	-1.301507	106.459563	0.010286	4.9
1841	-0.004149	106.426668	0.000301	5.1
1842	-0.383751	106.393800	0.010706	5.1
1843	-0.668685	106.360959	0.008345	5.0
1844	-0.066649	106.328145	0.002260	4.7
1845	-0.480844	106.295358	0.007130	5.5
1846	-1.396277	106.262598	0.010555	5.4
1847	-1.295450	106.229865	0.007297	5.2
1848	-0.490085	106.197158	0.011304	5.0
1849	-1.109211	106.164479	0.015558	5.7
1850	-1.186635	106.131826	0.009104	5.3
1851	-0.380704	106.099201	0.004367	5.4
1852	-1.398246	106.066602	0.012775	5.8
1853	-1.217872	106.034029	0.024650	5.4
1854	-0.432054	106.001483	0.004794	5.0
1855	-0.403448	105.968964	0.007624	4.4
1856	-0.291128	105.936472	0.003746	5.5
1857	-1.211343	105.904006	0.005606	5.1
1858	-0.749868	105.871566	0.013138	5.2
1859	-0.685399	105.839153	0.014193	5.2
1860	-0.419483	105.806767	0.005796	4.9
1861	-0.693804	105.774407	0.012936	5.2
1862	-1.440105	105.742073	0.011343	4.2
1863	-1.206003	105.709766	0.011725	5.6
1864	-0.664786	105.677485	0.015987	5.1
1865	-1.274518	105.645230	0.020113	4.7
1866	-0.373919	105.613001	0.005508	5.3
1867	-0.085018	105.580799	0.003419	4.7
1868	-1.530011	105.548623	0.011755	5.1
1869	-0.000000	105.516473	0.000000	5.8
1870	-0.688809	105.484349	0.010002	5.3
1871	-0.417099	105.452251	0.008952	5.0
1872	-1.097732	105.420179	0.008778	5.8
1873	-1.078930	105.388133	0.019662	4.9
1874	-1.178799	105.356113	0.013785	4.7
1875	-0.930021	105.324119	0.009732	5.9
1876	-1.187038	105.292151	0.010906	5.3
1877	-0.326874	105.260209	0.004512	5.3
1878	-0.815783	105.228293	0.006266	5.1
1879	-1.139680	105.196402	0.019340	5.3
1880	-0.000000	105.164537	0.000000	4.8
1881	-1.247626	105.132698	0.012714	5.7
1882	-1.348813	105.100885	0.012186	5.2
1883	-0.735557	105.069097	0.009434	5.6
1884	-0.015582	105.037335	0.000885	5.3
1885	-0.026901	105.005598	0.001733	5.9
1886	-0.000000	104.973887	0.000000	5.2
1887	-0.968952	104.942202	0.004113	5.4
1888	-0.254410	104.910542	0.003813	5.3
1889	-0.973494	104.878907	0.004322	5.2
1890	-1.528947	104.847298	0.022654	5.4
1891	-1.375794	104.815715	0.010790	5.0
1892	-0.002242	104.784156	0.000273	5.3
1893	-1.356946	104.752623	0.017486	5.4
1894	-0.975318	104.721116	0.004243	5.1
1895	-1.313719	104.689633	0.013794	5.2
1896	-0.079436	104.658176	0.002380	4.8
1897	-0.417480	104.626744	0.005745	5.3
1898	-0.000000	104.595337	0.000000	5.1
1899	-0.313037	104.563955	0.005374	5.4
1900	-1.398015	104.532599	0.007001	5.1
1901	-0.155903	104.501267	0.003147	4.9
1902	-0.939951	104.469960	0.013961	6.7
1903	-1.210197	104.438679	0.016753	5.0
1904	-1.408814	104.407422	0.011278	5.0
1905	-0.000000	104.376191	0.000000	5.6
1906	-0.749899	104.344984	0.007072	5.1
1907	-1.237562	104.313802	0.010839	5.6
1908	-0.616794	104.282645	0.006314	5.5
1909	-1.365310	104.251513	0.009306	5.1
1910	-1.221009	104.220405	0.015463	5.2
1911	-0.788846	104.189323	0.009087	5.9
1912	-0.480915	104.158265	0.006115	5.1
1913	-0.000000	104.127231	0.000000	6.1
1914	-1.036487	104.096222	0.009683	5.4
1915	-1.497277	104.065238	0.010602	5.7
1916	-0.433914	104.034279	0.008610	5.6
1917	-0.000000	104.003344	0.000000	5.2
1918	-1.094074	103.972433	0.016758	5.2
1919	-0.128213	103.941547	0.003891	5.1
1920	-0.000057	103.910686	0.000013	5.2
1921	-1.165497	103.879849	0.006844	5.4
1922	-0.426535	103.849036	0.004304	5.7
1923	-0.000706	103.818248	0.000119	4.8
1924	-1.282143	103.787484	0.016261	5.4
1925	-0.395765	103.756744	0.003388	5.5
1926	-1.422265	103.726029	0.008884	5.8
1927	-0.808738	103.695338	0.002300	5.0
1928	-1.065157	103.664671	0.008818	5.1
1929	-0.379250	103.634028	0.006134	5.5
1930	-0.592114	103.603409	0.007272	5.5
1931	-0.299918	103.572814	0.008852	5.1
1932	-0.000000	103.542244	0.000000	5.7
1933	-1.495083	103.511698	0.007951	5.2
1934	-1.223217	103.481175	0.012046	5.1
1935	-1.272007	103.450677	0.021718	4.7
1936	-0.758687	103.420202	0.005120	5.2
1937	-1.093784	103.389752	0.007146	5.6
1938	-1.450209	103.359325	0.011506	5.3
1939	-1.357465	103.328922	0.014505	5.1
1940	-0.000000	103.298543	0.000000	5.2
1941	-0.064735	103.268188	0.001466	4.5
1942	-0.162674	103.237857	0.004151	4.5
1943	-1.394498	103.207549	0.019049	5.8
1944	-0.470749	103.177265	0.013415	5.2
1945	-0.723882	103.147005	0.008970	5.6
1946	-1.224348	103.116768	0.013584	6.1
1947	-1.475682	103.086556	0.018412	5.4
1948	-0.000000	103.056366	0.000000	5.2
1949	-1.317865	103.026200	0.010265	5.4
1950	-0.892112	102.996058	0.009954	5.2
1951	-1.305539	102.965939	0.010113	5.4
1952	-0.238760	102.935844	0.003989	5.8
1953	-0.974067	102.905772	0.003811	4.7
1954	-0.989935	102.875724	0.006384	4.8
1955	-1.096187	102.845699	0.020579	5.6
1956	-1.600782	102.815697	0.006453	5.4
1957	-0.006038	102.785719	0.000797	5.1
1958	-1.325494	102.755764	0.014319	5.5
1959	-1.408623	102.725832	0.009935	5.7
1960	-1.522425	102.695924	0.009427	5.1
1961	-1.251839	102.666038	0.004930	5.3
1962	-0.965820	102.636176	0.009456	5.3
1963	-1.498722	102.606337	0.009087	5.2
1964	-0.701647	102.576521	0.021978	4.9
1965	-0.434628	102.546728	0.005344	5.5
1966	-1.102774	102.516959	0.007001	5.3
1967	-1.200255	102.487212	0.015550	5.3
1968	-1.136640	102.457488	0.015197	5.3
1969	-0.000000	102.427788	0.000000	5.0
1970	-0.402936	102.398110	0.002811	5.2
1971	-1.178057	102.368455	0.014067	5.3
1972	-0.034798	102.338823	0.001555	4.5
1973	-1.218328	102.309214	0.012033	5.6
1974	-0.233897	102.279628	0.003680	5.1
1975	-0.533392	102.250064	0.005052	4.5
1976	-1.294593	102.220524	0.008107	6.0
1977	-1.428495	102.191006	0.014293	4.9
1978	-1.032753	102.161511	0.018218	4.9
1979	-0.000000	102.132038	0.000000	5.1
1980	-0.841172	102.102588	0.010959	5.1
1981	-1.057385	102.073161	0.009174	5.8
1982	-1.288056	102.043757	0.005960	5.4
1983	-0.967913	102.014375	0.006600	5.3
1984	-0.000000	101.985015	0.000000	4.8
1985	-1.246142	101.955678	0.009169	5.2
1986	-0.000000	101.926364	0.000000	5.2
1987	-1.466235	101.897072	0.009317	5.2
1988	-0.000000	101.867802	0.000000	6.2
1989	-1.175325	101.838555	0.007989	5.4
1990	-1.070296	101.809330	0.020501	4.7
1991	-0.001622	101.780128	0.000277	5.2
1992	-1.474946	101.750948	0.011540	5.3
1993	-1.244886	101.721790	0.010382	5.1
1994	-0.294912	101.692654	0.005003	5.5
1995	-1.549867	101.663541	0.007186	5.9
1996	-1.436822	101.634450	0.013503	5.3
1997	-0.000007	101.605381	0.000002	5.5
1998	-1.514849	101.576335	0.020899	5.0
1999	-0.456888	101.547310	0.005563	5.2
