1:ItNr	2:Metric	3:StepSize	4:||Gradient||	Time[ms]
0	-0.000000	627.201626	0.000000	903.9
1	-0.930155	623.504937	0.006778	29.2
2	-0.743115	619.865785	0.005951	28.9
3	-0.320008	616.282728	0.006112	29.5
4	-0.356709	612.754375	0.006403	28.7
5	-0.000000	609.279381	0.000000	28.9
6	-0.000000	605.856447	0.000000	30.9
7	-0.715512	602.484317	0.004579	29.7
8	-0.576592	599.161779	0.006696	29.7
9	-0.000000	595.887656	0.000000	28.9
10	-0.826960	592.660813	0.008312	29.1
11	-0.000000	589.480151	0.000000	27.0
12	-0.518089	586.344606	0.006041	30.5
13	-0.000000	583.253145	0.000000	29.3
14	-0.680791	580.204771	0.007134	29.5
15	-0.263429	577.198517	0.005033	28.5
16	-0.310438	574.233444	0.005137	29.3
17	-0.462497	571.308645	0.006142	29.3
18	-0.001444	568.423237	0.000057	28.3
19	-0.669503	565.576365	0.006546	27.8
20	-0.000000	562.767201	0.000000	30.7
21	-0.810356	559.994938	0.005231	29.8
22	-0.749343	557.258797	0.006158	29.9
23	-0.838793	554.558018	0.006280	30.4
24	-0.654884	551.891865	0.005559	30.5
25	-0.765000	549.259621	0.008040	27.9
26	-0.468490	546.660592	0.005487	32.3
27	-0.000000	544.094102	0.000000	29.8
28	-0.403319	541.559494	0.004972	32.4
29	-0.142725	539.056129	0.001612	30.5
30	-0.257934	536.583387	0.004663	29.7
31	-0.574421	534.140663	0.005920	29.2
32	-0.028481	531.727370	0.002316	29.4
33	-0.060412	529.342935	0.001409	30.6
34	-0.452043	526.986802	0.005776	30.1
35	-0.779011	524.658430	0.006356	28.9
36	-0.004725	522.357290	0.000120	30.0
37	-0.530965	520.082868	0.005451	28.9
38	-0.392764	517.834665	0.006665	30.4
39	-1.071970	515.612193	0.009237	31.7
40	-0.823328	513.414976	0.009671	29.9
41	-0.461014	511.242551	0.007274	30.3
42	-0.480200	509.094468	0.005710	28.7
43	-0.000233	506.970285	0.000071	30.5
44	-0.642761	504.869574	0.006081	29.9
45	-0.623383	502.791916	0.007426	30.9
46	-0.716944	500.736903	0.006710	29.3
47	-0.000000	498.704137	0.000000	29.5
48	-0.526075	496.693228	0.006454	27.9
49	-0.532985	494.703798	0.004584	30.4
50	-0.000000	492.735476	0.000000	29.2
51	-0.000031	490.787900	0.000027	29.9
52	-0.095691	488.860718	0.002687	29.7
53	-0.418762	486.953585	0.004919	29.6
54	-0.805713	485.066164	0.008521	30.7
55	-0.636216	483.198126	0.004675	29.3
56	-0.000000	481.349149	0.000000	30.8
57	-0.000000	479.518920	0.000000	29.3
58	-0.000000	477.707132	0.000000	29.1
59	-0.303667	475.913485	0.004257	29.7
60	-0.000000	474.137684	0.000000	29.8
61	-0.000007	472.379445	0.000010	30.1
62	-0.466708	470.638485	0.005453	28.1
63	-0.000000	468.914531	0.000000	29.2
64	-0.515286	467.207315	0.005139	28.8
65	-0.948705	465.516573	0.008972	30.0
66	-0.673038	463.842050	0.007390	27.5
67	-0.735867	462.183494	0.007894	29.3
68	-0.798366	460.540658	0.006107	29.8
69	-0.004119	458.913303	0.000354	30.5
70	-0.551543	457.301192	0.008231	30.4
71	-0.750826	455.704096	0.007101	28.2
72	-0.878283	454.121787	0.008733	30.1
73	-0.145397	452.554045	0.002028	29.8
74	-0.639528	451.000653	0.005987	30.2
75	-0.549172	449.461399	0.006388	28.3
76	-0.126572	447.936075	0.001674	29.5
77	-0.000000	446.424477	0.000000	27.7
78	-0.106361	444.926406	0.001152	30.7
79	-0.027058	443.441666	0.001144	28.8
80	-0.000000	441.970065	0.000000	30.5
81	-0.000000	440.511415	0.000000	29.6
82	-0.200460	439.065533	0.003039	28.9
83	-0.367374	437.632238	0.004800	29.8
84	-0.814603	436.211351	0.006903	29.7
85	-0.000000	434.802701	0.000000	29.3
86	-0.191327	433.406117	0.003002	27.9
87	-0.408810	432.021430	0.005689	30.0
88	-0.000000	430.648479	0.000000	28.8
89	-0.018966	429.287101	0.001048	30.1
90	-0.468455	427.937140	0.007036	30.0
91	-0.736905	426.598440	0.008908	30.2
92	-0.787659	425.270849	0.007084	29.0
93	-0.000000	423.954220	0.000000	31.0
94	-0.000000	422.648404	0.000000	29.5
95	-0.640822	421.353259	0.006924	30.8
96	-0.329122	420.068643	0.003658	30.2
97	-0.051862	418.794419	0.001514	29.4
98	-0.376532	417.530451	0.005202	30.3
99	-0.054102	416.276604	0.001561	30.6
100	-0.000000	415.032748	0.000001	30.1
101	-0.547965	413.798754	0.005999	28.6
102	-0.354858	412.574495	0.006174	30.3
103	-0.815787	411.359849	0.004610	29.9
104	-0.470346	410.154691	0.004905	30.3
105	-0.878322	408.958904	0.007654	30.5
106	-0.021856	407.772368	0.002402	30.6
107	-0.717379	406.594968	0.006497	29.1
108	-0.554032	405.426590	0.007386	29.6
109	-0.000000	404.267122	0.000000	29.7
110	-0.000000	403.116456	0.000000	30.6
111	-0.478948	401.974481	0.005981	29.9
112	-0.357375	400.841093	0.004138	30.0
113	-0.674952	399.716187	0.003976	30.4
114	-0.333321	398.599660	0.003630	30.1
115	-0.771039	397.491411	0.008102	30.2
116	-0.237990	396.391342	0.002696	28.8
117	-0.000000	395.299353	0.000000	28.5
118	-0.000000	394.215350	0.000000	29.7
119	-0.193644	393.139238	0.003542	27.9
120	-0.760962	392.070924	0.005867	30.0
121	-0.098295	391.010316	0.002508	28.1
122	-0.800366	389.957325	0.006615	29.8
123	-0.000000	388.911862	0.000000	28.5
124	-0.000000	387.873839	0.000000	29.6
125	-0.000000	386.843173	0.000000	30.0
126	-0.000000	385.819777	0.000000	29.7
127	-0.180145	384.803569	0.004540	30.5
128	-0.616557	383.794468	0.006510	29.0
129	-0.709394	382.792393	0.005688	30.6
130	-0.013841	381.797264	0.001043	29.9
131	-0.000000	380.809005	0.000000	30.0
132	-0.000000	379.827537	0.000000	27.5
133	-0.863444	378.852786	0.007055	29.3
134	-0.815447	377.884678	0.005152	30.1
135	-0.054270	376.923138	0.002197	29.0
136	-0.971373	375.968095	0.007997	28.4
137	-0.546315	375.019479	0.007542	29.3
138	-0.740169	374.077218	0.005161	28.2
139	-0.214870	373.141244	0.002572	30.0
140	-0.618498	372.211489	0.005811	29.1
141	-0.028801	371.287887	0.000700	29.5
142	-0.945682	370.370370	0.009546	29.4
143	-0.825709	369.458876	0.005854	29.9
144	-0.009970	368.553338	0.000399	30.6
145	-0.464156	367.653696	0.006244	29.8
146	-0.492565	366.759885	0.006916	28.6
147	-0.038933	365.871846	0.001213	29.6
148	-0.814079	364.989518	0.005402	31.0
149	-0.446504	364.112841	0.006794	31.5
150	-0.395107	363.241757	0.004590	29.6
151	-0.000000	362.376208	0.000000	30.1
152	-0.515107	361.516137	0.005572	28.3
153	-0.244520	360.661488	0.003989	29.5
154	-0.000000	359.812206	0.000000	29.3
155	-0.000026	358.968236	0.000001	29.9
156	-0.366899	358.129524	0.005386	28.0
157	-0.658644	357.296018	0.006456	31.1
158	-0.677115	356.467665	0.005544	31.1
159	-0.392305	355.644414	0.005261	30.5
160	-0.520337	354.826213	0.007347	30.7
161	-0.000000	354.013012	0.000000	29.8
162	-0.000168	353.204763	0.000043	29.1
163	-0.000000	352.401415	0.000000	29.6
164	-0.000000	351.602922	0.000000	29.7
165	-0.855206	350.809235	0.008056	30.6
166	-0.726251	350.020308	0.005020	31.0
167	-0.000000	349.236095	0.000000	28.9
168	-0.000000	348.456550	0.000000	28.8
169	-0.692717	347.681627	0.007881	28.2
170	-0.910779	346.911283	0.008815	30.5
171	-0.000000	346.145474	0.000000	30.1
172	-0.892371	345.384157	0.007219	31.4
173	-0.000000	344.627288	0.000000	28.1
174	-0.487261	343.874826	0.006549	29.8
175	-0.776827	343.126729	0.006932	30.6
176	-0.495203	342.382957	0.005310	30.3
177	-0.645960	341.643469	0.004148	29.1
178	-0.057837	340.908224	0.003494	30.3
179	-0.000000	340.177184	0.000000	29.2
180	-0.982566	339.450309	0.007131	29.9
181	-0.481654	338.727561	0.006061	30.7
182	-0.500516	338.008902	0.007558	29.7
183	-0.582421	337.294295	0.006173	29.9
184	-0.785290	336.583703	0.005025	29.7
185	-0.282555	335.877089	0.003648	30.7
186	-0.701178	335.174416	0.005238	29.9
187	-0.391283	334.475651	0.004696	31.4
188	-0.000000	333.780756	0.000000	29.7
189	-0.616622	333.089698	0.006618	30.0
190	-0.000000	332.402443	0.000000	36.1
191	-0.841985	331.718955	0.006750	32.2
192	-0.655837	331.039203	0.006164	30.9
193	-0.761174	330.363153	0.005279	29.9
194	-0.000000	329.690771	0.000000	29.4
195	-0.869741	329.022027	0.007494	28.1
196	-0.000000	328.356888	0.000000	30.6
197	-0.436029	327.695322	0.005017	30.2
198	-0.791134	327.037299	0.005791	30.3
199	-0.554630	326.382787	0.005914	27.7
200	-0.755461	325.731758	0.008682	30.5
201	-0.062733	325.084179	0.000630	30.1
202	-0.810208	324.440023	0.005686	30.3
203	-0.907536	323.799258	0.009782	29.1
204	-0.123715	323.161858	0.002659	28.4
205	-0.809111	322.527792	0.007722	30.2
206	-0.971853	321.897034	0.009822	29.9
207	-0.620057	321.269554	0.006442	30.3
208	-0.698864	320.645325	0.006944	29.4
209	-0.485843	320.024320	0.005148	29.2
210	-0.466530	319.406512	0.006025	28.4
211	-0.160851	318.791875	0.005051	30.1
212	-0.249591	318.180381	0.005070	29.0
213	-0.017759	317.572005	0.000523	28.7
214	-0.000000	316.966721	0.000000	28.9
215	-0.842721	316.364504	0.007740	30.1
216	-0.402094	315.765329	0.007031	31.6
217	-0.715052	315.169170	0.005399	30.4
218	-0.573391	314.576003	0.005744	29.4
219	-0.590839	313.985804	0.007508	30.6
220	-0.783097	313.398548	0.007962	29.6
221	-1.155458	312.814213	0.010086	29.6
222	-0.132773	312.232773	0.003502	30.1
223	-0.000475	311.654207	0.000023	29.8
224	-0.000000	311.078491	0.000000	31.5
225	-0.000000	310.505602	0.000000	29.0
226	-0.303020	309.935518	0.003965	30.4
227	-0.000000	309.368217	0.000000	28.7
228	-0.059259	308.803676	0.001558	30.6
229	-0.000000	308.241874	0.000000	29.4
230	-0.186648	307.682789	0.003021	30.4
231	-0.969419	307.126400	0.008003	29.2
232	-0.804705	306.572687	0.008332	30.2
233	-0.938527	306.021627	0.008353	29.0
234	-0.401865	305.473201	0.004987	30.0
235	-0.810542	304.927388	0.007036	30.1
236	-0.757194	304.384168	0.007626	30.0
237	-0.483686	303.843521	0.004318	30.1
238	-0.873942	303.305427	0.007999	29.0
239	-0.373378	302.769867	0.005421	29.3
240	-0.168959	302.236821	0.003011	30.2
241	-0.246477	301.706270	0.003640	30.4
242	-0.981418	301.178196	0.007606	30.6
243	-0.644663	300.652580	0.005637	29.3
244	-0.000000	300.129402	0.000000	30.4
245	-0.575889	299.608645	0.005379	31.7
246	-0.460544	299.090291	0.004152	30.6
247	-0.516441	298.574321	0.007389	29.9
248	-0.401781	298.060718	0.006633	29.1
249	-0.012523	297.549465	0.000150	28.7
250	-0.977518	297.040543	0.008402	31.1
251	-0.758853	296.533936	0.007281	29.5
252	-0.720746	296.029626	0.006718	30.6
253	-0.028378	295.527597	0.000434	30.2
254	-0.721846	295.027832	0.007049	29.3
255	-0.000000	294.530315	0.000000	29.7
256	-0.000000	294.035028	0.000000	31.6
257	-0.000000	293.541956	0.000000	32.0
258	-0.000000	293.051083	0.000000	29.0
259	-0.201230	292.562393	0.002900	30.9
260	-0.410457	292.075870	0.004297	28.6
261	-0.549095	291.591498	0.005933	29.7
262	-0.861300	291.109263	0.006818	29.7
263	-1.008728	290.629149	0.007627	29.8
264	-0.514397	290.151140	0.004069	29.9
265	-0.000790	289.675222	0.000371	30.0
266	-0.237708	289.201380	0.004480	30.2
267	-0.808782	288.729600	0.006796	30.0
268	-0.607326	288.259866	0.006160	30.1
269	-0.855021	287.792165	0.005743	28.3
270	-0.000000	287.326481	0.000000	28.4
271	-0.000000	286.862802	0.000000	28.7
272	-0.406955	286.401113	0.005710	30.6
273	-1.076938	285.941400	0.007772	31.1
274	-0.000000	285.483649	0.000000	29.4
275	-0.000000	285.027847	0.000000	29.4
276	-0.519753	284.573981	0.005649	29.5
277	-0.246090	284.122037	0.003903	30.0
278	-0.000000	283.672002	0.000000	30.8
279	-1.045543	283.223863	0.008841	29.2
280	-0.913833	282.777607	0.005598	29.6
281	-0.336035	282.333221	0.004786	29.4
282	-0.867890	281.890692	0.006960	29.3
283	-0.664082	281.450008	0.005376	29.2
284	-0.440818	281.011157	0.004100	29.3
285	-0.707013	280.574125	0.008509	28.4
286	-0.051067	280.138901	0.001585	29.2
287	-0.026863	279.705473	0.000836	30.4
288	-0.716763	279.273829	0.006829	31.0
289	-0.000000	278.843956	0.000000	29.2
290	-0.064665	278.415844	0.001293	29.0
291	-0.501338	277.989479	0.006078	30.2
292	-1.057102	277.564851	0.007610	30.3
293	-0.652467	277.141949	0.006594	31.5
294	-0.000000	276.720761	0.000000	28.9
295	-0.000000	276.301275	0.000000	30.4
296	-0.473049	275.883480	0.004327	30.3
297	-0.702402	275.467366	0.004802	31.4
298	-0.428526	275.052922	0.007544	30.1
299	-0.625765	274.640136	0.005921	30.9
300	-0.384674	274.228998	0.002836	30.1
301	-0.059767	273.819497	0.003444	29.7
302	-0.033071	273.411623	0.005130	28.8
303	-0.661987	273.005365	0.006020	30.2
304	-0.563879	272.600712	0.007509	30.3
305	-0.244808	272.197655	0.004139	30.5
306	-0.610207	271.796184	0.007499	28.3
307	-0.818024	271.396287	0.006875	28.9
308	-0.191705	270.997956	0.003015	27.7
309	-0.747637	270.601180	0.006903	30.9
310	-0.318807	270.205949	0.003930	30.3
311	-0.632127	269.812254	0.006763	29.0
312	-0.135881	269.420085	0.003561	30.7
313	-0.668867	269.029432	0.004927	30.4
314	-0.969501	268.640287	0.007702	30.5
315	-0.691897	268.252638	0.005250	30.5
316	-0.847398	267.866478	0.007169	31.0
317	-0.000000	267.481796	0.000000	29.5
318	-0.265840	267.098584	0.005090	28.3
319	-0.796270	266.716833	0.006624	28.1
320	-0.607278	266.336533	0.006850	29.3
321	-0.763842	265.957676	0.007602	29.2
322	-0.455670	265.580253	0.004764	30.2
323	-0.521375	265.204254	0.006376	28.8
324	-0.251364	264.829672	0.004485	29.9
325	-0.000000	264.456497	0.000000	30.3
326	-0.000000	264.084721	0.000000	29.5
327	-0.300569	263.714335	0.003390	29.5
328	-0.929615	263.345332	0.008354	30.1
329	-0.573335	262.977702	0.005248	29.7
330	-0.510872	262.611438	0.004453	30.9
331	-0.886577	262.246531	0.006463	29.5
332	-0.000000	261.882973	0.000000	29.8
333	-0.432358	261.520756	0.004941	28.6
334	-1.122846	261.159871	0.008929	29.2
335	-0.620553	260.800312	0.006619	28.9
336	-0.459730	260.442070	0.005181	28.7
337	-0.765471	260.085137	0.005532	27.9
338	-0.789516	259.729505	0.007858	29.3
339	-0.701363	259.375167	0.007283	29.9
340	-0.657626	259.022116	0.005590	29.5
341	-0.001542	258.670343	0.000064	29.9
342	-0.544035	258.319841	0.005159	30.4
343	-0.666146	257.970602	0.007709	30.8
344	-0.674013	257.622620	0.007169	30.0
345	-0.003142	257.275887	0.000340	30.5
346	-0.964999	256.930396	0.007343	30.6
347	-0.241909	256.586139	0.002689	28.6
348	-0.492549	256.243109	0.005055	28.5
349	-0.650136	255.901300	0.006098	29.5
350	-0.611157	255.560703	0.006366	29.8
351	-0.029791	255.221313	0.001454	30.9
352	-0.000000	254.883122	0.000000	28.7
353	-0.083993	254.546124	0.001587	29.6
354	-0.210089	254.210311	0.002494	29.0
355	-0.007548	253.875677	0.000104	31.8
356	-0.395025	253.542215	0.004749	30.2
357	-0.729657	253.209918	0.008412	30.5
358	-0.831531	252.878781	0.005632	29.5
359	-0.682014	252.548795	0.006617	29.8
360	-0.136892	252.219956	0.002883	29.5
361	-0.705857	251.892255	0.006328	31.4
362	-0.258940	251.565688	0.004578	28.7
363	-0.048693	251.240247	0.003089	30.4
364	-0.358366	250.915926	0.004300	29.0
365	-0.652139	250.592720	0.007547	30.3
366	-0.002616	250.270621	0.000140	30.9
367	-0.876240	249.949624	0.008416	30.7
368	-0.398794	249.629723	0.004738	29.4
369	-0.217705	249.310911	0.004196	29.1
370	-0.826883	248.993182	0.007705	30.3
371	-0.370942	248.676531	0.002811	29.9
372	-0.877075	248.360952	0.006023	30.2
373	-0.422674	248.046438	0.005158	30.7
374	-0.850787	247.732984	0.006969	28.3
375	-1.020511	247.420584	0.008122	29.2
376	-0.801410	247.109233	0.007311	28.5
377	-0.000000	246.798924	0.000000	30.5
378	-0.627727	246.489652	0.006904	28.4
379	-0.000000	246.181412	0.000000	30.1
380	-0.633839	245.874197	0.007695	29.3
381	-0.714955	245.568002	0.005232	30.0
382	-0.000000	245.262822	0.000000	29.7
383	-0.514681	244.958652	0.004632	30.7
384	-0.629623	244.655485	0.005523	30.1
385	-0.823068	244.353317	0.006750	29.7
386	-0.279657	244.052142	0.007673	31.0
387	-0.574317	243.751955	0.005270	29.3
388	-0.800980	243.452750	0.008589	29.9
389	-0.000000	243.154523	0.000000	28.4
390	-0.612955	242.857268	0.005840	29.0
391	-0.525062	242.560980	0.004913	29.9
392	-0.111589	242.265654	0.003305	30.7
393	-0.801497	241.971285	0.006399	31.0
394	-0.776254	241.677868	0.007159	30.3
395	-0.490773	241.385397	0.003648	30.5
396	-0.342439	241.093869	0.004967	30.3
397	-0.000000	240.803278	0.000000	29.0
398	-0.593531	240.513619	0.005505	30.2
399	-0.535442	240.224887	0.006125	29.9
400	-0.023321	239.937077	0.000756	29.2
401	-0.804571	239.650186	0.005780	28.3
402	-0.885710	239.364207	0.007021	29.2
403	-0.005631	239.079136	0.001472	29.4
404	-0.000000	238.794969	0.000000	29.9
405	-0.000000	238.511701	0.000000	29.2
406	-0.000000	238.229327	0.000000	28.3
407	-0.671913	237.947843	0.006171	29.7
408	-0.000000	237.667244	0.000000	30.0
409	-0.013077	237.387526	0.002200	29.7
410	-0.000000	237.108684	0.000000	29.9
411	-0.000000	236.830714	0.000000	30.0
412	-0.000000	236.553610	0.000000	29.9
413	-0.789038	236.277370	0.005063	29.4
414	-0.012771	236.001989	0.001229	31.5
415	-0.940601	235.727461	0.006516	30.0
416	-0.627857	235.453784	0.007106	29.9
417	-0.000000	235.180952	0.000000	28.2
418	-0.744996	234.908962	0.007246	29.7
419	-0.540567	234.637809	0.005853	32.5
420	-0.008591	234.367488	0.000000	29.7
421	-0.815934	234.097997	0.005930	29.7
422	-0.000000	233.829331	0.000000	29.7
423	-0.000000	233.561485	0.000000	28.5
424	-0.847273	233.294456	0.006486	30.7
425	-0.481877	233.028239	0.005070	30.5
426	-0.935245	232.762831	0.008056	30.4
427	-0.562164	232.498228	0.005957	30.7
428	-0.000000	232.234425	0.000000	30.0
429	-0.396296	231.971419	0.006617	27.7
430	-0.031907	231.709205	0.001272	30.1
431	-0.864537	231.447781	0.007635	29.4
432	-0.000000	231.187141	0.000000	29.6
433	-0.000000	230.927283	0.000000	30.0
434	-0.814720	230.668202	0.006399	29.8
435	-0.744965	230.409895	0.007485	30.5
436	-0.579022	230.152358	0.005064	30.1
437	-0.819968	229.895587	0.008898	29.9
438	-0.430548	229.639578	0.004565	30.0
439	-0.904791	229.384329	0.007522	29.1
440	-0.526438	229.129834	0.006916	30.0
441	-0.659369	228.876091	0.006759	30.6
442	-0.837745	228.623096	0.005831	29.8
443	-0.042129	228.370846	0.001642	29.6
444	-0.394124	228.119336	0.004024	29.0
445	-0.255975	227.868563	0.002621	30.7
446	-0.574532	227.618525	0.005266	30.5
447	-0.000034	227.369216	0.000020	30.9
448	-0.772587	227.120635	0.008056	29.5
449	-0.839557	226.872777	0.006831	29.8
450	-0.526496	226.625638	0.005915	29.4
451	-0.072968	226.379217	0.001081	30.1
452	-0.336302	226.133509	0.005510	30.7
453	-0.000000	225.888510	0.000000	30.2
454	-0.313737	225.644218	0.003692	29.2
455	-0.922528	225.400630	0.006585	30.9
456	-0.424585	225.157741	0.006391	29.8
457	-0.633137	224.915549	0.004509	30.0
458	-0.000000	224.674051	0.000000	30.0
459	-0.764833	224.433242	0.004742	30.2
460	-0.401322	224.193121	0.006671	29.6
461	-0.000000	223.953684	0.000000	29.4
462	-0.000000	223.714927	0.000000	28.5
463	-0.000000	223.476848	0.000000	28.9
464	-0.797460	223.239444	0.006862	29.1
465	-0.691208	223.002710	0.005739	29.9
466	-0.401865	222.766645	0.006846	27.4
467	-0.633077	222.531245	0.006712	29.5
468	-0.652128	222.296508	0.004681	29.9
469	-0.573403	222.062429	0.006243	29.5
470	-0.249452	221.829007	0.004027	31.4
471	-0.566895	221.596238	0.006019	29.9
472	-0.855816	221.364119	0.006181	29.4
473	-0.458647	221.132647	0.006417	30.0
474	-0.000000	220.901820	0.000000	28.4
475	-0.048944	220.671634	0.002173	30.6
476	-0.664430	220.442086	0.006497	28.0
477	-0.433944	220.213174	0.005549	30.5
478	-0.394696	219.984895	0.004745	29.8
479	-0.720042	219.757246	0.005237	30.0
480	-0.643132	219.530224	0.006172	28.6
481	-0.585038	219.303826	0.008135	29.6
482	-0.693501	219.078050	0.004853	28.2
483	-0.000000	218.852893	0.000000	30.3
484	-0.002702	218.628352	0.000085	29.5
485	-0.134937	218.404424	0.003267	28.9
486	-0.731226	218.181106	0.007581	30.0
487	-0.000000	217.958397	0.000000	29.4
488	-0.738494	217.736292	0.006125	29.4
489	-0.236778	217.514790	0.003764	30.6
490	-0.035548	217.293888	0.001830	28.3
491	-0.000000	217.073584	0.000000	28.8
492	-0.659993	216.853873	0.007666	28.4
493	-0.218308	216.634755	0.002978	31.0
494	-0.136541	216.416227	0.002212	29.9
495	-0.000000	216.198285	0.000000	29.7
496	-0.109909	215.980927	0.002464	30.6
497	-0.847453	215.764151	0.005854	30.4
498	-0.229498	215.547955	0.002629	30.4
499	-0.635983	215.332335	0.006256	30.7
500	-0.589311	215.117289	0.006123	30.3
501	-0.596465	214.902815	0.006296	29.6
502	-0.096616	214.688911	0.001909	28.8
503	-0.930840	214.475573	0.005721	29.8
504	-0.848710	214.262800	0.005661	28.6
505	-0.000000	214.050588	0.000000	28.7
506	-0.081207	213.838936	0.001403	29.2
507	-0.171240	213.627842	0.002628	29.6
508	-0.745342	213.417302	0.007659	31.0
509	-0.597242	213.207314	0.006229	30.3
510	-0.687371	212.997877	0.006421	30.0
511	-0.756451	212.788987	0.008956	28.4
512	-0.400490	212.580642	0.005116	29.6
513	-0.045012	212.372841	0.001158	31.8
514	-0.000000	212.165581	0.000000	30.2
515	-0.809280	211.958859	0.006474	29.5
516	-0.980045	211.752673	0.007295	30.1
517	-0.319856	211.547021	0.008994	29.0
518	-0.050490	211.341902	0.003609	29.5
519	-0.000046	211.137311	0.000025	29.5
520	-0.000000	210.933248	0.000000	29.8
521	-0.773495	210.729710	0.006522	28.0
522	-1.104571	210.526695	0.010149	30.0
523	-0.350347	210.324200	0.004206	30.0
524	-0.180199	210.122224	0.004817	31.0
525	-0.275519	209.920765	0.003620	29.2
526	-0.827069	209.719820	0.007546	31.8
527	-0.000001	209.519387	0.000001	29.6
528	-0.208455	209.319463	0.002681	31.2
529	-0.126675	209.120048	0.001912	29.4
530	-0.185958	208.921139	0.004440	30.1
531	-0.638599	208.722733	0.004803	28.9
532	-0.720206	208.524829	0.005940	29.8
533	-0.000000	208.327425	0.000000	29.0
534	-0.695436	208.130518	0.005565	30.3
535	-0.697828	207.934107	0.007100	31.5
536	-0.000000	207.738189	0.000000	29.1
537	-0.000000	207.542762	0.000000	30.9
538	-0.000135	207.347825	0.000047	29.8
539	-0.000000	207.153376	0.000000	29.2
540	-0.669150	206.959412	0.006246	29.5
541	-0.000000	206.765932	0.000000	30.5
542	-0.493372	206.572933	0.005112	29.3
543	-0.852927	206.380414	0.005203	28.5
544	-0.023061	206.188373	0.000263	30.3
545	-0.422181	205.996807	0.006424	28.1
546	-0.552344	205.805716	0.006036	28.6
547	-0.502632	205.615096	0.006675	30.0
548	-0.000000	205.424946	0.000000	27.7
549	-0.626908	205.235265	0.005377	30.3
550	-0.689323	205.046050	0.007272	30.1
551	-0.800523	204.857299	0.006085	30.2
552	-0.590082	204.669011	0.005958	30.5
553	-0.935953	204.481184	0.009087	30.1
554	-0.464988	204.293816	0.006018	29.9
555	-0.761532	204.106905	0.008695	29.7
556	-0.923128	203.920449	0.007046	30.1
557	-0.434348	203.734447	0.005952	29.1
558	-0.000000	203.548896	0.000000	30.0
559	-0.764858	203.363795	0.006933	29.5
560	-0.936859	203.179143	0.006543	30.0
561	-0.720330	202.994937	0.007840	30.9
562	-0.000000	202.811176	0.000000	29.8
563	-0.655772	202.627857	0.004831	30.0
564	-0.246256	202.444980	0.002971	30.8
565	-0.883115	202.262543	0.005709	29.6
566	-0.108879	202.080543	0.002098	29.8
567	-0.716914	201.898979	0.005490	30.2
568	-0.344413	201.717849	0.003805	30.5
569	-0.699993	201.537153	0.005480	28.8
570	-0.556442	201.356887	0.006005	29.7
571	-0.005605	201.177050	0.000874	28.4
572	-0.000000	200.997642	0.000000	30.9
573	-0.879263	200.818659	0.006072	29.4
574	-0.566070	200.640100	0.006879	30.0
575	-0.438314	200.461965	0.005109	29.3
576	-0.000000	200.284250	0.000000	29.2
577	-0.706587	200.106955	0.007218	30.8
578	-0.850461	199.930078	0.005475	29.6
579	-0.000527	199.753617	0.000038	29.4
580	-0.005364	199.577571	0.000475	27.7
581	-0.005023	199.401938	0.000130	29.8
582	-0.688024	199.226717	0.004656	29.3
583	-0.794106	199.051905	0.006990	30.0
584	-0.229606	198.877502	0.004483	29.5
585	-0.000000	198.703506	0.000000	29.2
586	-0.430536	198.529916	0.005393	30.4
587	-0.577113	198.356729	0.006405	31.3
588	-0.483175	198.183944	0.006423	29.1
589	-0.263918	198.011560	0.003135	30.1
590	-0.430136	197.839576	0.006212	28.8
591	-0.157244	197.667989	0.002193	30.0
592	-0.000000	197.496798	0.000000	29.9
593	-0.669475	197.326002	0.008163	30.0
594	-0.000245	197.155600	0.000086	29.4
595	-0.533205	196.985589	0.005324	30.7
596	-0.210843	196.815969	0.002903	28.2
597	-0.457326	196.646738	0.007046	31.0
598	-0.737077	196.477894	0.004780	30.6
599	-0.000000	196.309436	0.000000	29.9
600	-0.001669	196.141363	0.000073	28.2
601	-0.887943	195.973673	0.006648	29.2
602	-0.971597	195.806365	0.006359	30.1
603	-0.000000	195.639437	0.000000	29.8
604	-0.354388	195.472888	0.005571	29.1
605	-0.905646	195.306717	0.006394	31.0
606	-0.039189	195.140922	0.000470	29.5
607	-0.000000	194.975501	0.000000	30.1
608	-0.000000	194.810454	0.000000	29.7
609	-0.761260	194.645779	0.005009	28.3
610	-0.970634	194.481475	0.007456	28.3
611	-0.604526	194.317540	0.005345	30.6
612	-0.575786	194.153973	0.005209	30.9
613	-0.164310	193.990773	0.002549	29.9
614	-0.000000	193.827938	0.000000	29.0
615	-0.000000	193.665467	0.000000	30.1
616	-0.000000	193.503358	0.000000	28.7
617	-0.813832	193.341611	0.005085	29.9
618	-0.073650	193.180224	0.002169	29.6
619	-0.355825	193.019196	0.005627	29.6
620	-0.294104	192.858525	0.003338	30.7
621	-0.296034	192.698210	0.004118	30.5
622	-0.783596	192.538251	0.006154	30.3
623	-0.000296	192.378644	0.000158	30.6
624	-0.571996	192.219391	0.005643	29.7
625	-0.752640	192.060488	0.007067	28.9
626	-0.588610	191.901935	0.005897	30.5
627	-0.422545	191.743730	0.005373	29.3
628	-0.121273	191.585873	0.001907	29.4
629	-0.609059	191.428362	0.005977	29.5
630	-0.748803	191.271196	0.006214	29.2
631	-0.000000	191.114374	0.000000	27.8
632	-1.004918	190.957893	0.008322	28.3
633	-0.709584	190.801755	0.006982	29.1
634	-0.537293	190.645956	0.007383	29.4
635	-0.906908	190.490495	0.007258	30.0
636	-0.027520	190.335373	0.000762	30.0
637	-0.631045	190.180587	0.006331	30.3
638	-0.586660	190.026136	0.007230	29.4
639	-0.000000	189.872019	0.000000	29.3
640	-0.000000	189.718235	0.000000	29.5
641	-0.747163	189.564782	0.006496	26.3
642	-0.034264	189.411661	0.000736	30.1
643	-0.642293	189.258868	0.007605	29.6
644	-0.402713	189.106404	0.004975	30.8
645	-0.144098	188.954267	0.003043	30.2
646	-0.816471	188.802456	0.007000	29.0
647	-0.714295	188.650969	0.003988	29.6
648	-0.791144	188.499807	0.005967	29.9
649	-0.000000	188.348967	0.000000	29.0
650	-0.269162	188.198448	0.003559	29.9
651	-0.254731	188.048250	0.003731	28.4
652	-0.837457	187.898371	0.007532	29.6
653	-0.071219	187.748810	0.002010	30.6
654	-0.514269	187.599566	0.006334	30.9
655	-0.000000	187.450638	0.000000	29.1
656	-0.633993	187.302025	0.006948	29.9
657	-0.000000	187.153725	0.000000	29.5
658	-0.773791	187.005739	0.006948	30.5
659	-0.723772	186.858064	0.007055	29.2
660	-0.892601	186.710699	0.007544	28.5
661	-0.352871	186.563645	0.004560	29.9
662	-0.000000	186.416898	0.000000	30.2
663	-0.000000	186.270459	0.000000	29.6
664	-0.713481	186.124326	0.004481	28.6
665	-0.520521	185.978499	0.005268	30.0
666	-0.940834	185.832976	0.010258	30.0
667	-0.541864	185.687756	0.007000	30.4
668	-0.825604	185.542838	0.008096	29.2
669	-0.820688	185.398222	0.006541	32.1
670	-0.977431	185.253906	0.008834	29.3
671	-0.000000	185.109889	0.000000	30.4
672	-0.713762	184.966170	0.005916	29.2
673	-0.000000	184.822748	0.000000	29.0
674	-0.000000	184.679623	0.000000	29.6
675	-0.408367	184.536792	0.006074	27.6
676	-0.559938	184.394256	0.006515	28.3
677	-0.370811	184.252013	0.003346	27.8
678	-0.000000	184.110062	0.000000	30.9
679	-0.738793	183.968403	0.005584	30.6
680	-0.917798	183.827034	0.007909	30.4
681	-0.357999	183.685954	0.005114	28.5
682	-0.484120	183.545163	0.005141	29.8
683	-0.023114	183.404658	0.000875	30.2
684	-0.160831	183.264441	0.002061	30.8
685	-0.613410	183.124509	0.005859	30.0
686	-0.432274	182.984861	0.004933	29.5
687	-0.646244	182.845497	0.006933	29.9
688	-0.000000	182.706416	0.000000	30.1
689	-0.000000	182.567616	0.000000	30.2
690	-0.000000	182.429098	0.000000	29.0
691	-0.487754	182.290859	0.005783	30.4
692	-0.350236	182.152899	0.003679	28.9
693	-0.637093	182.015217	0.007813	29.4
694	-0.471103	181.877813	0.004737	31.0
695	-0.000000	181.740684	0.000000	30.0
696	-0.455577	181.603832	0.005220	28.3
697	-0.000000	181.467253	0.000000	29.4
698	-0.257729	181.330948	0.003861	29.8
699	-0.252477	181.194916	0.004149	30.5
700	-0.714999	181.059155	0.007056	28.4
701	-0.000000	180.923666	0.000000	29.9
702	-1.024673	180.788446	0.008449	28.6
703	-0.000000	180.653496	0.000000	30.7
704	-0.782843	180.518814	0.006615	29.8
705	-0.205478	180.384399	0.004119	29.7
706	-0.162486	180.250251	0.003547	31.0
707	-0.826759	180.116369	0.008560	29.7
708	-0.911697	179.982752	0.006254	31.0
709	-0.493177	179.849398	0.006049	29.5
710	-0.673130	179.716308	0.006016	29.7
711	-0.637677	179.583480	0.007136	28.2
712	-0.730567	179.450913	0.007120	28.8
713	-0.641846	179.318607	0.006160	29.2
714	-0.643825	179.186561	0.006811	31.6
715	-0.552392	179.054774	0.005075	29.9
716	-0.849901	178.923245	0.006094	28.6
717	-0.148058	178.791973	0.002552	28.9
718	-0.691227	178.660958	0.006832	28.9
719	-0.559311	178.530199	0.005333	30.9
720	-0.869608	178.399694	0.006768	29.4
721	-0.000000	178.269444	0.000000	29.5
722	-0.474281	178.139447	0.004787	26.8
723	-0.547615	178.009702	0.006488	30.5
724	-0.032711	177.880209	0.000525	29.6
725	-0.426561	177.750967	0.005211	29.9
726	-0.589639	177.621975	0.006395	29.8
727	-0.606905	177.493232	0.004996	29.9
728	-0.216122	177.364738	0.003438	29.7
729	-0.691582	177.236492	0.007690	30.1
730	-0.918027	177.108492	0.005465	29.5
731	-0.860986	176.980739	0.008541	31.0
732	-0.051860	176.853231	0.001487	27.1
733	-0.690328	176.725968	0.007029	29.9
734	-0.536293	176.598949	0.005905	30.0
735	-0.100115	176.472173	0.002743	30.3
736	-0.541246	176.345639	0.006496	30.3
737	-0.253721	176.219348	0.004294	30.2
738	-0.000000	176.093296	0.000000	29.3
739	-0.426226	175.967486	0.005671	30.5
740	-0.212247	175.841914	0.003147	30.5
741	-0.704220	175.716581	0.005398	33.8
742	-0.000000	175.591486	0.000000	36.1
743	-0.432858	175.466629	0.005836	32.7
744	-0.767581	175.342008	0.005397	29.9
745	-0.000000	175.217622	0.000000	31.9
746	-0.681653	175.093472	0.008893	30.4
747	-0.301291	174.969556	0.002988	30.8
748	-0.869916	174.845873	0.005970	28.5
749	-0.868903	174.722423	0.009167	35.6
750	-0.849620	174.599206	0.005309	31.5
751	-0.013574	174.476220	0.000977	31.9
752	-0.706225	174.353464	0.007499	34.1
753	-0.070617	174.230939	0.001993	31.9
754	-0.453574	174.108643	0.004454	32.2
755	-0.145321	173.986576	0.002388	32.1
756	-0.815247	173.864737	0.005521	31.0
757	-0.072951	173.743124	0.002004	31.0
758	-0.336285	173.621739	0.004729	30.1
759	-0.000000	173.500579	0.000000	31.1
760	-0.235581	173.379645	0.003791	29.3
761	-0.000000	173.258935	0.000000	31.2
762	-0.896864	173.138449	0.006219	29.0
763	-0.040079	173.018186	0.001165	29.1
764	-0.494663	172.898146	0.006311	29.8
765	-0.413984	172.778327	0.005110	30.1
766	-0.876466	172.658730	0.006321	31.5
767	-0.058856	172.539353	0.000623	29.4
768	-0.628302	172.420196	0.004840	30.5
769	-0.000000	172.301258	0.000000	30.0
770	-0.565087	172.182539	0.006717	30.6
771	-0.318511	172.064037	0.002535	30.3
772	-0.411041	171.945753	0.005311	30.4
773	-0.801512	171.827686	0.007441	30.5
774	-0.691253	171.709834	0.006150	29.7
775	-0.000000	171.592198	0.000000	29.8
776	-0.807810	171.474776	0.005370	30.1
777	-0.074696	171.357568	0.002514	29.5
778	-0.366488	171.240574	0.004803	28.4
779	-0.000000	171.123793	0.000000	30.1
780	-0.620164	171.007223	0.006286	30.1
781	-0.685841	170.890865	0.006269	29.5
782	-0.004524	170.774718	0.000283	29.4
783	-0.000000	170.658782	0.000000	30.5
784	-0.453099	170.543055	0.006479	29.0
785	-0.015284	170.427537	0.000989	30.6
786	-0.020754	170.312227	0.001436	29.5
787	-0.817963	170.197125	0.006945	30.9
788	-0.060403	170.082231	0.001883	28.9
789	-0.746320	169.967543	0.005539	29.4
790	-0.846249	169.853061	0.006322	27.7
791	-0.140358	169.738784	0.003362	31.1
792	-0.803740	169.624713	0.008644	29.0
793	-0.000000	169.510845	0.000000	27.5
794	-0.266271	169.397181	0.004782	30.4
795	-0.399133	169.283720	0.003895	29.7
796	-0.537813	169.170462	0.005331	29.9
797	-0.000000	169.057405	0.000000	29.1
798	-0.715422	168.944549	0.004142	27.9
799	-0.000000	168.831895	0.000000	30.8
800	-0.737090	168.719440	0.005105	30.1
801	-0.000000	168.607185	0.000000	30.7
802	-0.021062	168.495129	0.000353	29.9
803	-0.414586	168.383271	0.004950	31.2
804	-0.007801	168.271611	0.000907	27.9
805	-0.807480	168.160148	0.005505	30.4
806	-0.611164	168.048882	0.006262	30.5
807	-0.657914	167.937812	0.004963	29.3
808	-0.864268	167.826938	0.005453	29.7
809	-0.651898	167.716258	0.006290	32.1
810	-0.372344	167.605773	0.004878	29.2
811	-0.763639	167.495482	0.006600	31.8
812	-0.680193	167.385384	0.007103	30.7
813	-0.049084	167.275479	0.002170	30.3
814	-0.680443	167.165766	0.005798	29.6
815	-0.816063	167.056245	0.006010	29.6
816	-0.117605	166.946915	0.001115	29.3
817	-0.000000	166.837776	0.000000	30.8
818	-0.908593	166.728826	0.008120	31.5
819	-0.000000	166.620067	0.000000	29.8
820	-0.845329	166.511496	0.006128	29.8
821	-0.000000	166.403113	0.000000	30.1
822	-0.000000	166.294919	0.000000	27.8
823	-0.628539	166.186912	0.006413	29.4
824	-0.893662	166.079091	0.006142	29.8
825	-0.442682	165.971458	0.003848	29.6
826	-0.449766	165.864009	0.005345	29.0
827	-0.032113	165.756747	0.000346	30.5
828	-0.810069	165.649669	0.004458	31.2
829	-0.169987	165.542775	0.002730	30.5
830	-0.000000	165.436065	0.000000	30.7
831	-0.470132	165.329538	0.007274	29.8
832	-0.990788	165.223194	0.007218	29.6
833	-0.004011	165.117032	0.000335	29.4
834	-0.505633	165.011052	0.006659	30.2
835	-0.887217	164.905253	0.008677	29.7
836	-0.000000	164.799635	0.000000	29.3
837	-0.830155	164.694197	0.007060	29.6
838	-0.829924	164.588939	0.006886	28.9
839	-0.213056	164.483859	0.004097	28.9
840	-0.000339	164.378959	0.000118	30.4
841	-0.809728	164.274237	0.005155	29.1
842	-0.041265	164.169692	0.003022	28.4
843	-0.400747	164.065325	0.005650	30.1
844	-0.677252	163.961135	0.007257	30.6
845	-0.599244	163.857120	0.006876	30.9
846	-0.724937	163.753282	0.008040	29.8
847	-0.146501	163.649619	0.002175	29.3
848	-0.000000	163.546130	0.000000	29.8
849	-0.751670	163.442816	0.005550	29.7
850	-0.286645	163.339676	0.003855	29.3
851	-0.806138	163.236709	0.006020	29.5
852	-0.628121	163.133915	0.005577	29.3
853	-0.000000	163.031294	0.000000	28.5
854	-0.000000	162.928844	0.000000	29.3
855	-0.000000	162.826566	0.000000	29.1
856	-0.000000	162.724459	0.000000	30.0
857	-0.000000	162.622523	0.000000	30.1
858	-0.898824	162.520757	0.006088	29.9
859	-0.363267	162.419160	0.003682	30.0
860	-0.755759	162.317733	0.007660	31.4
861	-0.897179	162.216474	0.005263	30.7
862	-0.000000	162.115383	0.000000	29.5
863	-0.644376	162.014461	0.004075	31.2
864	-0.000000	161.913705	0.000000	29.6
865	-0.000000	161.813117	0.000000	29.5
866	-0.000000	161.712695	0.000000	30.0
867	-0.471545	161.612439	0.006091	29.1
868	-0.818099	161.512349	0.005566	29.7
869	-0.709789	161.412424	0.007188	28.6
870	-0.000000	161.312663	0.000000	29.6
871	-0.000114	161.213067	0.000058	29.9
872	-0.322614	161.113635	0.003864	29.2
873	-0.578917	161.014366	0.006018	27.4
874	-0.645981	160.915260	0.004484	29.6
875	-0.000000	160.816316	0.000000	31.0
876	-0.972392	160.717535	0.006013	30.1
877	-0.760425	160.618915	0.006491	29.0
878	-0.785014	160.520456	0.006358	30.6
879	-0.528344	160.422158	0.006730	31.6
880	-0.607076	160.324021	0.006628	30.0
881	-1.045319	160.226043	0.007818	30.2
882	-0.851892	160.128225	0.006462	30.5
883	-0.011560	160.030566	0.000605	28.9
884	-0.014651	159.933066	0.001449	32.7
885	-0.187617	159.835723	0.004890	29.0
886	-0.545752	159.738539	0.006425	30.3
887	-0.585230	159.641512	0.005099	28.9
888	-0.774114	159.544642	0.005589	30.7
889	-0.797066	159.447929	0.004801	29.4
890	-0.695640	159.351372	0.004996	29.9
891	-0.388460	159.254971	0.005289	28.2
892	-0.142488	159.158725	0.003002	30.5
893	-0.267660	159.062634	0.003509	29.4
894	-0.388844	158.966697	0.005335	30.1
895	-0.000003	158.870915	0.000004	32.9
896	-0.421645	158.775286	0.004531	31.3
897	-0.735724	158.679811	0.006047	32.2
898	-0.000000	158.584489	0.000000	33.9
899	-0.004154	158.489319	0.000372	32.5
900	-0.851357	158.394302	0.006731	32.5
901	-0.000000	158.299436	0.000000	29.4
902	-0.529462	158.204721	0.006236	31.4
903	-0.813874	158.110158	0.007822	34.5
904	-0.928635	158.015745	0.006718	30.9
905	-0.696750	157.921482	0.007342	31.6
906	-0.126237	157.827369	0.001988	33.4
907	-0.425122	157.733406	0.004015	31.4
908	-0.191417	157.639591	0.003131	33.1
909	-0.497608	157.545925	0.005894	29.9
910	-0.300282	157.452408	0.004426	32.1
911	-0.676507	157.359038	0.008646	33.3
912	-0.612141	157.265816	0.006548	32.7
913	-0.768957	157.172741	0.004918	35.3
914	-0.384229	157.079813	0.004112	30.1
915	-0.000002	156.987031	0.000000	33.1
916	-0.494580	156.894395	0.005289	33.9
917	-0.514809	156.801904	0.004890	30.8
918	-0.346568	156.709559	0.004899	30.2
919	-0.027733	156.617359	0.000270	31.1
920	-0.794774	156.525304	0.007136	30.2
921	-0.785229	156.433392	0.004846	30.4
922	-0.177748	156.341624	0.005714	29.4
923	-0.532597	156.250000	0.006668	33.1
924	-0.313172	156.158519	0.004326	31.8
925	-0.436494	156.067180	0.004249	32.0
926	-0.022463	155.975984	0.001158	34.1
927	-0.000000	155.884930	0.000000	31.0
928	-0.754732	155.794017	0.004751	30.9
929	-0.963648	155.703246	0.007017	32.4
930	-0.402324	155.612615	0.003627	30.0
931	-0.622980	155.522125	0.005427	31.2
932	-0.880811	155.431775	0.005965	29.1
933	-0.769085	155.341565	0.007693	34.1
934	-0.823797	155.251495	0.004911	30.2
935	-0.494738	155.161563	0.005160	33.1
936	-0.936002	155.071771	0.006963	31.6
937	-0.755074	154.982117	0.006756	31.9
938	-0.662501	154.892601	0.006420	30.1
939	-0.799462	154.803222	0.004951	31.6
940	-0.402961	154.713981	0.004974	31.2
941	-0.000000	154.624878	0.000000	30.9
942	-0.851733	154.535910	0.006474	31.2
943	-0.000003	154.447080	0.000003	31.7
944	-0.317800	154.358385	0.002723	31.6
945	-0.498964	154.269826	0.006541	33.6
946	-0.159939	154.181402	0.001798	33.7
947	-0.501132	154.093114	0.005458	31.9
948	-0.823750	154.004960	0.008385	35.4
949	-0.283074	153.916940	0.005125	32.2
950	-0.000000	153.829054	0.000000	32.3
951	-0.000000	153.741303	0.000000	33.4
952	-0.278610	153.653684	0.003501	30.8
953	-0.777698	153.566198	0.004824	28.9
954	-0.060338	153.478846	0.003065	32.1
955	-0.807531	153.391625	0.007001	29.1
956	-0.000000	153.304537	0.000000	31.1
957	-0.739714	153.217580	0.006065	31.1
958	-0.000000	153.130755	0.000000	36.9
959	-0.669835	153.044061	0.004119	31.8
960	-0.000000	152.957498	0.000000	33.1
961	-0.855705	152.871065	0.006336	32.9
962	-0.636078	152.784762	0.007253	32.9
963	-0.745982	152.698589	0.004541	35.9
964	-0.562585	152.612545	0.006264	30.8
965	-0.608851	152.526631	0.006053	31.7
966	-0.819216	152.440845	0.008102	31.5
967	-0.000000	152.355188	0.000000	30.9
968	-0.473116	152.269660	0.004933	30.4
969	-0.423933	152.184259	0.005016	31.7
970	-0.266236	152.098986	0.004138	31.6
971	-0.000000	152.013840	0.000000	29.3
972	-0.605303	151.928821	0.005924	31.7
973	-1.086424	151.843928	0.008869	32.3
974	-0.686368	151.759163	0.007138	33.0
975	-0.000000	151.674523	0.000000	31.7
976	-0.628719	151.590009	0.006285	34.0
977	-0.800065	151.505620	0.006103	33.6
978	-0.020795	151.421357	0.001569	33.7
979	-0.745888	151.337218	0.004321	35.1
980	-0.000000	151.253204	0.000000	34.3
981	-0.315124	151.169314	0.004259	29.1
982	-0.000000	151.085549	0.000000	33.9
983	-0.253996	151.001907	0.003489	30.1
984	-0.694883	150.918388	0.005282	32.2
985	-0.756972	150.834992	0.006033	31.1
986	-0.000000	150.751719	0.000000	32.2
987	-0.659046	150.668569	0.006134	31.9
988	-0.789319	150.585541	0.007501	34.0
989	-0.601215	150.502634	0.005864	30.8
990	-0.601969	150.419849	0.006658	30.7
991	-0.000000	150.337186	0.000000	32.1
992	-0.000000	150.254644	0.000000	30.9
993	-0.000000	150.172222	0.000000	35.2
994	-0.716756	150.089921	0.006796	31.8
995	-0.317893	150.007740	0.002264	33.8
996	-0.318465	149.925679	0.003280	30.0
997	-0.642518	149.843737	0.005461	34.5
998	-0.147000	149.761915	0.004579	30.3
999	-0.001160	149.680212	0.000047	30.4
1000	-0.697456	149.598627	0.006854	29.5
1001	-0.886120	149.517161	0.006319	30.0
1002	-0.000000	149.435814	0.000000	29.6
1003	-0.000000	149.354584	0.000000	29.7
1004	-0.324034	149.273472	0.003827	31.1
1005	-0.898686	149.192477	0.005559	30.0
1006	-0.632750	149.111599	0.006424	31.4
1007	-0.898178	149.030838	0.005944	31.6
1008	-0.546481	148.950194	0.006770	34.6
1009	-0.840072	148.869666	0.005394	36.7
1010	-0.000000	148.789253	0.000000	35.2
1011	-0.715503	148.708957	0.006423	34.5
1012	-0.213128	148.628776	0.003388	31.9
1013	-0.000000	148.548710	0.000000	31.3
1014	-0.848994	148.468759	0.005929	31.3
1015	-0.822485	148.388923	0.005993	30.5
1016	-0.000000	148.309201	0.000000	30.4
1017	-0.544578	148.229594	0.005944	31.0
1018	-0.740257	148.150100	0.004448	33.0
1019	-0.000000	148.070719	0.000000	32.6
1020	-0.043838	147.991452	0.001923	32.5
1021	-0.054548	147.912298	0.000412	30.7
1022	-0.366308	147.833257	0.004407	30.5
1023	-0.745772	147.754329	0.007022	30.0
1024	-0.817158	147.675512	0.006307	31.9
1025	-0.004845	147.596808	0.000296	35.1
1026	-0.495373	147.518216	0.006273	34.3
1027	-0.780310	147.439735	0.007739	35.3
1028	-0.665871	147.361365	0.005497	34.5
1029	-0.835508	147.283106	0.008440	30.4
1030	-0.749575	147.204958	0.007633	32.2
1031	-0.000146	147.126920	0.000012	32.5
1032	-0.000000	147.048993	0.000000	30.7
1033	-0.002059	146.971175	0.000078	34.8
1034	-0.202649	146.893468	0.002903	33.4
1035	-0.000000	146.815869	0.000000	32.8
1036	-0.810062	146.738380	0.006017	33.0
1037	-0.855572	146.661000	0.005663	31.9
1038	-0.371425	146.583729	0.004231	34.1
1039	-0.814022	146.506566	0.009023	31.6
1040	-0.008167	146.429511	0.000177	33.0
1041	-0.524756	146.352565	0.007832	33.4
1042	-0.502236	146.275726	0.005430	33.6
1043	-0.434244	146.198994	0.006153	33.3
1044	-0.821625	146.122370	0.007592	31.8
1045	-0.000000	146.045853	0.000000	31.4
1046	-0.915322	145.969442	0.005776	32.1
1047	-0.502420	145.893139	0.005605	30.7
1048	-0.000000	145.816941	0.000000	32.8
1049	-0.748892	145.740849	0.004127	29.2
1050	-0.214658	145.664863	0.004097	32.1
1051	-0.351532	145.588983	0.004158	30.5
1052	-0.979236	145.513208	0.008586	33.2
1053	-0.921770	145.437538	0.004898	30.1
1054	-0.000000	145.361973	0.000000	31.7
1055	-0.004533	145.286513	0.000436	31.2
1056	-0.000000	145.211157	0.000000	31.3
1057	-0.712908	145.135905	0.005390	31.2
1058	-0.637273	145.060757	0.005511	29.9
1059	-0.000000	144.985712	0.000000	30.8
1060	-0.496268	144.910771	0.005082	31.6
1061	-0.269130	144.835934	0.003734	28.8
1062	-0.027617	144.761199	0.004717	30.4
1063	-0.413656	144.686567	0.003580	31.4
1064	-0.487608	144.612037	0.006420	32.1
1065	-0.732173	144.537610	0.006690	31.5
1066	-0.000000	144.463285	0.000000	30.1
1067	-0.236960	144.389062	0.003176	28.7
1068	-0.657375	144.314940	0.005409	30.4
1069	-0.578468	144.240920	0.006999	28.2
1070	-0.222891	144.167001	0.003813	31.9
1071	-0.000000	144.093182	0.000000	30.3
1072	-0.647420	144.019465	0.007879	30.9
1073	-0.420430	143.945848	0.005558	29.4
1074	-0.000000	143.872331	0.000000	30.0
1075	-0.543687	143.798914	0.005746	30.1
1076	-0.041026	143.725597	0.001096	29.4
1077	-0.799808	143.652380	0.005253	30.2
1078	-0.523147	143.579262	0.007067	29.7
1079	-0.582435	143.506243	0.006939	30.5
1080	-0.868948	143.433323	0.006667	31.4
1081	-0.000000	143.360502	0.000000	30.3
1082	-0.084643	143.287780	0.002057	32.1
1083	-0.394982	143.215155	0.003678	30.4
1084	-0.771567	143.142629	0.005896	30.2
1085	-0.791296	143.070201	0.006331	29.4
1086	-0.545485	142.997870	0.005737	32.8
1087	-0.000000	142.925637	0.000000	29.7
1088	-0.627089	142.853501	0.007435	31.1
1089	-0.724678	142.781462	0.006068	29.4
1090	-0.349662	142.709519	0.003574	31.2
1091	-0.312043	142.637674	0.004501	30.5
1092	-0.000000	142.565924	0.000000	30.3
1093	-0.000000	142.494271	0.000000	30.9
1094	-0.000000	142.422714	0.000000	29.4
1095	-0.228270	142.351252	0.003464	30.1
1096	-0.226172	142.279886	0.002719	30.1
1097	-0.000031	142.208616	0.000030	30.4
1098	-0.796066	142.137440	0.007692	34.6
1099	-1.080292	142.066360	0.008342	31.8
1100	-1.038573	141.995374	0.008003	30.8
1101	-0.570843	141.924483	0.006083	30.0
1102	-0.678477	141.853685	0.005633	32.0
1103	-0.019425	141.782983	0.001200	29.5
1104	-0.895885	141.712373	0.005980	34.4
1105	-0.000000	141.641858	0.000000	31.1
1106	-0.445689	141.571436	0.005035	30.1
1107	-0.000000	141.501108	0.000000	29.3
1108	-0.005751	141.430872	0.001757	32.1
1109	-0.087175	141.360730	0.002551	31.5
1110	-0.000682	141.290680	0.000092	30.5
1111	-0.433828	141.220722	0.005135	29.9
1112	-0.036759	141.150857	0.001065	30.9
1113	-0.862097	141.081084	0.006824	29.2
1114	-0.639821	141.011403	0.006510	31.9
1115	-0.000000	140.941813	0.000000	33.0
1116	-0.000000	140.872315	0.000000	31.6
1117	-0.910213	140.802909	0.006705	29.2
1118	-1.080996	140.733593	0.008435	30.9
1119	-0.136698	140.664369	0.002678	28.9
1120	-0.000000	140.595235	0.000000	30.9
1121	-0.000000	140.526192	0.000000	28.3
1122	-0.000000	140.457239	0.000000	29.9
1123	-0.000000	140.388376	0.000000	28.8
1124	-0.838321	140.319603	0.009046	29.9
1125	-0.454235	140.250920	0.005721	30.0
1126	-0.773924	140.182326	0.006998	30.0
1127	-0.000000	140.113822	0.000000	29.9
1128	-0.000000	140.045407	0.000000	29.6
1129	-0.495102	139.977081	0.005979	28.2
1130	-0.000000	139.908844	0.000000	29.6
1131	-0.599003	139.840696	0.003536	30.3
1132	-0.000000	139.772635	0.000000	31.0
1133	-0.638392	139.704664	0.006655	29.4
1134	-0.000000	139.636780	0.000000	30.6
1135	-0.719509	139.568984	0.006904	29.2
1136	-0.790565	139.501276	0.008375	30.9
1137	-0.544665	139.433655	0.004912	30.8
1138	-0.926108	139.366122	0.007871	31.3
1139	-0.000000	139.298676	0.000000	30.5
1140	-0.598502	139.231317	0.006716	30.5
1141	-0.783091	139.164045	0.005848	29.9
1142	-0.697514	139.096859	0.006749	30.1
1143	-0.651456	139.029760	0.007518	29.3
1144	-0.000000	138.962747	0.000000	29.5
1145	-0.285150	138.895820	0.002872	28.4
1146	-0.890978	138.828978	0.006404	28.1
1147	-0.074499	138.762223	0.001566	30.7
1148	-0.000000	138.695553	0.000000	29.6
1149	-0.000000	138.628969	0.000000	30.0
1150	-0.756015	138.562469	0.007000	29.9
1151	-0.628597	138.496055	0.004405	35.1
1152	-0.726633	138.429725	0.007146	30.7
1153	-0.712951	138.363481	0.006913	29.3
1154	-0.845478	138.297320	0.006267	31.9
1155	-0.880745	138.231244	0.005186	31.5
1156	-0.706372	138.165252	0.006035	31.4
1157	-0.904011	138.099344	0.007395	31.3
1158	-0.613147	138.033520	0.005695	31.7
1159	-0.658980	137.967779	0.005957	31.6
1160	-0.000000	137.902122	0.000000	30.7
1161	-0.429600	137.836548	0.003936	32.7
1162	-0.882693	137.771057	0.004809	29.9
1163	-0.721006	137.705649	0.005419	30.1
1164	-0.417411	137.640324	0.005454	29.1
1165	-0.382499	137.575081	0.004005	31.2
1166	-0.390501	137.509921	0.005509	31.5
1167	-0.000000	137.444842	0.000000	31.9
1168	-0.754587	137.379846	0.004562	30.5
1169	-0.544525	137.314932	0.006349	31.1
1170	-0.551286	137.250100	0.006177	30.2
1171	-0.477891	137.185349	0.005337	30.5
1172	-0.831260	137.120680	0.005981	30.5
1173	-0.000000	137.056092	0.000000	31.0
1174	-0.506350	136.991585	0.005528	31.5
1175	-0.472509	136.927158	0.004932	30.4
1176	-0.330897	136.862813	0.003921	29.1
1177	-0.519769	136.798548	0.004374	31.8
1178	-0.639736	136.734363	0.005490	28.7
1179	-0.983787	136.670259	0.006390	31.0
1180	-0.087838	136.606235	0.001272	27.8
1181	-0.712440	136.542291	0.006930	31.6
1182	-0.052709	136.478426	0.002643	28.4
1183	-0.000504	136.414641	0.000439	34.4
1184	-0.703602	136.350936	0.003951	26.2
1185	-0.859228	136.287310	0.006320	29.8
1186	-0.350459	136.223763	0.002694	30.9
1187	-0.565064	136.160295	0.005938	30.9
1188	-0.209045	136.096905	0.002883	29.6
1189	-0.603610	136.033594	0.006153	27.8
1190	-0.000000	135.970362	0.000000	30.0
1191	-0.776349	135.907208	0.006612	30.1
1192	-0.659561	135.844133	0.004336	30.3
1193	-0.988113	135.781135	0.006690	29.3
1194	-0.597681	135.718215	0.004934	31.1
1195	-0.128832	135.655373	0.003545	29.3
1196	-0.371089	135.592608	0.005368	32.4
1197	-0.063587	135.529921	0.003852	30.2
1198	-0.000000	135.467311	0.000000	30.6
1199	-0.000007	135.404778	0.000010	30.5
1200	-0.798044	135.342322	0.005744	31.0
1201	-0.548082	135.279942	0.004794	30.3
1202	-0.012999	135.217640	0.000396	30.4
1203	-0.327290	135.155413	0.002847	29.8
1204	-0.017634	135.093263	0.000848	31.8
1205	-0.117949	135.031190	0.001666	31.7
1206	-0.602117	134.969192	0.006248	30.5
1207	-0.872473	134.907270	0.005349	29.0
1208	-0.593491	134.845424	0.006368	31.8
1209	-0.130688	134.783653	0.003373	29.8
1210	-0.878646	134.721958	0.004862	31.8
1211	-0.065505	134.660338	0.002719	30.9
1212	-0.807792	134.598793	0.005357	31.5
1213	-0.854424	134.537323	0.007025	31.9
1214	-0.800829	134.475927	0.007334	30.9
1215	-0.618146	134.414607	0.006035	29.9
1216	-0.703111	134.353361	0.006635	31.0
1217	-0.855291	134.292189	0.008973	32.4
1218	-0.742775	134.231092	0.004417	30.2
1219	-0.252851	134.170068	0.002945	29.8
1220	-0.815139	134.109119	0.006349	31.6
1221	-0.834022	134.048243	0.006337	31.9
1222	-0.491501	133.987441	0.004910	31.3
1223	-0.801295	133.926713	0.007095	33.1
1224	-0.373667	133.866057	0.005654	31.5
1225	-0.000408	133.805475	0.000121	30.0
1226	-0.238719	133.744966	0.003773	30.8
1227	-0.000000	133.684530	0.000000	31.4
1228	-0.875425	133.624167	0.007020	31.3
1229	-0.000000	133.563877	0.000000	28.5
1230	-0.532087	133.503658	0.006207	30.9
1231	-0.348178	133.443513	0.004610	28.9
1232	-0.701756	133.383439	0.006451	30.5
1233	-0.616514	133.323437	0.005955	29.6
1234	-0.800599	133.263508	0.006650	30.2
1235	-0.000000	133.203650	0.000000	29.1
1236	-0.711583	133.143864	0.005565	30.2
1237	-0.833490	133.084149	0.007165	30.6
1238	-0.000000	133.024506	0.000000	29.9
1239	-0.712406	132.964934	0.004462	30.4
1240	-0.818461	132.905433	0.005987	31.7
1241	-0.712433	132.846003	0.005152	29.6
1242	-0.000000	132.786643	0.000000	30.1
1243	-0.783167	132.727355	0.004724	30.1
1244	-0.650174	132.668137	0.005525	30.1
1245	-0.183830	132.608989	0.003776	29.9
1246	-0.599900	132.549912	0.005852	29.2
1247	-0.430847	132.490904	0.003516	30.5
1248	-0.575482	132.431967	0.006467	28.8
1249	-0.000000	132.373100	0.000000	29.4
1250	-0.868635	132.314302	0.006382	29.3
1251	-0.621280	132.255574	0.006871	30.5
1252	-0.682544	132.196916	0.006274	30.2
1253	-0.566208	132.138326	0.005798	29.1
1254	-0.607319	132.079806	0.007506	31.3
1255	-0.000000	132.021355	0.000000	29.5
1256	-0.730363	131.962973	0.006342	30.8
1257	-0.518468	131.904660	0.005789	28.5
1258	-0.338890	131.846415	0.005738	30.3
1259	-0.735731	131.788239	0.006562	29.7
1260	-0.696627	131.730131	0.007428	29.7
1261	-0.000533	131.672092	0.000015	29.5
1262	-0.578227	131.614121	0.006444	28.8
1263	-0.934102	131.556217	0.007240	30.1
1264	-0.338109	131.498382	0.003732	31.0
1265	-0.386308	131.440614	0.006199	30.3
1266	-0.816893	131.382914	0.005689	29.0
1267	-0.861106	131.325282	0.006819	30.9
1268	-0.000000	131.267717	0.000000	29.2
1269	-0.767904	131.210219	0.006476	30.2
1270	-0.562948	131.152788	0.006999	29.8
1271	-0.000000	131.095424	0.000000	31.0
1272	-0.029075	131.038127	0.004078	28.4
1273	-0.105294	130.980897	0.002212	29.3
1274	-0.010523	130.923733	0.000669	29.6
1275	-0.677956	130.866636	0.005253	29.2
1276	-0.151374	130.809605	0.002832	29.1
1277	-0.354265	130.752641	0.005366	30.0
1278	-0.000000	130.695742	0.000000	27.7
1279	-0.000000	130.638910	0.000000	30.2
1280	-0.614194	130.582143	0.007255	31.0
1281	-0.844005	130.525442	0.005024	28.8
1282	-0.486398	130.468807	0.005329	30.5
1283	-0.750837	130.412237	0.004982	29.8
1284	-0.000000	130.355733	0.000000	29.6
1285	-0.000000	130.299294	0.000000	30.3
1286	-0.351601	130.242920	0.004658	30.4
1287	-1.051236	130.186611	0.008153	29.3
1288	-0.021160	130.130366	0.001117	29.6
1289	-0.000000	130.074187	0.000000	30.6
1290	-0.000000	130.018072	0.000000	30.3
1291	-0.139597	129.962022	0.002489	30.6
1292	-0.222664	129.906036	0.003844	29.7
1293	-0.000000	129.850114	0.000000	30.1
1294	-0.025852	129.794257	0.001110	29.7
1295	-0.836125	129.738463	0.007653	28.8
1296	-0.692374	129.682734	0.007911	30.5
1297	-0.117209	129.627068	0.002167	30.3
1298	-0.384514	129.571466	0.004647	29.7
1299	-0.273477	129.515927	0.003843	30.0
1300	-0.155231	129.460452	0.002592	28.6
1301	-0.051537	129.405040	0.001877	30.3
1302	-0.782265	129.349692	0.007242	29.8
1303	-0.891369	129.294406	0.007040	30.4
1304	-0.873675	129.239183	0.005361	28.3
1305	-0.774303	129.184024	0.006277	29.6
1306	-0.032207	129.128927	0.001619	27.2
1307	-0.708822	129.073892	0.005550	30.1
1308	-0.514042	129.018921	0.005933	29.4
1309	-0.595810	128.964011	0.006975	28.8
1310	-0.734478	128.909164	0.006369	30.1
1311	-0.673716	128.854379	0.005994	30.7
1312	-0.036797	128.799656	0.001299	29.3
1313	-0.000000	128.744995	0.000000	30.6
1314	-0.000000	128.690396	0.000000	30.0
1315	-0.524424	128.635858	0.004446	29.0
1316	-0.200262	128.581382	0.004526	30.0
1317	-0.641173	128.526968	0.007223	29.6
1318	-0.720596	128.472615	0.004980	29.4
1319	-0.002030	128.418323	0.000147	29.5
1320	-0.739147	128.364092	0.006663	27.4
1321	-0.441412	128.309922	0.004385	30.7
1322	-0.075743	128.255814	0.000923	29.5
1323	-0.632539	128.201766	0.005556	29.8
1324	-0.008111	128.147778	0.000101	29.6
1325	-0.238176	128.093852	0.003110	29.8
1326	-0.657758	128.039985	0.006102	29.8
1327	-0.000000	127.986180	0.000000	30.8
1328	-0.403798	127.932434	0.005122	30.3
1329	-0.538456	127.878749	0.006355	28.1
1330	-0.000131	127.825123	0.000020	31.2
1331	-0.000000	127.771558	0.000000	32.3
1332	-0.000000	127.718052	0.000000	30.1
1333	-0.000000	127.664606	0.000000	30.7
1334	-0.090726	127.611220	0.003471	29.9
1335	-0.435866	127.557893	0.003171	29.8
1336	-0.789366	127.504625	0.005607	29.1
1337	-0.000000	127.451417	0.000000	29.6
1338	-0.732269	127.398268	0.006874	29.5
1339	-0.178877	127.345178	0.002690	29.4
1340	-0.000000	127.292147	0.000000	28.4
1341	-0.361505	127.239175	0.004410	28.9
1342	-0.617312	127.186261	0.007247	30.2
1343	-0.860759	127.133407	0.006856	31.0
1344	-0.000000	127.080610	0.000000	28.8
1345	-0.542809	127.027872	0.005423	30.9
1346	-0.742804	126.975193	0.005459	29.9
1347	-0.559706	126.922572	0.006821	30.0
1348	-0.170366	126.870008	0.002188	29.9
1349	-0.849818	126.817503	0.005137	29.1
1350	-1.027093	126.765056	0.006960	28.3
1351	-0.765302	126.712667	0.006699	28.7
1352	-0.552655	126.660335	0.005549	30.0
1353	-0.446275	126.608061	0.006864	30.8
1354	-0.205244	126.555844	0.003577	30.2
1355	-0.004300	126.503685	0.000000	29.6
1356	-0.113416	126.451583	0.002236	29.0
1357	-0.524413	126.399538	0.006166	29.2
1358	-0.000000	126.347550	0.000000	31.3
1359	-0.538361	126.295619	0.006506	29.1
1360	-0.585240	126.243745	0.005953	31.7
1361	-0.000000	126.191928	0.000000	30.4
1362	-0.000000	126.140168	0.000000	29.7
1363	-0.682734	126.088464	0.007291	29.5
1364	-0.663462	126.036817	0.006167	29.3
1365	-0.000000	125.985226	0.000000	31.1
1366	-0.093113	125.933691	0.002164	31.1
1367	-0.000587	125.882212	0.000157	30.7
1368	-0.006372	125.830790	0.000328	32.0
1369	-0.739201	125.779423	0.006876	27.0
1370	-0.000000	125.728113	0.000000	30.3
1371	-0.000666	125.676858	0.000033	30.4
1372	-0.850162	125.625659	0.005388	30.7
1373	-0.036185	125.574515	0.001467	30.2
1374	-0.641500	125.523427	0.004870	29.5
1375	-0.562924	125.472394	0.005479	29.7
1376	-0.819689	125.421417	0.007454	30.0
1377	-0.513304	125.370495	0.005578	30.2
1378	-0.794475	125.319628	0.005653	29.7
1379	-0.000000	125.268815	0.000000	28.9
1380	-0.124987	125.218058	0.002835	29.6
1381	-0.771568	125.167356	0.006202	29.4
1382	-0.092590	125.116708	0.002365	29.3
1383	-0.548023	125.066115	0.006079	30.1
1384	-0.418740	125.015576	0.003110	28.5
1385	-0.789029	124.965092	0.005850	30.2
1386	-0.764462	124.914662	0.004407	28.4
1387	-0.258945	124.864287	0.004519	29.8
1388	-0.491493	124.813965	0.005860	30.5
1389	-0.013389	124.763698	0.001223	30.0
1390	-0.245309	124.713485	0.004729	30.0
1391	-0.763510	124.663325	0.007441	29.4
1392	-0.000000	124.613219	0.000000	30.0
1393	-0.600292	124.563167	0.006643	28.9
1394	-0.712036	124.513168	0.005167	28.4
1395	-0.576992	124.463223	0.006275	28.7
1396	-0.158071	124.413332	0.002120	29.5
1397	-0.000000	124.363493	0.000000	34.2
1398	-0.480404	124.313708	0.005475	28.8
1399	-1.000592	124.263976	0.007613	31.7
1400	-0.818594	124.214297	0.004757	28.7
1401	-0.000000	124.164671	0.000000	30.5
1402	-0.871578	124.115097	0.005772	28.7
1403	-0.382772	124.065577	0.005194	31.8
1404	-0.000000	124.016109	0.000000	29.7
1405	-0.517825	123.966693	0.006155	30.2
1406	-0.817672	123.917330	0.006740	29.7
1407	-0.642366	123.868020	0.006748	29.5
1408	-0.000000	123.818762	0.000000	29.8
1409	-0.677004	123.769556	0.006225	28.5
1410	-0.515018	123.720402	0.003949	30.2
1411	-0.783450	123.671300	0.006364	30.1
1412	-0.518418	123.622250	0.005434	30.4
1413	-0.000000	123.573252	0.000000	29.5
1414	-0.000000	123.524305	0.000000	29.9
1415	-0.065914	123.475411	0.002338	32.4
1416	-0.394172	123.426568	0.005276	27.1
1417	-0.499748	123.377776	0.006434	29.6
1418	-0.681972	123.329036	0.005366	30.1
1419	-0.507562	123.280347	0.005439	29.6
1420	-0.001556	123.231709	0.001222	28.6
1421	-0.849962	123.183122	0.006712	29.5
1422	-0.000000	123.134587	0.000000	30.8
1423	-0.000000	123.086102	0.000000	29.9
1424	-0.172070	123.037669	0.002803	29.1
1425	-0.711137	122.989286	0.005440	30.0
1426	-0.751860	122.940954	0.007422	30.3
1427	-0.858546	122.892672	0.007668	29.5
1428	-0.901011	122.844441	0.007113	30.0
1429	-0.366791	122.796261	0.004080	30.8
1430	-0.671905	122.748130	0.005133	31.1
1431	-0.801678	122.700050	0.007395	31.2
1432	-0.717128	122.652021	0.007808	31.1
1433	-0.000000	122.604041	0.000000	30.6
1434	-0.836652	122.556111	0.005454	29.7
1435	-0.707641	122.508232	0.004984	29.3
1436	-0.893292	122.460402	0.005236	30.3
1437	-0.225536	122.412622	0.002713	29.7
1438	-0.000000	122.364891	0.000000	29.8
1439	-0.395220	122.317210	0.004315	28.5
1440	-0.000000	122.269579	0.000000	31.7
1441	-0.000000	122.221997	0.000000	29.5
1442	-0.000640	122.174465	0.000145	30.5
1443	-0.503127	122.126981	0.006264	29.5
1444	-0.568187	122.079547	0.005411	28.4
1445	-0.490261	122.032162	0.006449	29.2
1446	-0.052750	121.984826	0.002289	30.4
1447	-0.424819	121.937539	0.004864	30.1
1448	-0.000000	121.890301	0.000000	30.4
1449	-0.000089	121.843112	0.000119	29.9
1450	-0.086967	121.795971	0.002380	28.5
1451	-0.309067	121.748879	0.004286	30.2
1452	-0.564994	121.701835	0.006439	30.3
1453	-0.863318	121.654840	0.008449	29.7
1454	-0.035835	121.607893	0.000494	30.1
1455	-0.071571	121.560994	0.001844	29.5
1456	-0.000000	121.514144	0.000000	28.7
1457	-0.000053	121.467342	0.000009	29.5
1458	-0.829110	121.420588	0.005632	29.8
1459	-0.410466	121.373882	0.005054	29.6
1460	-0.916399	121.327223	0.006327	28.3
1461	-0.535226	121.280613	0.004734	29.7
1462	-0.000000	121.234050	0.000000	30.0
1463	-0.659866	121.187535	0.003728	31.0
1464	-0.000000	121.141067	0.000000	30.2
1465	-0.529705	121.094647	0.006449	31.4
1466	-0.661966	121.048274	0.005553	28.3
1467	-0.462195	121.001949	0.006684	30.5
1468	-0.453472	120.955671	0.004236	30.6
1469	-0.676846	120.909440	0.004334	30.6
1470	-0.000000	120.863256	0.000000	30.2
1471	-0.000000	120.817119	0.000000	29.2
1472	-0.891641	120.771029	0.008108	29.3
1473	-0.770223	120.724986	0.007414	29.4
1474	-0.725630	120.678990	0.006067	30.6
1475	-0.000000	120.633040	0.000000	29.3
1476	-0.417697	120.587137	0.005386	31.5
1477	-0.007647	120.541281	0.000152	28.0
1478	-0.853988	120.495471	0.007501	28.8
1479	-0.808438	120.449707	0.007364	30.0
1480	-0.710357	120.403990	0.006434	30.9
1481	-0.492868	120.358319	0.005220	30.4
1482	-0.433244	120.312694	0.005926	30.5
1483	-0.694207	120.267115	0.005655	28.3
1484	-0.000000	120.221582	0.000000	30.9
1485	-0.822156	120.176096	0.007529	29.2
1486	-0.714418	120.130655	0.006071	29.4
1487	-0.900378	120.085260	0.007536	29.0
1488	-0.819087	120.039910	0.005214	28.8
1489	-1.090604	119.994606	0.008028	29.1
1490	-0.648890	119.949348	0.006445	30.4
1491	-0.139640	119.904135	0.002852	29.4
1492	-0.807884	119.858968	0.007936	30.2
1493	-0.460074	119.813846	0.005073	29.5
1494	-0.628802	119.768769	0.007025	31.0
1495	-0.542975	119.723738	0.003845	31.7
1496	-0.837835	119.678752	0.005468	30.7
1497	-0.294504	119.633810	0.003940	28.8
1498	-0.005982	119.588914	0.000239	30.3
1499	-0.793025	119.544062	0.006694	31.2
1500	-0.492456	119.499256	0.005559	32.0
1501	-0.892465	119.454494	0.006411	30.7
1502	-0.008896	119.409777	0.000259	31.5
1503	-0.861923	119.365104	0.005474	30.5
1504	-0.789191	119.320476	0.006981	29.1
1505	-0.941554	119.275893	0.007174	29.0
1506	-0.298821	119.231353	0.005617	28.1
1507	-0.982894	119.186859	0.007474	32.0
1508	-0.708623	119.142408	0.005708	30.3
1509	-0.552983	119.098002	0.004043	30.6
1510	-0.000000	119.053639	0.000000	29.2
1511	-0.081401	119.009321	0.001244	29.0
1512	-0.745764	118.965047	0.005362	28.6
1513	-0.033626	118.920816	0.002935	31.2
1514	-0.699599	118.876630	0.005580	31.3
1515	-0.856213	118.832487	0.005179	30.5
1516	-0.783316	118.788388	0.006162	28.8
1517	-0.111798	118.744332	0.002289	29.5
1518	-0.118065	118.700320	0.004777	30.3
1519	-0.000000	118.656352	0.000000	30.8
1520	-0.313088	118.612427	0.003949	29.7
1521	-0.000000	118.568545	0.000000	29.4
1522	-0.002503	118.524706	0.000215	29.9
1523	-0.000131	118.480911	0.000013	29.5
1524	-0.773229	118.437159	0.006954	28.8
1525	-0.000000	118.393450	0.000000	29.5
1526	-0.021769	118.349784	0.003865	30.1
1527	-1.056760	118.306160	0.008245	28.5
1528	-0.232014	118.262580	0.004746	29.7
1529	-0.855666	118.219042	0.006548	30.7
1530	-0.000000	118.175548	0.000000	30.7
1531	-0.641488	118.132095	0.006511	30.9
1532	-0.007706	118.088686	0.000098	30.2
1533	-0.001003	118.045319	0.000344	29.5
1534	-1.025913	118.001994	0.007520	29.2
1535	-0.000559	117.958712	0.000107	29.5
1536	-0.466469	117.915472	0.004004	32.3
1537	-0.911281	117.872274	0.007184	29.0
1538	-0.391432	117.829118	0.005957	30.8
1539	-0.000000	117.786005	0.000000	29.9
1540	-0.869269	117.742933	0.006351	30.3
1541	-0.157381	117.699904	0.002530	30.1
1542	-0.919787	117.656916	0.006022	31.0
1543	-0.508829	117.613971	0.003634	29.9
1544	-0.404261	117.571067	0.004849	29.5
1545	-0.000000	117.528205	0.000000	30.2
1546	-0.770267	117.485384	0.005919	29.6
1547	-0.765069	117.442605	0.007543	29.8
1548	-0.423745	117.399867	0.004533	31.1
1549	-0.773179	117.357171	0.008057	30.8
1550	-0.000000	117.314517	0.000000	27.8
1551	-0.007091	117.271903	0.000156	30.2
1552	-0.928207	117.229331	0.008151	28.3
1553	-0.006197	117.186800	0.000125	31.2
1554	-0.833035	117.144311	0.005771	29.5
1555	-0.315882	117.101862	0.003255	28.8
1556	-0.735463	117.059454	0.005787	29.0
1557	-0.000000	117.017087	0.000000	30.5
1558	-0.773464	116.974762	0.006422	29.9
1559	-0.712614	116.932476	0.007606	29.3
1560	-0.874095	116.890232	0.006799	29.6
1561	-0.000000	116.848028	0.000000	30.0
1562	-0.775296	116.805865	0.004910	29.8
1563	-0.005240	116.763743	0.000113	30.6
1564	-0.395957	116.721661	0.006030	29.6
1565	-0.001090	116.679619	0.000071	29.5
1566	-0.566610	116.637618	0.006349	29.8
1567	-0.834292	116.595657	0.004819	29.4
1568	-0.304762	116.553736	0.003629	29.7
1569	-0.952087	116.511855	0.006247	30.0
1570	-0.707541	116.470015	0.006257	32.0
1571	-0.668432	116.428214	0.006544	31.8
1572	-0.000000	116.386454	0.000000	28.4
1573	-0.884598	116.344733	0.005610	29.8
1574	-0.000000	116.303052	0.000000	30.5
1575	-0.704716	116.261412	0.005934	30.2
1576	-0.631927	116.219810	0.004785	29.8
1577	-0.357822	116.178249	0.003388	27.5
1578	-0.956888	116.136727	0.007229	29.7
1579	-0.008727	116.095245	0.000178	30.2
1580	-0.583555	116.053802	0.004867	29.8
1581	-0.503130	116.012398	0.005902	31.0
1582	-0.819367	115.971034	0.006406	29.5
1583	-0.000000	115.929710	0.000000	27.9
1584	-0.000000	115.888424	0.000000	29.7
1585	-0.000000	115.847178	0.000000	29.6
1586	-0.471174	115.805970	0.004772	30.1
1587	-0.156188	115.764802	0.002683	28.7
1588	-0.516085	115.723673	0.004815	29.4
1589	-0.025074	115.682583	0.002185	30.0
1590	-0.255814	115.641532	0.003970	30.0
1591	-0.003304	115.600519	0.000706	30.2
1592	-0.000000	115.559546	0.000000	29.2
1593	-0.745769	115.518610	0.006312	29.8
1594	-0.000000	115.477714	0.000000	29.6
1595	-0.244913	115.436856	0.004069	30.9
1596	-0.177968	115.396037	0.003504	29.9
1597	-0.857625	115.355256	0.005859	30.0
1598	-0.669765	115.314514	0.006885	27.1
1599	-0.429570	115.273810	0.004920	30.5
1600	-0.380070	115.233144	0.003933	30.8
1601	-0.398072	115.192517	0.005568	31.6
1602	-0.895554	115.151927	0.005401	29.8
1603	-0.665389	115.111376	0.005631	30.9
1604	-0.000000	115.070863	0.000000	28.3
1605	-0.699094	115.030388	0.005500	30.1
1606	-0.597780	114.989951	0.007686	29.8
1607	-0.851599	114.949551	0.006180	28.7
1608	-0.199795	114.909190	0.003420	28.8
1609	-1.048305	114.868866	0.007899	29.3
1610	-0.599367	114.828580	0.006520	29.7
1611	-0.794641	114.788332	0.006309	30.7
1612	-0.566549	114.748121	0.003913	28.4
1613	-0.767608	114.707948	0.007551	29.6
1614	-0.726457	114.667812	0.005645	28.9
1615	-0.778203	114.627714	0.007826	30.6
1616	-0.491182	114.587653	0.005267	28.8
1617	-0.812477	114.547629	0.006820	30.2
1618	-0.164123	114.507643	0.002787	29.2
1619	-0.348475	114.467693	0.004564	29.5
1620	-0.856750	114.427781	0.007016	30.1
1621	-0.495981	114.387907	0.004683	30.2
1622	-0.929983	114.348069	0.006397	28.5
1623	-1.090203	114.308268	0.008583	30.0
1624	-0.000000	114.268504	0.000000	28.1
1625	-0.763544	114.228777	0.007441	30.7
1626	-0.868214	114.189086	0.005217	30.0
1627	-0.754070	114.149433	0.005676	30.7
1628	-0.004894	114.109816	0.000296	30.2
1629	-0.926166	114.070235	0.007597	28.6
1630	-0.700291	114.030692	0.006026	30.8
1631	-0.750327	113.991185	0.005451	30.9
1632	-0.873995	113.951714	0.007516	29.5
1633	-0.510369	113.912280	0.005867	28.8
1634	-0.000000	113.872882	0.000000	30.5
1635	-0.387716	113.833521	0.004749	31.1
1636	-0.513301	113.794195	0.006114	29.8
1637	-0.774575	113.754906	0.004984	29.3
1638	-0.000077	113.715653	0.000013	30.2
1639	-0.815300	113.676437	0.006794	27.6
1640	-0.863726	113.637256	0.005134	30.4
1641	-0.712106	113.598111	0.007321	30.5
1642	-0.802923	113.559002	0.008264	29.6
1643	-0.474898	113.519929	0.006182	29.2
1644	-0.713523	113.480892	0.006263	30.3
1645	-0.000370	113.441891	0.000095	29.4
1646	-0.000000	113.402925	0.000000	29.3
1647	-0.865658	113.363995	0.005959	30.1
1648	-0.821857	113.325101	0.006171	29.6
1649	-0.022656	113.286242	0.001697	29.5
1650	-0.462648	113.247419	0.004792	29.8
1651	-0.000000	113.208631	0.000000	28.2
1652	-0.549767	113.169879	0.003443	31.6
1653	-0.854559	113.131162	0.006921	28.9
1654	-0.689288	113.092480	0.005043	29.8
1655	-0.676713	113.053833	0.006893	29.6
1656	-0.000000	113.015222	0.000000	29.7
1657	-0.000000	112.976646	0.000000	30.7
1658	-0.613007	112.938105	0.006658	29.7
1659	-0.024919	112.899599	0.000847	29.5
1660	-0.940460	112.861128	0.006002	31.4
1661	-0.874768	112.822692	0.006536	29.8
1662	-0.000000	112.784291	0.000000	30.4
1663	-0.603743	112.745924	0.006207	30.7
1664	-0.260631	112.707593	0.003589	29.6
1665	-0.448713	112.669296	0.007143	27.6
1666	-0.870940	112.631034	0.004830	30.7
1667	-0.126487	112.592806	0.001893	31.6
1668	-0.737617	112.554613	0.007246	31.9
1669	-0.845609	112.516455	0.007473	30.5
1670	-0.877964	112.478331	0.007771	31.8
1671	-0.514533	112.440241	0.007042	29.0
1672	-0.339441	112.402186	0.004071	30.6
1673	-0.851352	112.364165	0.006996	28.0
1674	-0.491788	112.326179	0.005812	30.2
1675	-0.233626	112.288227	0.002496	29.2
1676	-0.417389	112.250309	0.004423	30.4
1677	-0.906796	112.212425	0.007588	28.8
1678	-0.579629	112.174575	0.005150	30.1
1679	-0.892893	112.136759	0.006184	29.8
1680	-0.000000	112.098977	0.000000	30.1
1681	-0.775235	112.061229	0.005108	30.5
1682	-0.811568	112.023515	0.006150	30.6
1683	-0.461049	111.985834	0.006024	29.1
1684	-0.890809	111.948188	0.006081	27.9
1685	-0.914647	111.910575	0.008030	30.7
1686	-0.144384	111.872996	0.002290	30.4
1687	-0.000000	111.835450	0.000000	30.0
1688	-0.467727	111.797939	0.004965	30.6
1689	-0.534576	111.760460	0.005821	28.7
1690	-0.702224	111.723015	0.005824	30.2
1691	-0.055418	111.685604	0.003278	31.7
1692	-0.000000	111.648226	0.000000	30.7
1693	-0.785624	111.610881	0.007280	30.7
1694	-0.609377	111.573570	0.006629	30.4
1695	-0.637405	111.536292	0.006302	30.5
1696	-0.109263	111.499047	0.001425	29.9
1697	-0.000000	111.461835	0.000000	29.6
1698	-0.757202	111.424656	0.006458	30.1
1699	-0.569432	111.387510	0.005927	30.2
1700	-0.924616	111.350398	0.007366	30.8
1701	-0.558373	111.313318	0.006070	29.9
1702	-0.000000	111.276271	0.000000	29.5
1703	-0.000000	111.239257	0.000000	29.8
1704	-0.748902	111.202276	0.006865	29.0
1705	-1.044419	111.165328	0.007049	28.8
1706	-0.162456	111.128412	0.002871	28.8
1707	-0.062699	111.091529	0.002021	29.2
1708	-0.000000	111.054679	0.000000	31.1
1709	-0.637932	111.017861	0.006406	29.4
1710	-0.685230	110.981076	0.006792	30.6
1711	-0.000007	110.944323	0.000001	28.8
1712	-0.049859	110.907603	0.001176	30.7
1713	-0.762092	110.870915	0.006621	29.0
1714	-1.034608	110.834259	0.006031	31.2
1715	-0.000000	110.797636	0.000000	31.1
1716	-0.728924	110.761045	0.004939	28.9
1717	-0.490444	110.724486	0.005062	29.9
1718	-0.611541	110.687959	0.005608	29.8
1719	-0.852300	110.651465	0.004560	30.9
1720	-0.000000	110.615002	0.000000	31.1
1721	-0.757155	110.578572	0.005037	30.7
1722	-0.820850	110.542173	0.007599	29.1
1723	-0.000000	110.505807	0.000000	29.6
1724	-0.060440	110.469472	0.001261	29.6
1725	-0.585394	110.433169	0.004129	29.2
1726	-0.702489	110.396898	0.006413	27.8
1727	-0.864085	110.360659	0.009274	30.1
1728	-0.006528	110.324451	0.000293	29.2
1729	-0.702677	110.288276	0.004921	30.6
1730	-0.919470	110.252131	0.005272	29.7
1731	-0.547950	110.216019	0.005081	31.6
1732	-0.818002	110.179937	0.007467	30.8
1733	-0.684215	110.143888	0.005633	30.3
1734	-0.877003	110.107869	0.005784	27.8
1735	-0.392043	110.071882	0.003904	30.6
1736	-0.405107	110.035927	0.004979	30.7
1737	-0.845257	110.000003	0.008967	30.6
1738	-0.839574	109.964110	0.008125	29.7
1739	-0.733644	109.928248	0.006578	29.9
1740	-0.762202	109.892417	0.007603	28.4
1741	-0.015440	109.856618	0.000903	30.5
1742	-0.831031	109.820850	0.007611	31.1
1743	-0.820489	109.785112	0.005297	29.2
1744	-0.000000	109.749406	0.000000	29.8
1745	-0.000000	109.713730	0.000000	29.1
1746	-0.000000	109.678086	0.000000	30.4
1747	-0.442475	109.642472	0.004536	30.4
1748	-0.568844	109.606890	0.005738	32.4
1749	-0.303596	109.571337	0.005177	29.4
1750	-0.964508	109.535816	0.006713	28.1
1751	-0.939357	109.500326	0.007021	30.7
1752	-0.456318	109.464866	0.005169	29.4
1753	-0.000000	109.429436	0.000000	27.5
1754	-0.000000	109.394038	0.000000	27.4
1755	-0.943389	109.358669	0.005921	29.4
1756	-0.762288	109.323331	0.004689	29.5
1757	-0.084681	109.288024	0.001286	30.4
1758	-0.102772	109.252747	0.003276	30.1
1759	-0.698550	109.217501	0.004685	29.7
1760	-0.847243	109.182284	0.007743	29.8
1761	-0.000000	109.147098	0.000000	29.3
1762	-0.822352	109.111942	0.007486	31.1
1763	-0.860594	109.076817	0.008100	29.5
1764	-0.000000	109.041721	0.000000	27.1
1765	-0.899998	109.006656	0.006243	29.1
1766	-0.839183	108.971620	0.006965	30.0
1767	-0.095223	108.936615	0.002756	30.3
1768	-0.418530	108.901640	0.005137	30.2
1769	-0.775682	108.866694	0.005324	29.8
1770	-0.594656	108.831779	0.004135	28.0
1771	-0.914802	108.796893	0.007715	30.6
1772	-0.061677	108.762037	0.000867	29.3
1773	-0.002362	108.727211	0.000243	30.0
1774	-0.997391	108.692415	0.006272	29.3
1775	-0.003789	108.657648	0.001289	29.2
1776	-0.447831	108.622911	0.005091	29.6
1777	-0.926355	108.588203	0.007105	30.8
1778	-0.221956	108.553525	0.003938	30.0
1779	-0.000000	108.518877	0.000000	30.5
1780	-0.005467	108.484258	0.000187	29.4
1781	-0.000000	108.449668	0.000000	29.1
1782	-0.656537	108.415108	0.006942	34.4
1783	-0.200676	108.380578	0.002810	35.9
1784	-0.688774	108.346076	0.007049	29.7
1785	-0.000000	108.311604	0.000000	30.9
1786	-0.534852	108.277161	0.006558	29.1
1787	-0.602298	108.242747	0.003933	32.4
1788	-0.196749	108.208363	0.002816	29.9
1789	-0.682926	108.174007	0.005165	32.0
1790	-0.791794	108.139681	0.006581	30.4
1791	-0.408908	108.105383	0.006285	31.6
1792	-0.045257	108.071115	0.001385	31.0
1793	-0.888575	108.036875	0.007132	33.5
1794	-0.519854	108.002665	0.006537	30.8
1795	-0.000000	107.968483	0.000000	31.0
1796	-0.021599	107.934330	0.000604	29.3
1797	-0.002305	107.900206	0.000237	29.7
1798	-0.619147	107.866111	0.005243	27.7
1799	-0.330506	107.832044	0.003608	30.6
1800	-1.045792	107.798007	0.008471	28.8
1801	-0.000000	107.763997	0.000000	31.8
1802	-0.000000	107.730017	0.000000	29.1
1803	-0.836681	107.696065	0.007302	30.1
1804	-0.755113	107.662141	0.006899	28.7
1805	-0.655083	107.628246	0.006967	31.1
1806	-0.463226	107.594379	0.006014	30.8
1807	-0.904335	107.560541	0.006682	30.2
1808	-0.809324	107.526731	0.006468	31.2
1809	-0.000000	107.492949	0.000000	30.0
1810	-0.000000	107.459196	0.000000	28.7
1811	-0.000000	107.425471	0.000000	29.9
1812	-0.000000	107.391774	0.000000	30.7
1813	-0.830404	107.358106	0.005697	29.9
1814	-0.452681	107.324465	0.005144	29.1
1815	-0.235815	107.290853	0.002575	29.6
1816	-0.487301	107.257268	0.005496	29.9
1817	-0.785882	107.223712	0.005770	30.3
1818	-0.796691	107.190184	0.006092	29.8
1819	-0.000000	107.156683	0.000000	29.2
1820	-0.498261	107.123211	0.005617	29.3
1821	-0.000019	107.089766	0.000008	27.9
1822	-0.428424	107.056349	0.004140	32.3
1823	-0.044504	107.022960	0.000797	30.4
1824	-0.414842	106.989599	0.003860	30.4
1825	-0.000000	106.956265	0.000000	28.9
1826	-0.609248	106.922960	0.006251	31.1
1827	-0.571569	106.889681	0.005969	29.2
1828	-0.846423	106.856431	0.006938	31.4
1829	-0.000637	106.823208	0.000118	28.8
1830	-0.535460	106.790012	0.006353	29.9
1831	-0.477692	106.756844	0.005092	29.6
1832	-0.352699	106.723703	0.004875	29.2
1833	-0.631551	106.690590	0.007385	30.0
1834	-0.000000	106.657505	0.000000	31.6
1835	-0.648903	106.624446	0.005970	31.0
1836	-0.522051	106.591415	0.003850	29.7
1837	-0.422382	106.558411	0.005323	28.4
1838	-0.211181	106.525435	0.004325	31.6
1839	-0.027504	106.492485	0.001597	30.1
1840	-0.844693	106.459563	0.007411	30.7
1841	-0.603862	106.426668	0.006027	31.2
1842	-0.600075	106.393800	0.007415	29.0
1843	-0.856381	106.360959	0.006718	28.6
1844	-0.889920	106.328145	0.007008	30.0
1845	-0.762381	106.295358	0.006083	29.8
1846	-0.033148	106.262598	0.000807	30.1
1847	-0.797017	106.229865	0.006924	28.3
1848	-0.014840	106.197158	0.000311	31.4
1849	-0.000000	106.164479	0.000000	27.7
1850	-0.027745	106.131826	0.001644	30.2
1851	-0.531123	106.099201	0.005946	30.4
1852	-0.587659	106.066602	0.006612	30.6
1853	-0.549550	106.034029	0.007260	28.3
1854	-0.506215	106.001483	0.005715	30.7
1855	-0.612605	105.968964	0.006388	29.4
1856	-0.762952	105.936472	0.007201	31.1
1857	-0.838646	105.904006	0.006214	29.3
1858	-0.946569	105.871566	0.006736	31.2
1859	-0.000019	105.839153	0.000019	31.6
1860	-0.000000	105.806767	0.000000	28.0
1861	-0.097657	105.774407	0.003476	30.1
1862	-0.521471	105.742073	0.005575	30.6
1863	-0.000000	105.709766	0.000000	31.2
1864	-0.058969	105.677485	0.002187	29.5
1865	-0.392612	105.645230	0.006098	30.1
1866	-0.146168	105.613001	0.003692	30.1
1867	-0.556044	105.580799	0.005027	29.5
1868	-0.000000	105.548623	0.000000	30.4
1869	-0.689467	105.516473	0.005209	29.2
1870	-0.731653	105.484349	0.006709	30.7
1871	-0.854908	105.452251	0.006453	30.2
1872	-0.777064	105.420179	0.004828	30.8
1873	-0.918075	105.388133	0.005935	29.8
1874	-0.747972	105.356113	0.008111	28.5
1875	-0.007663	105.324119	0.000284	29.5
1876	-0.000013	105.292151	0.000012	27.7
1877	-0.000000	105.260209	0.000000	29.3
1878	-0.169887	105.228293	0.003915	29.0
1879	-0.763403	105.196402	0.008074	30.3
1880	-0.896658	105.164537	0.006587	30.3
1881	-0.935991	105.132698	0.007074	29.9
1882	-0.657620	105.100885	0.007031	30.3
1883	-0.659604	105.069097	0.004625	30.2
1884	-0.572475	105.037335	0.004120	30.1
1885	-0.769435	105.005598	0.006543	28.3
1886	-0.046915	104.973887	0.001999	29.9
1887	-0.654914	104.942202	0.006445	29.7
1888	-0.356579	104.910542	0.003816	29.3
1889	-0.604748	104.878907	0.006819	30.6
1890	-0.000000	104.847298	0.000000	30.1
1891	-0.293471	104.815715	0.005032	27.1
1892	-0.695687	104.784156	0.005215	30.3
1893	-0.650865	104.752623	0.005382	29.0
1894	-0.342826	104.721116	0.005322	30.6
1895	-0.000007	104.689633	0.000012	28.6
1896	-0.909542	104.658176	0.008504	30.1
1897	-0.459850	104.626744	0.005247	28.4
1898	-0.000100	104.595337	0.000012	30.3
1899	-0.724407	104.563955	0.007322	29.7
1900	-0.804200	104.532599	0.006902	31.2
1901	-0.401886	104.501267	0.005692	30.2
1902	-0.815240	104.469960	0.007183	29.6
1903	-0.986351	104.438679	0.006917	29.5
1904	-1.207847	104.407422	0.007636	30.5
1905	-0.564684	104.376191	0.005487	30.0
1906	-0.104973	104.344984	0.001097	27.9
1907	-0.539987	104.313802	0.004719	28.7
1908	-0.624272	104.282645	0.006264	29.3
1909	-0.702693	104.251513	0.005564	31.2
1910	-0.000000	104.220405	0.000000	30.2
1911	-0.000000	104.189323	0.000000	27.8
1912	-0.279331	104.158265	0.004025	29.7
1913	-0.000000	104.127231	0.000000	30.9
1914	-0.000000	104.096222	0.000000	30.3
1915	-0.000000	104.065238	0.000000	29.3
1916	-0.435085	104.034279	0.005117	28.8
1917	-0.344065	104.003344	0.003338	30.0
1918	-0.000000	103.972433	0.000000	28.9
1919	-0.002733	103.941547	0.000084	31.1
1920	-0.036957	103.910686	0.002245	28.5
1921	-0.000000	103.879849	0.000000	30.6
1922	-0.473756	103.849036	0.005869	28.4
1923	-0.720481	103.818248	0.007382	31.2
1924	-0.166862	103.787484	0.002112	30.8
1925	-0.679590	103.756744	0.006220	32.0
1926	-0.000000	103.726029	0.000000	30.5
1927	-0.064568	103.695338	0.001670	30.7
1928	-0.629283	103.664671	0.003608	27.9
1929	-0.794192	103.634028	0.005457	29.1
1930	-1.185530	103.603409	0.007828	28.6
1931	-1.003166	103.572814	0.006908	30.3
1932	-0.007913	103.542244	0.000151	28.7
1933	-0.024834	103.511698	0.000240	29.9
1934	-0.000000	103.481175	0.000000	29.1
1935	-0.245446	103.450677	0.003748	30.8
1936	-0.635597	103.420202	0.004697	29.5
1937	-0.000000	103.389752	0.000000	28.5
1938	-0.396486	103.359325	0.005112	30.4
1939	-0.000000	103.328922	0.000000	30.2
1940	-0.006184	103.298543	0.000281	30.4
1941	-0.886987	103.268188	0.005250	29.6
1942	-0.898490	103.237857	0.006173	28.9
1943	-0.049578	103.207549	0.003152	29.2
1944	-1.041586	103.177265	0.007435	30.0
1945	-0.494345	103.147005	0.003477	28.9
1946	-0.048509	103.116768	0.001184	30.6
1947	-0.004129	103.086556	0.000000	29.9
1948	-0.193643	103.056366	0.002958	30.2
1949	-0.000000	103.026200	0.000000	29.3
1950	-0.642781	102.996058	0.005324	29.3
1951	-0.543584	102.965939	0.003924	30.9
1952	-0.645660	102.935844	0.007557	30.4
1953	-0.000000	102.905772	0.000000	29.0
1954	-0.571196	102.875724	0.006718	30.1
1955	-0.596051	102.845699	0.007075	29.8
1956	-0.532435	102.815697	0.004972	30.7
1957	-0.369611	102.785719	0.004724	30.8
1958	-0.875490	102.755764	0.007834	28.6
1959	-0.000000	102.725832	0.000000	29.8
1960	-0.975026	102.695924	0.007342	27.6
1961	-0.003890	102.666038	0.000257	30.7
1962	-0.872838	102.636176	0.006944	29.6
1963	-0.655461	102.606337	0.006311	30.3
1964	-0.754528	102.576521	0.006304	29.6
1965	-0.053072	102.546728	0.000686	29.6
1966	-0.290332	102.516959	0.004377	30.4
1967	-0.742373	102.487212	0.006786	28.6
1968	-0.000000	102.457488	0.000000	29.5
1969	-0.811090	102.427788	0.004915	30.0
1970	-0.699640	102.398110	0.004531	28.8
1971	-0.000000	102.368455	0.000000	30.5
1972	-0.811900	102.338823	0.004459	31.6
1973	-0.673193	102.309214	0.006427	29.2
1974	-0.715358	102.279628	0.006761	30.7
1975	-0.002282	102.250064	0.000076	27.4
1976	-0.627498	102.220524	0.006819	30.5
1977	-0.739514	102.191006	0.005344	29.9
1978	-0.961409	102.161511	0.005414	30.3
1979	-0.000000	102.132038	0.000000	29.8
1980	-0.000000	102.102588	0.000000	29.6
1981	-0.400596	102.073161	0.006304	29.9
1982	-0.000000	102.043757	0.000000	30.7
1983	-1.001360	102.014375	0.006743	30.4
1984	-0.000000	101.985015	0.000000	31.1
1985	-0.004060	101.955678	0.000172	29.2
1986	-0.823124	101.926364	0.005860	29.2
1987	-0.000000	101.897072	0.000000	28.5
1988	-0.007830	101.867802	0.000068	30.3
1989	-0.172069	101.838555	0.002342	29.2
1990	-0.028582	101.809330	0.000309	29.9
1991	-0.000152	101.780128	0.000016	29.9
1992	-1.198465	101.750948	0.008845	30.8
1993	-0.000000	101.721790	0.000000	32.0
1994	-0.009628	101.692654	0.000495	30.8
1995	-0.824289	101.663541	0.006523	30.4
1996	-0.739469	101.634450	0.007616	29.5
1997	-0.000000	101.605381	0.000000	29.9
1998	-0.748252	101.576335	0.006036	30.0
1999	-0.000000	101.547310	0.000000	30.4
