1:ItNr	2:Metric	3:StepSize	4:||Gradient||	Time[ms]
0	0.000000	627.201626	0.000000	1015.7
1	-0.898297	623.504937	0.006440	27.7
2	-0.660148	619.865785	0.005711	28.4
3	-0.305533	616.282728	0.005103	28.7
4	-0.423400	612.754375	0.006593	30.0
5	-0.000000	609.279381	0.000000	28.7
6	-0.000000	605.856447	0.000000	29.2
7	-0.394985	602.484317	0.003778	28.2
8	-0.351913	599.161779	0.003446	30.4
9	-0.000069	595.887656	0.000003	29.8
10	-0.631734	592.660813	0.007054	28.2
11	0.000000	589.480151	0.000000	29.2
12	-0.418973	586.344606	0.004508	29.1
13	0.000000	583.253145	0.000000	29.3
14	-0.635876	580.204771	0.005998	28.6
15	-0.259211	577.198517	0.004515	29.8
16	-0.264789	574.233444	0.003452	28.9
17	-0.301697	571.308645	0.005688	29.1
18	-0.001286	568.423237	0.000057	29.0
19	-0.592203	565.576365	0.005515	29.1
20	-0.000035	562.767201	0.000002	29.5
21	-0.778461	559.994938	0.006399	29.9
22	-0.757955	557.258797	0.006475	29.9
23	-0.818467	554.558018	0.006155	29.2
24	-0.594537	551.891865	0.003620	29.1
25	-0.728928	549.259621	0.007231	29.1
26	-0.430661	546.660592	0.005341	31.1
27	0.000000	544.094102	0.000000	30.6
28	-0.294504	541.559494	0.004600	29.8
29	-0.135765	539.056129	0.002168	28.8
30	-0.231003	536.583387	0.006623	29.6
31	-0.544566	534.140663	0.007009	30.1
32	-0.029252	531.727370	0.000821	29.5
33	-0.049256	529.342935	0.001590	29.6
34	-0.448671	526.986802	0.005701	28.9
35	-0.624099	524.658430	0.005293	27.9
36	-0.004110	522.357290	0.000084	30.7
37	-0.500679	520.082868	0.005453	28.5
38	-0.376796	517.834665	0.004837	29.5
39	-0.950692	515.612193	0.009181	27.5
40	-0.776636	513.414976	0.007287	32.5
41	-0.485175	511.242551	0.006783	32.2
42	-0.399741	509.094468	0.005463	28.9
43	-0.000334	506.970285	0.000016	29.9
44	-0.644909	504.869574	0.006523	28.1
45	-0.504301	502.791916	0.006310	28.5
46	-0.596719	500.736903	0.003943	29.8
47	0.000000	498.704137	0.000000	28.7
48	-0.500996	496.693228	0.006148	29.0
49	-0.523882	494.703798	0.004609	29.8
50	0.000000	492.735476	0.000000	29.3
51	-0.000826	490.787900	0.000049	30.4
52	-0.089981	488.860718	0.001416	29.9
53	-0.394028	486.953585	0.005196	29.2
54	-0.672836	485.066164	0.007530	29.4
55	-0.665466	483.198126	0.005163	29.6
56	0.000000	481.349149	0.000000	30.1
57	0.000000	479.518920	0.000000	30.7
58	0.000000	477.707132	0.000000	30.5
59	-0.265392	475.913485	0.004188	29.9
60	0.000000	474.137684	0.000000	30.4
61	-0.000008	472.379445	0.000002	30.3
62	-0.277196	470.638485	0.004160	29.6
63	0.000000	468.914531	0.000000	29.9
64	-0.465601	467.207315	0.006036	29.8
65	-0.793416	465.516573	0.007767	29.6
66	-0.619291	463.842050	0.005405	29.1
67	-0.529260	462.183494	0.005594	31.8
68	-0.826885	460.540658	0.006648	29.7
69	-0.006182	458.913303	0.000105	29.6
70	-0.521647	457.301192	0.004080	27.5
71	-0.604691	455.704096	0.005713	28.9
72	-0.791094	454.121787	0.007020	29.2
73	-0.136166	452.554045	0.002704	30.6
74	-0.572940	451.000653	0.006315	29.3
75	-0.454915	449.461399	0.005421	32.3
76	-0.150446	447.936075	0.001640	28.4
77	0.000000	446.424477	0.000000	30.3
78	-0.064387	444.926406	0.000895	31.2
79	-0.017795	443.441666	0.000689	30.7
80	0.000000	441.970065	0.000000	29.6
81	0.000000	440.511415	0.000000	29.7
82	-0.172716	439.065533	0.002359	29.8
83	-0.330237	437.632238	0.004863	30.7
84	-0.587718	436.211351	0.005560	28.5
85	0.000000	434.802701	0.000000	30.3
86	-0.117975	433.406117	0.001367	30.1
87	-0.416239	432.021430	0.005582	29.6
88	0.000000	430.648479	0.000000	29.7
89	-0.012214	429.287101	0.000636	29.4
90	-0.432055	427.937140	0.006132	29.3
91	-0.727543	426.598440	0.005803	28.2
92	-0.680249	425.270849	0.006103	29.5
93	0.000000	423.954220	0.000000	29.4
94	0.000000	422.648404	0.000000	29.1
95	-0.421122	421.353259	0.006036	27.7
96	-0.314178	420.068643	0.001813	29.4
97	-0.047954	418.794419	0.000854	29.8
98	-0.310949	417.530451	0.003986	29.0
99	-0.053492	416.276604	0.001959	30.3
100	-0.000025	415.032748	0.000006	27.8
101	-0.498376	413.798754	0.006045	29.5
102	-0.398795	412.574495	0.005684	30.5
103	-0.799788	411.359849	0.005844	30.6
104	-0.457067	410.154691	0.004199	28.9
105	-0.777341	408.958904	0.005795	28.3
106	-0.028372	407.772368	0.001318	29.4
107	-0.617083	406.594968	0.005701	29.9
108	-0.491383	405.426590	0.004645	29.4
109	0.000000	404.267122	0.000000	32.3
110	0.000000	403.116456	0.000000	31.9
111	-0.336590	401.974481	0.004969	30.3
112	-0.302524	400.841093	0.004807	29.7
113	-0.375757	399.716187	0.003151	28.8
114	-0.304641	398.599660	0.003652	30.1
115	-0.797773	397.491411	0.006789	29.3
116	-0.221289	396.391342	0.002864	30.9
117	0.000000	395.299353	0.000000	28.2
118	0.000000	394.215350	0.000000	28.9
119	-0.177154	393.139238	0.001961	29.7
120	-0.539141	392.070924	0.005225	29.2
121	-0.105767	391.010316	0.002060	28.3
122	-0.821626	389.957325	0.007161	28.7
123	0.000000	388.911862	0.000000	30.0
124	0.000000	387.873839	0.000000	31.4
125	-0.000000	386.843173	0.000000	29.6
126	0.000000	385.819777	0.000000	29.5
127	-0.174825	384.803569	0.003005	29.5
128	-0.618739	383.794468	0.006665	29.1
129	-0.689379	382.792393	0.005035	28.2
130	-0.014638	381.797264	0.000979	29.8
131	0.000000	380.809005	0.000000	27.3
132	-0.000000	379.827537	0.000000	30.3
133	-0.814067	378.852786	0.006036	29.9
134	-0.789748	377.884678	0.005144	29.0
135	-0.048456	376.923138	0.003104	29.5
136	-0.850121	375.968095	0.006247	31.2
137	-0.519342	375.019479	0.007081	29.1
138	-0.719263	374.077218	0.004153	29.8
139	-0.195937	373.141244	0.004372	30.6
140	-0.602264	372.211489	0.005676	30.0
141	-0.019562	371.287887	0.000264	28.9
142	-0.810004	370.370370	0.007540	28.9
143	-0.636463	369.458876	0.005408	32.6
144	-0.011249	368.553338	0.001048	31.0
145	-0.504232	367.653696	0.006957	28.0
146	-0.458630	366.759885	0.005612	28.9
147	-0.037718	365.871846	0.001076	28.9
148	-0.739934	364.989518	0.005698	30.4
149	-0.426881	364.112841	0.005297	30.8
150	-0.320953	363.241757	0.004750	31.5
151	-0.000000	362.376208	0.000000	30.2
152	-0.491411	361.516137	0.005761	28.4
153	-0.200417	360.661488	0.002556	29.4
154	0.000000	359.812206	0.000000	29.6
155	-0.000028	358.968236	0.000002	29.7
156	-0.384449	358.129524	0.004499	28.9
157	-0.625344	357.296018	0.003508	29.8
158	-0.383096	356.467665	0.004535	29.7
159	-0.420681	355.644414	0.003596	30.2
160	-0.491922	354.826213	0.004859	30.3
161	0.000000	354.013012	0.000000	29.4
162	-0.000002	353.204763	0.000005	26.9
163	0.000000	352.401415	0.000000	29.1
164	0.000000	351.602922	0.000000	29.6
165	-0.786955	350.809235	0.006400	28.8
166	-0.754631	350.020308	0.004378	28.5
167	0.000000	349.236095	0.000000	29.2
168	0.000000	348.456550	0.000000	29.7
169	-0.570289	347.681627	0.006408	31.8
170	-0.849351	346.911283	0.008368	28.8
171	0.000000	346.145474	0.000000	29.9
172	-0.815643	345.384157	0.005159	27.8
173	-0.000000	344.627288	0.000000	31.3
174	-0.519005	343.874826	0.006048	29.6
175	-0.728390	343.126729	0.004378	30.2
176	-0.463745	342.382957	0.005385	29.4
177	-0.540194	341.643469	0.003808	29.5
178	-0.064960	340.908224	0.002975	29.1
179	0.000000	340.177184	0.000000	32.0
180	-0.851730	339.450309	0.005704	28.7
181	-0.511221	338.727561	0.005900	28.2
182	-0.431091	338.008902	0.006182	30.2
183	-0.542583	337.294295	0.004488	29.7
184	-0.791484	336.583703	0.004550	28.9
185	-0.256629	335.877089	0.003112	30.2
186	-0.529653	335.174416	0.004675	29.6
187	-0.341242	334.475651	0.004442	29.7
188	0.000000	333.780756	0.000000	30.4
189	-0.396022	333.089698	0.005376	30.3
190	0.000000	332.402443	0.000000	30.5
191	-0.754883	331.718955	0.006638	30.7
192	-0.647368	331.039203	0.006083	29.9
193	-0.783159	330.363153	0.004568	28.6
194	-0.000000	329.690771	0.000000	30.1
195	-0.831213	329.022027	0.006282	30.2
196	0.000000	328.356888	0.000000	29.7
197	-0.364647	327.695322	0.003503	30.3
198	-0.807629	327.037299	0.005954	29.3
199	-0.536029	326.382787	0.006234	28.3
200	-0.651222	325.731758	0.005790	28.8
201	-0.045180	325.084179	0.001219	28.3
202	-0.531546	324.440023	0.004895	31.7
203	-0.814066	323.799258	0.007096	29.9
204	-0.135049	323.161858	0.002575	29.0
205	-0.820516	322.527792	0.006686	28.2
206	-0.784452	321.897034	0.007766	30.0
207	-0.609500	321.269554	0.004998	29.3
208	-0.569046	320.645325	0.006962	29.2
209	-0.473669	320.024320	0.005231	29.1
210	-0.379035	319.406512	0.005232	30.1
211	-0.144978	318.791875	0.001662	30.3
212	-0.223059	318.180381	0.004755	30.3
213	-0.020056	317.572005	0.000287	27.9
214	0.000000	316.966721	0.000000	32.3
215	-0.740638	316.364504	0.006624	29.4
216	-0.392171	315.765329	0.005452	30.0
217	-0.566341	315.169170	0.004216	29.7
218	-0.544799	314.576003	0.004146	29.4
219	-0.562294	313.985804	0.007009	32.9
220	-0.660605	313.398548	0.006836	27.6
221	-0.995486	312.814213	0.007737	30.7
222	-0.129264	312.232773	0.001975	29.7
223	-0.000453	311.654207	0.000033	33.7
224	0.000000	311.078491	0.000000	30.8
225	0.000000	310.505602	0.000000	30.8
226	-0.279220	309.935518	0.002618	28.9
227	0.000000	309.368217	0.000000	30.1
228	-0.058862	308.803676	0.001543	29.0
229	-0.000000	308.241874	0.000000	30.1
230	-0.185932	307.682789	0.004547	30.3
231	-0.926643	307.126400	0.006520	29.8
232	-0.599310	306.572687	0.006530	30.3
233	-0.941645	306.021627	0.006882	29.3
234	-0.275869	305.473201	0.004306	29.9
235	-0.631518	304.927388	0.006253	29.8
236	-0.718195	304.384168	0.006373	29.2
237	-0.472469	303.843521	0.002847	28.5
238	-0.899874	303.305427	0.007646	29.2
239	-0.427368	302.769867	0.005766	28.3
240	-0.155578	302.236821	0.002975	30.1
241	-0.233860	301.706270	0.003846	29.0
242	-0.817269	301.178196	0.005901	29.1
243	-0.646349	300.652580	0.004307	30.2
244	0.000000	300.129402	0.000000	29.4
245	-0.521724	299.608645	0.005270	30.3
246	-0.395771	299.090291	0.003583	30.9
247	-0.476383	298.574321	0.005560	29.9
248	-0.411740	298.060718	0.003804	31.2
249	-0.014972	297.549465	0.000336	29.8
250	-0.718210	297.040543	0.007771	29.7
251	-0.712717	296.533936	0.005133	30.7
252	-0.687119	296.029626	0.005848	29.4
253	-0.030025	295.527597	0.000442	27.6
254	-0.709702	295.027832	0.006850	29.7
255	0.000000	294.530315	0.000000	30.9
256	-0.000000	294.035028	0.000000	30.5
257	0.000000	293.541956	0.000000	30.1
258	-0.000000	293.051083	0.000000	29.9
259	-0.193288	292.562393	0.002404	28.4
260	-0.392726	292.075870	0.003226	29.9
261	-0.504377	291.591498	0.005995	28.6
262	-0.767315	291.109263	0.006914	30.3
263	-0.913406	290.629149	0.008030	27.7
264	-0.493519	290.151140	0.003697	29.2
265	-0.000924	289.675222	0.000294	28.4
266	-0.196524	289.201380	0.003533	29.2
267	-0.668326	288.729600	0.007034	27.8
268	-0.566236	288.259866	0.006525	29.2
269	-0.572823	287.792165	0.004559	30.3
270	0.000000	287.326481	0.000000	30.3
271	0.000000	286.862802	0.000000	29.4
272	-0.372695	286.401113	0.004822	29.6
273	-0.919359	285.941400	0.007095	27.4
274	0.000000	285.483649	0.000000	31.3
275	0.000000	285.027847	0.000000	29.3
276	-0.472377	284.573981	0.003318	28.6
277	-0.198267	284.122037	0.001362	29.6
278	0.000000	283.672002	0.000000	29.2
279	-0.847520	283.223863	0.007946	29.7
280	-0.841899	282.777607	0.005541	29.0
281	-0.316640	282.333221	0.002631	31.0
282	-0.803325	281.890692	0.006164	28.7
283	-0.654662	281.450008	0.004444	30.7
284	-0.370004	281.011157	0.002373	32.3
285	-0.771402	280.574125	0.007839	30.2
286	-0.044339	280.138901	0.002098	30.0
287	-0.020303	279.705473	0.000631	29.8
288	-0.594222	279.273829	0.006502	28.2
289	0.000000	278.843956	0.000000	29.6
290	-0.069283	278.415844	0.001519	28.6
291	-0.465630	277.989479	0.005553	30.3
292	-0.908437	277.564851	0.006233	30.6
293	-0.545524	277.141949	0.005743	28.1
294	0.000000	276.720761	0.000000	30.6
295	0.000000	276.301275	0.000000	30.5
296	-0.430047	275.883480	0.004178	29.9
297	-0.625070	275.467366	0.004834	29.2
298	-0.414114	275.052922	0.003407	29.9
299	-0.491078	274.640136	0.004959	29.2
300	-0.212133	274.228998	0.002533	29.8
301	-0.063059	273.819497	0.002717	29.8
302	-0.034013	273.411623	0.000855	29.0
303	-0.625705	273.005365	0.006077	29.4
304	-0.563601	272.600712	0.006204	28.7
305	-0.263708	272.197655	0.003305	29.2
306	-0.639118	271.796184	0.006750	29.7
307	-0.644410	271.396287	0.005407	26.4
308	-0.181393	270.997956	0.002998	29.3
309	-0.740990	270.601180	0.005574	28.5
310	-0.312053	270.205949	0.003941	31.1
311	-0.547446	269.812254	0.005763	30.5
312	-0.129206	269.420085	0.002284	28.6
313	-0.503014	269.029432	0.003636	30.4
314	-0.889243	268.640287	0.006454	30.1
315	-0.685812	268.252638	0.005297	30.3
316	-0.822838	267.866478	0.006076	29.0
317	0.000000	267.481796	0.000000	29.6
318	-0.255223	267.098584	0.003796	30.0
319	-0.730929	266.716833	0.005573	31.3
320	-0.460926	266.336533	0.006538	29.4
321	-0.763718	265.957676	0.006730	28.8
322	-0.456010	265.580253	0.004679	28.2
323	-0.500993	265.204254	0.007057	29.0
324	-0.236279	264.829672	0.002454	31.4
325	0.000000	264.456497	0.000000	30.6
326	0.000000	264.084721	0.000000	31.4
327	-0.262917	263.714335	0.002659	28.3
328	-0.864118	263.345332	0.006535	30.9
329	-0.551445	262.977702	0.005533	28.9
330	-0.501503	262.611438	0.003793	29.5
331	-0.560024	262.246531	0.005513	30.5
332	0.000000	261.882973	0.000000	29.6
333	-0.422500	261.520756	0.002931	32.7
334	-0.963693	261.159871	0.009147	30.6
335	-0.443840	260.800312	0.003563	30.3
336	-0.443232	260.442070	0.005121	28.8
337	-0.582074	260.085137	0.005484	29.6
338	-0.682830	259.729505	0.005617	30.1
339	-0.631944	259.375167	0.006863	28.0
340	-0.553083	259.022116	0.003866	27.9
341	-0.002647	258.670343	0.000506	29.5
342	-0.525632	258.319841	0.002870	29.8
343	-0.686675	257.970602	0.006725	30.8
344	-0.659409	257.622620	0.005731	28.0
345	-0.004692	257.275887	0.000100	29.5
346	-0.874045	256.930396	0.006781	30.2
347	-0.206319	256.586139	0.002367	30.6
348	-0.472795	256.243109	0.004368	29.6
349	-0.564557	255.901300	0.006027	29.6
350	-0.587574	255.560703	0.004969	29.0
351	-0.030207	255.221313	0.001206	29.0
352	0.000000	254.883122	0.000000	38.3
353	-0.077894	254.546124	0.001663	30.8
354	-0.187649	254.210311	0.002292	29.3
355	-0.007790	253.875677	0.000262	28.7
356	-0.394802	253.542215	0.004846	29.7
357	-0.572568	253.209918	0.006526	29.6
358	-0.819195	252.878781	0.004422	29.5
359	-0.676130	252.548795	0.007101	31.1
360	-0.144150	252.219956	0.002330	30.7
361	-0.668530	251.892255	0.005494	30.9
362	-0.252053	251.565688	0.003668	31.6
363	-0.028973	251.240247	0.000778	29.4
364	-0.326863	250.915926	0.003387	29.9
365	-0.530982	250.592720	0.007276	30.1
366	-0.004453	250.270621	0.000750	30.6
367	-0.805181	249.949624	0.007534	29.6
368	-0.397396	249.629723	0.003846	29.9
369	-0.212702	249.310911	0.002648	29.1
370	-0.779462	248.993182	0.006324	29.7
371	-0.236182	248.676531	0.002294	30.5
372	-0.825965	248.360952	0.006381	29.6
373	-0.361797	248.046438	0.004590	29.2
374	-0.820224	247.732984	0.005859	29.1
375	-0.876712	247.420584	0.007338	29.5
376	-0.667392	247.109233	0.006944	30.4
377	0.000000	246.798924	0.000000	30.0
378	-0.566719	246.489652	0.007503	28.9
379	0.000000	246.181412	0.000000	28.5
380	-0.557850	245.874197	0.006866	28.5
381	-0.614474	245.568002	0.004855	30.1
382	0.000000	245.262822	0.000000	29.3
383	-0.472090	244.958652	0.004608	28.8
384	-0.594958	244.655485	0.003799	29.5
385	-0.651810	244.353317	0.005544	29.1
386	-0.238581	244.052142	0.003567	31.2
387	-0.495101	243.751955	0.004785	32.3
388	-0.635135	243.452750	0.006854	30.1
389	0.000000	243.154523	0.000000	31.7
390	-0.563016	242.857268	0.006022	29.3
391	-0.483767	242.560980	0.004352	29.0
392	-0.111534	242.265654	0.002582	28.7
393	-0.841916	241.971285	0.006695	31.4
394	-0.670108	241.677868	0.006917	29.5
395	-0.477316	241.385397	0.003608	29.5
396	-0.291253	241.093869	0.003569	28.4
397	0.000000	240.803278	0.000000	30.0
398	-0.512970	240.513619	0.005852	29.6
399	-0.518122	240.224887	0.006312	29.1
400	-0.026659	239.937077	0.000913	28.4
401	-0.714268	239.650186	0.005819	29.6
402	-0.849287	239.364207	0.005850	28.5
403	-0.006574	239.079136	0.001219	27.4
404	0.000000	238.794969	0.000000	29.4
405	-0.000000	238.511701	0.000000	28.8
406	0.000000	238.229327	0.000000	31.1
407	-0.706865	237.947843	0.006867	29.7
408	-0.000000	237.667244	0.000000	28.5
409	-0.013632	237.387526	0.000679	29.5
410	0.000000	237.108684	0.000000	28.9
411	0.000000	236.830714	0.000000	30.5
412	0.000000	236.553610	0.000000	27.5
413	-0.786023	236.277370	0.004810	27.8
414	-0.014072	236.001989	0.001908	28.3
415	-0.812385	235.727461	0.006493	28.1
416	-0.633758	235.453784	0.005323	29.9
417	0.000000	235.180952	0.000000	28.2
418	-0.658108	234.908962	0.005772	28.9
419	-0.376563	234.637809	0.006416	29.2
420	-0.008579	234.367488	0.000101	31.7
421	-0.839404	234.097997	0.006684	30.9
422	0.000000	233.829331	0.000000	28.9
423	0.000000	233.561485	0.000000	29.7
424	-0.788836	233.294456	0.006437	31.2
425	-0.460104	233.028239	0.005022	31.1
426	-0.704260	232.762831	0.007737	30.9
427	-0.517141	232.498228	0.006020	29.0
428	0.000000	232.234425	0.000000	31.9
429	-0.429556	231.971419	0.007095	30.5
430	-0.039590	231.709205	0.001183	30.1
431	-0.826440	231.447781	0.006058	29.4
432	0.000000	231.187141	0.000000	32.2
433	0.000000	230.927283	0.000000	30.4
434	-0.736459	230.668202	0.005689	30.8
435	-0.709886	230.409895	0.006436	30.2
436	-0.593721	230.152358	0.003915	31.1
437	-0.780194	229.895587	0.005498	30.6
438	-0.409539	229.639578	0.004363	30.8
439	-0.814000	229.384329	0.006024	29.9
440	-0.479412	229.129834	0.005288	31.9
441	-0.620292	228.876091	0.004219	28.8
442	-0.834124	228.623096	0.004688	31.3
443	-0.045041	228.370846	0.001286	31.4
444	-0.402563	228.119336	0.003918	31.2
445	-0.196198	227.868563	0.002488	31.8
446	-0.575075	227.618525	0.003833	31.6
447	-0.000098	227.369216	0.000005	30.1
448	-0.752498	227.120635	0.006482	30.9
449	-0.721414	226.872777	0.005647	30.6
450	-0.508061	226.625638	0.005707	30.1
451	-0.061474	226.379217	0.001823	33.1
452	-0.335096	226.133509	0.004175	30.5
453	0.000000	225.888510	0.000000	35.3
454	-0.314400	225.644218	0.002828	33.9
455	-0.889704	225.400630	0.006677	33.3
456	-0.381470	225.157741	0.004808	29.6
457	-0.607063	224.915549	0.004915	29.8
458	0.000000	224.674051	0.000000	29.8
459	-0.791358	224.433242	0.004779	30.2
460	-0.367507	224.193121	0.006131	30.4
461	-0.000000	223.953684	0.000000	29.1
462	0.000000	223.714927	0.000000	30.8
463	0.000000	223.476848	0.000000	32.0
464	-0.660479	223.239444	0.005895	31.6
465	-0.668024	223.002710	0.004108	30.8
466	-0.425294	222.766645	0.007314	31.2
467	-0.548796	222.531245	0.006173	28.8
468	-0.621260	222.296508	0.005479	27.3
469	-0.583808	222.062429	0.004156	29.0
470	-0.206166	221.829007	0.002765	30.1
471	-0.509743	221.596238	0.005207	29.2
472	-0.723248	221.364119	0.005902	30.9
473	-0.365915	221.132647	0.005040	29.4
474	0.000000	220.901820	0.000000	28.8
475	-0.049856	220.671634	0.001711	31.5
476	-0.625400	220.442086	0.005859	30.3
477	-0.442190	220.213174	0.003780	30.5
478	-0.309583	219.984895	0.004349	29.5
479	-0.598594	219.757246	0.004936	30.4
480	-0.605262	219.530224	0.006566	29.4
481	-0.572772	219.303826	0.007092	30.8
482	-0.574631	219.078050	0.003994	29.7
483	0.000000	218.852893	0.000000	30.1
484	-0.002247	218.628352	0.000031	32.7
485	-0.123786	218.404424	0.001553	28.7
486	-0.614019	218.181106	0.006129	29.0
487	0.000000	217.958397	0.000000	28.9
488	-0.775162	217.736292	0.006310	30.5
489	-0.255516	217.514790	0.002728	31.4
490	-0.040327	217.293888	0.001643	28.3
491	-0.000022	217.073584	0.000036	32.0
492	-0.564429	216.853873	0.004494	32.0
493	-0.200820	216.634755	0.002649	29.8
494	-0.139228	216.416227	0.001958	33.2
495	0.000000	216.198285	0.000000	30.0
496	-0.111049	215.980927	0.001590	30.2
497	-0.795526	215.764151	0.007861	29.1
498	-0.217372	215.547955	0.002969	30.1
499	-0.610393	215.332335	0.006278	30.3
500	-0.569028	215.117289	0.005907	30.8
501	-0.534634	214.902815	0.005660	30.3
502	-0.087200	214.688911	0.002695	30.5
503	-0.751074	214.475573	0.005345	30.4
504	-0.818837	214.262800	0.005009	30.8
505	0.000000	214.050588	0.000000	29.4
506	-0.077976	213.838936	0.001627	30.7
507	-0.154993	213.627842	0.001875	30.3
508	-0.624094	213.417302	0.005481	32.1
509	-0.451085	213.207314	0.005869	32.6
510	-0.686148	212.997877	0.005802	31.4
511	-0.627075	212.788987	0.007957	30.9
512	-0.371486	212.580642	0.005055	30.8
513	-0.035797	212.372841	0.002319	30.9
514	0.000000	212.165581	0.000000	29.2
515	-0.651529	211.958859	0.004831	30.2
516	-0.942078	211.752673	0.007256	29.8
517	-0.353439	211.547021	0.004508	30.0
518	-0.054765	211.341902	0.001790	31.0
519	-0.000925	211.137311	0.000029	27.9
520	0.000000	210.933248	0.000000	30.1
521	-0.782637	210.729710	0.005763	30.1
522	-0.920912	210.526695	0.006844	31.1
523	-0.296127	210.324200	0.004844	37.6
524	-0.156500	210.122224	0.002781	30.8
525	-0.175969	209.920765	0.002034	31.4
526	-0.851465	209.719820	0.006733	32.4
527	-0.000508	209.519387	0.000055	30.7
528	-0.124993	209.319463	0.001445	29.7
529	-0.122957	209.120048	0.001352	27.7
530	-0.159209	208.921139	0.002319	29.9
531	-0.626388	208.722733	0.003748	30.1
532	-0.718878	208.524829	0.005676	30.6
533	0.000000	208.327425	0.000000	28.5
534	-0.666531	208.130518	0.004657	28.4
535	-0.632984	207.934107	0.005372	29.4
536	0.000000	207.738189	0.000000	28.9
537	0.000000	207.542762	0.000000	29.4
538	-0.000629	207.347825	0.000070	29.6
539	0.000000	207.153376	0.000000	28.2
540	-0.649703	206.959412	0.005979	30.5
541	0.000000	206.765932	0.000000	31.7
542	-0.439820	206.572933	0.002976	32.3
543	-0.832765	206.380414	0.005453	32.6
544	-0.020316	206.188373	0.000216	29.9
545	-0.408722	205.996807	0.003081	31.7
546	-0.548368	205.805716	0.005667	29.2
547	-0.496841	205.615096	0.005213	29.4
548	-0.000000	205.424946	0.000000	30.0
549	-0.480137	205.235265	0.005655	29.1
550	-0.727906	205.046050	0.007012	30.2
551	-0.791035	204.857299	0.005549	31.7
552	-0.500082	204.669011	0.005971	30.7
553	-0.761160	204.481184	0.007441	30.0
554	-0.339561	204.293816	0.006051	30.2
555	-0.832921	204.106905	0.008459	30.3
556	-0.736422	203.920449	0.006518	30.1
557	-0.432293	203.734447	0.005103	30.7
558	0.000000	203.548896	0.000000	31.4
559	-0.836581	203.363795	0.006575	30.2
560	-0.873287	203.179143	0.005478	28.9
561	-0.619114	202.994937	0.007212	31.3
562	0.000000	202.811176	0.000000	31.0
563	-0.652966	202.627857	0.004350	30.7
564	-0.247666	202.444980	0.003636	28.6
565	-0.854293	202.262543	0.005842	28.9
566	-0.102783	202.080543	0.002348	29.7
567	-0.727121	201.898979	0.005810	30.0
568	-0.374738	201.717849	0.003385	30.0
569	-0.504240	201.537153	0.003505	30.7
570	-0.473765	201.356887	0.005169	32.7
571	-0.006341	201.177050	0.001246	31.0
572	0.000000	200.997642	0.000000	29.0
573	-0.908126	200.818659	0.005833	32.3
574	-0.543437	200.640100	0.006344	30.2
575	-0.289557	200.461965	0.005499	29.4
576	0.000000	200.284250	0.000000	29.5
577	-0.688497	200.106955	0.007357	30.2
578	-0.775511	199.930078	0.005744	29.6
579	-0.000601	199.753617	0.000014	28.5
580	-0.010232	199.577571	0.000195	29.0
581	-0.004914	199.401938	0.000304	32.6
582	-0.684708	199.226717	0.003798	29.0
583	-0.791870	199.051905	0.005656	33.3
584	-0.219097	198.877502	0.004173	29.7
585	0.000000	198.703506	0.000000	29.9
586	-0.401847	198.529916	0.003759	29.2
587	-0.412786	198.356729	0.005974	29.9
588	-0.346216	198.183944	0.004871	30.2
589	-0.172094	198.011560	0.002335	30.4
590	-0.396749	197.839576	0.004215	30.4
591	-0.154679	197.667989	0.002290	28.5
592	0.000000	197.496798	0.000000	29.8
593	-0.720819	197.326002	0.007583	30.1
594	-0.000298	197.155600	0.000145	28.8
595	-0.503339	196.985589	0.005319	28.9
596	-0.222181	196.815969	0.003764	28.0
597	-0.410710	196.646738	0.005923	29.8
598	-0.555784	196.477894	0.004990	30.0
599	0.000000	196.309436	0.000000	27.9
600	-0.001671	196.141363	0.000045	29.9
601	-0.823277	195.973673	0.006070	29.6
602	-0.909035	195.806365	0.006796	31.2
603	0.000000	195.639437	0.000000	29.8
604	-0.255117	195.472888	0.002088	29.6
605	-0.830428	195.306717	0.005409	27.1
606	-0.028435	195.140922	0.000307	30.6
607	0.000000	194.975501	0.000000	29.0
608	-0.000000	194.810454	0.000000	29.2
609	-0.765848	194.645779	0.004242	29.2
610	-0.906388	194.481475	0.006548	29.6
611	-0.617846	194.317540	0.006501	30.3
612	-0.571648	194.153973	0.004746	30.0
613	-0.144383	193.990773	0.003063	29.4
614	0.000000	193.827938	0.000000	28.0
615	0.000000	193.665467	0.000000	28.3
616	0.000000	193.503358	0.000000	29.5
617	-0.789526	193.341611	0.004799	29.7
618	-0.077204	193.180224	0.002552	27.7
619	-0.308953	193.019196	0.005300	29.4
620	-0.237309	192.858525	0.002487	29.3
621	-0.299076	192.698210	0.004079	30.5
622	-0.767127	192.538251	0.006277	30.0
623	-0.003858	192.378644	0.000072	29.2
624	-0.500671	192.219391	0.005840	30.1
625	-0.561732	192.060488	0.006395	30.0
626	-0.429984	191.901935	0.006354	30.3
627	-0.320242	191.743730	0.005326	29.6
628	-0.108493	191.585873	0.002355	31.2
629	-0.640739	191.428362	0.005833	29.3
630	-0.757164	191.271196	0.005255	28.5
631	0.000000	191.114374	0.000000	29.9
632	-0.815262	190.957893	0.007319	28.6
633	-0.678736	190.801755	0.006154	29.0
634	-0.474600	190.645956	0.006225	29.3
635	-0.877078	190.490495	0.007197	29.5
636	-0.031948	190.335373	0.000263	29.1
637	-0.597926	190.180587	0.004155	30.3
638	-0.601636	190.026136	0.006112	27.7
639	-0.000000	189.872019	0.000000	31.8
640	0.000000	189.718235	0.000000	27.8
641	-0.564134	189.564782	0.005711	31.1
642	-0.045798	189.411661	0.000713	30.8
643	-0.638681	189.258868	0.008185	30.2
644	-0.308435	189.106404	0.003978	29.9
645	-0.139257	188.954267	0.001715	30.2
646	-0.649873	188.802456	0.004621	29.9
647	-0.749546	188.650969	0.004444	28.7
648	-0.680634	188.499807	0.006693	29.5
649	0.000000	188.348967	0.000000	28.6
650	-0.248021	188.198448	0.003667	30.9
651	-0.254906	188.048250	0.003356	30.1
652	-0.758470	187.898371	0.005054	30.1
653	-0.066973	187.748810	0.002689	29.8
654	-0.381954	187.599566	0.005149	28.8
655	0.000000	187.450638	0.000000	30.0
656	-0.588146	187.302025	0.004753	30.7
657	0.000000	187.153725	0.000000	30.4
658	-0.707241	187.005739	0.006546	29.1
659	-0.649578	186.858064	0.005254	28.3
660	-0.777018	186.710699	0.005726	29.9
661	-0.290500	186.563645	0.002511	29.9
662	0.000000	186.416898	0.000000	34.4
663	0.000000	186.270459	0.000000	30.4
664	-0.641993	186.124326	0.005417	30.0
665	-0.469802	185.978499	0.005483	28.1
666	-0.812601	185.832976	0.004947	28.6
667	-0.498296	185.687756	0.006689	28.9
668	-0.885001	185.542838	0.007174	30.2
669	-0.820849	185.398222	0.006317	29.6
670	-0.908606	185.253906	0.006618	29.7
671	0.000000	185.109889	0.000000	28.2
672	-0.701963	184.966170	0.005330	28.6
673	0.000000	184.822748	0.000000	28.9
674	0.000000	184.679623	0.000000	28.5
675	-0.307068	184.536792	0.004430	31.3
676	-0.571903	184.394256	0.005958	28.2
677	-0.329092	184.252013	0.002660	30.7
678	0.000000	184.110062	0.000000	28.9
679	-0.574315	183.968403	0.003755	29.9
680	-0.834379	183.827034	0.006220	28.8
681	-0.343389	183.685954	0.004780	29.4
682	-0.461613	183.545163	0.003748	29.4
683	-0.022409	183.404658	0.000819	29.1
684	-0.117948	183.264441	0.003389	29.5
685	-0.551277	183.124509	0.005642	29.7
686	-0.393497	182.984861	0.004920	30.8
687	-0.514399	182.845497	0.006181	30.3
688	0.000000	182.706416	0.000000	30.1
689	0.000000	182.567616	0.000000	27.9
690	0.000000	182.429098	0.000000	29.4
691	-0.443772	182.290859	0.004201	28.4
692	-0.352349	182.152899	0.003834	29.6
693	-0.455164	182.015217	0.005819	29.9
694	-0.448213	181.877813	0.003810	29.0
695	0.000000	181.740684	0.000000	29.8
696	-0.493053	181.603832	0.004961	29.6
697	0.000000	181.467253	0.000000	30.5
698	-0.267811	181.330948	0.003375	33.8
699	-0.197087	181.194916	0.001974	29.4
700	-0.651870	181.059155	0.004003	29.0
701	0.000000	180.923666	0.000000	29.2
702	-0.896893	180.788446	0.005078	29.2
703	0.000000	180.653496	0.000000	29.2
704	-0.632926	180.518814	0.006455	29.9
705	-0.213167	180.384399	0.003698	29.1
706	-0.162901	180.250251	0.003383	29.0
707	-0.800771	180.116369	0.007720	29.3
708	-0.772783	179.982752	0.005530	30.2
709	-0.455297	179.849398	0.006385	30.4
710	-0.570968	179.716308	0.005666	29.9
711	-0.621016	179.583480	0.004770	29.2
712	-0.532319	179.450913	0.006659	30.0
713	-0.553007	179.318607	0.005464	29.8
714	-0.616136	179.186561	0.006142	31.4
715	-0.417904	179.054774	0.004170	30.9
716	-0.786864	178.923245	0.005567	31.5
717	-0.143067	178.791973	0.003772	27.7
718	-0.506244	178.660958	0.006262	31.1
719	-0.543354	178.530199	0.005374	30.7
720	-0.844470	178.399694	0.007239	30.2
721	0.000000	178.269444	0.000000	29.3
722	-0.438542	178.139447	0.005068	29.7
723	-0.466590	178.009702	0.005730	30.2
724	-0.033494	177.880209	0.000791	29.2
725	-0.343893	177.750967	0.004726	30.9
726	-0.574763	177.621975	0.005774	29.5
727	-0.480618	177.493232	0.004213	29.7
728	-0.199728	177.364738	0.002000	31.5
729	-0.440172	177.236492	0.006721	28.3
730	-0.879538	177.108492	0.005425	29.9
731	-0.646886	176.980739	0.007232	29.5
732	-0.054245	176.853231	0.001704	27.9
733	-0.668997	176.725968	0.007528	33.6
734	-0.461973	176.598949	0.005566	29.6
735	-0.094715	176.472173	0.002824	29.1
736	-0.468551	176.345639	0.004994	30.1
737	-0.214178	176.219348	0.002277	29.7
738	0.000000	176.093296	0.000000	28.4
739	-0.377493	175.967486	0.005055	30.4
740	-0.189046	175.841914	0.002138	29.5
741	-0.664437	175.716581	0.005408	30.5
742	0.000000	175.591486	0.000000	28.6
743	-0.403261	175.466629	0.005250	30.2
744	-0.786898	175.342008	0.004937	27.7
745	0.000000	175.217622	0.000000	29.7
746	-0.611321	175.093472	0.007293	28.6
747	-0.279931	174.969556	0.003257	29.9
748	-0.761178	174.845873	0.006185	28.7
749	-0.802719	174.722423	0.006917	29.1
750	-0.856592	174.599206	0.005188	30.4
751	-0.013639	174.476220	0.000505	30.2
752	-0.581456	174.353464	0.006432	29.2
753	-0.060587	174.230939	0.001159	29.4
754	-0.433254	174.108643	0.003719	29.0
755	-0.138909	173.986576	0.002582	30.4
756	-0.824555	173.864737	0.005220	29.8
757	-0.066514	173.743124	0.002104	29.8
758	-0.296315	173.621739	0.004454	29.4
759	0.000000	173.500579	0.000000	28.0
760	-0.217235	173.379645	0.003189	29.7
761	0.000000	173.258935	0.000000	29.8
762	-0.818754	173.138449	0.006672	28.5
763	-0.042694	173.018186	0.001140	29.5
764	-0.528403	172.898146	0.007034	28.5
765	-0.419185	172.778327	0.004094	29.1
766	-0.708710	172.658730	0.007370	28.2
767	-0.053945	172.539353	0.000639	29.9
768	-0.519331	172.420196	0.004441	29.5
769	0.000000	172.301258	0.000000	29.7
770	-0.450757	172.182539	0.005618	29.6
771	-0.302330	172.064037	0.002682	30.7
772	-0.394891	171.945753	0.004045	29.9
773	-0.701447	171.827686	0.005678	29.7
774	-0.567907	171.709834	0.005392	30.3
775	0.000000	171.592198	0.000000	28.9
776	-0.490244	171.474776	0.004621	29.1
777	-0.068201	171.357568	0.002834	28.8
778	-0.299260	171.240574	0.005204	29.2
779	0.000000	171.123793	0.000000	28.5
780	-0.689028	171.007223	0.006773	29.9
781	-0.621062	170.890865	0.006039	28.3
782	-0.003944	170.774718	0.000066	30.2
783	0.000000	170.658782	0.000000	30.8
784	-0.444157	170.543055	0.005976	31.0
785	-0.015928	170.427537	0.001634	32.3
786	-0.021944	170.312227	0.000765	30.7
787	-0.819096	170.197125	0.007155	27.7
788	-0.063856	170.082231	0.002058	31.4
789	-0.673886	169.967543	0.005275	28.9
790	-0.679980	169.853061	0.006121	31.0
791	-0.105338	169.738784	0.001461	30.0
792	-0.842710	169.624713	0.008165	28.8
793	0.000000	169.510845	0.000000	29.1
794	-0.262201	169.397181	0.002761	30.2
795	-0.345558	169.283720	0.003656	29.2
796	-0.505409	169.170462	0.004483	29.8
797	0.000000	169.057405	0.000000	29.4
798	-0.739453	168.944549	0.004139	27.7
799	0.000000	168.831895	0.000000	29.3
800	-0.766381	168.719440	0.005544	29.5
801	0.000000	168.607185	0.000000	29.7
802	-0.029690	168.495129	0.000443	35.3
803	-0.347489	168.383271	0.004733	29.9
804	-0.008023	168.271611	0.000771	28.8
805	-0.783740	168.160148	0.005384	29.3
806	-0.522674	168.048882	0.006627	29.2
807	-0.601005	167.937812	0.004448	29.8
808	-0.841875	167.826938	0.004481	29.3
809	-0.638271	167.716258	0.005006	28.9
810	-0.321830	167.605773	0.002958	29.1
811	-0.627442	167.495482	0.006452	29.3
812	-0.619655	167.385384	0.006345	28.5
813	-0.047913	167.275479	0.001735	29.2
814	-0.510142	167.165766	0.004458	29.2
815	-0.813364	167.056245	0.004666	29.7
816	-0.109902	166.946915	0.001108	29.5
817	0.000000	166.837776	0.000000	28.5
818	-0.877745	166.728826	0.005981	29.0
819	0.000000	166.620067	0.000000	28.9
820	-0.809318	166.511496	0.005626	29.6
821	0.000000	166.403113	0.000000	30.5
822	0.000000	166.294919	0.000000	29.9
823	-0.531891	166.186912	0.004314	29.2
824	-0.815009	166.079091	0.005665	29.7
825	-0.434157	165.971458	0.002939	30.9
826	-0.386337	165.864009	0.003510	29.2
827	-0.031992	165.756747	0.000317	29.2
828	-0.773293	165.649669	0.004527	29.5
829	-0.164266	165.542775	0.002541	29.6
830	-0.000000	165.436065	0.000000	29.4
831	-0.437937	165.329538	0.005773	30.5
832	-0.862193	165.223194	0.005834	29.2
833	-0.003822	165.117032	0.000042	29.3
834	-0.537830	165.011052	0.006728	28.3
835	-0.867278	164.905253	0.006451	29.2
836	-0.000000	164.799635	0.000000	28.6
837	-0.748641	164.694197	0.007175	30.5
838	-0.820410	164.588939	0.006329	27.9
839	-0.190328	164.483859	0.002567	30.7
840	-0.000849	164.378959	0.000016	29.7
841	-0.786327	164.274237	0.005700	29.4
842	-0.040362	164.169692	0.002228	29.5
843	-0.278547	164.065325	0.005129	29.8
844	-0.496540	163.961135	0.005811	29.0
845	-0.482491	163.857120	0.006379	29.6
846	-0.582741	163.753282	0.006119	28.3
847	-0.146364	163.649619	0.001679	29.1
848	-0.000063	163.546130	0.000005	28.9
849	-0.759208	163.442816	0.004818	29.2
850	-0.287106	163.339676	0.004854	30.1
851	-0.643304	163.236709	0.004921	29.9
852	-0.650038	163.133915	0.005426	28.6
853	-0.000000	163.031294	0.000000	32.1
854	0.000000	162.928844	0.000000	29.7
855	0.000000	162.826566	0.000000	31.7
856	0.000000	162.724459	0.000000	29.8
857	0.000000	162.622523	0.000000	30.4
858	-0.756591	162.520757	0.005497	28.4
859	-0.300166	162.419160	0.003961	30.3
860	-0.654035	162.317733	0.007555	30.1
861	-0.811516	162.216474	0.005317	30.6
862	0.000000	162.115383	0.000000	29.3
863	-0.655668	162.014461	0.004282	28.9
864	0.000000	161.913705	0.000000	30.0
865	-0.000000	161.813117	0.000000	30.0
866	0.000000	161.712695	0.000000	29.8
867	-0.440585	161.612439	0.005202	29.6
868	-0.695579	161.512349	0.005664	28.3
869	-0.797432	161.412424	0.006788	29.6
870	0.000000	161.312663	0.000000	29.5
871	-0.000578	161.213067	0.000144	32.1
872	-0.278793	161.113635	0.004298	30.4
873	-0.528901	161.014366	0.006284	30.4
874	-0.639413	160.915260	0.004361	29.7
875	0.000000	160.816316	0.000000	28.4
876	-0.860829	160.717535	0.005851	29.9
877	-0.630381	160.618915	0.005514	28.8
878	-0.716420	160.520456	0.006459	29.3
879	-0.438624	160.422158	0.003285	28.1
880	-0.477445	160.324021	0.006419	30.4
881	-0.869886	160.226043	0.007412	29.4
882	-0.832220	160.128225	0.005810	29.1
883	-0.012673	160.030566	0.000133	28.2
884	-0.017127	159.933066	0.001161	30.8
885	-0.125858	159.835723	0.001132	29.9
886	-0.452201	159.738539	0.006519	30.5
887	-0.541312	159.641512	0.004418	27.9
888	-0.702535	159.544642	0.005443	29.0
889	-0.758931	159.447929	0.004821	29.0
890	-0.702943	159.351372	0.004210	30.7
891	-0.363652	159.254971	0.005133	30.0
892	-0.140221	159.158725	0.002183	31.7
893	-0.234732	159.062634	0.002911	28.2
894	-0.332213	158.966697	0.004219	29.7
895	-0.000316	158.870915	0.000007	29.7
896	-0.362182	158.775286	0.002646	32.6
897	-0.451229	158.679811	0.005302	30.4
898	0.000000	158.584489	0.000000	28.4
899	-0.004159	158.489319	0.000296	29.6
900	-0.796254	158.394302	0.005410	28.1
901	0.000000	158.299436	0.000000	29.7
902	-0.565321	158.204721	0.005366	29.5
903	-0.661202	158.110158	0.005868	28.2
904	-0.859178	158.015745	0.005608	28.5
905	-0.690734	157.921482	0.006966	29.2
906	-0.118128	157.827369	0.002623	37.7
907	-0.344020	157.733406	0.003800	30.6
908	-0.176793	157.639591	0.002705	29.8
909	-0.544037	157.545925	0.005523	29.9
910	-0.298696	157.452408	0.004201	29.1
911	-0.677299	157.359038	0.007309	28.8
912	-0.512811	157.265816	0.005564	30.1
913	-0.766839	157.172741	0.004184	30.3
914	-0.345874	157.079813	0.004479	29.1
915	-0.000001	156.987031	0.000000	29.3
916	-0.463763	156.894395	0.005107	28.6
917	-0.420830	156.801904	0.004639	30.4
918	-0.327826	156.709559	0.004469	29.2
919	-0.026801	156.617359	0.000499	30.6
920	-0.749589	156.525304	0.003757	30.0
921	-0.790998	156.433392	0.004231	30.7
922	-0.190925	156.341624	0.003963	30.7
923	-0.481162	156.250000	0.004810	29.8
924	-0.276647	156.158519	0.003416	29.9
925	-0.381657	156.067180	0.004067	30.2
926	-0.024012	155.975984	0.000905	30.1
927	0.000000	155.884930	0.000000	28.7
928	-0.410960	155.794017	0.003666	30.4
929	-0.861824	155.703246	0.006393	33.0
930	-0.394856	155.612615	0.004448	34.1
931	-0.548459	155.522125	0.004978	31.3
932	-0.794662	155.431775	0.004818	31.6
933	-0.822128	155.341565	0.006878	31.3
934	-0.460593	155.251495	0.003929	31.9
935	-0.543810	155.161563	0.006413	30.5
936	-0.915543	155.071771	0.007364	30.9
937	-0.665003	154.982117	0.006157	30.6
938	-0.592079	154.892601	0.006096	31.2
939	-0.824083	154.803222	0.005312	30.5
940	-0.346161	154.713981	0.005152	30.5
941	0.000000	154.624878	0.000000	30.7
942	-0.793148	154.535910	0.005564	30.8
943	-0.000018	154.447080	0.000007	29.6
944	-0.273781	154.358385	0.002643	30.9
945	-0.420090	154.269826	0.007092	28.0
946	-0.102134	154.181402	0.001541	29.8
947	-0.421337	154.093114	0.003328	30.1
948	-0.688563	154.004960	0.006950	30.0
949	-0.266660	153.916940	0.003782	29.5
950	0.000000	153.829054	0.000000	29.5
951	0.000000	153.741303	0.000000	29.6
952	-0.274953	153.653684	0.005117	29.7
953	-0.775067	153.566198	0.005106	28.2
954	-0.064277	153.478846	0.002573	29.3
955	-0.809046	153.391625	0.005977	26.8
956	0.000000	153.304537	0.000000	31.8
957	-0.608754	153.217580	0.006005	28.6
958	0.000000	153.130755	0.000000	32.1
959	-0.654138	153.044061	0.004885	30.0
960	0.000000	152.957498	0.000000	29.5
961	-0.820601	152.871065	0.005835	28.7
962	-0.500384	152.784762	0.005982	29.9
963	-0.650646	152.698589	0.004757	29.7
964	-0.524106	152.612545	0.004558	28.3
965	-0.587421	152.526631	0.006072	30.2
966	-0.703786	152.440845	0.007141	28.7
967	0.000000	152.355188	0.000000	29.9
968	-0.467489	152.269660	0.003722	28.4
969	-0.329008	152.184259	0.005732	29.7
970	-0.254261	152.098986	0.004299	26.7
971	0.000000	152.013840	0.000000	30.5
972	-0.462418	151.928821	0.006451	27.9
973	-0.916282	151.843928	0.008090	29.8
974	-0.806640	151.759163	0.007483	29.0
975	0.000000	151.674523	0.000000	30.0
976	-0.631329	151.590009	0.006044	31.8
977	-0.745281	151.505620	0.005697	28.6
978	-0.022494	151.421357	0.001677	30.3
979	-0.735038	151.337218	0.004843	27.5
980	0.000000	151.253204	0.000000	29.6
981	-0.289579	151.169314	0.003959	29.7
982	0.000000	151.085549	0.000000	30.0
983	-0.229919	151.001907	0.002946	29.5
984	-0.609762	150.918388	0.005216	29.1
985	-0.738902	150.834992	0.005542	28.6
986	0.000000	150.751719	0.000000	29.5
987	-0.640194	150.668569	0.005508	29.7
988	-0.595625	150.585541	0.006706	28.1
989	-0.478401	150.502634	0.005508	28.6
990	-0.537173	150.419849	0.005416	30.5
991	0.000000	150.337186	0.000000	29.7
992	0.000000	150.254644	0.000000	28.0
993	0.000000	150.172222	0.000000	29.5
994	-0.538683	150.089921	0.006440	30.1
995	-0.217268	150.007740	0.002136	31.3
996	-0.318437	149.925679	0.003139	29.3
997	-0.652501	149.843737	0.005503	28.6
998	-0.122932	149.761915	0.001897	30.1
999	-0.001031	149.680212	0.000050	30.9
1000	-0.588253	149.598627	0.005870	31.0
1001	-0.838151	149.517161	0.005269	30.6
1002	0.000000	149.435814	0.000000	28.9
1003	0.000000	149.354584	0.000000	29.0
1004	-0.306530	149.273472	0.004717	28.7
1005	-0.724168	149.192477	0.004748	30.0
1006	-0.659252	149.111599	0.006692	29.7
1007	-0.809337	149.030838	0.005584	30.1
1008	-0.511599	148.950194	0.006020	28.4
1009	-0.873662	148.869666	0.005297	28.8
1010	0.000000	148.789253	0.000000	30.4
1011	-0.526383	148.708957	0.006058	32.2
1012	-0.187935	148.628776	0.003172	29.7
1013	-0.000000	148.548710	0.000000	29.7
1014	-0.797505	148.468759	0.004874	29.7
1015	-0.780257	148.388923	0.005626	29.1
1016	0.000000	148.309201	0.000000	29.4
1017	-0.619018	148.229594	0.006475	29.1
1018	-0.802427	148.150100	0.004482	28.2
1019	0.000000	148.070719	0.000000	30.0
1020	-0.045910	147.991452	0.001113	29.1
1021	-0.072150	147.912298	0.000668	30.0
1022	-0.292510	147.833257	0.004146	28.1
1023	-0.523437	147.754329	0.003998	30.0
1024	-0.751834	147.675512	0.004098	28.8
1025	-0.004251	147.596808	0.000066	31.1
1026	-0.536273	147.518216	0.005801	29.8
1027	-0.862729	147.439735	0.007824	30.8
1028	-0.549041	147.361365	0.005348	27.4
1029	-0.864077	147.283106	0.006623	30.1
1030	-0.711949	147.204958	0.005736	30.3
1031	-0.000250	147.126920	0.000030	29.1
1032	0.000000	147.048993	0.000000	30.1
1033	-0.001648	146.971175	0.000024	29.4
1034	-0.173824	146.893468	0.003685	29.4
1035	0.000000	146.815869	0.000000	29.9
1036	-0.638386	146.738380	0.004912	29.0
1037	-0.787848	146.661000	0.004760	30.1
1038	-0.250883	146.583729	0.001989	29.0
1039	-0.690862	146.506566	0.005310	30.3
1040	-0.006258	146.429511	0.000342	29.6
1041	-0.459774	146.352565	0.005423	31.4
1042	-0.445951	146.275726	0.005439	29.0
1043	-0.524618	146.198994	0.007021	28.6
1044	-0.779996	146.122370	0.005987	29.7
1045	0.000000	146.045853	0.000000	30.6
1046	-0.867729	145.969442	0.005738	30.4
1047	-0.491572	145.893139	0.004239	29.9
1048	0.000000	145.816941	0.000000	29.4
1049	-0.402535	145.740849	0.003643	29.6
1050	-0.208315	145.664863	0.003640	29.0
1051	-0.285703	145.588983	0.003629	30.2
1052	-0.745999	145.513208	0.007124	29.9
1053	-0.963606	145.437538	0.005888	28.7
1054	0.000000	145.361973	0.000000	28.8
1055	-0.004875	145.286513	0.000056	29.5
1056	0.000000	145.211157	0.000000	29.8
1057	-0.663908	145.135905	0.005847	30.1
1058	-0.589086	145.060757	0.006204	29.3
1059	0.000000	144.985712	0.000000	30.0
1060	-0.440426	144.910771	0.003983	28.7
1061	-0.278089	144.835934	0.004251	29.0
1062	-0.028446	144.761199	0.002527	29.5
1063	-0.320947	144.686567	0.002835	28.6
1064	-0.522272	144.612037	0.004979	29.7
1065	-0.602828	144.537610	0.006015	30.5
1066	0.000000	144.463285	0.000000	30.1
1067	-0.236168	144.389062	0.002435	30.8
1068	-0.483048	144.314940	0.003990	29.9
1069	-0.594630	144.240920	0.006636	28.8
1070	-0.214431	144.167001	0.002321	31.3
1071	-0.000007	144.093182	0.000000	29.1
1072	-0.646659	144.019465	0.006594	30.0
1073	-0.343428	143.945848	0.005495	28.2
1074	0.000000	143.872331	0.000000	29.8
1075	-0.476693	143.798914	0.004035	30.3
1076	-0.028687	143.725597	0.000654	30.2
1077	-0.791871	143.652380	0.005292	29.9
1078	-0.505572	143.579262	0.002867	29.8
1079	-0.565502	143.506243	0.006261	30.7
1080	-0.751158	143.433323	0.006169	29.3
1081	0.000000	143.360502	0.000000	38.1
1082	-0.083797	143.287780	0.002608	27.8
1083	-0.362093	143.215155	0.004536	28.8
1084	-0.710987	143.142629	0.005906	28.1
1085	-0.567088	143.070201	0.004940	29.7
1086	-0.517292	142.997870	0.005077	30.6
1087	0.000000	142.925637	0.000000	29.4
1088	-0.546086	142.853501	0.005731	29.8
1089	-0.701071	142.781462	0.004667	30.3
1090	-0.323239	142.709519	0.002794	30.0
1091	-0.313723	142.637674	0.003401	31.2
1092	0.000000	142.565924	0.000000	29.9
1093	0.000000	142.494271	0.000000	30.9
1094	0.000000	142.422714	0.000000	29.6
1095	-0.217654	142.351252	0.002758	30.5
1096	-0.217991	142.279886	0.004112	29.7
1097	-0.000089	142.208616	0.000006	28.4
1098	-0.801827	142.137440	0.007468	29.9
1099	-0.876835	142.066360	0.006247	27.2
1100	-0.867710	141.995374	0.007144	30.5
1101	-0.493012	141.924483	0.004042	29.2
1102	-0.702188	141.853685	0.004980	29.6
1103	-0.022133	141.782983	0.001310	28.1
1104	-0.854431	141.712373	0.007525	30.4
1105	-0.000000	141.641858	0.000000	30.3
1106	-0.366258	141.571436	0.004310	29.4
1107	0.000000	141.501108	0.000000	28.4
1108	-0.005995	141.430872	0.000670	28.1
1109	-0.085475	141.360730	0.002541	29.6
1110	-0.001301	141.290680	0.000035	28.7
1111	-0.384290	141.220722	0.005178	30.2
1112	-0.027245	141.150857	0.000475	29.9
1113	-0.558316	141.081084	0.004401	32.4
1114	-0.617891	141.011403	0.005945	30.1
1115	0.000000	140.941813	0.000000	31.2
1116	-0.000000	140.872315	0.000000	31.4
1117	-0.890880	140.802909	0.005968	31.5
1118	-0.995972	140.733593	0.005641	29.8
1119	-0.109256	140.664369	0.001748	30.7
1120	0.000000	140.595235	0.000000	27.3
1121	0.000000	140.526192	0.000000	30.0
1122	0.000000	140.457239	0.000000	30.8
1123	0.000000	140.388376	0.000000	31.1
1124	-0.701885	140.319603	0.005445	30.9
1125	-0.364203	140.250920	0.005503	31.2
1126	-0.767084	140.182326	0.006058	26.9
1127	0.000000	140.113822	0.000000	30.0
1128	0.000000	140.045407	0.000000	29.7
1129	-0.445337	139.977081	0.005453	30.3
1130	0.000000	139.908844	0.000000	29.4
1131	-0.492055	139.840696	0.003296	29.3
1132	0.000000	139.772635	0.000000	29.3
1133	-0.640166	139.704664	0.006542	29.8
1134	0.000000	139.636780	0.000000	29.7
1135	-0.664415	139.568984	0.005954	28.1
1136	-0.670945	139.501276	0.006441	30.1
1137	-0.476622	139.433655	0.004305	29.3
1138	-0.781036	139.366122	0.007687	29.5
1139	0.000000	139.298676	0.000000	30.0
1140	-0.387936	139.231317	0.005551	28.4
1141	-0.735581	139.164045	0.004800	30.3
1142	-0.661852	139.096859	0.005270	29.0
1143	-0.592744	139.029760	0.007088	29.9
1144	0.000000	138.962747	0.000000	30.4
1145	-0.205958	138.895820	0.002168	29.5
1146	-0.833900	138.828978	0.005078	29.7
1147	-0.058399	138.762223	0.001477	29.8
1148	0.000000	138.695553	0.000000	29.5
1149	-0.000000	138.628969	0.000000	29.5
1150	-0.720740	138.562469	0.005311	29.2
1151	-0.599756	138.496055	0.003213	30.3
1152	-0.764804	138.429725	0.007100	29.4
1153	-0.690459	138.363481	0.005026	30.5
1154	-0.789338	138.297320	0.005562	30.0
1155	-0.859311	138.231244	0.004819	28.4
1156	-0.714679	138.165252	0.006003	29.0
1157	-0.789288	138.099344	0.005921	28.2
1158	-0.528466	138.033520	0.005861	30.1
1159	-0.654894	137.967779	0.005789	31.2
1160	-0.000000	137.902122	0.000000	29.2
1161	-0.410755	137.836548	0.003137	30.2
1162	-0.838349	137.771057	0.005615	30.0
1163	-0.583293	137.705649	0.004981	29.4
1164	-0.528970	137.640324	0.006030	29.9
1165	-0.347832	137.575081	0.002844	28.2
1166	-0.330582	137.509921	0.003336	29.2
1167	0.000000	137.444842	0.000000	28.9
1168	-0.757550	137.379846	0.004362	28.2
1169	-0.481536	137.314932	0.005747	28.8
1170	-0.472464	137.250100	0.005125	28.4
1171	-0.401263	137.185349	0.002560	29.3
1172	-0.673497	137.120680	0.005017	28.7
1173	0.000000	137.056092	0.000000	28.8
1174	-0.444730	136.991585	0.004549	29.0
1175	-0.452049	136.927158	0.002553	27.4
1176	-0.291768	136.862813	0.004540	30.0
1177	-0.491348	136.798548	0.004472	28.1
1178	-0.531408	136.734363	0.003687	30.0
1179	-0.910411	136.670259	0.005755	28.8
1180	-0.086101	136.606235	0.001587	28.9
1181	-0.607647	136.542291	0.005523	28.8
1182	-0.055037	136.478426	0.002924	30.1
1183	-0.000515	136.414641	0.000148	29.1
1184	-0.477926	136.350936	0.003632	30.2
1185	-0.621539	136.287310	0.005517	28.4
1186	-0.213941	136.223763	0.002746	29.9
1187	-0.519855	136.160295	0.005018	30.7
1188	-0.218285	136.096905	0.003705	30.2
1189	-0.575461	136.033594	0.003311	29.0
1190	0.000000	135.970362	0.000000	28.8
1191	-0.695860	135.907208	0.006101	29.1
1192	-0.522949	135.844133	0.004288	28.2
1193	-0.912822	135.781135	0.005288	29.4
1194	-0.455779	135.718215	0.004007	30.2
1195	-0.113738	135.655373	0.001897	27.1
1196	-0.361093	135.592608	0.004298	28.9
1197	-0.057435	135.529921	0.001179	27.9
1198	0.000000	135.467311	0.000000	28.5
1199	-0.000525	135.404778	0.000017	27.2
1200	-0.816359	135.342322	0.005961	28.6
1201	-0.484253	135.279942	0.003932	28.0
1202	-0.014735	135.217640	0.000248	29.6
1203	-0.279901	135.155413	0.002660	28.8
1204	-0.014525	135.093263	0.000445	29.3
1205	-0.110066	135.031190	0.001121	30.5
1206	-0.557087	134.969192	0.006139	32.0
1207	-0.813585	134.907270	0.005908	29.3
1208	-0.593991	134.845424	0.004719	28.5
1209	-0.105168	134.783653	0.001795	29.9
1210	-0.822664	134.721958	0.004958	29.5
1211	-0.064758	134.660338	0.002171	29.5
1212	-0.730727	134.598793	0.005822	28.0
1213	-0.804031	134.537323	0.006899	30.3
1214	-0.661805	134.475927	0.006466	28.8
1215	-0.521231	134.414607	0.006402	31.4
1216	-0.561577	134.353361	0.006214	29.0
1217	-0.774144	134.292189	0.006234	30.2
1218	-0.825354	134.231092	0.004978	29.2
1219	-0.188518	134.170068	0.001685	29.8
1220	-0.753350	134.109119	0.007738	30.2
1221	-0.509086	134.048243	0.004489	29.3
1222	-0.453829	133.987441	0.004848	28.3
1223	-0.743887	133.926713	0.006315	29.0
1224	-0.408279	133.866057	0.003585	30.1
1225	-0.000885	133.805475	0.000101	28.9
1226	-0.234528	133.744966	0.003779	28.5
1227	0.000000	133.684530	0.000000	27.4
1228	-0.792798	133.624167	0.006089	30.7
1229	0.000000	133.563877	0.000000	29.2
1230	-0.529016	133.503658	0.005539	29.0
1231	-0.341985	133.443513	0.004146	30.1
1232	-0.603964	133.383439	0.006357	29.5
1233	-0.581232	133.323437	0.005909	30.0
1234	-0.725033	133.263508	0.006426	30.0
1235	0.000000	133.203650	0.000000	29.4
1236	-0.524762	133.143864	0.004958	26.5
1237	-0.597696	133.084149	0.005848	28.5
1238	0.000000	133.024506	0.000000	29.1
1239	-0.696375	132.964934	0.003825	28.5
1240	-0.713867	132.905433	0.006686	27.6
1241	-0.726048	132.846003	0.005147	29.4
1242	0.000000	132.786643	0.000000	29.4
1243	-0.832473	132.727355	0.005093	29.9
1244	-0.595746	132.668137	0.003910	28.5
1245	-0.173693	132.608989	0.002224	29.2
1246	-0.557093	132.549912	0.005930	28.2
1247	-0.425228	132.490904	0.003760	29.7
1248	-0.541588	132.431967	0.007026	28.8
1249	0.000000	132.373100	0.000000	31.1
1250	-0.899155	132.314302	0.007143	29.6
1251	-0.528700	132.255574	0.005539	29.0
1252	-0.646570	132.196916	0.003847	28.6
1253	-0.610151	132.138326	0.005093	27.9
1254	-0.634570	132.079806	0.006894	27.4
1255	0.000000	132.021355	0.000000	30.9
1256	-0.675257	131.962973	0.004334	28.7
1257	-0.510172	131.904660	0.004211	29.8
1258	-0.315683	131.846415	0.005093	31.7
1259	-0.585440	131.788239	0.006371	28.3
1260	-0.541344	131.730131	0.007871	29.7
1261	-0.000480	131.672092	0.000015	29.3
1262	-0.563823	131.614121	0.007128	29.5
1263	-0.880712	131.556217	0.006046	29.0
1264	-0.336541	131.498382	0.002769	29.0
1265	-0.299631	131.440614	0.005550	30.7
1266	-0.757723	131.382914	0.005790	29.2
1267	-0.755569	131.325282	0.005463	30.2
1268	0.000000	131.267717	0.000000	28.7
1269	-0.756289	131.210219	0.005658	28.2
1270	-0.433329	131.152788	0.006731	28.1
1271	-0.000020	131.095424	0.000001	29.2
1272	-0.030365	131.038127	0.001130	28.3
1273	-0.096486	130.980897	0.000943	29.0
1274	-0.010547	130.923733	0.001279	29.1
1275	-0.655356	130.866636	0.004123	28.9
1276	-0.148539	130.809605	0.001733	28.0
1277	-0.366993	130.752641	0.004909	29.3
1278	0.000000	130.695742	0.000000	28.2
1279	0.000000	130.638910	0.000000	29.1
1280	-0.575970	130.582143	0.007068	28.5
1281	-0.846733	130.525442	0.005161	28.9
1282	-0.442240	130.468807	0.003876	28.4
1283	-0.753909	130.412237	0.004885	28.3
1284	0.000000	130.355733	0.000000	29.9
1285	0.000000	130.299294	0.000000	30.5
1286	-0.341661	130.242920	0.004408	30.6
1287	-0.990368	130.186611	0.007405	29.5
1288	-0.022695	130.130366	0.001333	29.9
1289	0.000000	130.074187	0.000000	27.8
1290	0.000000	130.018072	0.000000	29.4
1291	-0.129967	129.962022	0.001402	30.9
1292	-0.212928	129.906036	0.005160	30.8
1293	0.000000	129.850114	0.000000	32.5
1294	-0.024966	129.794257	0.001198	29.4
1295	-0.759492	129.738463	0.005512	27.3
1296	-0.768680	129.682734	0.007013	30.5
1297	-0.099533	129.627068	0.002451	29.7
1298	-0.376752	129.571466	0.004197	29.3
1299	-0.292514	129.515927	0.002199	28.7
1300	-0.134584	129.460452	0.002526	28.2
1301	-0.050334	129.405040	0.001462	30.2
1302	-0.578962	129.349692	0.006429	29.1
1303	-0.821606	129.294406	0.005623	29.7
1304	-0.845459	129.239183	0.005284	26.9
1305	-0.652377	129.184024	0.005460	29.4
1306	-0.030171	129.128927	0.000973	28.4
1307	-0.514882	129.073892	0.003185	28.0
1308	-0.492168	129.018921	0.005794	29.6
1309	-0.574387	128.964011	0.006695	28.3
1310	-0.532192	128.909164	0.004927	32.2
1311	-0.725091	128.854379	0.005804	31.6
1312	-0.039183	128.799656	0.001556	29.5
1313	0.000000	128.744995	0.000000	29.7
1314	0.000000	128.690396	0.000000	28.9
1315	-0.522067	128.635858	0.004351	29.6
1316	-0.197863	128.581382	0.003754	30.2
1317	-0.684234	128.526968	0.007127	30.6
1318	-0.670556	128.472615	0.004461	30.5
1319	-0.002129	128.418323	0.000045	28.8
1320	-0.654651	128.364092	0.005730	29.2
1321	-0.438442	128.309922	0.004737	28.7
1322	-0.049657	128.255814	0.001306	27.8
1323	-0.599921	128.201766	0.005265	28.9
1324	-0.008072	128.147778	0.000050	27.8
1325	-0.253078	128.093852	0.001905	29.1
1326	-0.645466	128.039985	0.006974	29.7
1327	-0.000000	127.986180	0.000000	29.3
1328	-0.331968	127.932434	0.005197	31.5
1329	-0.537278	127.878749	0.007055	29.5
1330	-0.000140	127.825123	0.000004	29.4
1331	0.000000	127.771558	0.000000	30.4
1332	0.000000	127.718052	0.000000	31.1
1333	0.000000	127.664606	0.000000	30.0
1334	-0.090575	127.611220	0.001888	29.6
1335	-0.408494	127.557893	0.002734	29.4
1336	-0.728208	127.504625	0.006678	29.7
1337	0.000000	127.451417	0.000000	29.7
1338	-0.710990	127.398268	0.005901	28.5
1339	-0.202625	127.345178	0.001349	29.0
1340	0.000000	127.292147	0.000000	29.3
1341	-0.354633	127.239175	0.004961	29.1
1342	-0.530853	127.186261	0.006296	27.2
1343	-0.898860	127.133407	0.006439	28.7
1344	0.000000	127.080610	0.000000	29.1
1345	-0.488412	127.027872	0.004968	29.0
1346	-0.740372	126.975193	0.006572	27.8
1347	-0.633815	126.922572	0.006584	29.8
1348	-0.175790	126.870008	0.003742	28.5
1349	-0.742679	126.817503	0.004944	30.9
1350	-0.923096	126.765056	0.006977	27.6
1351	-0.574217	126.712667	0.004772	29.2
1352	-0.450444	126.660335	0.005179	29.7
1353	-0.418686	126.608061	0.005816	28.6
1354	-0.192802	126.555844	0.003659	29.6
1355	-0.004300	126.503685	0.000000	29.1
1356	-0.100599	126.451583	0.002141	29.9
1357	-0.537864	126.399538	0.004651	30.9
1358	0.000000	126.347550	0.000000	30.0
1359	-0.434396	126.295619	0.005270	29.8
1360	-0.586098	126.243745	0.006427	28.6
1361	0.000000	126.191928	0.000000	30.4
1362	0.000000	126.140168	0.000000	30.7
1363	-0.696457	126.088464	0.006756	30.7
1364	-0.691740	126.036817	0.007120	31.9
1365	0.000000	125.985226	0.000000	29.7
1366	-0.085056	125.933691	0.001954	29.1
1367	-0.001183	125.882212	0.000022	29.6
1368	-0.006021	125.830790	0.000094	29.3
1369	-0.730160	125.779423	0.004129	29.3
1370	0.000000	125.728113	0.000000	29.3
1371	-0.000609	125.676858	0.000023	29.7
1372	-0.784614	125.625659	0.005852	27.7
1373	-0.036086	125.574515	0.001575	29.6
1374	-0.608165	125.523427	0.004845	29.0
1375	-0.505634	125.472394	0.004857	29.8
1376	-0.890180	125.421417	0.007652	29.2
1377	-0.560805	125.370495	0.005641	30.4
1378	-0.837179	125.319628	0.005482	30.0
1379	0.000000	125.268815	0.000000	29.6
1380	-0.133206	125.218058	0.001915	28.8
1381	-0.793376	125.167356	0.005896	27.4
1382	-0.094339	125.116708	0.002725	28.8
1383	-0.403909	125.066115	0.005280	30.5
1384	-0.352752	125.015576	0.002878	30.0
1385	-0.686260	124.965092	0.005478	27.8
1386	-0.731838	124.914662	0.004522	29.5
1387	-0.270041	124.864287	0.002800	28.8
1388	-0.441802	124.813965	0.005255	28.9
1389	-0.014644	124.763698	0.000688	28.0
1390	-0.215330	124.713485	0.001825	29.7
1391	-0.578369	124.663325	0.006139	28.4
1392	0.000000	124.613219	0.000000	29.9
1393	-0.512785	124.563167	0.006701	30.1
1394	-0.444959	124.513168	0.003757	29.1
1395	-0.545714	124.463223	0.005723	29.2
1396	-0.158607	124.413332	0.002601	29.0
1397	0.000000	124.363493	0.000000	29.7
1398	-0.441872	124.313708	0.004891	33.8
1399	-0.864091	124.263976	0.007455	30.9
1400	-0.517475	124.214297	0.004175	28.6
1401	-0.000000	124.164671	0.000000	29.4
1402	-0.845504	124.115097	0.005115	29.1
1403	-0.287986	124.065577	0.003484	30.1
1404	0.000000	124.016109	0.000000	28.6
1405	-0.434896	123.966693	0.004200	29.4
1406	-0.653745	123.917330	0.006520	28.1
1407	-0.436987	123.868020	0.005924	29.5
1408	0.000000	123.818762	0.000000	29.4
1409	-0.722007	123.769556	0.005468	28.7
1410	-0.510076	123.720402	0.004665	28.8
1411	-0.754765	123.671300	0.006331	29.8
1412	-0.374811	123.622250	0.004444	29.4
1413	0.000000	123.573252	0.000000	29.2
1414	0.000000	123.524305	0.000000	29.5
1415	-0.060155	123.475411	0.000810	29.3
1416	-0.432576	123.426568	0.005860	29.3
1417	-0.419405	123.377776	0.005997	29.0
1418	-0.603929	123.329036	0.004372	27.4
1419	-0.363527	123.280347	0.006184	28.6
1420	-0.001601	123.231709	0.000321	28.5
1421	-0.787258	123.183122	0.005682	29.7
1422	0.000000	123.134587	0.000000	28.6
1423	0.000000	123.086102	0.000000	29.7
1424	-0.125353	123.037669	0.001255	29.8
1425	-0.644163	122.989286	0.005118	28.9
1426	-0.760023	122.940954	0.006716	28.6
1427	-0.842067	122.892672	0.007301	30.4
1428	-0.762437	122.844441	0.006105	31.6
1429	-0.349218	122.796261	0.003528	29.5
1430	-0.657788	122.748130	0.005313	29.6
1431	-0.742347	122.700050	0.004495	29.5
1432	-0.587789	122.652021	0.006372	28.4
1433	0.000000	122.604041	0.000000	32.0
1434	-0.457347	122.556111	0.004154	30.3
1435	-0.707847	122.508232	0.004152	29.0
1436	-0.522838	122.460402	0.004104	28.2
1437	-0.201517	122.412622	0.002001	28.5
1438	0.000000	122.364891	0.000000	30.1
1439	-0.314383	122.317210	0.004554	29.5
1440	0.000000	122.269579	0.000000	28.0
1441	-0.000000	122.221997	0.000000	28.6
1442	-0.001124	122.174465	0.000036	28.9
1443	-0.359517	122.126981	0.005342	28.5
1444	-0.483398	122.079547	0.005183	27.5
1445	-0.529575	122.032162	0.007009	28.8
1446	-0.053391	121.984826	0.002078	29.2
1447	-0.376478	121.937539	0.005894	29.5
1448	0.000000	121.890301	0.000000	28.7
1449	-0.001725	121.843112	0.000045	27.0
1450	-0.090057	121.795971	0.002021	30.2
1451	-0.298502	121.748879	0.003448	31.5
1452	-0.594178	121.701835	0.005868	30.3
1453	-0.764156	121.654840	0.006329	28.5
1454	-0.027980	121.607893	0.000206	28.6
1455	-0.062073	121.560994	0.001428	28.3
1456	0.000000	121.514144	0.000000	30.4
1457	-0.000049	121.467342	0.000004	29.1
1458	-0.763450	121.420588	0.006293	29.6
1459	-0.347975	121.373882	0.005071	28.7
1460	-0.913567	121.327223	0.006966	29.6
1461	-0.528474	121.280613	0.003345	28.5
1462	0.000000	121.234050	0.000000	28.0
1463	-0.647285	121.187535	0.003740	28.7
1464	0.000000	121.141067	0.000000	29.1
1465	-0.572099	121.094647	0.006758	28.8
1466	-0.472210	121.048274	0.004886	28.7
1467	-0.469639	121.001949	0.007097	29.6
1468	-0.444558	120.955671	0.003565	29.0
1469	-0.664871	120.909440	0.004409	29.7
1470	0.000000	120.863256	0.000000	31.0
1471	0.000000	120.817119	0.000000	29.3
1472	-0.724751	120.771029	0.005862	28.9
1473	-0.840469	120.724986	0.005708	28.3
1474	-0.609859	120.678990	0.005255	29.1
1475	0.000000	120.633040	0.000000	29.1
1476	-0.421094	120.587137	0.005462	28.4
1477	-0.007046	120.541281	0.000107	27.9
1478	-0.692744	120.495471	0.006062	29.2
1479	-0.876181	120.449707	0.006607	27.6
1480	-0.597594	120.403990	0.005151	28.2
1481	-0.410593	120.358319	0.003717	29.0
1482	-0.323531	120.312694	0.004756	29.6
1483	-0.569707	120.267115	0.004200	28.9
1484	0.000000	120.221582	0.000000	28.6
1485	-0.740635	120.176096	0.004031	28.7
1486	-0.532023	120.130655	0.004638	32.2
1487	-0.790972	120.085260	0.004935	30.7
1488	-0.770354	120.039910	0.005286	30.6
1489	-0.945216	119.994606	0.006216	29.8
1490	-0.715925	119.949348	0.006552	30.1
1491	-0.124786	119.904135	0.002546	29.7
1492	-0.755455	119.858968	0.006379	30.0
1493	-0.388730	119.813846	0.004026	30.2
1494	-0.654769	119.768769	0.005108	28.5
1495	-0.502971	119.723738	0.003061	28.9
1496	-0.689147	119.678752	0.004601	29.0
1497	-0.272840	119.633810	0.004071	30.0
1498	-0.007277	119.588914	0.000118	28.2
1499	-0.635883	119.544062	0.005648	29.9
1500	-0.470059	119.499256	0.005407	30.6
1501	-0.902305	119.454494	0.006542	30.1
1502	-0.008445	119.409777	0.000079	29.7
1503	-0.805904	119.365104	0.005812	30.3
1504	-0.704747	119.320476	0.006527	29.2
1505	-0.870555	119.275893	0.005512	31.9
1506	-0.424852	119.231353	0.005769	28.2
1507	-0.873252	119.186859	0.006649	29.8
1508	-0.621768	119.142408	0.005590	30.1
1509	-0.317134	119.098002	0.002933	30.0
1510	0.000000	119.053639	0.000000	29.8
1511	-0.080993	119.009321	0.001287	28.9
1512	-0.797625	118.965047	0.006203	30.6
1513	-0.038163	118.920816	0.002462	30.1
1514	-0.704929	118.876630	0.005686	30.6
1515	-0.812329	118.832487	0.005134	28.3
1516	-0.577050	118.788388	0.003885	28.6
1517	-0.108220	118.744332	0.001985	28.2
1518	-0.124138	118.700320	0.003382	30.2
1519	0.000000	118.656352	0.000000	31.7
1520	-0.290924	118.612427	0.003573	29.9
1521	0.000000	118.568545	0.000000	29.9
1522	-0.005913	118.524706	0.000097	30.5
1523	-0.000063	118.480911	0.000002	30.4
1524	-0.675970	118.437159	0.006700	30.8
1525	-0.000000	118.393450	0.000000	29.4
1526	-0.022350	118.349784	0.001423	28.6
1527	-0.883737	118.306160	0.006786	28.1
1528	-0.242462	118.262580	0.002962	28.5
1529	-0.750659	118.219042	0.005311	29.4
1530	0.000000	118.175548	0.000000	29.0
1531	-0.715085	118.132095	0.005882	29.8
1532	-0.006298	118.088686	0.000073	29.5
1533	-0.002208	118.045319	0.000037	30.0
1534	-0.925001	118.001994	0.006417	31.2
1535	-0.000444	117.958712	0.000044	30.4
1536	-0.466046	117.915472	0.003620	29.8
1537	-0.930823	117.872274	0.006361	30.2
1538	-0.328206	117.829118	0.004959	30.0
1539	-0.000002	117.786005	0.000001	33.2
1540	-0.753581	117.742933	0.005645	31.5
1541	-0.092805	117.699904	0.001696	30.8
1542	-0.852756	117.656916	0.006789	29.9
1543	-0.510272	117.613971	0.003290	29.5
1544	-0.325271	117.571067	0.003636	29.8
1545	0.000000	117.528205	0.000000	29.3
1546	-0.650532	117.485384	0.006035	29.6
1547	-0.791822	117.442605	0.005915	29.7
1548	-0.351796	117.399867	0.002688	28.9
1549	-0.803835	117.357171	0.004758	27.3
1550	0.000000	117.314517	0.000000	29.1
1551	-0.006962	117.271903	0.000103	29.2
1552	-0.709188	117.229331	0.007471	30.0
1553	-0.004942	117.186800	0.000214	28.7
1554	-0.794847	117.144311	0.006361	30.2
1555	-0.300464	117.101862	0.005920	29.7
1556	-0.534999	117.059454	0.004429	30.8
1557	0.000000	117.017087	0.000000	29.6
1558	-0.659037	116.974762	0.004408	29.6
1559	-0.584143	116.932476	0.006200	28.4
1560	-0.731519	116.890232	0.006270	29.1
1561	0.000000	116.848028	0.000000	29.3
1562	-0.758606	116.805865	0.005247	29.4
1563	-0.004169	116.763743	0.000080	26.9
1564	-0.439991	116.721661	0.005732	28.6
1565	-0.001543	116.679619	0.000140	28.9
1566	-0.637613	116.637618	0.006592	30.1
1567	-0.776766	116.595657	0.004947	28.1
1568	-0.287327	116.553736	0.003679	31.4
1569	-0.780410	116.511855	0.006132	30.5
1570	-0.671650	116.470015	0.006994	31.1
1571	-0.664599	116.428214	0.006263	30.1
1572	-0.000000	116.386454	0.000000	29.7
1573	-0.779302	116.344733	0.006251	28.4
1574	0.000000	116.303052	0.000000	31.6
1575	-0.630554	116.261412	0.003528	30.8
1576	-0.609441	116.219810	0.004023	30.7
1577	-0.340283	116.178249	0.003679	29.7
1578	-0.922760	116.136727	0.005819	31.5
1579	-0.009515	116.095245	0.000138	29.7
1580	-0.544054	116.053802	0.003690	31.0
1581	-0.519631	116.012398	0.005312	28.6
1582	-0.666312	115.971034	0.006644	30.7
1583	0.000000	115.929710	0.000000	30.2
1584	0.000000	115.888424	0.000000	31.1
1585	-0.000000	115.847178	0.000000	30.3
1586	-0.490255	115.805970	0.004826	30.5
1587	-0.130712	115.764802	0.002684	28.4
1588	-0.533111	115.723673	0.005010	29.4
1589	-0.027095	115.682583	0.001966	29.7
1590	-0.243264	115.641532	0.001630	29.4
1591	-0.003455	115.600519	0.000380	29.0
1592	-0.000000	115.559546	0.000000	29.1
1593	-0.706130	115.518610	0.005641	29.3
1594	0.000000	115.477714	0.000000	29.7
1595	-0.256126	115.436856	0.002818	29.6
1596	-0.173396	115.396037	0.002766	29.1
1597	-0.813804	115.355256	0.005252	29.1
1598	-0.643447	115.314514	0.006509	29.7
1599	-0.389294	115.273810	0.004019	30.0
1600	-0.350252	115.233144	0.004388	26.7
1601	-0.421725	115.192517	0.004860	29.2
1602	-0.841800	115.151927	0.005957	30.6
1603	-0.376201	115.111376	0.005593	30.5
1604	0.000000	115.070863	0.000000	30.5
1605	-0.645786	115.030388	0.005451	30.4
1606	-0.644393	114.989951	0.006257	28.7
1607	-0.795673	114.949551	0.004685	29.4
1608	-0.190882	114.909190	0.001521	29.4
1609	-0.906986	114.868866	0.006808	29.4
1610	-0.604696	114.828580	0.005972	31.6
1611	-0.703731	114.788332	0.005168	29.4
1612	-0.406637	114.748121	0.002896	29.2
1613	-0.684916	114.707948	0.007007	29.9
1614	-0.602761	114.667812	0.005024	29.0
1615	-0.691551	114.627714	0.006180	28.9
1616	-0.436398	114.587653	0.003935	27.0
1617	-0.693669	114.547629	0.006085	30.7
1618	-0.164934	114.507643	0.002828	29.1
1619	-0.301319	114.467693	0.004092	30.8
1620	-0.771860	114.427781	0.006781	29.3
1621	-0.459835	114.387907	0.004566	29.3
1622	-0.869346	114.348069	0.006058	29.5
1623	-0.850183	114.308268	0.007726	28.6
1624	-0.000000	114.268504	0.000000	29.0
1625	-0.838585	114.228777	0.006172	29.4
1626	-0.816363	114.189086	0.005397	28.8
1627	-0.757508	114.149433	0.004972	30.2
1628	-0.007575	114.109816	0.000306	29.1
1629	-0.843136	114.070235	0.007041	29.6
1630	-0.662430	114.030692	0.005061	28.5
1631	-0.650226	113.991185	0.006036	30.6
1632	-0.892553	113.951714	0.006359	29.8
1633	-0.487583	113.912280	0.004745	29.4
1634	0.000000	113.872882	0.000000	29.7
1635	-0.380254	113.833521	0.004269	29.7
1636	-0.465407	113.794195	0.005213	30.2
1637	-0.764081	113.754906	0.004904	30.1
1638	-0.000062	113.715653	0.000014	30.2
1639	-0.809527	113.676437	0.006418	28.9
1640	-0.848653	113.637256	0.005403	30.5
1641	-0.871501	113.598111	0.008016	31.3
1642	-0.673227	113.559002	0.006691	29.9
1643	-0.443088	113.519929	0.006015	30.0
1644	-0.622371	113.480892	0.006192	30.6
1645	-0.000524	113.441891	0.000048	30.9
1646	0.000000	113.402925	0.000000	29.6
1647	-0.722900	113.363995	0.006079	26.3
1648	-0.735474	113.325101	0.005904	30.7
1649	-0.025320	113.286242	0.001846	28.9
1650	-0.433124	113.247419	0.004671	30.4
1651	0.000000	113.208631	0.000000	30.8
1652	-0.563044	113.169879	0.004211	29.4
1653	-0.786971	113.131162	0.004494	29.5
1654	-0.423903	113.092480	0.003149	31.3
1655	-0.665047	113.053833	0.006258	30.4
1656	-0.000000	113.015222	0.000000	28.8
1657	0.000000	112.976646	0.000000	29.1
1658	-0.626543	112.938105	0.004365	28.3
1659	-0.026998	112.899599	0.000794	30.1
1660	-0.553513	112.861128	0.005211	30.0
1661	-0.796554	112.822692	0.006128	29.7
1662	0.000000	112.784291	0.000000	28.3
1663	-0.657166	112.745924	0.007235	28.5
1664	-0.234557	112.707593	0.003568	29.6
1665	-0.471165	112.669296	0.006567	29.0
1666	-0.847242	112.631034	0.003994	28.9
1667	-0.103667	112.592806	0.002043	30.7
1668	-0.505177	112.554613	0.006312	29.2
1669	-0.732400	112.516455	0.006411	30.4
1670	-0.754444	112.478331	0.005757	28.7
1671	-0.548259	112.440241	0.006157	29.5
1672	-0.325672	112.402186	0.005037	30.2
1673	-0.725258	112.364165	0.007744	29.7
1674	-0.349309	112.326179	0.005219	30.5
1675	-0.223612	112.288227	0.004000	29.5
1676	-0.309776	112.250309	0.004599	28.1
1677	-0.710650	112.212425	0.007043	29.1
1678	-0.350602	112.174575	0.003620	29.7
1679	-0.507938	112.136759	0.005060	40.0
1680	-0.000000	112.098977	0.000000	30.2
1681	-0.813435	112.061229	0.004932	28.7
1682	-0.725451	112.023515	0.004562	28.6
1683	-0.377028	111.985834	0.004938	27.9
1684	-0.866440	111.948188	0.005215	29.3
1685	-0.841239	111.910575	0.007131	29.1
1686	-0.088443	111.872996	0.001578	30.2
1687	-0.000000	111.835450	0.000000	28.6
1688	-0.491714	111.797939	0.004513	30.4
1689	-0.467875	111.760460	0.004547	30.0
1690	-0.663396	111.723015	0.006132	30.4
1691	-0.056218	111.685604	0.003875	29.6
1692	0.000000	111.648226	0.000000	29.4
1693	-0.731322	111.610881	0.003986	29.2
1694	-0.535670	111.573570	0.005226	29.2
1695	-0.543674	111.536292	0.006448	30.2
1696	-0.097217	111.499047	0.001232	29.1
1697	0.000000	111.461835	0.000000	28.0
1698	-0.727095	111.424656	0.003300	29.6
1699	-0.534332	111.387510	0.003934	28.9
1700	-0.902561	111.350398	0.007124	30.9
1701	-0.481152	111.313318	0.004947	30.6
1702	0.000000	111.276271	0.000000	30.0
1703	0.000000	111.239257	0.000000	28.3
1704	-0.681438	111.202276	0.005802	28.7
1705	-0.933910	111.165328	0.006568	29.8
1706	-0.120855	111.128412	0.001541	30.3
1707	-0.040868	111.091529	0.000856	32.3
1708	0.000000	111.054679	0.000000	29.6
1709	-0.477680	111.017861	0.005962	28.2
1710	-0.683845	110.981076	0.006398	29.4
1711	-0.000001	110.944323	0.000000	31.6
1712	-0.039560	110.907603	0.000841	30.3
1713	-0.700775	110.870915	0.006159	29.1
1714	-0.917645	110.834259	0.005251	33.5
1715	0.000000	110.797636	0.000000	28.8
1716	-0.773359	110.761045	0.005427	30.0
1717	-0.472480	110.724486	0.004584	31.1
1718	-0.589509	110.687959	0.005418	30.0
1719	-0.839527	110.651465	0.004852	28.9
1720	-0.000000	110.615002	0.000000	30.3
1721	-0.703737	110.578572	0.005337	28.2
1722	-0.693969	110.542173	0.004922	29.9
1723	0.000000	110.505807	0.000000	29.3
1724	-0.070798	110.469472	0.001528	30.3
1725	-0.562184	110.433169	0.005296	29.6
1726	-0.587316	110.396898	0.004110	29.7
1727	-0.679012	110.360659	0.006545	30.5
1728	-0.010397	110.324451	0.000162	29.7
1729	-0.712876	110.288276	0.004663	29.2
1730	-0.857844	110.252131	0.004683	29.0
1731	-0.570457	110.216019	0.004612	28.6
1732	-0.730516	110.179937	0.006328	29.8
1733	-0.642564	110.143888	0.005696	28.6
1734	-0.832664	110.107869	0.005488	30.2
1735	-0.367573	110.071882	0.002721	28.3
1736	-0.349403	110.035927	0.004536	30.2
1737	-0.805530	110.000003	0.005990	28.9
1738	-0.731741	109.964110	0.006177	29.8
1739	-0.636172	109.928248	0.004056	30.1
1740	-0.818150	109.892417	0.006809	27.9
1741	-0.014353	109.856618	0.000434	30.3
1742	-0.916278	109.820850	0.007830	30.0
1743	-0.793344	109.785112	0.005756	29.2
1744	0.000000	109.749406	0.000000	28.1
1745	0.000000	109.713730	0.000000	29.2
1746	0.000000	109.678086	0.000000	29.7
1747	-0.368933	109.642472	0.003416	30.0
1748	-0.512665	109.606890	0.004406	30.4
1749	-0.302842	109.571337	0.002428	35.9
1750	-0.865085	109.535816	0.004543	28.7
1751	-0.906023	109.500326	0.006411	30.5
1752	-0.405114	109.464866	0.005475	30.1
1753	0.000000	109.429436	0.000000	30.0
1754	-0.000000	109.394038	0.000000	29.1
1755	-0.918832	109.358669	0.005233	28.9
1756	-0.807365	109.323331	0.005055	27.9
1757	-0.080500	109.288024	0.001560	29.2
1758	-0.105499	109.252747	0.003337	28.3
1759	-0.637031	109.217501	0.004759	29.7
1760	-0.831810	109.182284	0.007947	30.5
1761	0.000000	109.147098	0.000000	29.2
1762	-0.808733	109.111942	0.005429	29.2
1763	-0.661652	109.076817	0.007916	30.6
1764	0.000000	109.041721	0.000000	29.2
1765	-0.875501	109.006656	0.006643	30.2
1766	-0.778969	108.971620	0.005509	28.4
1767	-0.091495	108.936615	0.001092	28.6
1768	-0.371426	108.901640	0.003408	29.6
1769	-0.772851	108.866694	0.005122	30.5
1770	-0.500930	108.831779	0.003508	29.1
1771	-0.776678	108.796893	0.006359	29.4
1772	-0.058030	108.762037	0.000876	30.5
1773	-0.006266	108.727211	0.000077	30.3
1774	-0.891038	108.692415	0.006143	29.7
1775	-0.003528	108.657648	0.001118	31.2
1776	-0.551803	108.622911	0.005727	28.6
1777	-0.822905	108.588203	0.005315	28.8
1778	-0.200214	108.553525	0.003195	29.4
1779	0.000000	108.518877	0.000000	30.4
1780	-0.007361	108.484258	0.000165	28.6
1781	-0.000000	108.449668	0.000000	29.3
1782	-0.611428	108.415108	0.006230	29.4
1783	-0.183703	108.380578	0.002573	31.4
1784	-0.805678	108.346076	0.007432	32.2
1785	0.000000	108.311604	0.000000	30.2
1786	-0.506339	108.277161	0.006066	29.5
1787	-0.577879	108.242747	0.004000	30.0
1788	-0.155662	108.208363	0.001066	27.0
1789	-0.682157	108.174007	0.003812	31.2
1790	-0.680169	108.139681	0.004287	30.0
1791	-0.343287	108.105383	0.004728	29.8
1792	-0.031187	108.071115	0.001089	29.4
1793	-0.940197	108.036875	0.005961	30.1
1794	-0.588739	108.002665	0.006101	29.8
1795	-0.000014	107.968483	0.000002	29.7
1796	-0.017151	107.934330	0.000186	28.4
1797	-0.002635	107.900206	0.000055	28.7
1798	-0.591238	107.866111	0.005517	28.3
1799	-0.355245	107.832044	0.003270	30.4
1800	-0.907101	107.798007	0.005525	30.3
1801	0.000000	107.763997	0.000000	30.2
1802	0.000000	107.730017	0.000000	27.7
1803	-0.877017	107.696065	0.006977	30.1
1804	-0.715924	107.662141	0.003830	30.2
1805	-0.539689	107.628246	0.006145	29.7
1806	-0.353718	107.594379	0.005087	28.5
1807	-0.838326	107.560541	0.005429	30.3
1808	-0.784011	107.526731	0.004203	29.2
1809	0.000000	107.492949	0.000000	29.7
1810	0.000000	107.459196	0.000000	29.7
1811	-0.000000	107.425471	0.000000	27.8
1812	0.000000	107.391774	0.000000	30.2
1813	-0.665045	107.358106	0.005498	30.0
1814	-0.442473	107.324465	0.005452	30.7
1815	-0.215021	107.290853	0.004125	29.0
1816	-0.466010	107.257268	0.004795	29.5
1817	-0.809265	107.223712	0.005053	29.5
1818	-0.698351	107.190184	0.006096	29.6
1819	0.000000	107.156683	0.000000	30.2
1820	-0.464275	107.123211	0.005622	31.0
1821	-0.000070	107.089766	0.000014	28.7
1822	-0.448191	107.056349	0.003798	27.5
1823	-0.041069	107.022960	0.000870	30.3
1824	-0.390560	106.989599	0.003420	30.3
1825	0.000000	106.956265	0.000000	29.1
1826	-0.534435	106.922960	0.005942	28.9
1827	-0.606532	106.889681	0.006115	30.4
1828	-0.701949	106.856431	0.005659	29.5
1829	-0.001005	106.823208	0.000038	29.5
1830	-0.468041	106.790012	0.006284	28.6
1831	-0.415283	106.756844	0.005106	29.5
1832	-0.366165	106.723703	0.003845	27.3
1833	-0.529339	106.690590	0.005523	30.4
1834	-0.000000	106.657505	0.000000	29.4
1835	-0.602457	106.624446	0.004232	28.5
1836	-0.528320	106.591415	0.003314	29.3
1837	-0.333724	106.558411	0.004361	31.2
1838	-0.171475	106.525435	0.001739	30.6
1839	-0.021653	106.492485	0.000391	30.7
1840	-0.681548	106.459563	0.005597	29.1
1841	-0.548275	106.426668	0.005759	29.4
1842	-0.511230	106.393800	0.005310	30.0
1843	-0.827046	106.360959	0.007163	30.2
1844	-0.741816	106.328145	0.006546	29.6
1845	-0.694361	106.295358	0.005786	29.6
1846	-0.034217	106.262598	0.000737	28.7
1847	-0.774192	106.229865	0.005910	27.6
1848	-0.015639	106.197158	0.000709	30.2
1849	0.000000	106.164479	0.000000	31.9
1850	-0.029013	106.131826	0.002148	31.7
1851	-0.483049	106.099201	0.004607	31.1
1852	-0.610801	106.066602	0.005820	30.9
1853	-0.519211	106.034029	0.005950	30.3
1854	-0.488766	106.001483	0.005102	29.6
1855	-0.614536	105.968964	0.004491	32.8
1856	-0.584768	105.936472	0.004717	28.9
1857	-0.684733	105.904006	0.004863	30.6
1858	-0.851499	105.871566	0.005574	29.0
1859	-0.000147	105.839153	0.000009	30.6
1860	0.000000	105.806767	0.000000	29.8
1861	-0.088736	105.774407	0.001824	29.6
1862	-0.400063	105.742073	0.004656	29.3
1863	0.000000	105.709766	0.000000	29.7
1864	-0.053711	105.677485	0.002518	27.8
1865	-0.374342	105.645230	0.006645	29.8
1866	-0.143737	105.613001	0.003184	29.5
1867	-0.532179	105.580799	0.004754	31.2
1868	0.000000	105.548623	0.000000	28.8
1869	-0.500649	105.516473	0.003556	29.7
1870	-0.676107	105.484349	0.006769	28.2
1871	-0.650366	105.452251	0.005082	30.3
1872	-0.777173	105.420179	0.004465	31.4
1873	-0.767546	105.388133	0.005358	29.9
1874	-0.818954	105.356113	0.007185	30.8
1875	-0.009818	105.324119	0.000237	30.7
1876	-0.000152	105.292151	0.000015	29.3
1877	0.000000	105.260209	0.000000	30.1
1878	-0.177181	105.228293	0.003406	29.8
1879	-0.656291	105.196402	0.005158	29.5
1880	-0.799695	105.164537	0.005870	29.4
1881	-0.770020	105.132698	0.005193	29.6
1882	-0.680616	105.100885	0.004961	28.8
1883	-0.607651	105.069097	0.004663	30.0
1884	-0.515336	105.037335	0.004171	28.4
1885	-0.751051	105.005598	0.004977	30.9
1886	-0.045735	104.973887	0.001510	28.1
1887	-0.669814	104.942202	0.006694	29.3
1888	-0.294836	104.910542	0.003506	29.9
1889	-0.452487	104.878907	0.005518	29.2
1890	0.000000	104.847298	0.000000	29.8
1891	-0.308170	104.815715	0.003109	29.0
1892	-0.575626	104.784156	0.004495	29.2
1893	-0.528094	104.752623	0.005525	28.9
1894	-0.281992	104.721116	0.002052	29.9
1895	-0.000928	104.689633	0.000064	28.1
1896	-0.753502	104.658176	0.006023	29.6
1897	-0.372417	104.626744	0.004951	30.0
1898	-0.000119	104.595337	0.000004	30.7
1899	-0.714220	104.563955	0.006663	28.0
1900	-0.628970	104.532599	0.005752	29.7
1901	-0.402027	104.501267	0.003615	27.9
1902	-0.685851	104.469960	0.006891	30.3
1903	-0.914769	104.438679	0.005883	29.8
1904	-1.028590	104.407422	0.007071	29.7
1905	-0.415716	104.376191	0.005225	30.6
1906	-0.096859	104.344984	0.001442	30.2
1907	-0.390711	104.313802	0.003263	30.2
1908	-0.600368	104.282645	0.005085	28.6
1909	-0.617346	104.251513	0.005747	28.1
1910	0.000000	104.220405	0.000000	29.3
1911	0.000000	104.189323	0.000000	29.2
1912	-0.272920	104.158265	0.004542	28.6
1913	-0.000000	104.127231	0.000000	30.6
1914	0.000000	104.096222	0.000000	30.4
1915	0.000000	104.065238	0.000000	30.4
1916	-0.354738	104.034279	0.004480	29.9
1917	-0.356228	104.003344	0.003082	28.2
1918	0.000000	103.972433	0.000000	29.6
1919	-0.002419	103.941547	0.000062	28.9
1920	-0.036275	103.910686	0.000731	29.9
1921	0.000000	103.879849	0.000000	30.5
1922	-0.378583	103.849036	0.005477	32.1
1923	-0.582305	103.818248	0.008077	30.9
1924	-0.149950	103.787484	0.001611	30.7
1925	-0.654784	103.756744	0.005531	31.9
1926	-0.000000	103.726029	0.000000	29.9
1927	-0.045756	103.695338	0.000986	30.0
1928	-0.661766	103.664671	0.003450	30.2
1929	-0.763607	103.634028	0.005925	28.9
1930	-0.898717	103.603409	0.007778	28.4
1931	-0.947583	103.572814	0.005459	28.7
1932	-0.007744	103.542244	0.000213	28.3
1933	-0.018741	103.511698	0.000202	29.9
1934	-0.000000	103.481175	0.000000	30.1
1935	-0.240668	103.450677	0.003561	29.5
1936	-0.605211	103.420202	0.004630	30.0
1937	0.000000	103.389752	0.000000	30.3
1938	-0.350366	103.359325	0.004966	28.9
1939	0.000000	103.328922	0.000000	30.2
1940	-0.005990	103.298543	0.000197	28.3
1941	-0.818706	103.268188	0.005366	29.6
1942	-0.892470	103.237857	0.005159	28.1
1943	-0.041006	103.207549	0.002246	29.4
1944	-0.862324	103.177265	0.006412	28.6
1945	-0.275128	103.147005	0.002628	30.0
1946	-0.046098	103.116768	0.001178	26.8
1947	-0.003506	103.086556	0.000056	31.3
1948	-0.136238	103.056366	0.001668	30.1
1949	0.000000	103.026200	0.000000	29.6
1950	-0.575069	102.996058	0.004562	29.0
1951	-0.510664	102.965939	0.004119	29.1
1952	-0.509487	102.935844	0.006224	30.3
1953	0.000000	102.905772	0.000000	29.2
1954	-0.524266	102.875724	0.003921	29.0
1955	-0.584515	102.845699	0.005412	27.7
1956	-0.478979	102.815697	0.002918	30.0
1957	-0.348848	102.785719	0.004503	30.5
1958	-0.744667	102.755764	0.006357	30.0
1959	0.000000	102.725832	0.000000	30.7
1960	-0.873386	102.695924	0.005619	32.5
1961	-0.003108	102.666038	0.000062	28.8
1962	-0.897934	102.636176	0.006697	29.2
1963	-0.582939	102.606337	0.005269	30.7
1964	-0.771377	102.576521	0.005603	29.7
1965	-0.048957	102.546728	0.000427	29.3
1966	-0.270608	102.516959	0.003082	29.1
1967	-0.626325	102.487212	0.006044	29.0
1968	0.000000	102.457488	0.000000	28.4
1969	-0.842545	102.427788	0.004788	31.1
1970	-0.657847	102.398110	0.004685	30.6
1971	0.000000	102.368455	0.000000	30.8
1972	-0.793806	102.338823	0.003548	28.4
1973	-0.656666	102.309214	0.006688	29.7
1974	-0.626754	102.279628	0.006023	27.7
1975	-0.001917	102.250064	0.000053	31.6
1976	-0.543808	102.220524	0.006420	30.0
1977	-0.585735	102.191006	0.004838	29.3
1978	-0.842253	102.161511	0.005470	27.4
1979	0.000000	102.132038	0.000000	30.0
1980	-0.000027	102.102588	0.000001	28.6
1981	-0.409019	102.073161	0.005540	28.6
1982	-0.000000	102.043757	0.000000	30.7
1983	-0.897134	102.014375	0.006292	30.6
1984	0.000000	101.985015	0.000000	29.5
1985	-0.006028	101.955678	0.000144	30.5
1986	-0.755063	101.926364	0.005518	29.8
1987	0.000000	101.897072	0.000000	28.7
1988	-0.006764	101.867802	0.001129	29.7
1989	-0.158300	101.838555	0.001502	29.7
1990	-0.035117	101.809330	0.000485	29.9
1991	-0.000138	101.780128	0.000008	28.9
1992	-0.966659	101.750948	0.007487	28.7
1993	0.000000	101.721790	0.000000	27.6
1994	-0.008611	101.692654	0.000703	35.0
1995	-0.532877	101.663541	0.004802	30.3
1996	-0.700244	101.634450	0.006757	30.7
1997	0.000000	101.605381	0.000000	30.9
1998	-0.708500	101.576335	0.004178	36.2
1999	0.000000	101.547310	0.000000	31.3
