1:ItNr	2:Metric	3:StepSize	4:||Gradient||	Time[ms]
0	-0.103928	627.201626	0.004027	705.1
1	-0.805364	623.504937	0.030612	3.3
2	-0.000000	619.865785	0.000000	3.4
3	-0.622647	616.282728	0.017113	3.8
4	0.000000	612.754375	0.000000	3.9
5	-0.004191	609.279381	0.000810	3.4
6	-0.933255	605.856447	0.011434	3.4
7	-0.826852	602.484317	0.024178	4.1
8	-0.274951	599.161779	0.002047	4.0
9	0.000000	595.887656	0.000000	3.5
10	-0.412007	592.660813	0.011711	3.7
11	-0.001201	589.480151	0.000394	3.4
12	-0.837248	586.344606	0.017053	3.8
13	-0.682957	583.253145	0.013825	3.6
14	-0.606001	580.204771	0.007688	3.8
15	-0.000000	577.198517	0.000000	4.1
16	-0.943242	574.233444	0.039360	3.9
17	-0.730185	571.308645	0.022760	3.7
18	-0.000011	568.423237	0.000005	7.7
19	-0.647383	565.576365	0.028481	4.8
20	-0.036308	562.767201	0.002316	4.3
21	-0.003972	559.994938	0.000494	3.4
22	-0.787092	557.258797	0.030680	3.3
23	-1.059582	554.558018	0.013945	3.2
24	-0.700913	551.891865	0.009850	3.7
25	-0.824599	549.259621	0.012751	3.2
26	-0.632903	546.660592	0.009390	3.1
27	-0.867971	544.094102	0.005499	3.1
28	-0.038805	541.559494	0.001645	3.4
29	-0.000775	539.056129	0.000150	3.8
30	-1.213059	536.583387	0.012853	3.3
31	-0.543270	534.140663	0.015567	3.3
32	-0.286170	531.727370	0.004510	3.3
33	-1.028281	529.342935	0.023013	4.5
34	-1.231198	526.986802	0.018918	4.3
35	-1.074886	524.658430	0.018083	3.6
36	-0.608650	522.357290	0.018575	3.8
37	-0.701557	520.082868	0.022915	4.0
38	-0.784152	517.834665	0.014314	3.5
39	-0.000000	515.612193	0.000000	3.3
40	-0.873559	513.414976	0.027464	4.1
41	-0.768143	511.242551	0.012030	3.9
42	-1.041898	509.094468	0.033237	3.8
43	-0.803998	506.970285	0.051804	3.7
44	-0.060639	504.869574	0.006734	3.7
45	-0.935461	502.791916	0.011158	4.0
46	-0.075231	500.736903	0.001526	3.7
47	-0.936508	498.704137	0.013509	3.5
48	-0.538531	496.693228	0.010389	4.0
49	-0.654905	494.703798	0.004274	4.3
50	-0.000000	492.735476	0.000000	3.9
51	-0.759921	490.787900	0.008858	4.5
52	-0.634057	488.860718	0.027617	3.6
53	-1.197603	486.953585	0.013697	3.8
54	-0.440321	485.066164	0.012266	3.8
55	-0.473032	483.198126	0.010940	4.1
56	-0.778766	481.349149	0.043384	3.7
57	-0.615977	479.518920	0.009062	4.0
58	-0.356571	477.707132	0.009404	3.7
59	-0.843431	475.913485	0.008034	3.8
60	-0.000073	474.137684	0.000034	3.7
61	-1.169867	472.379445	0.015309	3.9
62	-0.000000	470.638485	0.000000	4.4
63	-0.855531	468.914531	0.022790	3.7
64	-0.824167	467.207315	0.022917	3.7
65	-0.534352	465.516573	0.008752	4.1
66	0.000000	463.842050	0.000000	3.7
67	-0.563480	462.183494	0.008205	3.9
68	-1.022680	460.540658	0.030001	3.8
69	-0.000028	458.913303	0.000009	4.6
70	-0.916677	457.301192	0.061012	3.8
71	-0.595727	455.704096	0.022232	3.7
72	-0.801939	454.121787	0.012601	3.8
73	-0.000250	452.554045	0.000094	5.0
74	-0.000000	451.000653	0.000000	4.2
75	-0.829479	449.461399	0.020945	4.1
76	0.000000	447.936075	0.000000	4.9
77	-0.423596	446.424477	0.006800	4.1
78	-0.000000	444.926406	0.000000	3.9
79	-0.296168	443.441666	0.005236	3.9
80	-0.899520	441.970065	0.015360	4.5
81	-0.284560	440.511415	0.008310	3.8
82	-0.878997	439.065533	0.007770	4.0
83	-0.000000	437.632238	0.000000	4.1
84	-0.757672	436.211351	0.006401	4.5
85	-0.302597	434.802701	0.003610	4.1
86	-0.348866	433.406117	0.005979	3.9
87	-0.507782	432.021430	0.005886	4.7
88	-0.634410	430.648479	0.008983	4.2
89	0.000000	429.287101	0.000000	4.0
90	-0.500909	427.937140	0.009608	4.0
91	-1.056203	426.598440	0.009952	4.3
92	-0.859068	425.270849	0.011941	4.1
93	-1.147466	423.954220	0.014807	4.0
94	-0.710184	422.648404	0.012277	4.3
95	-0.832913	421.353259	0.021061	4.4
96	-0.523377	420.068643	0.011505	4.2
97	-0.612484	418.794419	0.006849	4.3
98	-0.101290	417.530451	0.001092	4.2
99	0.000000	416.276604	0.000000	4.1
100	-0.933438	415.032748	0.024711	4.0
101	-0.922971	413.798754	0.010195	4.5
102	-0.580670	412.574495	0.004630	4.3
103	-1.114261	411.359849	0.008465	4.0
104	-0.809032	410.154691	0.008874	4.3
105	-1.057813	408.958904	0.017170	3.9
106	-0.570531	407.772368	0.016240	4.3
107	-0.888450	406.594968	0.066097	4.1
108	-0.370246	405.426590	0.013625	4.2
109	-0.984910	404.267122	0.014585	4.0
110	-0.000000	403.116456	0.000000	4.4
111	-0.000000	401.974481	0.000000	4.4
112	-0.449700	400.841093	0.005834	4.0
113	-0.747030	399.716187	0.008966	4.4
114	-1.003799	398.599660	0.032416	4.5
115	-0.577428	397.491411	0.013975	4.1
116	-0.361286	396.391342	0.007202	4.1
117	-0.000000	395.299353	0.000000	4.4
118	-0.969038	394.215350	0.010765	4.5
119	-1.101380	393.139238	0.010788	4.0
120	-0.583482	392.070924	0.008695	4.2
121	-0.000000	391.010316	0.000000	4.7
122	-0.475612	389.957325	0.006863	4.1
123	0.000000	388.911862	0.000000	4.1
124	-0.770991	387.873839	0.021474	4.7
125	-0.671042	386.843173	0.009527	4.3
126	-0.354527	385.819777	0.012407	4.1
127	-0.641713	384.803569	0.015392	4.0
128	-0.756513	383.794468	0.013300	4.8
129	-0.825655	382.792393	0.018960	4.2
130	-0.132505	381.797264	0.006491	3.8
131	-0.865856	380.809005	0.012847	5.0
132	0.000000	379.827537	0.000000	4.2
133	-0.883589	378.852786	0.025848	4.1
134	-0.772171	377.884678	0.007012	4.9
135	-0.193133	376.923138	0.005246	4.8
136	-0.493202	375.968095	0.006079	3.9
137	-0.059975	375.019479	0.001973	4.5
138	-0.558926	374.077218	0.006766	4.6
139	-0.774276	373.141244	0.012438	4.3
140	-0.000000	372.211489	0.000000	4.0
141	-0.013791	371.287887	0.001226	4.5
142	-0.188555	370.370370	0.003176	4.5
143	-1.083229	369.458876	0.016229	4.2
144	-0.102981	368.553338	0.002976	4.1
145	-0.612450	367.653696	0.008138	4.5
146	-0.061450	366.759885	0.001663	4.2
147	-0.673026	365.871846	0.005860	4.4
148	-1.019293	364.989518	0.007455	3.9
149	-0.444541	364.112841	0.006604	4.5
150	-0.717030	363.241757	0.013225	4.5
151	-1.009168	362.376208	0.017397	4.1
152	-0.000159	361.516137	0.000059	4.3
153	-0.751562	360.661488	0.006395	4.9
154	-0.840348	359.812206	0.009456	4.2
155	-0.053404	358.968236	0.003384	4.1
156	-0.715141	358.129524	0.005654	4.6
157	-0.630256	357.296018	0.013019	4.2
158	-0.214893	356.467665	0.004753	4.2
159	-0.118411	355.644414	0.005806	4.1
160	-0.125644	354.826213	0.005966	4.9
161	-1.072024	354.013012	0.014573	4.1
162	-0.000114	353.204763	0.000033	4.1
163	-0.000000	352.401415	0.000000	4.8
164	-1.228908	351.602922	0.010577	4.1
165	-0.921920	350.809235	0.011289	4.2
166	-0.172218	350.020308	0.004791	4.1
167	-0.838199	349.236095	0.022837	4.4
168	-0.020366	348.456550	0.000801	4.0
169	-1.000081	347.681627	0.015052	4.1
170	-0.000000	346.911283	0.000000	4.6
171	-0.987665	346.145474	0.031384	4.4
172	-0.960691	345.384157	0.005827	4.1
173	-0.390308	344.627288	0.003801	4.6
174	-0.830159	343.874826	0.015291	4.9
175	-1.064673	343.126729	0.016600	4.4
176	-0.928108	342.382957	0.009356	4.8
177	-1.250891	341.643469	0.037257	4.8
178	-0.550795	340.908224	0.008812	4.1
179	-0.616859	340.177184	0.004192	4.6
180	-0.147094	339.450309	0.004542	4.4
181	-0.205892	338.727561	0.006599	4.1
182	-1.278298	338.008902	0.055500	4.1
183	-0.686688	337.294295	0.003614	5.6
184	-0.915671	336.583703	0.007887	4.6
185	-1.118002	335.877089	0.031909	4.0
186	-0.896867	335.174416	0.005183	4.6
187	-0.039333	334.475651	0.006020	4.5
188	-0.341503	333.780756	0.018593	4.3
189	-0.450593	333.089698	0.017770	4.4
190	-0.878405	332.402443	0.007351	4.0
191	0.000000	331.718955	0.000000	4.5
192	-0.895118	331.039203	0.026915	4.5
193	-0.000000	330.363153	0.000000	4.1
194	-0.238191	329.690771	0.006755	4.3
195	-0.527285	329.022027	0.005909	4.4
196	-0.907470	328.356888	0.011180	4.5
197	-0.000893	327.695322	0.000228	4.1
198	-0.251814	327.037299	0.007187	4.6
199	-0.941895	326.382787	0.009259	4.7
200	-0.511510	325.731758	0.011333	4.4
201	-0.030515	325.084179	0.002571	4.2
202	-0.064249	324.440023	0.003009	4.5
203	-0.000000	323.799258	0.000000	4.1
204	-1.034977	323.161858	0.009052	4.0
205	-0.045121	322.527792	0.004061	4.4
206	-0.517739	321.897034	0.008843	4.8
207	-0.000027	321.269554	0.000005	4.3
208	-1.116520	320.645325	0.020751	4.1
209	-0.573691	320.024320	0.010767	4.7
210	-1.207259	319.406512	0.021543	4.2
211	-1.170676	318.791875	0.020750	4.1
212	-1.208727	318.180381	0.018138	4.8
213	-1.057576	317.572005	0.004408	4.3
214	0.000000	316.966721	0.000000	4.0
215	-0.074058	316.364504	0.001727	4.1
216	-0.000000	315.765329	0.000000	4.6
217	-0.225891	315.169170	0.005216	4.0
218	-0.007193	314.576003	0.000767	4.0
219	-0.000676	313.985804	0.000073	5.1
220	-1.104635	313.398548	0.042520	4.6
221	-0.533970	312.814213	0.010870	4.3
222	-0.391737	312.232773	0.006122	4.6
223	-1.122779	311.654207	0.039243	4.6
224	-0.177588	311.078491	0.006588	4.0
225	-0.000000	310.505602	0.000000	4.1
226	-0.836467	309.935518	0.005622	4.3
227	0.000000	309.368217	0.000000	4.6
228	-1.087325	308.803676	0.026410	4.1
229	-0.591009	308.241874	0.015935	4.6
230	-0.090021	307.682789	0.005785	4.6
231	-0.000724	307.126400	0.000118	4.1
232	-0.056463	306.572687	0.003182	4.3
233	-0.794755	306.021627	0.027793	4.4
234	-0.317535	305.473201	0.004282	4.4
235	-0.806071	304.927388	0.014010	4.4
236	-1.021391	304.384168	0.016680	4.1
237	-0.181821	303.843521	0.003912	4.5
238	-0.507482	303.305427	0.009920	4.1
239	-0.381741	302.769867	0.007250	5.1
240	-0.019577	302.236821	0.000803	4.5
241	-0.973026	301.706270	0.007562	4.3
242	-0.855260	301.178196	0.009232	4.3
243	-0.556602	300.652580	0.007341	4.1
244	-0.339930	300.129402	0.008208	4.4
245	-0.569009	299.608645	0.022199	4.6
246	-1.001704	299.090291	0.021566	4.1
247	-1.137384	298.574321	0.010549	4.1
248	-0.000001	298.060718	0.000000	4.7
249	-0.000000	297.549465	0.000000	4.0
250	-0.050982	297.040543	0.002703	4.1
251	-0.620287	296.533936	0.007001	4.5
252	-0.225066	296.029626	0.009983	5.1
253	-0.767047	295.527597	0.004944	4.1
254	-0.000000	295.027832	0.000000	3.8
255	-0.559057	294.530315	0.010403	4.9
256	-0.783647	294.035028	0.006804	4.4
257	-0.678718	293.541956	0.007797	4.8
258	-1.079683	293.051083	0.010702	5.9
259	-1.036442	292.562393	0.010972	4.3
260	-0.000000	292.075870	0.000000	4.0
261	-1.002805	291.591498	0.024590	4.7
262	-0.761891	291.109263	0.009948	4.2
263	-0.090579	290.629149	0.003453	4.0
264	-0.042539	290.151140	0.002571	4.4
265	-0.675791	289.675222	0.022485	4.3
266	-0.954565	289.201380	0.008202	4.3
267	-0.572823	288.729600	0.007009	4.1
268	-0.079709	288.259866	0.003210	4.8
269	-1.136582	287.792165	0.021176	4.2
270	-0.780110	287.326481	0.013333	4.1
271	-0.853407	286.862802	0.009845	6.0
272	-0.318619	286.401113	0.007609	5.3
273	-0.721649	285.941400	0.013849	4.1
274	-0.760955	285.483649	0.007708	4.6
275	-0.000690	285.027847	0.000121	4.5
276	-1.168608	284.573981	0.018723	4.0
277	-0.813030	284.122037	0.004714	4.4
278	-0.457612	283.672002	0.007589	4.4
279	-0.000000	283.223863	0.000000	4.3
280	-1.095212	282.777607	0.029729	4.5
281	-0.000000	282.333221	0.000000	4.1
282	-0.239147	281.890692	0.004427	4.8
283	-0.000000	281.450008	0.000000	4.8
284	-0.632895	281.011157	0.011310	4.9
285	-0.407297	280.574125	0.011112	4.6
286	-0.627770	280.138901	0.008926	5.0
287	-0.682539	279.705473	0.010544	4.5
288	-1.122880	279.273829	0.011873	4.7
289	-0.629972	278.843956	0.011836	4.5
290	-0.228201	278.415844	0.005641	4.6
291	-0.000000	277.989479	0.000000	4.6
292	-0.869264	277.564851	0.007282	4.8
293	-0.749078	277.141949	0.011625	4.7
294	-0.825861	276.720761	0.016099	4.2
295	-1.099054	276.301275	0.021090	4.6
296	-0.000000	275.883480	0.000000	5.0
297	-0.535411	275.467366	0.011717	4.7
298	-0.978535	275.052922	0.028337	4.2
299	-1.016011	274.640136	0.015781	5.1
300	-0.116534	274.228998	0.004662	5.1
301	-1.095586	273.819497	0.025537	6.1
302	-0.548309	273.411623	0.012688	5.5
303	-0.000000	273.005365	0.000000	5.5
304	-0.357833	272.600712	0.007444	6.4
305	-0.000000	272.197655	0.000000	5.2
306	0.000000	271.796184	0.000000	5.8
307	-0.000148	271.396287	0.000045	5.3
308	-0.001057	270.997956	0.000159	5.0
309	-0.000000	270.601180	0.000000	4.7
310	-0.000000	270.205949	0.000000	4.9
311	-0.629541	269.812254	0.013868	4.8
312	-0.647987	269.420085	0.010401	5.2
313	-0.755740	269.029432	0.012221	5.1
314	-0.000000	268.640287	0.000000	4.5
315	-0.737137	268.252638	0.008295	4.7
316	-0.336745	267.866478	0.003961	5.1
317	-0.134401	267.481796	0.005352	4.4
318	-0.806993	267.098584	0.011762	5.0
319	-0.911418	266.716833	0.015609	4.8
320	-0.394892	266.336533	0.007009	4.5
321	-0.000000	265.957676	0.000000	5.0
322	-1.010767	265.580253	0.014013	4.3
323	-0.226934	265.204254	0.004119	4.7
324	-0.837872	264.829672	0.011347	5.0
325	-0.633090	264.456497	0.008610	4.8
326	-1.171876	264.084721	0.014734	5.0
327	-0.541413	263.714335	0.011477	5.1
328	-0.000000	263.345332	0.000000	4.8
329	-0.000540	262.977702	0.000111	5.1
330	-1.062066	262.611438	0.037775	5.0
331	-0.382523	262.246531	0.004932	4.5
332	-0.558737	261.882973	0.010178	4.1
333	-0.466923	261.520756	0.008068	5.1
334	-0.802264	261.159871	0.010513	5.1
335	-0.240735	260.800312	0.003119	5.1
336	-1.180207	260.442070	0.011353	5.9
337	-0.514206	260.085137	0.007458	4.9
338	-0.288963	259.729505	0.011045	4.9
339	-0.087290	259.375167	0.002621	5.6
340	-0.000000	259.022116	0.000000	4.8
341	-0.000000	258.670343	0.000000	4.5
342	-1.086848	258.319841	0.011109	5.7
343	-1.123501	257.970602	0.028545	4.4
344	-1.132287	257.622620	0.009961	4.8
345	-1.146357	257.275887	0.023391	5.4
346	-0.916194	256.930396	0.004418	4.8
347	-1.078988	256.586139	0.046044	5.2
348	0.000000	256.243109	0.000000	5.3
349	-0.758510	255.901300	0.023165	5.4
350	-0.076078	255.560703	0.002658	4.9
351	-0.796086	255.221313	0.055106	5.3
352	-0.796291	254.883122	0.020063	4.6
353	-0.826173	254.546124	0.013469	4.7
354	-0.000215	254.210311	0.000073	5.1
355	-0.836919	253.875677	0.029706	4.2
356	-0.757574	253.542215	0.012203	5.1
357	-0.999580	253.209918	0.011263	5.1
358	-0.000000	252.878781	0.000000	5.1
359	-0.184441	252.548795	0.005407	5.1
360	-0.000034	252.219956	0.000011	5.0
361	-0.052281	251.892255	0.001843	5.2
362	-0.637847	251.565688	0.007581	4.9
363	-1.009859	251.240247	0.030629	4.8
364	-1.068566	250.915926	0.013783	5.1
365	-0.820244	250.592720	0.016260	4.6
366	-0.036546	250.270621	0.000501	4.2
367	-0.481960	249.949624	0.009978	4.6
368	-0.022636	249.629723	0.001387	4.5
369	-0.097599	249.310911	0.008490	4.2
370	-0.837884	248.993182	0.035917	4.2
371	-1.036004	248.676531	0.022161	4.8
372	0.000000	248.360952	0.000000	3.9
373	-0.942288	248.046438	0.013668	4.1
374	-0.000010	247.732984	0.000003	4.4
375	-0.000437	247.420584	0.000108	4.8
376	-1.068948	247.109233	0.014946	4.6
377	-0.973614	246.798924	0.007383	5.1
378	-0.000000	246.489652	0.000000	4.8
379	-0.010267	246.181412	0.001209	4.1
380	-0.000000	245.874197	0.000000	4.0
381	-1.139409	245.568002	0.008907	4.7
382	-0.931864	245.262822	0.011420	4.1
383	-0.006744	244.958652	0.000716	4.0
384	-1.054755	244.655485	0.011635	4.8
385	-0.000000	244.353317	0.000000	4.3
386	-0.870670	244.052142	0.011044	4.2
387	-0.261811	243.751955	0.005677	4.1
388	-0.250344	243.452750	0.005880	4.7
389	-0.140309	243.154523	0.001794	4.2
390	-0.610618	242.857268	0.018052	4.2
391	-1.288457	242.560980	0.018272	4.6
392	-0.236894	242.265654	0.007276	4.5
393	-0.209804	241.971285	0.007327	4.1
394	-0.039101	241.677868	0.003803	4.8
395	-0.783746	241.385397	0.013778	4.6
396	-1.222290	241.093869	0.032222	4.1
397	-0.146321	240.803278	0.005962	4.7
398	-0.417084	240.513619	0.009096	5.1
399	-0.781659	240.224887	0.009518	4.9
400	-1.099173	239.937077	0.009829	4.8
401	-1.022732	239.650186	0.014303	5.0
402	-0.705915	239.364207	0.009967	4.7
403	-0.036746	239.079136	0.002031	4.3
404	-1.099754	238.794969	0.032113	4.4
405	-0.845977	238.511701	0.025253	4.8
406	-0.134397	238.229327	0.004235	4.4
407	-0.011788	237.947843	0.001330	4.7
408	-0.000000	237.667244	0.000000	4.4
409	-0.513688	237.387526	0.005701	4.1
410	-0.751765	237.108684	0.009761	4.2
411	-0.543760	236.830714	0.011904	4.2
412	-0.388688	236.553610	0.003711	4.3
413	-1.008192	236.277370	0.010556	4.5
414	-0.930246	236.001989	0.031867	4.1
415	-0.735784	235.727461	0.012964	4.5
416	-0.971191	235.453784	0.027459	4.7
417	-0.700157	235.180952	0.008536	4.3
418	-0.048079	234.908962	0.000590	4.1
419	-0.842440	234.637809	0.010356	4.9
420	-0.446413	234.367488	0.008011	4.3
421	-1.026411	234.097997	0.041120	4.3
422	-0.304534	233.829331	0.004481	4.5
423	0.000000	233.561485	0.000000	4.7
424	-0.891842	233.294456	0.014595	4.4
425	-0.760201	233.028239	0.019670	5.8
426	-0.006406	232.762831	0.000977	4.2
427	-1.030227	232.498228	0.032574	4.0
428	-0.471072	232.234425	0.006330	4.1
429	-1.064938	231.971419	0.011130	4.8
430	-0.714697	231.709205	0.018987	4.4
431	-0.125551	231.447781	0.003823	4.2
432	-0.895705	231.187141	0.009592	4.8
433	-0.292288	230.927283	0.004788	4.4
434	-1.182135	230.668202	0.009938	4.0
435	-0.705206	230.409895	0.005300	4.5
436	-1.015548	230.152358	0.013982	4.4
437	-0.019835	229.895587	0.003173	4.1
438	-0.979986	229.639578	0.016778	4.6
439	-0.421618	229.384329	0.009746	4.7
440	-0.059296	229.129834	0.001619	4.3
441	-0.010342	228.876091	0.000656	4.5
442	-0.023849	228.623096	0.000948	4.3
443	-0.349923	228.370846	0.002768	4.3
444	-0.532961	228.119336	0.007968	4.0
445	-0.983589	227.868563	0.005142	4.7
446	-1.103748	227.618525	0.013531	4.5
447	-0.000086	227.369216	0.000028	4.2
448	-0.195892	227.120635	0.005980	4.5
449	-0.000000	226.872777	0.000000	4.1
450	-0.004603	226.625638	0.000291	4.6
451	-1.224962	226.379217	0.034853	4.6
452	-0.475616	226.133509	0.008453	4.3
453	0.000000	225.888510	0.000000	4.2
454	-0.246584	225.644218	0.007840	4.6
455	-0.784474	225.400630	0.007587	4.2
456	-0.000000	225.157741	0.000000	4.1
457	-1.060669	224.915549	0.041313	4.5
458	-0.949630	224.674051	0.008173	4.6
459	-0.000000	224.433242	0.000000	4.2
460	-0.112634	224.193121	0.003039	4.5
461	-0.982970	223.953684	0.025073	4.3
462	-0.892823	223.714927	0.006859	4.1
463	-0.316284	223.476848	0.007278	4.1
464	-0.000002	223.239444	0.000001	4.7
465	-1.150514	223.002710	0.008417	4.4
466	-0.000000	222.766645	0.000000	4.1
467	-0.124386	222.531245	0.004178	4.4
468	-0.735669	222.296508	0.028672	5.0
469	-1.174987	222.062429	0.032187	4.1
470	-0.531593	221.829007	0.009031	4.1
471	-0.585351	221.596238	0.008339	4.8
472	-0.976997	221.364119	0.005401	4.4
473	-0.805308	221.132647	0.009747	4.1
474	-0.709654	220.901820	0.007770	4.5
475	-1.129375	220.671634	0.012330	4.4
476	-1.184203	220.442086	0.005101	4.1
477	-0.000000	220.213174	0.000000	4.4
478	-0.115323	219.984895	0.003068	4.4
479	-0.148128	219.757246	0.004715	4.1
480	-0.639224	219.530224	0.008968	4.5
481	-0.000000	219.303826	0.000000	3.9
482	-0.000000	219.078050	0.000000	4.6
483	-0.000004	218.852893	0.000002	4.2
484	-0.545938	218.628352	0.002371	4.4
485	-0.878703	218.404424	0.016891	4.7
486	-0.000000	218.181106	0.000000	4.4
487	-0.916067	217.958397	0.010849	4.5
488	-0.792263	217.736292	0.020087	4.2
489	-0.000000	217.514790	0.000000	4.6
490	0.000000	217.293888	0.000000	4.6
491	-0.371091	217.073584	0.003481	4.9
492	-0.061865	216.853873	0.001255	4.8
493	-1.092740	216.634755	0.012135	4.1
494	0.000000	216.416227	0.000000	4.2
495	-1.141966	216.198285	0.012237	4.3
496	-0.507715	215.980927	0.014151	4.3
497	-0.957770	215.764151	0.018204	5.2
498	-0.362776	215.547955	0.007450	4.3
499	-0.998237	215.332335	0.014813	4.4
500	-0.233347	215.117289	0.010635	4.4
501	-0.251244	214.902815	0.004019	4.2
502	-0.000000	214.688911	0.000000	4.1
503	-1.019840	214.475573	0.008062	4.8
504	-0.541602	214.262800	0.009681	4.1
505	-0.784788	214.050588	0.006656	4.1
506	-0.398240	213.838936	0.010837	4.6
507	-1.033447	213.627842	0.013455	4.1
508	-0.018603	213.417302	0.001239	4.0
509	-0.622501	213.207314	0.015380	4.1
510	-0.870778	212.997877	0.018022	4.9
511	-0.000006	212.788987	0.000002	4.1
512	-0.445001	212.580642	0.006980	4.1
513	-1.103976	212.372841	0.018318	4.6
514	-0.000000	212.165581	0.000000	5.1
515	-0.885227	211.958859	0.015679	4.1
516	-0.524373	211.752673	0.007670	4.2
517	-1.010996	211.547021	0.012297	4.7
518	-0.729756	211.341902	0.012858	4.1
519	-0.653982	211.137311	0.007604	4.1
520	-0.175704	210.933248	0.003549	4.7
521	-0.035300	210.729710	0.002591	4.2
522	-0.771261	210.526695	0.009002	4.1
523	-0.401880	210.324200	0.007114	4.0
524	-1.026425	210.122224	0.013206	4.5
525	-0.029993	209.920765	0.001585	4.1
526	-0.000000	209.719820	0.000000	4.2
527	-0.788728	209.519387	0.007253	4.3
528	-1.069375	209.319463	0.008935	4.3
529	-0.341852	209.120048	0.005471	4.1
530	-0.905151	208.921139	0.007185	4.4
531	-0.001160	208.722733	0.000239	4.5
532	-0.213004	208.524829	0.005461	4.2
533	-0.610474	208.327425	0.005264	4.5
534	-0.629528	208.130518	0.006324	4.2
535	-0.136468	207.934107	0.003580	4.5
536	-0.850655	207.738189	0.010139	4.1
537	-0.000000	207.542762	0.000000	4.9
538	-0.745113	207.347825	0.021617	4.5
539	-1.092623	207.153376	0.012160	4.1
540	-0.198544	206.959412	0.003674	4.4
541	-0.661463	206.765932	0.008566	4.2
542	-0.000002	206.572933	0.000000	4.4
543	-0.210029	206.380414	0.003403	4.3
544	0.000000	206.188373	0.000000	3.9
545	-0.199526	205.996807	0.001214	4.1
546	-0.709522	205.805716	0.021525	4.4
547	-1.143056	205.615096	0.012354	4.3
548	-0.968710	205.424946	0.008376	4.2
549	-0.227476	205.235265	0.002698	4.5
550	-0.686505	205.046050	0.011598	4.5
551	-0.956646	204.857299	0.022547	4.1
552	-0.686408	204.669011	0.010320	4.1
553	-0.990224	204.481184	0.014676	5.5
554	-0.802618	204.293816	0.009169	4.2
555	-0.586245	204.106905	0.005018	4.1
556	-0.818107	203.920449	0.007367	4.5
557	-0.671509	203.734447	0.005738	4.3
558	-1.112041	203.548896	0.019160	4.1
559	-1.115369	203.363795	0.011785	4.1
560	-0.158743	203.179143	0.003357	4.9
561	-0.955315	202.994937	0.014197	4.4
562	-0.253993	202.811176	0.005122	4.2
563	-0.887183	202.627857	0.017029	4.7
564	-0.000238	202.444980	0.000092	4.1
565	-1.179694	202.262543	0.016499	4.3
566	-0.580896	202.080543	0.011793	4.4
567	-1.051069	201.898979	0.009543	4.6
568	-0.000608	201.717849	0.000162	4.0
569	-0.118216	201.537153	0.001555	4.1
570	-0.496319	201.356887	0.007632	4.4
571	-0.006383	201.177050	0.001050	4.3
572	-1.132602	200.997642	0.007436	4.3
573	-0.000000	200.818659	0.000000	4.4
574	-1.280377	200.640100	0.016824	4.4
575	-0.602764	200.461965	0.007022	4.2
576	-0.818764	200.284250	0.014946	4.6
577	-0.000000	200.106955	0.000000	4.2
578	-1.335253	199.930078	0.033491	4.4
579	-0.000000	199.753617	0.000000	4.4
580	-0.639933	199.577571	0.008683	4.1
581	-0.000000	199.401938	0.000000	4.4
582	-0.000000	199.226717	0.000000	4.3
583	-1.067900	199.051905	0.011870	4.5
584	-0.856161	198.877502	0.004284	4.0
585	-0.922429	198.703506	0.007600	4.5
586	-0.921170	198.529916	0.013876	4.5
587	-0.000001	198.356729	0.000000	4.4
588	-0.611541	198.183944	0.011852	4.4
589	-0.525633	198.011560	0.006352	5.0
590	-1.014569	197.839576	0.011596	4.3
591	-0.000000	197.667989	0.000000	4.5
592	-0.295184	197.496798	0.006662	4.9
593	-0.000244	197.326002	0.000036	4.6
594	-1.185353	197.155600	0.008656	4.2
595	-0.000000	196.985589	0.000000	4.6
596	-0.010446	196.815969	0.001006	4.1
597	-0.565105	196.646738	0.014325	4.2
598	-0.568718	196.477894	0.008409	4.1
599	-0.000329	196.309436	0.000034	5.0
600	-0.687909	196.141363	0.008616	4.1
601	-1.084954	195.973673	0.014724	4.1
602	-0.254477	195.806365	0.003959	4.7
603	-0.473151	195.639437	0.005117	4.8
604	-1.009458	195.472888	0.006017	4.6
605	-0.683796	195.306717	0.016788	5.1
606	-0.642231	195.140922	0.010350	4.8
607	-0.526892	194.975501	0.005555	4.3
608	-0.517064	194.810454	0.005365	4.3
609	-0.000000	194.645779	0.000000	5.0
610	-0.639967	194.481475	0.015189	4.3
611	-0.564693	194.317540	0.003794	4.3
612	-0.000001	194.153973	0.000000	4.9
613	-1.079577	193.990773	0.011400	4.4
614	-0.809782	193.827938	0.022601	4.3
615	-0.893391	193.665467	0.049976	4.9
616	-0.047809	193.503358	0.002136	5.0
617	-0.656028	193.341611	0.013360	4.2
618	-0.000000	193.180224	0.000000	4.4
619	-1.119921	193.019196	0.017955	4.7
620	-0.565151	192.858525	0.004758	4.3
621	-0.779692	192.698210	0.021981	4.1
622	-1.194417	192.538251	0.007058	4.1
623	-1.081378	192.378644	0.037668	4.4
624	-1.042311	192.219391	0.010430	4.1
625	-0.577177	192.060488	0.004796	4.4
626	-0.594831	191.901935	0.016930	4.6
627	-0.000000	191.743730	0.000000	4.4
628	-0.917736	191.585873	0.023908	4.6
629	-0.000000	191.428362	0.000000	4.0
630	-0.252296	191.271196	0.003835	4.5
631	0.000000	191.114374	0.000000	4.4
632	-0.800952	190.957893	0.010929	4.1
633	-1.232600	190.801755	0.033044	4.3
634	-1.120491	190.645956	0.009806	4.5
635	-0.585294	190.490495	0.010504	4.6
636	-1.070469	190.335373	0.012590	4.5
637	-1.070957	190.180587	0.006912	4.5
638	-0.000059	190.026136	0.000013	4.5
639	-0.168431	189.872019	0.005285	4.1
640	-1.017220	189.718235	0.016619	4.3
641	-1.102121	189.564782	0.014556	4.4
642	-0.136362	189.411661	0.004720	4.1
643	-0.891101	189.258868	0.008883	4.3
644	-0.994345	189.106404	0.026276	4.9
645	-0.859381	188.954267	0.017088	4.5
646	0.000000	188.802456	0.000000	4.1
647	-1.292193	188.650969	0.014964	4.5
648	-0.657136	188.499807	0.006420	4.3
649	-0.833673	188.348967	0.006934	4.2
650	-0.000000	188.198448	0.000000	4.3
651	-1.035486	188.048250	0.009518	6.7
652	-1.219240	187.898371	0.024291	4.2
653	-0.000000	187.748810	0.000000	4.1
654	-0.851704	187.599566	0.010010	4.4
655	-1.180294	187.450638	0.008746	4.3
656	-0.256994	187.302025	0.006301	4.1
657	-0.000000	187.153725	0.000000	4.9
658	-0.000156	187.005739	0.000060	4.1
659	-0.897507	186.858064	0.013477	4.4
660	-1.082968	186.710699	0.016353	4.3
661	-1.092736	186.563645	0.012114	4.6
662	-0.930465	186.416898	0.007188	4.1
663	-0.000001	186.270459	0.000000	5.5
664	-0.000000	186.124326	0.000000	4.5
665	-0.799432	185.978499	0.009219	4.2
666	-1.050776	185.832976	0.008836	4.5
667	-0.507361	185.687756	0.010367	4.2
668	-1.220281	185.542838	0.006459	4.4
669	-0.918046	185.398222	0.007364	4.6
670	-0.920287	185.253906	0.019326	4.1
671	-0.993908	185.109889	0.008855	4.5
672	-1.075047	184.966170	0.010047	4.2
673	-0.000000	184.822748	0.000000	4.8
674	-0.442184	184.679623	0.009459	4.1
675	-0.261077	184.536792	0.004107	4.5
676	-0.000000	184.394256	0.000000	4.4
677	-0.026271	184.252013	0.001587	4.1
678	-0.905033	184.110062	0.025093	4.6
679	-0.782211	183.968403	0.009245	5.2
680	-1.023551	183.827034	0.006334	4.1
681	-1.083227	183.685954	0.027232	4.6
682	-0.197130	183.545163	0.004866	4.4
683	-0.507078	183.404658	0.010324	4.2
684	-0.963206	183.264441	0.007201	4.0
685	-0.896931	183.124509	0.011217	4.5
686	-1.233559	182.984861	0.013529	4.5
687	-0.000192	182.845497	0.000049	4.2
688	-1.032665	182.706416	0.029257	4.2
689	-0.675041	182.567616	0.035266	4.8
690	-0.692725	182.429098	0.007991	4.1
691	-0.799431	182.290859	0.005023	4.2
692	-1.042558	182.152899	0.008742	4.7
693	-0.000000	182.015217	0.000000	4.2
694	-0.208219	181.877813	0.004503	4.1
695	-0.000082	181.740684	0.000032	4.3
696	-0.000000	181.603832	0.000000	4.3
697	-0.800989	181.467253	0.011143	4.2
698	0.000000	181.330948	0.000000	4.1
699	-0.627338	181.194916	0.009049	4.8
700	-0.000000	181.059155	0.000000	4.2
701	-0.411064	180.923666	0.006308	4.2
702	-0.000000	180.788446	0.000000	4.6
703	-0.854619	180.653496	0.011944	4.5
704	-0.708877	180.518814	0.010413	4.0
705	-1.130415	180.384399	0.013144	4.4
706	-1.100656	180.250251	0.028875	4.4
707	-0.000000	180.116369	0.000000	4.4
708	0.000000	179.982752	0.000000	4.2
709	-1.046771	179.849398	0.007066	4.4
710	-0.061683	179.716308	0.002900	4.7
711	-0.229594	179.583480	0.005566	4.5
712	-0.917591	179.450913	0.010890	4.5
713	-0.361507	179.318607	0.003988	4.5
714	-0.000000	179.186561	0.000000	4.3
715	-1.154053	179.054774	0.012482	4.5
716	-0.927974	178.923245	0.007352	4.1
717	-0.000354	178.791973	0.000089	4.4
718	-0.072171	178.660958	0.002359	4.3
719	-1.141531	178.530199	0.013769	5.3
720	-0.689077	178.399694	0.012890	5.1
721	-0.773528	178.269444	0.008373	5.2
722	-1.031274	178.139447	0.011696	4.4
723	-0.083211	178.009702	0.003641	5.0
724	-0.910186	177.880209	0.011949	5.0
725	-0.790518	177.750967	0.006991	4.5
726	-0.488839	177.621975	0.008404	4.7
727	-0.944025	177.493232	0.008211	4.7
728	-1.044852	177.364738	0.012185	4.2
729	-0.612177	177.236492	0.002921	4.4
730	-1.099385	177.108492	0.030476	5.5
731	-0.019476	176.980739	0.000862	4.1
732	-0.715401	176.853231	0.008213	4.1
733	-0.000000	176.725968	0.000000	5.2
734	-0.628713	176.598949	0.010405	4.4
735	-1.015970	176.472173	0.010467	4.5
736	-1.193505	176.345639	0.011703	4.2
737	-0.000000	176.219348	0.000000	4.8
738	-0.000232	176.093296	0.000056	4.4
739	-0.000000	175.967486	0.000000	4.1
740	-1.219852	175.841914	0.009598	5.1
741	-0.272088	175.716581	0.005689	4.2
742	-1.163194	175.591486	0.006758	4.1
743	-0.929837	175.466629	0.013701	4.4
744	-1.164699	175.342008	0.007294	4.6
745	-0.000160	175.217622	0.000044	4.1
746	-0.000176	175.093472	0.000042	4.3
747	-0.947558	174.969556	0.011282	4.4
748	-1.186756	174.845873	0.013105	4.3
749	-0.779719	174.722423	0.007144	3.9
750	-1.080104	174.599206	0.010194	4.3
751	-1.130505	174.476220	0.010731	4.5
752	-0.370204	174.353464	0.010027	4.2
753	-0.785958	174.230939	0.013962	4.4
754	-0.679487	174.108643	0.008766	4.3
755	-0.491474	173.986576	0.006392	4.3
756	-0.004648	173.864737	0.000482	4.3
757	-0.536857	173.743124	0.012099	4.4
758	-0.000056	173.621739	0.000027	4.5
759	-0.133502	173.500579	0.004334	4.4
760	-0.000311	173.379645	0.000125	4.1
761	-0.876883	173.258935	0.007958	4.4
762	-0.689634	173.138449	0.012252	4.3
763	-0.466065	173.018186	0.010000	4.1
764	-1.023383	172.898146	0.011271	4.1
765	-0.001452	172.778327	0.000445	4.4
766	-0.004551	172.658730	0.000550	4.6
767	-0.744409	172.539353	0.006683	4.0
768	-0.256310	172.420196	0.007231	4.1
769	-0.806454	172.301258	0.013279	4.8
770	-0.600395	172.182539	0.007781	4.1
771	-0.760710	172.064037	0.014780	4.1
772	-1.123886	171.945753	0.015152	4.9
773	-1.066211	171.827686	0.008502	4.2
774	-0.627405	171.709834	0.008115	4.0
775	-0.861900	171.592198	0.007024	4.0
776	-0.640614	171.474776	0.006217	4.8
777	-0.826267	171.357568	0.019566	4.2
778	-0.639127	171.240574	0.004718	4.4
779	-0.000000	171.123793	0.000000	4.6
780	-0.207240	171.007223	0.005676	4.7
781	-1.067937	170.890865	0.015305	4.5
782	-0.673451	170.774718	0.010612	4.6
783	-0.165249	170.658782	0.004783	4.3
784	-0.367447	170.543055	0.009594	4.3
785	-1.079809	170.427537	0.009608	4.6
786	-0.512205	170.312227	0.010978	4.5
787	-1.297322	170.197125	0.006382	4.1
788	-0.758643	170.082231	0.003612	4.6
789	-0.006539	169.967543	0.000637	4.4
790	-0.356777	169.853061	0.004623	4.3
791	-1.119616	169.738784	0.007137	4.3
792	-0.000000	169.624713	0.000000	4.1
793	-0.122843	169.510845	0.005141	4.5
794	-1.133575	169.397181	0.008069	4.4
795	-0.400635	169.283720	0.005800	4.2
796	-0.840828	169.170462	0.007519	4.3
797	-0.055589	169.057405	0.003128	4.4
798	-0.277568	168.944549	0.006946	4.7
799	-0.534285	168.831895	0.006553	4.7
800	-0.885413	168.719440	0.007668	4.6
801	-1.085364	168.607185	0.019182	4.4
802	-0.400736	168.495129	0.006851	4.2
803	-0.582591	168.383271	0.011016	4.4
804	-0.000000	168.271611	0.000000	4.5
805	-0.760913	168.160148	0.008429	4.3
806	-0.189836	168.048882	0.003900	4.1
807	-0.867583	167.937812	0.010675	5.7
808	-0.035570	167.826938	0.002219	4.1
809	-0.942830	167.716258	0.010914	4.5
810	-0.000000	167.605773	0.000000	4.8
811	-1.260449	167.495482	0.007318	4.9
812	-0.571365	167.385384	0.012855	4.5
813	-0.763612	167.275479	0.006876	5.1
814	-0.776795	167.165766	0.007587	4.2
815	-0.000000	167.056245	0.000000	4.3
816	-0.237441	166.946915	0.004942	4.1
817	-0.000000	166.837776	0.000000	5.1
818	-0.002463	166.728826	0.000184	4.3
819	-0.836853	166.620067	0.010595	4.8
820	-1.136266	166.511496	0.010397	4.6
821	-0.000000	166.403113	0.000000	4.3
822	-0.000000	166.294919	0.000000	4.1
823	-0.527618	166.186912	0.010091	4.5
824	-1.161363	166.079091	0.021321	4.3
825	-0.585629	165.971458	0.007357	4.1
826	-0.857508	165.864009	0.015942	4.6
827	-0.710499	165.756747	0.010016	4.8
828	-0.876248	165.649669	0.023222	4.2
829	-0.980534	165.542775	0.007302	4.6
830	-0.001232	165.436065	0.000262	4.1
831	-0.881722	165.329538	0.011817	4.4
832	-1.075206	165.223194	0.007971	4.2
833	-1.137034	165.117032	0.009998	4.4
834	-0.823987	165.011052	0.019756	4.5
835	-0.005097	164.905253	0.001149	4.2
836	-0.706401	164.799635	0.010051	4.3
837	-0.672403	164.694197	0.009781	4.1
838	-0.000140	164.588939	0.000048	4.7
839	-0.556028	164.483859	0.013291	4.2
840	-0.722155	164.378959	0.005685	4.2
841	-1.141262	164.274237	0.012382	4.6
842	-0.080333	164.169692	0.001383	4.3
843	-0.991996	164.065325	0.011484	4.3
844	-0.000000	163.961135	0.000000	4.2
845	-0.858507	163.857120	0.018895	4.5
846	-1.313805	163.753282	0.022064	4.4
847	-1.087742	163.649619	0.014430	4.2
848	-0.203370	163.546130	0.004212	4.2
849	-1.210069	163.442816	0.026492	4.6
850	-0.003859	163.339676	0.000573	4.2
851	-0.735714	163.236709	0.008989	4.1
852	-0.916724	163.133915	0.017267	4.3
853	-0.133592	163.031294	0.003684	4.6
854	-1.011698	162.928844	0.012943	4.0
855	-0.625851	162.826566	0.016956	4.2
856	-0.595970	162.724459	0.018913	4.8
857	-0.783031	162.622523	0.004110	4.2
858	-0.872149	162.520757	0.007684	4.1
859	-0.618315	162.419160	0.003637	4.7
860	-1.165523	162.317733	0.023562	4.1
861	-1.145125	162.216474	0.017616	4.1
862	-0.764838	162.115383	0.005916	4.0
863	-0.706845	162.014461	0.008823	5.8
864	-0.993301	161.913705	0.011583	4.2
865	-1.103546	161.813117	0.019068	4.1
866	-0.000001	161.712695	0.000000	4.8
867	-0.601959	161.612439	0.012666	4.3
868	-0.641894	161.512349	0.008782	4.2
869	-0.582200	161.412424	0.005197	4.4
870	-1.209876	161.312663	0.011790	4.5
871	-0.383144	161.213067	0.006087	4.1
872	-1.060778	161.113635	0.014283	4.3
873	-0.000000	161.014366	0.000000	4.3
874	-1.254073	160.915260	0.022530	4.3
875	-0.000000	160.816316	0.000000	4.0
876	-0.000000	160.717535	0.000000	4.5
877	-1.082513	160.618915	0.015209	4.5
878	-0.704188	160.520456	0.011038	4.1
879	-0.406929	160.422158	0.008328	4.4
880	-0.765387	160.324021	0.008693	4.2
881	-0.685677	160.226043	0.007609	4.4
882	-0.998579	160.128225	0.015536	4.5
883	-0.961449	160.030566	0.011364	4.2
884	-0.000000	159.933066	0.000000	4.6
885	-1.002572	159.835723	0.011326	4.5
886	-0.843906	159.738539	0.005949	4.2
887	-0.876005	159.641512	0.019650	4.1
888	-0.949129	159.544642	0.017193	4.5
889	-0.012210	159.447929	0.001260	4.3
890	-0.652566	159.351372	0.005230	4.2
891	-0.015404	159.254971	0.000931	4.4
892	-0.597294	159.158725	0.007655	5.3
893	-0.710400	159.062634	0.009812	4.1
894	-0.652489	158.966697	0.012123	4.1
895	-0.769851	158.870915	0.007880	4.8
896	-0.932550	158.775286	0.010170	4.2
897	0.000000	158.679811	0.000000	4.1
898	-1.088876	158.584489	0.015842	4.3
899	-0.505736	158.489319	0.010606	4.5
900	-0.000001	158.394302	0.000000	4.2
901	-0.942065	158.299436	0.011338	4.2
902	-0.302509	158.204721	0.005343	4.9
903	-0.371938	158.110158	0.003343	4.1
904	0.000000	158.015745	0.000000	4.3
905	-0.358294	157.921482	0.006167	4.4
906	-0.851939	157.827369	0.007231	4.4
907	-0.598617	157.733406	0.007381	4.2
908	-1.134270	157.639591	0.008790	4.2
909	-0.758098	157.545925	0.017006	4.7
910	-0.000001	157.452408	0.000000	4.1
911	-1.037732	157.359038	0.016164	4.0
912	-0.000000	157.265816	0.000000	4.4
913	-0.962601	157.172741	0.010618	4.6
914	-0.562191	157.079813	0.011367	4.1
915	-0.314354	156.987031	0.005331	4.5
916	-0.610797	156.894395	0.008626	4.6
917	-0.186127	156.801904	0.002517	4.4
918	-1.296485	156.709559	0.010801	4.3
919	-1.149576	156.617359	0.017671	4.1
920	-0.265642	156.525304	0.004841	4.5
921	-0.676438	156.433392	0.007041	4.1
922	-0.469279	156.341624	0.009031	4.5
923	-1.137760	156.250000	0.010370	4.4
924	-1.070746	156.158519	0.007778	4.2
925	-0.000000	156.067180	0.000000	4.2
926	-1.219964	155.975984	0.013345	4.1
927	-0.019560	155.884930	0.001701	4.6
928	-1.141473	155.794017	0.027473	4.6
929	-0.690897	155.703246	0.007389	4.0
930	-0.630692	155.612615	0.004497	4.1
931	-0.392056	155.522125	0.007884	4.6
932	-0.862142	155.431775	0.020135	4.2
933	-0.448844	155.341565	0.003114	4.1
934	-1.154784	155.251495	0.011836	4.4
935	-1.050484	155.161563	0.011805	5.3
936	-0.963299	155.071771	0.007640	4.1
937	-0.416370	154.982117	0.006175	4.0
938	-0.996662	154.892601	0.008777	4.6
939	-0.367373	154.803222	0.005142	4.1
940	-0.744373	154.713981	0.006633	4.1
941	-0.479256	154.624878	0.009059	4.6
942	0.000000	154.535910	0.000000	3.9
943	-0.758646	154.447080	0.021667	4.1
944	-0.000000	154.358385	0.000000	4.1
945	-0.908588	154.269826	0.004949	5.4
946	-0.884687	154.181402	0.004728	4.8
947	-0.983999	154.093114	0.018546	4.1
948	-0.783442	154.004960	0.024974	4.8
949	-1.049908	153.916940	0.007429	4.3
950	-0.871338	153.829054	0.009498	4.1
951	-1.148136	153.741303	0.008965	4.5
952	-0.388575	153.653684	0.010455	4.6
953	-0.939525	153.566198	0.012309	4.2
954	-0.137681	153.478846	0.004384	4.2
955	-0.941776	153.391625	0.014882	4.5
956	-1.090302	153.304537	0.022295	4.3
957	-1.132804	153.217580	0.029495	4.1
958	-0.007961	153.130755	0.000814	4.5
959	-0.494336	153.044061	0.006521	5.0
960	-1.292350	152.957498	0.010528	5.4
961	-0.687240	152.871065	0.009202	4.4
962	-0.087387	152.784762	0.005042	4.4
963	-0.807836	152.698589	0.011319	4.3
964	-0.945691	152.612545	0.013788	4.3
965	-0.899645	152.526631	0.023682	4.0
966	-0.000000	152.440845	0.000000	4.6
967	0.000000	152.355188	0.000000	4.5
968	-1.197155	152.269660	0.014462	4.3
969	-0.814683	152.184259	0.010227	4.7
970	-0.951520	152.098986	0.019154	4.5
971	-0.715820	152.013840	0.006395	4.3
972	-1.032079	151.928821	0.009139	4.3
973	-1.081672	151.843928	0.014683	4.3
974	-0.000000	151.759163	0.000000	4.7
975	-0.322882	151.674523	0.004377	4.1
976	-1.047200	151.590009	0.007489	4.7
977	-0.953257	151.505620	0.016734	4.6
978	-0.801044	151.421357	0.008223	4.3
979	-0.801211	151.337218	0.008303	4.3
980	-0.000000	151.253204	0.000000	4.7
981	-0.988289	151.169314	0.005895	4.3
982	-0.843419	151.085549	0.012819	4.0
983	-0.540087	151.001907	0.007072	4.8
984	-0.000000	150.918388	0.000000	4.2
985	-0.839979	150.834992	0.011611	4.2
986	-0.000000	150.751719	0.000000	4.9
987	-0.399838	150.668569	0.008099	4.5
988	-0.040318	150.585541	0.001683	4.0
989	-0.154035	150.502634	0.003833	4.1
990	-1.076563	150.419849	0.009357	4.9
991	-0.000009	150.337186	0.000004	4.3
992	-0.667600	150.254644	0.007642	4.1
993	-0.189878	150.172222	0.004494	4.6
994	-1.226450	150.089921	0.015836	4.2
995	-1.256238	150.007740	0.012965	4.0
996	-0.897623	149.925679	0.006968	4.3
997	-1.169275	149.843737	0.017406	4.4
998	-0.007566	149.761915	0.000473	4.1
999	-0.726590	149.680212	0.004633	4.1
1000	-1.156443	149.598627	0.016607	4.6
1001	-1.301884	149.517161	0.013035	4.5
1002	-1.009496	149.435814	0.010127	4.1
1003	-0.727714	149.354584	0.012695	4.4
1004	-1.027491	149.273472	0.015180	4.4
1005	0.000000	149.192477	0.000000	4.3
1006	-1.097360	149.111599	0.023394	4.5
1007	-0.000000	149.030838	0.000000	4.2
1008	-0.955176	148.950194	0.007513	4.4
1009	-1.154105	148.869666	0.006757	4.1
1010	0.000000	148.789253	0.000000	4.8
1011	-0.625001	148.708957	0.006724	5.0
1012	-0.670643	148.628776	0.011268	5.3
1013	-0.886226	148.548710	0.006000	4.2
1014	-0.911447	148.468759	0.009850	4.5
1015	-0.000000	148.388923	0.000000	4.6
1016	-0.688049	148.309201	0.017995	4.1
1017	-0.823102	148.229594	0.004214	4.1
1018	-0.562784	148.150100	0.003733	4.6
1019	-1.283023	148.070719	0.011235	4.7
1020	-0.694331	147.991452	0.011968	4.1
1021	-1.057170	147.912298	0.014010	3.9
1022	-1.063697	147.833257	0.012833	4.8
1023	-0.000000	147.754329	0.000000	4.2
1024	-0.990038	147.675512	0.005846	4.1
1025	-0.000000	147.596808	0.000000	4.0
1026	-0.090782	147.518216	0.002920	4.4
1027	-0.605161	147.439735	0.012622	4.2
1028	-0.777385	147.361365	0.012351	4.1
1029	-0.968280	147.283106	0.012474	4.8
1030	-0.719820	147.204958	0.016182	4.2
1031	-0.863267	147.126920	0.009863	4.0
1032	-1.122033	147.048993	0.016854	4.5
1033	-0.869924	146.971175	0.011955	4.2
1034	-0.866852	146.893468	0.014294	4.2
1035	-1.014709	146.815869	0.008477	5.1
1036	-0.553821	146.738380	0.010989	4.6
1037	-1.094035	146.661000	0.011909	4.1
1038	-0.000003	146.583729	0.000001	4.3
1039	-0.000000	146.506566	0.000000	4.3
1040	-1.175341	146.429511	0.007600	4.5
1041	-0.260853	146.352565	0.003882	4.5
1042	-0.645672	146.275726	0.007411	4.9
1043	-0.408648	146.198994	0.008424	4.7
1044	-0.000000	146.122370	0.000000	4.0
1045	-1.342905	146.045853	0.019569	4.4
1046	-0.629071	145.969442	0.013746	4.4
1047	-0.838915	145.893139	0.011332	4.1
1048	-0.000000	145.816941	0.000000	4.2
1049	-0.000000	145.740849	0.000000	4.1
1050	-0.046248	145.664863	0.001728	4.5
1051	-0.622841	145.588983	0.009054	4.5
1052	-0.904078	145.513208	0.006487	4.3
1053	-0.000000	145.437538	0.000000	4.2
1054	0.000000	145.361973	0.000000	4.3
1055	-1.155515	145.286513	0.015318	4.2
1056	-1.303123	145.211157	0.014070	4.0
1057	-1.028784	145.135905	0.009663	4.4
1058	-0.788580	145.060757	0.004375	5.3
1059	-0.043741	144.985712	0.002151	4.3
1060	-1.055419	144.910771	0.008697	4.6
1061	-0.979580	144.835934	0.009094	4.6
1062	-0.939451	144.761199	0.007496	4.1
1063	-1.047206	144.686567	0.011694	4.1
1064	-0.464815	144.612037	0.005145	5.5
1065	-0.285107	144.537610	0.001211	4.1
1066	-0.029318	144.463285	0.001886	3.7
1067	-0.000000	144.389062	0.000000	4.5
1068	-0.619479	144.314940	0.006608	4.3
1069	-0.196629	144.240920	0.001516	4.1
1070	-0.634405	144.167001	0.010945	4.1
1071	-0.843819	144.093182	0.021265	4.9
1072	-0.000000	144.019465	0.000000	4.5
1073	-1.047708	143.945848	0.010580	4.0
1074	-0.374579	143.872331	0.008638	4.3
1075	-0.061087	143.798914	0.002027	4.6
1076	-0.001801	143.725597	0.000211	4.0
1077	-1.252378	143.652380	0.027015	4.4
1078	-1.086515	143.579262	0.018488	4.9
1079	-0.781621	143.506243	0.013826	4.3
1080	-0.037760	143.433323	0.001994	4.0
1081	-0.756144	143.360502	0.008636	4.4
1082	-1.287741	143.287780	0.014843	4.7
1083	-1.173352	143.215155	0.015072	4.1
1084	-1.152870	143.142629	0.013734	4.3
1085	-1.366644	143.070201	0.036022	4.5
1086	-0.008614	142.997870	0.000226	4.3
1087	-0.660568	142.925637	0.010223	5.1
1088	-0.076957	142.853501	0.001467	4.1
1089	-1.129245	142.781462	0.010619	4.6
1090	-1.091170	142.709519	0.008935	4.3
1091	-0.000000	142.637674	0.000000	3.9
1092	-0.651707	142.565924	0.021545	4.5
1093	-0.679357	142.494271	0.006775	4.0
1094	-1.091907	142.422714	0.010528	4.5
1095	-1.127348	142.351252	0.011221	4.0
1096	-1.127931	142.279886	0.020073	4.5
1097	-1.105760	142.208616	0.021488	4.5
1098	-0.833612	142.137440	0.005821	4.5
1099	-0.475821	142.066360	0.009077	4.3
1100	-0.000000	141.995374	0.000000	4.2
1101	-0.751346	141.924483	0.008102	4.1
1102	-0.838917	141.853685	0.005868	4.0
1103	0.000000	141.782983	0.000000	4.4
1104	-0.948723	141.712373	0.005622	4.9
1105	-0.039537	141.641858	0.002169	4.0
1106	-1.090099	141.571436	0.026409	4.1
1107	-0.468175	141.501108	0.009677	4.7
1108	-0.649613	141.430872	0.012809	4.3
1109	-1.189634	141.360730	0.022220	4.1
1110	-1.258879	141.290680	0.006028	4.9
1111	-0.576389	141.220722	0.013294	4.3
1112	-0.000000	141.150857	0.000000	4.0
1113	-1.160143	141.081084	0.009925	4.1
1114	-0.583714	141.011403	0.003665	4.5
1115	-0.710249	140.941813	0.007134	4.2
1116	-0.050395	140.872315	0.003301	4.1
1117	-0.429439	140.802909	0.004563	4.7
1118	-0.158325	140.733593	0.003264	4.4
1119	-1.326139	140.664369	0.016229	4.1
1120	-0.028809	140.595235	0.001418	4.4
1121	-1.061641	140.526192	0.014385	4.7
1122	-0.799450	140.457239	0.010318	4.2
1123	-0.929475	140.388376	0.004647	4.5
1124	-0.953294	140.319603	0.010948	4.3
1125	-0.885159	140.250920	0.008501	4.4
1126	-0.002251	140.182326	0.000531	4.5
1127	-1.105318	140.113822	0.011378	4.3
1128	-0.830663	140.045407	0.018733	4.4
1129	-1.014060	139.977081	0.009735	4.0
1130	-0.000000	139.908844	0.000000	4.5
1131	-1.160121	139.840696	0.008893	4.1
1132	-0.000000	139.772635	0.000000	4.3
1133	0.000000	139.704664	0.000000	5.5
1134	-1.074568	139.636780	0.035570	4.2
1135	-0.000000	139.568984	0.000000	4.2
1136	-1.091420	139.501276	0.006248	4.6
1137	-1.094061	139.433655	0.017274	4.8
1138	-0.575868	139.366122	0.005718	5.0
1139	-0.866508	139.298676	0.010580	4.8
1140	-0.965634	139.231317	0.017845	4.1
1141	-0.000000	139.164045	0.000000	4.1
1142	0.000000	139.096859	0.000000	4.7
1143	-0.066891	139.029760	0.002035	4.1
1144	-1.111396	138.962747	0.010189	4.1
1145	-1.329989	138.895820	0.016774	4.1
1146	-0.933732	138.828978	0.013976	4.3
1147	0.000000	138.762223	0.000000	4.1
1148	-0.000000	138.695553	0.000000	3.9
1149	0.000000	138.628969	0.000000	4.8
1150	-0.012264	138.562469	0.002225	4.2
1151	-0.081030	138.496055	0.004435	4.1
1152	-0.058277	138.429725	0.000746	4.4
1153	-0.165326	138.363481	0.005947	4.6
1154	-0.993551	138.297320	0.012748	4.2
1155	-0.000003	138.231244	0.000001	4.4
1156	-0.281423	138.165252	0.004156	4.5
1157	-0.826971	138.099344	0.011248	4.2
1158	-0.144380	138.033520	0.006294	4.2
1159	-0.814358	137.967779	0.014851	4.1
1160	-0.430079	137.902122	0.005626	4.6
1161	-0.000000	137.836548	0.000000	4.1
1162	-0.899533	137.771057	0.009232	4.8
1163	-0.894839	137.705649	0.012356	4.8
1164	-1.066431	137.640324	0.011466	4.8
1165	-0.961013	137.575081	0.017576	4.4
1166	-0.000000	137.509921	0.000000	4.7
1167	-0.575442	137.444842	0.009256	4.7
1168	-0.758297	137.379846	0.010924	4.7
1169	-0.772942	137.314932	0.004754	4.6
1170	-0.000000	137.250100	0.000000	4.8
1171	0.000000	137.185349	0.000000	4.9
1172	-0.064877	137.120680	0.002388	4.9
1173	-0.672035	137.056092	0.010015	5.1
1174	-1.200692	136.991585	0.029685	4.9
1175	-0.835003	136.927158	0.006610	4.4
1176	-0.945710	136.862813	0.011788	4.8
1177	-0.039112	136.798548	0.002771	5.1
1178	-0.332637	136.734363	0.003670	4.2
1179	-0.885291	136.670259	0.009339	4.2
1180	-0.232604	136.606235	0.006389	4.9
1181	-0.943187	136.542291	0.007702	4.1
1182	-0.085216	136.478426	0.002879	4.1
1183	0.000000	136.414641	0.000000	4.5
1184	-1.175118	136.350936	0.014162	4.3
1185	-0.000000	136.287310	0.000000	4.3
1186	-1.283294	136.223763	0.036483	4.0
1187	-1.276203	136.160295	0.011759	4.7
1188	-0.480575	136.096905	0.006615	4.2
1189	-0.000000	136.033594	0.000000	4.1
1190	-1.018179	135.970362	0.014839	4.6
1191	-0.567779	135.907208	0.007150	4.4
1192	-0.738453	135.844133	0.006118	4.1
1193	-0.019369	135.781135	0.001863	5.0
1194	-0.945824	135.718215	0.007240	4.7
1195	-0.000103	135.655373	0.000039	4.6
1196	-0.259433	135.592608	0.006110	4.7
1197	-0.146517	135.529921	0.004808	4.9
1198	0.000000	135.467311	0.000000	4.2
1199	-0.593251	135.404778	0.010640	4.2
1200	-0.607881	135.342322	0.006775	4.2
1201	-0.512830	135.279942	0.005480	4.5
1202	-0.724678	135.217640	0.014790	4.2
1203	-1.209164	135.155413	0.010622	4.3
1204	-1.087042	135.093263	0.013980	4.4
1205	-1.117439	135.031190	0.009397	4.2
1206	-0.644158	134.969192	0.012267	4.4
1207	-0.021179	134.907270	0.001988	4.1
1208	-1.038784	134.845424	0.012707	4.6
1209	-0.768722	134.783653	0.010299	4.1
1210	-0.933407	134.721958	0.020884	4.4
1211	-1.097359	134.660338	0.006280	4.2
1212	-0.000268	134.598793	0.000088	4.3
1213	-0.815091	134.537323	0.004171	4.3
1214	-0.678945	134.475927	0.010364	4.1
1215	-0.909334	134.414607	0.015170	4.5
1216	-0.001814	134.353361	0.000336	4.2
1217	-0.591464	134.292189	0.011183	4.0
1218	-1.226247	134.231092	0.024070	4.2
1219	-0.559830	134.170068	0.006129	4.6
1220	-1.183838	134.109119	0.016780	4.7
1221	-1.278976	134.048243	0.033216	4.1
1222	-1.023491	133.987441	0.008790	4.5
1223	-0.642741	133.926713	0.009175	5.2
1224	-0.659763	133.866057	0.009300	4.4
1225	-1.090946	133.805475	0.011761	4.7
1226	-0.356032	133.744966	0.005114	5.1
1227	-1.217723	133.684530	0.014995	4.2
1228	-0.821081	133.624167	0.009414	4.2
1229	-1.240252	133.563877	0.007990	5.0
1230	0.000000	133.503658	0.000000	4.1
1231	-0.928464	133.443513	0.012853	4.2
1232	-0.909635	133.383439	0.005541	5.2
1233	-0.805275	133.323437	0.016185	4.3
1234	-0.453549	133.263508	0.008785	4.6
1235	-0.930149	133.203650	0.006171	4.5
1236	-0.000000	133.143864	0.000000	4.9
1237	-0.000000	133.084149	0.000000	4.2
1238	-1.246059	133.024506	0.013821	4.6
1239	-0.290227	132.964934	0.006536	4.8
1240	-0.000049	132.905433	0.000014	4.7
1241	-0.135460	132.846003	0.004404	4.7
1242	-1.373300	132.786643	0.014241	4.6
1243	-0.000000	132.727355	0.000000	5.2
1244	-0.742940	132.668137	0.009304	4.6
1245	-0.689800	132.608989	0.010283	5.2
1246	-1.098499	132.549912	0.017919	4.5
1247	-1.060425	132.490904	0.011912	4.6
1248	0.000000	132.431967	0.000000	4.3
1249	-1.078436	132.373100	0.008986	4.8
1250	0.000000	132.314302	0.000000	4.6
1251	-1.097623	132.255574	0.010063	4.6
1252	-0.934553	132.196916	0.019323	4.6
1253	-0.053425	132.138326	0.001330	4.6
1254	-0.000000	132.079806	0.000000	4.7
1255	-0.265695	132.021355	0.007404	4.1
1256	-0.869237	131.962973	0.010612	4.6
1257	-0.505175	131.904660	0.006597	4.0
1258	-1.093576	131.846415	0.014915	4.1
1259	-0.035366	131.788239	0.001551	4.2
1260	-0.861120	131.730131	0.015810	4.6
1261	-0.063198	131.672092	0.003326	4.3
1262	-0.183339	131.614121	0.002714	4.2
1263	-0.726594	131.556217	0.012879	4.9
1264	-0.000000	131.498382	0.000000	4.1
1265	-0.639268	131.440614	0.013908	4.2
1266	-0.000004	131.382914	0.000002	4.4
1267	-0.583455	131.325282	0.005770	4.4
1268	-0.592224	131.267717	0.013600	4.1
1269	-1.106143	131.210219	0.046898	4.1
1270	-0.877417	131.152788	0.008939	4.7
1271	-1.104915	131.095424	0.036950	4.4
1272	-0.000767	131.038127	0.000232	4.1
1273	-0.736765	130.980897	0.007698	4.5
1274	-0.037429	130.923733	0.001645	4.5
1275	-0.987558	130.866636	0.012853	4.0
1276	-0.884240	130.809605	0.008755	4.1
1277	-0.707913	130.752641	0.004418	4.8
1278	-0.835750	130.695742	0.019452	4.3
1279	-1.194255	130.638910	0.035103	4.2
1280	-0.507962	130.582143	0.006786	4.5
1281	-0.972587	130.525442	0.020574	4.6
1282	-1.022714	130.468807	0.012032	4.0
1283	-0.638294	130.412237	0.006662	4.5
1284	-0.586155	130.355733	0.005597	5.0
1285	-0.155659	130.299294	0.004603	4.3
1286	-0.734586	130.242920	0.008807	4.0
1287	-0.638363	130.186611	0.011257	4.5
1288	-1.152707	130.130366	0.007102	4.6
1289	-0.568865	130.074187	0.007650	4.2
1290	-1.022350	130.018072	0.003822	5.2
1291	-0.152431	129.962022	0.005206	4.5
1292	-0.128982	129.906036	0.005270	4.2
1293	-0.000000	129.850114	0.000000	4.3
1294	-0.990968	129.794257	0.005556	4.0
1295	-1.046134	129.738463	0.018124	4.6
1296	-1.004792	129.682734	0.024575	4.5
1297	-0.101003	129.627068	0.002681	4.1
1298	-1.015059	129.571466	0.012653	4.6
1299	-0.895991	129.515927	0.014706	4.6
1300	-0.008694	129.460452	0.000897	4.2
1301	-0.409693	129.405040	0.009853	4.2
1302	-0.643060	129.349692	0.010743	4.6
1303	-0.382808	129.294406	0.005906	4.2
1304	-0.300823	129.239183	0.007656	4.1
1305	-0.424607	129.184024	0.006384	4.2
1306	-0.036073	129.128927	0.001668	4.7
1307	-0.310519	129.073892	0.007690	4.2
1308	-1.045482	129.018921	0.009401	4.0
1309	-0.805043	128.964011	0.005252	4.9
1310	-1.217311	128.909164	0.031821	4.1
1311	-0.916434	128.854379	0.009314	4.1
1312	-1.109500	128.799656	0.018872	4.4
1313	-1.145817	128.744995	0.016912	5.0
1314	-1.248763	128.690396	0.020483	4.1
1315	-0.771461	128.635858	0.009196	4.4
1316	-1.272739	128.581382	0.015802	4.7
1317	-0.530767	128.526968	0.006549	4.6
1318	-0.502042	128.472615	0.004559	4.1
1319	-1.005060	128.418323	0.004510	5.3
1320	-0.000026	128.364092	0.000012	4.4
1321	-1.286915	128.309922	0.029156	4.1
1322	-0.000000	128.255814	0.000000	4.4
1323	-1.156118	128.201766	0.024249	4.7
1324	-0.349847	128.147778	0.007965	4.1
1325	-0.449385	128.093852	0.005286	4.4
1326	-1.195612	128.039985	0.022380	4.3
1327	-0.753964	127.986180	0.009108	4.4
1328	-0.072644	127.932434	0.004475	4.0
1329	-0.130404	127.878749	0.004956	4.0
1330	-0.271520	127.825123	0.002343	4.6
1331	-0.472234	127.771558	0.006691	4.0
1332	-0.648797	127.718052	0.006947	4.5
1333	0.000000	127.664606	0.000000	4.1
1334	-1.016424	127.611220	0.012161	4.3
1335	-0.000000	127.557893	0.000000	4.4
1336	-0.000000	127.504625	0.000000	4.1
1337	-0.000000	127.451417	0.000000	4.4
1338	-0.098080	127.398268	0.001759	4.6
1339	-0.843006	127.345178	0.014441	4.0
1340	-0.114851	127.292147	0.001665	4.4
1341	-0.061696	127.239175	0.001878	4.6
1342	-1.382543	127.186261	0.038780	4.6
1343	-0.122285	127.133407	0.003717	4.1
1344	-0.994546	127.080610	0.044921	4.3
1345	-0.830449	127.027872	0.008560	4.6
1346	-0.623771	126.975193	0.006326	4.1
1347	-0.230101	126.922572	0.004872	4.1
1348	-0.887470	126.870008	0.004864	4.5
1349	-0.000000	126.817503	0.000000	4.2
1350	-0.000000	126.765056	0.000000	4.0
1351	-0.993024	126.712667	0.007468	4.4
1352	-0.689240	126.660335	0.008095	4.5
1353	-0.707097	126.608061	0.012103	4.2
1354	-0.838776	126.555844	0.007641	4.1
1355	-0.437995	126.503685	0.005934	5.0
1356	-0.310695	126.451583	0.005889	4.2
1357	-1.215270	126.399538	0.020334	4.0
1358	-0.806300	126.347550	0.010343	4.4
1359	-0.784715	126.295619	0.018343	4.5
1360	-0.931814	126.243745	0.008858	4.1
1361	-0.208873	126.191928	0.003881	4.1
1362	-0.479296	126.140168	0.004708	4.9
1363	-0.014248	126.088464	0.001167	4.1
1364	-0.006501	126.036817	0.000626	4.1
1365	-0.587376	125.985226	0.006489	4.4
1366	-1.188520	125.933691	0.013682	4.6
1367	-0.871465	125.882212	0.005296	4.1
1368	-1.208571	125.830790	0.015184	4.4
1369	-0.345244	125.779423	0.006551	4.1
1370	-0.000000	125.728113	0.000000	4.4
1371	-0.186397	125.676858	0.004130	4.0
1372	-1.000971	125.625659	0.011100	4.4
1373	-1.062497	125.574515	0.011084	4.6
1374	-1.142545	125.523427	0.011917	4.1
1375	-0.118481	125.472394	0.002112	4.4
1376	0.000000	125.421417	0.000000	4.0
1377	-1.108886	125.370495	0.007625	4.5
1378	-0.974176	125.319628	0.005398	4.3
1379	-0.000000	125.268815	0.000000	4.2
1380	-1.117152	125.218058	0.017072	4.5
1381	-0.580923	125.167356	0.010427	4.4
1382	-1.049418	125.116708	0.036714	4.3
1383	-0.894138	125.066115	0.010259	4.1
1384	-1.192936	125.015576	0.009622	4.5
1385	-0.014065	124.965092	0.001684	4.5
1386	-0.599946	124.914662	0.004962	4.0
1387	-0.814352	124.864287	0.012537	4.1
1388	-0.891241	124.813965	0.006392	4.5
1389	-0.759513	124.763698	0.005793	4.3
1390	-0.005408	124.713485	0.000370	4.3
1391	-0.708032	124.663325	0.005947	4.5
1392	-1.015210	124.613219	0.012320	4.6
1393	-1.252040	124.563167	0.008304	4.1
1394	-0.379077	124.513168	0.004296	4.0
1395	-0.378487	124.463223	0.007870	4.8
1396	-0.886814	124.413332	0.014936	4.2
1397	-0.000001	124.363493	0.000001	4.0
1398	-0.566462	124.313708	0.010066	4.5
1399	-0.209551	124.263976	0.005601	4.9
1400	-1.104562	124.214297	0.004493	3.9
1401	-0.775418	124.164671	0.006447	4.1
1402	-0.093964	124.115097	0.001423	5.1
1403	-0.861698	124.065577	0.016222	5.0
1404	-0.977824	124.016109	0.009692	4.3
1405	-0.445407	123.966693	0.010187	4.8
1406	-0.000000	123.917330	0.000000	4.1
1407	-0.869931	123.868020	0.011150	4.3
1408	-0.402528	123.818762	0.003671	4.3
1409	-0.202051	123.769556	0.005828	4.6
1410	-0.712669	123.720402	0.017779	4.1
1411	-0.000065	123.671300	0.000030	4.5
1412	-1.176327	123.622250	0.009060	4.8
1413	-1.131481	123.573252	0.012093	4.3
1414	-0.000000	123.524305	0.000000	4.2
1415	-0.911228	123.475411	0.014325	4.0
1416	-0.000000	123.426568	0.000000	4.6
1417	-0.871688	123.377776	0.011555	4.1
1418	-1.352355	123.329036	0.005637	4.4
1419	-1.211625	123.280347	0.008573	4.5
1420	-0.022912	123.231709	0.001388	4.2
1421	-1.302462	123.183122	0.022974	4.5
1422	-1.220733	123.134587	0.036689	4.1
1423	-0.000000	123.086102	0.000000	4.5
1424	-0.721503	123.037669	0.015306	4.5
1425	-0.895911	122.989286	0.005392	4.0
1426	-0.210578	122.940954	0.005329	4.3
1427	-0.629417	122.892672	0.013764	4.2
1428	-0.558802	122.844441	0.007246	4.4
1429	-0.000000	122.796261	0.000000	4.1
1430	-0.000000	122.748130	0.000000	4.5
1431	-0.899597	122.700050	0.009827	4.3
1432	-0.000000	122.652021	0.000000	4.1
1433	-0.606822	122.604041	0.004859	4.0
1434	-0.990816	122.556111	0.013845	4.9
1435	-1.016477	122.508232	0.012697	4.1
1436	-1.149488	122.460402	0.014396	4.1
1437	-1.163234	122.412622	0.008364	4.9
1438	-0.846717	122.364891	0.007878	4.9
1439	0.000000	122.317210	0.000000	4.3
1440	-1.219379	122.269579	0.038693	5.1
1441	-0.581109	122.221997	0.014295	4.3
1442	-0.000000	122.174465	0.000000	4.1
1443	-1.051928	122.126981	0.010540	4.2
1444	-0.892757	122.079547	0.019367	4.6
1445	-1.170263	122.032162	0.008782	4.4
1446	-0.000000	121.984826	0.000000	3.7
1447	0.000000	121.937539	0.000000	5.2
1448	-1.115351	121.890301	0.011399	4.1
1449	-0.000006	121.843112	0.000002	4.2
1450	-0.000000	121.795971	0.000000	3.9
1451	-0.985010	121.748879	0.006427	5.1
1452	0.000000	121.701835	0.000000	4.1
1453	-0.654495	121.654840	0.011266	4.1
1454	-0.910371	121.607893	0.011196	4.4
1455	-0.534595	121.560994	0.013178	4.6
1456	-0.874825	121.514144	0.009304	4.1
1457	-0.248105	121.467342	0.005797	4.5
1458	-0.504602	121.420588	0.007719	4.5
1459	-0.440642	121.373882	0.006956	4.2
1460	0.000000	121.327223	0.000000	4.5
1461	-1.063662	121.280613	0.010382	4.1
1462	-0.392683	121.234050	0.007459	4.5
1463	-0.000000	121.187535	0.000000	4.2
1464	-1.018812	121.141067	0.016165	4.4
1465	-0.069894	121.094647	0.006749	4.1
1466	-0.335775	121.048274	0.005805	4.4
1467	-0.946317	121.001949	0.005086	4.5
1468	-0.798669	120.955671	0.014391	4.1
1469	-0.945155	120.909440	0.017366	4.4
1470	-0.761961	120.863256	0.010958	4.5
1471	-0.852166	120.817119	0.005214	4.4
1472	-0.972728	120.771029	0.013882	4.0
1473	-1.091987	120.724986	0.008758	4.4
1474	-1.131847	120.678990	0.005060	4.5
1475	-1.323846	120.633040	0.009168	4.2
1476	-0.977825	120.587137	0.011441	4.5
1477	-0.977924	120.541281	0.006929	4.3
1478	-0.364028	120.495471	0.007182	4.2
1479	-0.023075	120.449707	0.003079	4.0
1480	-0.607517	120.403990	0.009278	4.7
1481	-0.778556	120.358319	0.015123	4.0
1482	-1.111139	120.312694	0.013212	4.0
1483	-0.286654	120.267115	0.006163	4.2
1484	-0.871264	120.221582	0.013743	4.7
1485	-1.149541	120.176096	0.011887	4.1
1486	-0.417544	120.130655	0.005234	4.3
1487	-0.832253	120.085260	0.025001	4.6
1488	-1.210470	120.039910	0.023349	4.2
1489	-0.008302	119.994606	0.000555	4.6
1490	-0.889353	119.949348	0.011294	4.4
1491	-1.032544	119.904135	0.008170	4.7
1492	-1.150878	119.858968	0.015307	4.1
1493	-1.017907	119.813846	0.008049	4.0
1494	-0.535753	119.768769	0.012912	4.9
1495	-0.833319	119.723738	0.007084	4.5
1496	-0.180721	119.678752	0.005442	4.8
1497	-0.005318	119.633810	0.000624	4.8
1498	-0.018702	119.588914	0.001414	4.7
1499	-0.486371	119.544062	0.005425	4.1
1500	-0.327472	119.499256	0.006778	4.5
1501	-1.226219	119.454494	0.044051	4.7
1502	-1.153391	119.409777	0.013629	4.3
1503	-0.533747	119.365104	0.005395	4.2
1504	-0.497578	119.320476	0.004381	4.5
1505	-0.000000	119.275893	0.000000	4.1
1506	-0.000000	119.231353	0.000000	4.1
1507	-0.536402	119.186859	0.005800	5.8
1508	-0.000000	119.142408	0.000000	4.3
1509	-0.958270	119.098002	0.008818	4.1
1510	-1.160333	119.053639	0.010054	4.8
1511	-0.000000	119.009321	0.000000	4.4
1512	-0.729477	118.965047	0.003403	4.1
1513	-0.876079	118.920816	0.011634	4.5
1514	-0.000000	118.876630	0.000000	4.2
1515	0.000000	118.832487	0.000000	4.6
1516	-0.008231	118.788388	0.000715	4.2
1517	-1.291132	118.744332	0.008985	4.2
1518	-0.537776	118.700320	0.008832	4.6
1519	-0.000000	118.656352	0.000000	4.3
1520	-0.500498	118.612427	0.005201	4.5
1521	-1.183715	118.568545	0.012805	4.1
1522	-1.052996	118.524706	0.017079	4.5
1523	-0.711663	118.480911	0.009113	4.5
1524	-0.000000	118.437159	0.000000	4.2
1525	-0.000000	118.393450	0.000000	4.5
1526	-0.633233	118.349784	0.016910	4.7
1527	-0.816709	118.306160	0.009704	4.0
1528	-0.541446	118.262580	0.008394	4.2
1529	-0.966658	118.219042	0.009133	4.6
1530	-1.136865	118.175548	0.014899	6.7
1531	-0.972455	118.132095	0.014536	4.1
1532	-0.000000	118.088686	0.000000	4.8
1533	-0.031910	118.045319	0.001864	4.1
1534	-0.749512	118.001994	0.010400	4.2
1535	-1.190299	117.958712	0.009158	4.7
1536	-0.666352	117.915472	0.007149	4.4
1537	-0.803242	117.872274	0.003178	4.1
1538	-0.000000	117.829118	0.000000	4.2
1539	-0.000000	117.786005	0.000000	5.0
1540	-1.006370	117.742933	0.005708	4.3
1541	-0.000000	117.699904	0.000000	4.2
1542	-0.000000	117.656916	0.000000	4.2
1543	-0.733236	117.613971	0.009097	4.5
1544	-0.551876	117.571067	0.012545	4.0
1545	-0.520683	117.528205	0.007357	4.1
1546	-0.233852	117.485384	0.005828	4.2
1547	-0.646670	117.442605	0.005658	4.3
1548	-0.026268	117.399867	0.001915	4.1
1549	-0.000000	117.357171	0.000000	4.4
1550	-1.121354	117.314517	0.013233	4.6
1551	-1.113584	117.271903	0.006967	3.9
1552	-1.334617	117.229331	0.023462	4.3
1553	-0.054886	117.186800	0.002013	4.3
1554	-0.000002	117.144311	0.000001	4.2
1555	-0.977221	117.101862	0.009608	4.3
1556	-0.796884	117.059454	0.022205	4.1
1557	-0.598200	117.017087	0.005465	4.5
1558	-0.834834	116.974762	0.015767	4.0
1559	-1.142180	116.932476	0.015428	4.5
1560	-0.545586	116.890232	0.007010	4.1
1561	-0.941228	116.848028	0.008523	4.4
1562	-1.081011	116.805865	0.008867	4.5
1563	-0.544789	116.763743	0.007559	4.0
1564	-1.166045	116.721661	0.015826	4.5
1565	-0.786573	116.679619	0.008544	5.0
1566	-0.000000	116.637618	0.000000	4.4
1567	-1.053488	116.595657	0.003941	4.3
1568	-0.931779	116.553736	0.007981	4.9
1569	-1.127962	116.511855	0.026728	4.2
1570	-1.178699	116.470015	0.008873	4.1
1571	-0.000000	116.428214	0.000000	4.7
1572	-1.218980	116.386454	0.015425	4.2
1573	-0.076404	116.344733	0.002385	4.1
1574	-1.049310	116.303052	0.010429	4.1
1575	-0.177023	116.261412	0.005918	5.2
1576	-0.000000	116.219810	0.000000	4.1
1577	-0.215217	116.178249	0.004670	4.1
1578	-1.240260	116.136727	0.009305	4.8
1579	-0.120696	116.095245	0.003418	4.4
1580	-0.812967	116.053802	0.011437	4.1
1581	-1.163791	116.012398	0.009903	4.4
1582	-1.148639	115.971034	0.009138	4.4
1583	-1.039743	115.929710	0.012690	4.2
1584	-0.993441	115.888424	0.015080	4.0
1585	-0.975797	115.847178	0.011384	4.7
1586	-0.236962	115.805970	0.006958	4.4
1587	-0.813507	115.764802	0.012040	4.0
1588	-0.496643	115.723673	0.006923	4.6
1589	-0.641776	115.682583	0.007731	4.5
1590	-0.802603	115.641532	0.004953	4.0
1591	-0.000227	115.600519	0.000078	4.1
1592	-0.777314	115.559546	0.003985	4.4
1593	-0.000000	115.518610	0.000000	4.5
1594	-0.598437	115.477714	0.010287	4.1
1595	-0.649829	115.436856	0.006943	4.3
1596	-0.000000	115.396037	0.000000	4.3
1597	-1.036496	115.355256	0.023770	4.3
1598	-0.037492	115.314514	0.002195	4.4
1599	-0.071785	115.273810	0.003329	4.1
1600	-1.043029	115.233144	0.017008	4.6
1601	-0.518859	115.192517	0.010017	4.1
1602	-0.863969	115.151927	0.005565	4.5
1603	-0.545736	115.111376	0.006555	4.0
1604	-0.713683	115.070863	0.008719	4.3
1605	-0.664615	115.030388	0.018630	5.0
1606	-0.869378	114.989951	0.010694	4.7
1607	-0.000138	114.949551	0.000043	5.0
1608	-0.000696	114.909190	0.000212	4.6
1609	-0.719541	114.868866	0.005567	4.5
1610	-0.000000	114.828580	0.000000	4.9
1611	-0.561492	114.788332	0.002727	5.2
1612	-0.026448	114.748121	0.003480	4.6
1613	-0.229858	114.707948	0.002973	4.3
1614	-0.000741	114.667812	0.000062	4.7
1615	-0.794817	114.627714	0.041895	4.6
1616	-1.249086	114.587653	0.015375	4.6
1617	-0.836674	114.547629	0.013748	5.1
1618	-0.936806	114.507643	0.007206	4.6
1619	-1.070362	114.467693	0.009479	4.9
1620	-0.413899	114.427781	0.007045	4.8
1621	-0.515099	114.387907	0.005205	4.6
1622	-1.139832	114.348069	0.013000	4.1
1623	-0.754777	114.308268	0.006298	4.4
1624	-1.096910	114.268504	0.010768	4.4
1625	-0.618462	114.228777	0.009494	4.0
1626	-0.798996	114.189086	0.006131	4.2
1627	-0.275652	114.149433	0.003909	4.8
1628	-0.000000	114.109816	0.000000	4.2
1629	-0.000220	114.070235	0.000083	4.3
1630	-0.613174	114.030692	0.010903	5.2
1631	-0.972298	113.991185	0.007733	4.3
1632	-0.901795	113.951714	0.013548	4.2
1633	-1.247901	113.912280	0.006728	5.0
1634	-0.000000	113.872882	0.000000	5.6
1635	-0.914290	113.833521	0.010789	4.5
1636	-0.852897	113.794195	0.012194	4.4
1637	-0.000000	113.754906	0.000000	4.8
1638	-0.541439	113.715653	0.009585	4.3
1639	-0.949632	113.676437	0.010405	4.6
1640	-0.000000	113.637256	0.000000	4.1
1641	-0.000026	113.598111	0.000008	5.2
1642	-0.000000	113.559002	0.000000	4.7
1643	-1.318963	113.519929	0.025490	4.3
1644	-0.483843	113.480892	0.006891	4.5
1645	0.000000	113.441891	0.000000	4.3
1646	-0.828836	113.402925	0.005951	4.2
1647	-0.747222	113.363995	0.009558	4.1
1648	-0.923665	113.325101	0.010641	4.2
1649	-0.685306	113.286242	0.007275	4.9
1650	-0.000000	113.247419	0.000000	4.3
1651	-0.189534	113.208631	0.004281	4.8
1652	-0.664641	113.169879	0.013619	4.9
1653	-0.001400	113.131162	0.000458	4.2
1654	-0.221841	113.092480	0.005805	4.8
1655	-0.000000	113.053833	0.000000	5.0
1656	-0.828374	113.015222	0.008052	4.1
1657	-1.169918	112.976646	0.013342	4.2
1658	-1.109045	112.938105	0.009462	5.4
1659	-0.625401	112.899599	0.011378	4.8
1660	-0.318372	112.861128	0.010355	4.1
1661	-1.152103	112.822692	0.010802	4.7
1662	-0.796073	112.784291	0.008166	4.2
1663	0.000000	112.745924	0.000000	4.6
1664	-0.628765	112.707593	0.008846	4.5
1665	-0.079099	112.669296	0.002404	5.2
1666	-0.642292	112.631034	0.009758	4.3
1667	-0.000000	112.592806	0.000000	4.5
1668	-0.000000	112.554613	0.000000	4.7
1669	-0.844765	112.516455	0.010085	4.3
1670	-0.519408	112.478331	0.005491	4.3
1671	-0.000000	112.440241	0.000000	5.2
1672	-0.662213	112.402186	0.015140	4.8
1673	-0.000029	112.364165	0.000010	4.8
1674	-0.000161	112.326179	0.000029	5.0
1675	-0.901725	112.288227	0.010794	4.9
1676	-0.755170	112.250309	0.015604	4.2
1677	-0.992306	112.212425	0.008337	4.6
1678	-0.788484	112.174575	0.012905	4.7
1679	-0.000001	112.136759	0.000000	4.2
1680	-0.759155	112.098977	0.006832	5.4
1681	-0.041602	112.061229	0.002547	4.5
1682	-1.234058	112.023515	0.010672	4.1
1683	-0.962686	111.985834	0.010167	4.4
1684	-0.773049	111.948188	0.005585	4.0
1685	-0.677388	111.910575	0.011128	4.6
1686	0.000000	111.872996	0.000000	4.6
1687	-0.029003	111.835450	0.002078	4.2
1688	-0.580312	111.797939	0.011526	4.5
1689	-0.000000	111.760460	0.000000	3.8
1690	-1.158820	111.723015	0.012325	4.6
1691	-0.000000	111.685604	0.000000	4.1
1692	-0.343151	111.648226	0.006101	4.4
1693	-1.102745	111.610881	0.007424	4.4
1694	-0.000000	111.573570	0.000000	4.0
1695	-1.119734	111.536292	0.019437	4.3
1696	0.000000	111.499047	0.000000	4.3
1697	-0.000000	111.461835	0.000000	4.1
1698	-0.000000	111.424656	0.000000	3.9
1699	0.000000	111.387510	0.000000	4.5
1700	0.000000	111.350398	0.000000	4.9
1701	-0.954452	111.313318	0.016971	4.0
1702	-0.313105	111.276271	0.008560	4.1
1703	-0.003040	111.239257	0.000464	4.9
1704	-0.580930	111.202276	0.006620	4.1
1705	-0.948742	111.165328	0.007275	4.1
1706	-0.730972	111.128412	0.007329	4.7
1707	-1.169818	111.091529	0.017966	4.3
1708	-0.077022	111.054679	0.003689	4.3
1709	-0.000000	111.017861	0.000000	4.2
1710	-0.342747	110.981076	0.006129	4.7
1711	-0.139138	110.944323	0.004086	4.0
1712	-1.078631	110.907603	0.013833	4.1
1713	-0.000000	110.870915	0.000000	4.9
1714	-1.295226	110.834259	0.008052	4.5
1715	-0.450204	110.797636	0.008567	4.1
1716	-0.908841	110.761045	0.010158	4.2
1717	-0.066611	110.724486	0.001651	4.7
1718	-1.246036	110.687959	0.016309	4.4
1719	-0.609452	110.651465	0.009320	4.0
1720	-1.180634	110.615002	0.018476	4.9
1721	-0.703173	110.578572	0.005748	4.2
1722	-0.000000	110.542173	0.000000	4.2
1723	-0.790151	110.505807	0.009826	5.3
1724	-0.005694	110.469472	0.001141	4.5
1725	-0.878477	110.433169	0.026236	4.1
1726	-0.845900	110.396898	0.005566	4.5
1727	0.000000	110.360659	0.000000	4.4
1728	-0.000000	110.324451	0.000000	4.2
1729	-1.070170	110.288276	0.018477	4.4
1730	-0.719418	110.252131	0.007096	4.2
1731	-0.611674	110.216019	0.010150	4.5
1732	-0.803369	110.179937	0.002688	4.2
1733	-0.701352	110.143888	0.009946	5.0
1734	-0.446316	110.107869	0.006049	4.3
1735	-1.143290	110.071882	0.011889	4.2
1736	-0.627178	110.035927	0.008460	4.0
1737	-0.881543	110.000003	0.012258	4.0
1738	-1.041385	109.964110	0.008649	4.5
1739	-1.032322	109.928248	0.032489	4.4
1740	-0.625547	109.892417	0.017516	4.1
1741	-0.773625	109.856618	0.009583	4.6
1742	-0.653862	109.820850	0.005041	4.4
1743	-0.000000	109.785112	0.000000	3.8
1744	-0.689518	109.749406	0.006406	4.0
1745	-0.699856	109.713730	0.009120	4.8
1746	-0.927265	109.678086	0.007344	4.1
1747	-0.440041	109.642472	0.006095	4.1
1748	-0.810297	109.606890	0.011340	4.2
1749	-0.000000	109.571337	0.000000	4.8
1750	-0.528756	109.535816	0.011160	4.1
1751	-0.672797	109.500326	0.003735	4.0
1752	-0.660271	109.464866	0.005586	4.8
1753	-1.181606	109.429436	0.008302	4.2
1754	-0.105602	109.394038	0.007271	4.1
1755	-0.961391	109.358669	0.010062	4.1
1756	-0.018716	109.323331	0.001686	4.7
1757	-0.328755	109.288024	0.005505	4.1
1758	-0.943195	109.252747	0.011992	4.3
1759	-1.059060	109.217501	0.004898	4.7
1760	-0.000000	109.182284	0.000000	4.3
1761	-0.695392	109.147098	0.013842	4.0
1762	-0.967490	109.111942	0.014388	4.1
1763	-1.166216	109.076817	0.020247	4.6
1764	-0.520044	109.041721	0.003897	4.1
1765	-0.000000	109.006656	0.000000	4.1
1766	-1.152322	108.971620	0.007080	7.0
1767	-0.678235	108.936615	0.004533	4.0
1768	-0.605480	108.901640	0.007273	4.6
1769	-0.000146	108.866694	0.000040	4.4
1770	-0.461107	108.831779	0.006467	4.8
1771	-1.039713	108.796893	0.008693	4.2
1772	0.000000	108.762037	0.000000	4.5
1773	-1.065558	108.727211	0.009477	4.5
1774	-1.025271	108.692415	0.012234	4.1
1775	0.000000	108.657648	0.000000	4.4
1776	-0.802831	108.622911	0.006035	4.2
1777	-0.013743	108.588203	0.001127	4.3
1778	-1.060737	108.553525	0.008375	4.5
1779	-0.000000	108.518877	0.000000	4.1
1780	-0.138659	108.484258	0.003922	4.4
1781	-0.734167	108.449668	0.007248	4.3
1782	-1.016355	108.415108	0.009497	4.1
1783	-0.657339	108.380578	0.008236	4.0
1784	-0.807611	108.346076	0.010102	4.6
1785	-0.914775	108.311604	0.013660	4.5
1786	-0.115295	108.277161	0.002295	4.1
1787	-0.890158	108.242747	0.014969	4.5
1788	-0.396046	108.208363	0.006674	4.5
1789	-0.544122	108.174007	0.007406	4.1
1790	-1.172223	108.139681	0.016283	4.1
1791	-0.500428	108.105383	0.007920	4.9
1792	-1.132282	108.071115	0.010953	4.3
1793	-1.104117	108.036875	0.010197	4.0
1794	-0.773139	108.002665	0.012554	4.4
1795	-0.122317	107.968483	0.004383	4.2
1796	-0.599161	107.934330	0.008852	4.2
1797	-0.810138	107.900206	0.010077	4.1
1798	-0.984892	107.866111	0.013552	4.8
1799	-0.793355	107.832044	0.008500	4.1
1800	-1.013982	107.798007	0.012773	4.2
1801	-1.125418	107.763997	0.007479	4.8
1802	-0.000000	107.730017	0.000000	4.4
1803	-0.940625	107.696065	0.009199	4.1
1804	-0.823612	107.662141	0.008684	4.1
1805	-0.690362	107.628246	0.007405	4.9
1806	-0.774563	107.594379	0.013071	4.1
1807	-1.353991	107.560541	0.012105	4.0
1808	-0.745372	107.526731	0.006366	4.4
1809	-0.386362	107.492949	0.005480	4.7
1810	-0.000000	107.459196	0.000000	4.1
1811	-0.865003	107.425471	0.015279	4.4
1812	-0.105869	107.391774	0.004714	4.5
1813	-0.000967	107.358106	0.000162	4.4
1814	-0.457562	107.324465	0.010588	4.3
1815	-0.018842	107.290853	0.000993	4.1
1816	-0.945215	107.257268	0.024034	4.5
1817	-1.128921	107.223712	0.012529	4.0
1818	-1.208682	107.190184	0.012872	4.6
1819	-0.442710	107.156683	0.006682	4.4
1820	-1.188476	107.123211	0.018060	4.4
1821	-0.000000	107.089766	0.000000	4.3
1822	-0.000000	107.056349	0.000000	4.3
1823	-1.133029	107.022960	0.007672	4.3
1824	-0.351909	106.989599	0.005582	4.4
1825	-0.207214	106.956265	0.004221	4.2
1826	-0.623310	106.922960	0.005982	4.1
1827	-0.502920	106.889681	0.005028	4.5
1828	-0.023526	106.856431	0.001940	5.0
1829	-0.162964	106.823208	0.003719	4.1
1830	-1.050742	106.790012	0.006641	4.5
1831	-1.154209	106.756844	0.016573	4.5
1832	-0.000000	106.723703	0.000000	4.1
1833	-0.000204	106.690590	0.000026	4.0
1834	-0.009964	106.657505	0.001421	4.9
1835	-1.056051	106.624446	0.007811	4.2
1836	-0.009192	106.591415	0.001834	4.1
1837	-0.837153	106.558411	0.015570	4.5
1838	-0.809947	106.525435	0.020515	4.4
1839	-0.980193	106.492485	0.006691	4.1
1840	-0.624983	106.459563	0.006683	4.1
1841	-0.051713	106.426668	0.002173	5.0
1842	-0.819262	106.393800	0.013268	4.3
1843	-1.171110	106.360959	0.015781	4.1
1844	-1.033199	106.328145	0.006888	4.1
1845	-0.000000	106.295358	0.000000	4.3
1846	-0.628000	106.262598	0.007694	4.1
1847	-0.116304	106.229865	0.006990	4.2
1848	-0.402748	106.197158	0.005947	5.0
1849	-0.389540	106.164479	0.009117	4.2
1850	-0.916742	106.131826	0.022521	4.1
1851	-0.552866	106.099201	0.010697	4.4
1852	-0.110832	106.066602	0.002340	4.6
1853	-0.041149	106.034029	0.002262	4.1
1854	-0.875947	106.001483	0.010308	4.4
1855	-0.000000	105.968964	0.000000	4.9
1856	-1.100962	105.936472	0.012114	4.7
1857	-0.166945	105.904006	0.005293	5.2
1858	-1.001395	105.871566	0.006609	4.8
1859	-0.000000	105.839153	0.000000	4.3
1860	-0.983545	105.806767	0.005822	4.4
1861	-0.000247	105.774407	0.000055	4.6
1862	-0.749088	105.742073	0.011409	5.0
1863	-1.136433	105.709766	0.015935	5.0
1864	-1.046689	105.677485	0.015814	4.9
1865	-1.017964	105.645230	0.021912	4.4
1866	-0.007979	105.613001	0.000544	4.4
1867	-0.000000	105.580799	0.000000	4.1
1868	-0.369560	105.548623	0.008187	4.2
1869	-0.656346	105.516473	0.005650	4.3
1870	-0.611496	105.484349	0.009028	4.5
1871	-0.159292	105.452251	0.003839	4.1
1872	-0.979077	105.420179	0.012157	4.5
1873	-0.000006	105.388133	0.000003	4.6
1874	-0.000033	105.356113	0.000014	4.3
1875	-1.040013	105.324119	0.005805	4.2
1876	0.000000	105.292151	0.000000	4.8
1877	-1.044013	105.260209	0.017371	4.2
1878	-0.000000	105.228293	0.000000	4.1
1879	-0.649993	105.196402	0.009741	4.6
1880	-0.000000	105.164537	0.000000	4.6
1881	-0.686888	105.132698	0.011772	4.2
1882	-0.029207	105.100885	0.001353	4.1
1883	-0.973532	105.069097	0.016143	4.8
1884	-0.000000	105.037335	0.000000	4.3
1885	-0.517587	105.005598	0.005391	4.2
1886	-0.000000	104.973887	0.000000	4.5
1887	-0.605688	104.942202	0.008100	6.2
1888	-0.000013	104.910542	0.000005	5.2
1889	-1.029207	104.878907	0.006818	4.0
1890	-0.914582	104.847298	0.007603	4.0
1891	-1.109570	104.815715	0.017060	4.2
1892	-0.000000	104.784156	0.000000	5.2
1893	-0.984581	104.752623	0.009474	4.3
1894	-0.000000	104.721116	0.000000	4.1
1895	-0.747645	104.689633	0.006824	4.3
1896	-0.003457	104.658176	0.000322	4.4
1897	-0.678562	104.626744	0.010998	4.2
1898	-0.000000	104.595337	0.000000	4.2
1899	-0.755075	104.563955	0.005451	4.3
1900	-0.000000	104.532599	0.000000	4.2
1901	-0.531884	104.501267	0.007075	4.5
1902	-1.194449	104.469960	0.009821	4.0
1903	-0.893074	104.438679	0.006848	4.5
1904	-0.912051	104.407422	0.007412	3.9
1905	-0.580190	104.376191	0.016115	4.4
1906	0.000000	104.344984	0.000000	3.9
1907	-1.010405	104.313802	0.007114	4.2
1908	-0.847864	104.282645	0.003839	4.4
1909	-0.949899	104.251513	0.005907	4.7
1910	-0.390607	104.220405	0.004752	4.4
1911	-0.468458	104.189323	0.005872	4.9
1912	-0.000000	104.158265	0.000000	4.1
1913	-0.901925	104.127231	0.009974	4.4
1914	-0.000000	104.096222	0.000000	4.8
1915	-1.193900	104.065238	0.022279	4.3
1916	-0.429030	104.034279	0.009203	4.2
1917	-1.025684	104.003344	0.009207	4.5
1918	-0.533267	103.972433	0.006821	4.3
1919	-0.106658	103.941547	0.003000	4.1
1920	-0.689543	103.910686	0.005589	4.3
1921	-1.099058	103.879849	0.009312	4.8
1922	-0.953972	103.849036	0.010502	4.2
1923	-0.000000	103.818248	0.000000	4.1
1924	-0.448961	103.787484	0.008685	4.8
1925	-0.070202	103.756744	0.002821	4.2
1926	-0.000000	103.726029	0.000000	4.2
1927	-0.954547	103.695338	0.006539	4.2
1928	-0.985217	103.664671	0.006091	4.2
1929	-1.158908	103.634028	0.015266	3.9
1930	-0.000000	103.603409	0.000000	6.4
1931	-1.098667	103.572814	0.012785	4.0
1932	-0.615492	103.542244	0.006969	3.9
1933	-0.000000	103.511698	0.000000	4.3
1934	-1.031875	103.481175	0.014201	4.3
1935	-0.000000	103.450677	0.000000	3.9
1936	-0.020372	103.420202	0.000671	4.3
1937	-1.006709	103.389752	0.008211	4.3
1938	-0.000001	103.359325	0.000000	4.2
1939	-0.000000	103.328922	0.000000	4.1
1940	-0.623262	103.298543	0.005617	3.9
1941	-0.647086	103.268188	0.014129	4.4
1942	-0.629630	103.237857	0.012429	3.9
1943	-0.000000	103.207549	0.000000	4.3
1944	-0.000000	103.177265	0.000000	3.9
1945	-0.488027	103.147005	0.007162	4.3
1946	-0.148438	103.116768	0.005139	3.9
1947	-0.794739	103.086556	0.007102	3.8
1948	-0.603259	103.056366	0.007971	4.3
1949	-0.587465	103.026200	0.002913	4.3
1950	-0.000000	102.996058	0.000000	4.7
1951	-0.071286	102.965939	0.001272	4.2
1952	-1.151362	102.935844	0.011396	4.6
1953	0.000000	102.905772	0.000000	5.2
1954	-0.706745	102.875724	0.010040	4.3
1955	-0.877738	102.845699	0.010657	4.9
1956	-0.449551	102.815697	0.005309	4.9
1957	-0.749165	102.785719	0.018422	4.5
1958	-0.312118	102.755764	0.005152	4.0
1959	-0.801584	102.725832	0.008379	4.5
1960	-0.791413	102.695924	0.005185	4.5
1961	-0.978174	102.666038	0.006438	4.1
1962	-1.046065	102.636176	0.016043	4.5
1963	-1.233797	102.606337	0.008594	4.7
1964	-0.200863	102.576521	0.004648	4.7
1965	-0.484601	102.546728	0.011411	5.0
1966	-0.639102	102.516959	0.010643	5.8
1967	-1.236226	102.487212	0.012782	5.5
1968	-0.983921	102.457488	0.007759	6.1
1969	-1.132937	102.427788	0.006162	5.2
1970	-0.802006	102.398110	0.007529	5.0
1971	-1.339469	102.368455	0.024609	6.1
1972	-0.733245	102.338823	0.014798	5.3
1973	-1.114691	102.309214	0.011078	5.0
1974	-0.171608	102.279628	0.005516	5.6
1975	-0.000000	102.250064	0.000000	5.2
1976	-0.878948	102.220524	0.012517	5.2
1977	-0.487306	102.191006	0.011018	5.5
1978	-0.450754	102.161511	0.006722	5.1
1979	-1.119853	102.132038	0.010542	5.4
1980	-1.144469	102.102588	0.014625	5.4
1981	-0.000000	102.073161	0.000000	5.2
1982	0.000000	102.043757	0.000000	5.4
1983	-0.763721	102.014375	0.014771	5.7
1984	-1.168306	101.985015	0.006900	5.6
1985	-0.951224	101.955678	0.008838	5.8
1986	-0.000000	101.926364	0.000000	5.1
1987	-1.318170	101.897072	0.011612	5.7
1988	-0.926945	101.867802	0.006166	5.7
1989	-0.333217	101.838555	0.007278	5.9
1990	-0.985939	101.809330	0.005766	5.2
1991	-0.927941	101.780128	0.007468	5.7
1992	0.000000	101.750948	0.000000	5.3
1993	-1.038975	101.721790	0.007394	6.2
1994	-1.274727	101.692654	0.007557	6.2
1995	-0.693575	101.663541	0.008112	6.0
1996	-0.420890	101.634450	0.007168	6.4
1997	-0.571067	101.605381	0.008582	5.7
1998	-0.006217	101.576335	0.000546	5.7
1999	-0.306049	101.547310	0.003022	5.9
