1:ItNr	2:Metric	3:StepSize	4:||Gradient||	Time[ms]
0	-0.000000	627.201626	0.000000	725.9
1	-0.964549	623.504937	0.007318	25.8
2	-0.792593	619.865785	0.005959	27.7
3	-0.338671	616.282728	0.004967	27.6
4	-0.399419	612.754375	0.006460	27.5
5	-0.000000	609.279381	0.000000	25.0
6	-0.000000	605.856447	0.000000	27.8
7	-0.729247	602.484317	0.005729	26.3
8	-0.576700	599.161779	0.005419	28.8
9	-0.000030	595.887656	0.000027	28.6
10	-0.875539	592.660813	0.008857	27.9
11	0.000000	589.480151	0.000000	27.6
12	-0.531378	586.344606	0.006212	27.7
13	-0.000000	583.253145	0.000000	26.7
14	-0.699597	580.204771	0.006006	28.3
15	-0.272901	577.198517	0.004445	27.4
16	-0.325922	574.233444	0.003774	28.0
17	-0.523046	571.308645	0.007179	27.4
18	-0.001916	568.423237	0.000045	28.2
19	-0.722396	565.576365	0.006997	27.4
20	-0.000000	562.767201	0.000000	26.2
21	-0.854579	559.994938	0.005503	28.9
22	-0.771143	557.258797	0.006236	27.4
23	-0.860834	554.558018	0.007064	27.3
24	-0.607552	551.891865	0.005935	26.7
25	-0.870367	549.259621	0.007557	29.8
26	-0.584378	546.660592	0.007545	28.0
27	0.000000	544.094102	0.000000	28.9
28	-0.463419	541.559494	0.005662	29.5
29	-0.152668	539.056129	0.002710	26.8
30	-0.286281	536.583387	0.003912	27.9
31	-0.659480	534.140663	0.006773	28.3
32	-0.033063	531.727370	0.003414	28.4
33	-0.062415	529.342935	0.000843	27.3
34	-0.451996	526.986802	0.005200	27.7
35	-0.747598	524.658430	0.006170	27.4
36	-0.005127	522.357290	0.000178	29.2
37	-0.540274	520.082868	0.005811	28.2
38	-0.433264	517.834665	0.005202	28.6
39	-1.109652	515.612193	0.009682	27.5
40	-0.958204	513.414976	0.007692	29.9
41	-0.434440	511.242551	0.007938	26.7
42	-0.443720	509.094468	0.004931	29.1
43	-0.000072	506.970285	0.000045	27.6
44	-0.723493	504.869574	0.007056	28.0
45	-0.704406	502.791916	0.007338	27.3
46	-0.734517	500.736903	0.006022	27.6
47	-0.000000	498.704137	0.000000	28.0
48	-0.522770	496.693228	0.006713	26.8
49	-0.539393	494.703798	0.004913	28.8
50	0.000000	492.735476	0.000000	28.7
51	-0.000581	490.787900	0.000178	28.3
52	-0.104411	488.860718	0.001399	28.0
53	-0.449849	486.953585	0.006114	28.2
54	-0.833630	485.066164	0.007794	26.9
55	-0.725609	483.198126	0.005075	28.8
56	-0.000000	481.349149	0.000000	27.6
57	0.000000	479.518920	0.000000	27.2
58	0.000000	477.707132	0.000000	29.0
59	-0.382315	475.913485	0.005499	27.9
60	-0.000000	474.137684	0.000000	28.5
61	-0.000069	472.379445	0.000089	27.2
62	-0.518926	470.638485	0.005513	29.2
63	-0.000000	468.914531	0.000000	27.7
64	-0.573899	467.207315	0.006354	28.0
65	-0.959390	465.516573	0.008881	28.3
66	-0.731273	463.842050	0.005852	28.2
67	-0.780036	462.183494	0.007665	26.6
68	-0.824545	460.540658	0.007215	27.9
69	-0.008781	458.913303	0.000286	29.2
70	-0.569526	457.301192	0.005538	27.9
71	-0.724835	455.704096	0.006714	28.4
72	-0.894992	454.121787	0.008226	28.0
73	-0.163716	452.554045	0.002756	28.2
74	-0.682136	451.000653	0.007290	27.3
75	-0.564893	449.461399	0.006117	29.4
76	-0.157694	447.936075	0.001918	28.0
77	-0.000000	446.424477	0.000000	27.4
78	-0.127079	444.926406	0.001509	27.7
79	-0.029053	443.441666	0.001155	27.7
80	-0.000000	441.970065	0.000000	29.0
81	-0.000000	440.511415	0.000000	27.8
82	-0.233974	439.065533	0.002354	29.0
83	-0.363218	437.632238	0.004424	28.3
84	-0.856911	436.211351	0.007130	26.8
85	-0.000000	434.802701	0.000000	27.7
86	-0.206049	433.406117	0.002711	26.8
87	-0.409977	432.021430	0.005775	27.3
88	0.000000	430.648479	0.000000	28.3
89	-0.020091	429.287101	0.001033	29.2
90	-0.483610	427.937140	0.007086	26.7
91	-0.868913	426.598440	0.007968	27.9
92	-0.796845	425.270849	0.006323	28.7
93	-0.000000	423.954220	0.000000	28.2
94	0.000000	422.648404	0.000000	26.9
95	-0.664770	421.353259	0.006962	29.2
96	-0.340034	420.068643	0.006441	28.3
97	-0.052432	418.794419	0.001070	29.1
98	-0.324985	417.530451	0.004650	26.8
99	-0.059725	416.276604	0.001172	28.9
100	-0.000004	415.032748	0.000003	27.8
101	-0.521116	413.798754	0.006217	26.9
102	-0.365425	412.574495	0.006898	29.1
103	-0.873304	411.359849	0.005641	27.6
104	-0.537286	410.154691	0.005453	28.7
105	-0.912901	408.958904	0.006841	30.5
106	-0.025337	407.772368	0.001394	26.7
107	-0.858120	406.594968	0.007697	26.0
108	-0.557034	405.426590	0.007310	28.0
109	-0.000000	404.267122	0.000000	27.3
110	-0.000000	403.116456	0.000000	27.5
111	-0.454839	401.974481	0.005747	26.1
112	-0.426574	400.841093	0.005125	28.7
113	-0.684121	399.716187	0.005494	27.7
114	-0.348545	398.599660	0.003921	27.8
115	-0.944104	397.491411	0.008020	27.9
116	-0.251338	396.391342	0.003502	28.2
117	-0.000000	395.299353	0.000000	29.3
118	0.000000	394.215350	0.000000	26.8
119	-0.192420	393.139238	0.005121	29.1
120	-0.815491	392.070924	0.006126	27.5
121	-0.130130	391.010316	0.002279	28.0
122	-0.921083	389.957325	0.006582	28.6
123	0.000000	388.911862	0.000000	28.0
124	-0.000000	387.873839	0.000000	27.9
125	-0.000000	386.843173	0.000000	27.7
126	0.000000	385.819777	0.000000	28.0
127	-0.187327	384.803569	0.003751	27.4
128	-0.574572	383.794468	0.007417	26.9
129	-0.760885	382.792393	0.005432	29.1
130	-0.015051	381.797264	0.000614	27.2
131	-0.000000	380.809005	0.000000	28.2
132	-0.000000	379.827537	0.000000	28.5
133	-0.905798	378.852786	0.006347	28.2
134	-0.853840	377.884678	0.005700	27.2
135	-0.054137	376.923138	0.002235	28.5
136	-1.042053	375.968095	0.008339	27.4
137	-0.506581	375.019479	0.007731	28.7
138	-0.717104	374.077218	0.005210	28.2
139	-0.235226	373.141244	0.002964	28.8
140	-0.661883	372.211489	0.006902	28.3
141	-0.027711	371.287887	0.001782	26.3
142	-1.006390	370.370370	0.009084	28.4
143	-0.862860	369.458876	0.005829	28.3
144	-0.010282	368.553338	0.000340	27.1
145	-0.442824	367.653696	0.006854	28.0
146	-0.510952	366.759885	0.006492	28.1
147	-0.043332	365.871846	0.001066	29.7
148	-0.895821	364.989518	0.006131	28.3
149	-0.452688	364.112841	0.005478	28.9
150	-0.492663	363.241757	0.005331	30.2
151	-0.000000	362.376208	0.000000	27.8
152	-0.507386	361.516137	0.006237	30.1
153	-0.257361	360.661488	0.004003	27.7
154	0.000000	359.812206	0.000000	29.5
155	-0.000040	358.968236	0.000006	28.3
156	-0.407317	358.129524	0.004276	29.1
157	-0.673987	357.296018	0.004885	28.3
158	-0.678287	356.467665	0.006002	28.0
159	-0.439185	355.644414	0.004774	28.2
160	-0.583567	354.826213	0.006027	26.1
161	-0.000000	354.013012	0.000000	28.8
162	-0.000099	353.204763	0.000058	27.7
163	0.000000	352.401415	0.000000	28.5
164	-0.000000	351.602922	0.000000	28.8
165	-0.888862	350.809235	0.006524	29.8
166	-0.776331	350.020308	0.006696	27.6
167	0.000000	349.236095	0.000000	29.1
168	0.000000	348.456550	0.000000	27.9
169	-0.663510	347.681627	0.006458	29.2
170	-1.017327	346.911283	0.008379	27.5
171	-0.000000	346.145474	0.000000	28.4
172	-0.953583	345.384157	0.007386	28.7
173	-0.000000	344.627288	0.000000	27.5
174	-0.467172	343.874826	0.006012	28.2
175	-0.809373	343.126729	0.006904	28.5
176	-0.502066	342.382957	0.005663	29.0
177	-0.660201	341.643469	0.004904	28.5
178	-0.062461	340.908224	0.003537	26.0
179	0.000000	340.177184	0.000000	28.9
180	-1.018181	339.450309	0.007275	28.0
181	-0.463972	338.727561	0.005982	28.1
182	-0.486276	338.008902	0.006707	27.4
183	-0.614736	337.294295	0.006874	29.7
184	-0.805804	336.583703	0.005302	29.0
185	-0.310258	335.877089	0.004558	28.4
186	-0.728057	335.174416	0.005354	27.9
187	-0.383642	334.475651	0.005325	28.1
188	-0.000000	333.780756	0.000000	27.1
189	-0.716936	333.089698	0.006931	28.4
190	0.000000	332.402443	0.000000	28.5
191	-0.952833	331.718955	0.008416	28.8
192	-0.668802	331.039203	0.006332	26.6
193	-0.830855	330.363153	0.005576	29.5
194	-0.000000	329.690771	0.000000	27.4
195	-0.895146	329.022027	0.006648	27.3
196	0.000000	328.356888	0.000000	26.6
197	-0.465476	327.695322	0.006119	28.5
198	-0.737489	327.037299	0.005384	27.0
199	-0.559781	326.382787	0.005871	28.7
200	-0.803071	325.731758	0.009284	28.3
201	-0.063164	325.084179	0.000690	28.6
202	-0.825150	324.440023	0.005170	27.9
203	-0.932953	323.799258	0.009383	27.5
204	-0.137757	323.161858	0.003034	27.8
205	-0.962968	322.527792	0.007567	27.4
206	-0.995101	321.897034	0.009025	27.0
207	-0.708632	321.269554	0.007908	28.7
208	-0.820755	320.645325	0.007805	27.8
209	-0.523500	320.024320	0.005305	28.7
210	-0.529149	319.406512	0.006265	29.1
211	-0.152068	318.791875	0.004771	28.2
212	-0.250002	318.180381	0.005150	28.0
213	-0.025571	317.572005	0.000430	29.6
214	0.000000	316.966721	0.000000	29.2
215	-0.844353	316.364504	0.007132	29.4
216	-0.427469	315.765329	0.005406	26.7
217	-0.758390	315.169170	0.005650	28.6
218	-0.585254	314.576003	0.005215	27.1
219	-0.554725	313.985804	0.007906	28.3
220	-0.849423	313.398548	0.007950	29.9
221	-1.168084	312.814213	0.008040	29.2
222	-0.141661	312.232773	0.001519	27.9
223	-0.000361	311.654207	0.000140	29.3
224	-0.000000	311.078491	0.000000	27.7
225	0.000000	310.505602	0.000000	30.3
226	-0.295127	309.935518	0.005017	28.1
227	0.000000	309.368217	0.000000	27.5
228	-0.069051	308.803676	0.001568	29.0
229	-0.000000	308.241874	0.000000	27.7
230	-0.223120	307.682789	0.003082	28.6
231	-1.001753	307.126400	0.007649	26.4
232	-0.801017	306.572687	0.007191	30.4
233	-1.017635	306.021627	0.007851	27.8
234	-0.447478	305.473201	0.005376	28.0
235	-0.846577	304.927388	0.007449	29.3
236	-0.821344	304.384168	0.006512	29.1
237	-0.520890	303.843521	0.006400	28.8
238	-0.965743	303.305427	0.007384	26.7
239	-0.434223	302.769867	0.005598	29.4
240	-0.177657	302.236821	0.002516	28.6
241	-0.315001	301.706270	0.004633	28.1
242	-1.083043	301.178196	0.007365	26.5
243	-0.695033	300.652580	0.005529	29.8
244	-0.000000	300.129402	0.000000	28.3
245	-0.597388	299.608645	0.005688	30.0
246	-0.469354	299.090291	0.004538	28.1
247	-0.576107	298.574321	0.006673	27.8
248	-0.408780	298.060718	0.007612	28.2
249	-0.015079	297.549465	0.000195	27.1
250	-0.963182	297.040543	0.007816	29.6
251	-0.775693	296.533936	0.005846	29.3
252	-0.780560	296.029626	0.005940	29.9
253	-0.051632	295.527597	0.002199	29.0
254	-0.603969	295.027832	0.007574	28.9
255	0.000000	294.530315	0.000000	29.4
256	-0.000000	294.035028	0.000000	27.9
257	0.000000	293.541956	0.000000	28.4
258	-0.000000	293.051083	0.000000	27.9
259	-0.218511	292.562393	0.004044	28.8
260	-0.420922	292.075870	0.004348	28.8
261	-0.497056	291.591498	0.006164	27.8
262	-0.961222	291.109263	0.007557	28.6
263	-1.073845	290.629149	0.007879	28.7
264	-0.526356	290.151140	0.004335	27.1
265	-0.000686	289.675222	0.000142	29.2
266	-0.240322	289.201380	0.004979	28.6
267	-0.865279	288.729600	0.006496	28.1
268	-0.579886	288.259866	0.008645	26.8
269	-0.889074	287.792165	0.005361	29.6
270	0.000000	287.326481	0.000000	28.1
271	-0.000000	286.862802	0.000000	27.9
272	-0.327600	286.401113	0.005184	28.5
273	-1.093464	285.941400	0.008295	28.2
274	0.000000	285.483649	0.000000	27.6
275	0.000000	285.027847	0.000000	28.7
276	-0.542886	284.573981	0.004431	27.6
277	-0.239215	284.122037	0.003895	29.0
278	0.000000	283.672002	0.000000	28.1
279	-1.040928	283.223863	0.007248	27.8
280	-0.958699	282.777607	0.006492	29.4
281	-0.329848	282.333221	0.003096	28.0
282	-0.929583	281.890692	0.006805	25.9
283	-0.699089	281.450008	0.005603	29.5
284	-0.432814	281.011157	0.003860	28.0
285	-0.692739	280.574125	0.008533	27.7
286	-0.056720	280.138901	0.001387	29.3
287	-0.027606	279.705473	0.000759	28.5
288	-0.749746	279.273829	0.006325	27.1
289	0.000000	278.843956	0.000000	28.4
290	-0.074410	278.415844	0.001632	27.9
291	-0.463519	277.989479	0.005882	27.4
292	-1.167253	277.564851	0.007512	28.4
293	-0.675022	277.141949	0.006506	28.1
294	0.000000	276.720761	0.000000	30.1
295	0.000000	276.301275	0.000000	29.9
296	-0.491702	275.883480	0.005467	29.4
297	-0.748265	275.467366	0.005595	29.2
298	-0.447840	275.052922	0.005314	28.9
299	-0.639421	274.640136	0.005911	29.2
300	-0.386612	274.228998	0.003522	27.9
301	-0.061573	273.819497	0.002860	28.2
302	-0.034259	273.411623	0.001905	28.4
303	-0.680095	273.005365	0.006115	27.8
304	-0.580255	272.600712	0.007829	27.8
305	-0.263724	272.197655	0.002945	29.2
306	-0.616415	271.796184	0.007533	29.1
307	-0.892940	271.396287	0.006935	29.0
308	-0.215218	270.997956	0.002771	28.2
309	-0.925880	270.601180	0.007604	28.5
310	-0.331226	270.205949	0.003055	28.7
311	-0.642653	269.812254	0.007331	28.6
312	-0.161756	269.420085	0.002020	28.1
313	-0.686866	269.029432	0.005323	28.3
314	-1.013506	268.640287	0.006986	28.1
315	-0.761452	268.252638	0.005297	27.1
316	-0.867716	267.866478	0.007111	29.1
317	-0.000000	267.481796	0.000000	28.5
318	-0.275813	267.098584	0.003043	28.1
319	-0.805371	266.716833	0.005323	26.6
320	-0.691413	266.336533	0.007683	29.8
321	-0.966852	265.957676	0.007989	27.8
322	-0.474347	265.580253	0.004816	28.2
323	-0.563512	265.204254	0.006510	28.4
324	-0.237056	264.829672	0.005743	28.0
325	0.000000	264.456497	0.000000	28.1
326	-0.000000	264.084721	0.000000	28.8
327	-0.298639	263.714335	0.003467	27.9
328	-0.988810	263.345332	0.007158	28.2
329	-0.635192	262.977702	0.006092	27.4
330	-0.507811	262.611438	0.004418	28.4
331	-0.915563	262.246531	0.006630	29.0
332	0.000000	261.882973	0.000000	28.0
333	-0.482577	261.520756	0.005264	26.9
334	-1.171284	261.159871	0.008425	28.9
335	-0.617735	260.800312	0.008054	28.4
336	-0.527174	260.442070	0.005536	28.8
337	-0.784060	260.085137	0.005745	28.5
338	-0.875433	259.729505	0.008179	28.5
339	-0.765571	259.375167	0.006714	28.3
340	-0.683242	259.022116	0.005670	27.9
341	-0.001737	258.670343	0.000045	26.9
342	-0.604222	258.319841	0.006504	28.1
343	-0.642750	257.970602	0.007782	27.1
344	-0.751930	257.622620	0.006196	28.1
345	-0.007279	257.275887	0.000323	27.8
346	-1.009142	256.930396	0.007618	28.4
347	-0.248532	256.586139	0.002978	28.4
348	-0.517694	256.243109	0.005691	29.0
349	-0.684945	255.901300	0.006390	28.4
350	-0.592386	255.560703	0.004844	26.9
351	-0.037002	255.221313	0.000770	28.2
352	-0.000000	254.883122	0.000000	28.0
353	-0.101581	254.546124	0.001425	27.3
354	-0.215158	254.210311	0.002066	29.3
355	-0.010992	253.875677	0.000325	28.8
356	-0.486470	253.542215	0.005473	28.3
357	-0.708471	253.209918	0.007422	27.9
358	-0.834632	252.878781	0.005884	28.6
359	-0.728826	252.548795	0.005703	27.6
360	-0.161288	252.219956	0.002947	26.3
361	-0.754300	251.892255	0.007012	28.0
362	-0.263416	251.565688	0.004198	27.1
363	-0.053463	251.240247	0.002366	28.1
364	-0.366313	250.915926	0.003810	28.8
365	-0.728634	250.592720	0.008311	28.3
366	-0.003405	250.270621	0.000242	27.9
367	-0.823038	249.949624	0.007721	27.7
368	-0.402219	249.629723	0.005155	27.9
369	-0.216543	249.310911	0.003547	26.7
370	-0.880382	248.993182	0.006299	27.6
371	-0.366465	248.676531	0.002737	29.2
372	-1.022656	248.360952	0.006710	29.6
373	-0.491519	248.046438	0.005735	29.6
374	-0.904811	247.732984	0.006565	28.6
375	-1.031124	247.420584	0.008070	28.8
376	-0.741839	247.109233	0.006489	29.4
377	-0.000000	246.798924	0.000000	28.2
378	-0.521598	246.489652	0.006233	27.3
379	0.000000	246.181412	0.000000	29.5
380	-0.524529	245.874197	0.006555	27.6
381	-0.758112	245.568002	0.005742	29.0
382	0.000000	245.262822	0.000000	27.8
383	-0.481466	244.958652	0.004964	27.7
384	-0.688649	244.655485	0.004522	26.7
385	-0.876231	244.353317	0.005827	29.3
386	-0.272568	244.052142	0.005236	27.8
387	-0.552337	243.751955	0.005135	29.7
388	-0.802483	243.452750	0.007638	29.1
389	-0.000000	243.154523	0.000000	26.3
390	-0.812766	242.857268	0.006496	29.2
391	-0.522342	242.560980	0.005562	27.5
392	-0.114561	242.265654	0.002168	27.8
393	-0.828476	241.971285	0.006046	27.4
394	-0.804032	241.677868	0.007100	27.9
395	-0.496118	241.385397	0.004444	27.6
396	-0.359450	241.093869	0.004550	27.3
397	-0.000000	240.803278	0.000000	27.2
398	-0.610924	240.513619	0.006430	27.8
399	-0.487648	240.224887	0.006734	28.6
400	-0.029580	239.937077	0.000715	28.7
401	-0.885427	239.650186	0.007836	28.1
402	-0.879032	239.364207	0.005868	26.9
403	-0.005020	239.079136	0.001613	29.1
404	0.000000	238.794969	0.000000	28.4
405	-0.000000	238.511701	0.000000	28.2
406	-0.000000	238.229327	0.000000	27.7
407	-0.705187	237.947843	0.006228	27.6
408	-0.000000	237.667244	0.000000	28.5
409	-0.013749	237.387526	0.003199	26.5
410	-0.000000	237.108684	0.000000	28.9
411	-0.000000	236.830714	0.000000	26.0
412	0.000000	236.553610	0.000000	32.2
413	-0.837139	236.277370	0.005332	28.1
414	-0.014800	236.001989	0.000909	27.4
415	-0.987242	235.727461	0.007023	26.9
416	-0.665626	235.453784	0.008424	29.7
417	-0.000000	235.180952	0.000000	26.2
418	-0.868307	234.908962	0.007115	27.7
419	-0.647429	234.637809	0.006394	28.5
420	-0.008592	234.367488	0.000000	27.5
421	-0.907671	234.097997	0.005912	28.1
422	0.000000	233.829331	0.000000	27.3
423	0.000000	233.561485	0.000000	29.5
424	-0.837242	233.294456	0.006100	28.3
425	-0.467933	233.028239	0.005141	28.3
426	-0.939607	232.762831	0.007746	28.4
427	-0.641375	232.498228	0.006790	27.1
428	-0.000000	232.234425	0.000000	28.0
429	-0.404766	231.971419	0.006537	27.1
430	-0.040760	231.709205	0.001182	28.6
431	-0.899346	231.447781	0.007521	28.2
432	-0.000000	231.187141	0.000000	28.3
433	0.000000	230.927283	0.000000	28.4
434	-0.897974	230.668202	0.007264	28.0
435	-0.849038	230.409895	0.008519	27.0
436	-0.590399	230.152358	0.005097	29.3
437	-0.933658	229.895587	0.008416	29.3
438	-0.444729	229.639578	0.006342	29.0
439	-0.930092	229.384329	0.007342	28.4
440	-0.531213	229.129834	0.005870	28.7
441	-0.677399	228.876091	0.006218	27.9
442	-0.903493	228.623096	0.005503	27.2
443	-0.045360	228.370846	0.001028	28.7
444	-0.400707	228.119336	0.004421	29.4
445	-0.246565	227.868563	0.003592	28.9
446	-0.586102	227.618525	0.005433	27.4
447	-0.000003	227.369216	0.000005	29.1
448	-0.797045	227.120635	0.006180	28.5
449	-0.754505	226.872777	0.005292	28.2
450	-0.576436	226.625638	0.005106	27.8
451	-0.079395	226.379217	0.001104	26.8
452	-0.338655	226.133509	0.004342	28.6
453	0.000000	225.888510	0.000000	28.3
454	-0.321480	225.644218	0.004122	28.6
455	-1.002310	225.400630	0.007430	28.4
456	-0.419946	225.157741	0.005724	26.9
457	-0.659992	224.915549	0.003606	28.6
458	-0.000000	224.674051	0.000000	29.1
459	-0.834213	224.433242	0.006085	27.1
460	-0.357429	224.193121	0.006792	28.5
461	-0.000000	223.953684	0.000000	28.3
462	-0.000000	223.714927	0.000000	29.5
463	0.000000	223.476848	0.000000	27.9
464	-0.805727	223.239444	0.006193	28.8
465	-0.725568	223.002710	0.006075	28.8
466	-0.431439	222.766645	0.006070	28.6
467	-0.663669	222.531245	0.006004	27.4
468	-0.676339	222.296508	0.004978	28.3
469	-0.625676	222.062429	0.004988	30.2
470	-0.257883	221.829007	0.004224	28.9
471	-0.565848	221.596238	0.006016	28.5
472	-0.898222	221.364119	0.005854	28.7
473	-0.432350	221.132647	0.006533	29.0
474	0.000000	220.901820	0.000000	28.4
475	-0.050286	220.671634	0.001327	29.2
476	-0.668002	220.442086	0.006184	27.3
477	-0.468433	220.213174	0.003890	29.0
478	-0.412831	219.984895	0.005090	27.7
479	-0.768501	219.757246	0.005742	28.5
480	-0.669933	219.530224	0.008331	29.1
481	-0.604503	219.303826	0.006993	28.5
482	-0.733107	219.078050	0.005247	28.0
483	0.000000	218.852893	0.000000	28.0
484	-0.010186	218.628352	0.000979	27.6
485	-0.131967	218.404424	0.002139	28.7
486	-0.741855	218.181106	0.007918	28.1
487	-0.000000	217.958397	0.000000	28.7
488	-0.586656	217.736292	0.006062	28.8
489	-0.278040	217.514790	0.004959	28.7
490	-0.038827	217.293888	0.001717	26.3
491	-0.000000	217.073584	0.000000	29.5
492	-0.442341	216.853873	0.005319	28.3
493	-0.220649	216.634755	0.003144	28.1
494	-0.168060	216.416227	0.002581	28.4
495	-0.000000	216.198285	0.000000	28.1
496	-0.128245	215.980927	0.001909	29.1
497	-0.971243	215.764151	0.006796	28.1
498	-0.248328	215.547955	0.003284	28.4
499	-0.608469	215.332335	0.006077	28.8
500	-0.683533	215.117289	0.007027	27.7
501	-0.805754	214.902815	0.007090	28.7
502	-0.107994	214.688911	0.001496	28.9
503	-0.946933	214.475573	0.006739	28.7
504	-0.850651	214.262800	0.005238	27.1
505	0.000000	214.050588	0.000000	28.6
506	-0.085411	213.838936	0.000914	28.8
507	-0.178201	213.627842	0.002747	28.4
508	-0.776620	213.417302	0.006150	27.8
509	-0.609856	213.207314	0.006193	27.6
510	-0.681753	212.997877	0.006155	29.0
511	-0.786729	212.788987	0.007795	28.6
512	-0.365306	212.580642	0.005560	28.6
513	-0.050471	212.372841	0.001456	29.4
514	-0.000000	212.165581	0.000000	27.8
515	-0.815825	211.958859	0.005995	28.6
516	-1.018779	211.752673	0.007446	26.9
517	-0.344398	211.547021	0.007843	29.7
518	-0.060725	211.341902	0.003837	27.9
519	-0.000810	211.137311	0.000110	29.1
520	0.000000	210.933248	0.000000	29.6
521	-0.822319	210.729710	0.006116	29.2
522	-1.118251	210.526695	0.007432	29.3
523	-0.403271	210.324200	0.005190	28.1
524	-0.192335	210.122224	0.005073	28.9
525	-0.286573	209.920765	0.002378	28.2
526	-0.920958	209.719820	0.007270	28.2
527	-0.000009	209.519387	0.000008	27.6
528	-0.206094	209.319463	0.002612	28.9
529	-0.132448	209.120048	0.001580	27.9
530	-0.187461	208.921139	0.003222	27.0
531	-0.703269	208.722733	0.004319	28.1
532	-0.702684	208.524829	0.005556	30.3
533	0.000000	208.327425	0.000000	29.2
534	-0.716277	208.130518	0.005987	26.0
535	-0.705594	207.934107	0.006245	29.1
536	0.000000	207.738189	0.000000	28.2
537	0.000000	207.542762	0.000000	29.6
538	-0.000109	207.347825	0.000048	26.8
539	-0.000000	207.153376	0.000000	28.9
540	-0.679099	206.959412	0.005672	28.1
541	-0.000000	206.765932	0.000000	27.8
542	-0.502658	206.572933	0.003642	28.8
543	-0.845340	206.380414	0.005126	29.1
544	-0.022997	206.188373	0.001758	27.3
545	-0.439248	205.996807	0.005080	28.7
546	-0.538072	205.805716	0.006177	28.9
547	-0.553473	205.615096	0.005955	28.0
548	-0.000000	205.424946	0.000000	27.2
549	-0.564066	205.235265	0.004856	28.5
550	-0.769059	205.046050	0.006612	28.4
551	-0.705857	204.857299	0.005849	29.6
552	-0.601518	204.669011	0.005231	27.3
553	-0.985593	204.481184	0.007663	28.7
554	-0.537195	204.293816	0.006542	28.4
555	-0.669813	204.106905	0.007213	27.5
556	-1.029235	203.920449	0.007143	27.7
557	-0.432185	203.734447	0.005551	29.1
558	0.000000	203.548896	0.000000	28.2
559	-0.746814	203.363795	0.006427	26.8
560	-0.975104	203.179143	0.006635	29.6
561	-0.723841	202.994937	0.007667	28.3
562	-0.000000	202.811176	0.000000	28.2
563	-0.652908	202.627857	0.004895	27.5
564	-0.291472	202.444980	0.003726	30.7
565	-0.926748	202.262543	0.006645	28.4
566	-0.108093	202.080543	0.002895	29.3
567	-0.807350	201.898979	0.006788	27.8
568	-0.386042	201.717849	0.004625	29.0
569	-0.690630	201.537153	0.004222	28.3
570	-0.541586	201.356887	0.006202	27.5
571	-0.005701	201.177050	0.000463	29.8
572	-0.000000	200.997642	0.000000	29.3
573	-0.936171	200.818659	0.005696	30.3
574	-0.584900	200.640100	0.006006	26.7
575	-0.488493	200.461965	0.005763	29.6
576	-0.000000	200.284250	0.000000	27.4
577	-0.755455	200.106955	0.007120	28.7
578	-0.898900	199.930078	0.005819	27.6
579	-0.001136	199.753617	0.000108	28.5
580	-0.012346	199.577571	0.000494	28.6
581	-0.007232	199.401938	0.000174	28.2
582	-0.772207	199.226717	0.004923	29.1
583	-0.827253	199.051905	0.006686	28.8
584	-0.270354	198.877502	0.005072	29.1
585	0.000000	198.703506	0.000000	27.4
586	-0.435002	198.529916	0.004635	28.8
587	-0.633782	198.356729	0.007262	28.9
588	-0.490786	198.183944	0.006661	28.0
589	-0.268937	198.011560	0.003606	28.3
590	-0.440477	197.839576	0.006096	27.1
591	-0.157631	197.667989	0.002293	29.7
592	0.000000	197.496798	0.000000	27.2
593	-0.560687	197.326002	0.007567	29.5
594	-0.000420	197.155600	0.000104	30.5
595	-0.586277	196.985589	0.005936	30.4
596	-0.238488	196.815969	0.002833	29.7
597	-0.457744	196.646738	0.007036	29.9
598	-0.769410	196.477894	0.004745	32.6
599	-0.000000	196.309436	0.000000	30.7
600	-0.001957	196.141363	0.000263	28.8
601	-0.936787	195.973673	0.007285	29.1
602	-1.036675	195.806365	0.006230	28.6
603	0.000000	195.639437	0.000000	28.2
604	-0.345614	195.472888	0.004783	29.5
605	-0.955071	195.306717	0.006768	29.4
606	-0.039863	195.140922	0.000711	31.0
607	0.000000	194.975501	0.000000	30.6
608	-0.000000	194.810454	0.000000	29.7
609	-0.823734	194.645779	0.005043	27.7
610	-0.983777	194.481475	0.007185	29.5
611	-0.652366	194.317540	0.007304	29.2
612	-0.583143	194.153973	0.005231	27.9
613	-0.183246	193.990773	0.003110	28.5
614	0.000000	193.827938	0.000000	28.8
615	-0.000000	193.665467	0.000000	29.7
616	0.000000	193.503358	0.000000	29.0
617	-0.865501	193.341611	0.005733	27.3
618	-0.076447	193.180224	0.002384	29.3
619	-0.257641	193.019196	0.004966	31.2
620	-0.302982	192.858525	0.003059	29.7
621	-0.317329	192.698210	0.004508	29.5
622	-0.874307	192.538251	0.007330	28.5
623	-0.005383	192.378644	0.000316	27.8
624	-0.645963	192.219391	0.006717	28.2
625	-0.788496	192.060488	0.007520	28.9
626	-0.670286	191.901935	0.006952	27.2
627	-0.498198	191.743730	0.005786	31.2
628	-0.141993	191.585873	0.001790	29.9
629	-0.684714	191.428362	0.006640	29.4
630	-0.759793	191.271196	0.005447	30.4
631	0.000000	191.114374	0.000000	29.0
632	-1.030361	190.957893	0.007165	30.4
633	-0.755616	190.801755	0.007143	28.6
634	-0.407750	190.645956	0.006059	28.9
635	-1.037694	190.490495	0.006754	29.3
636	-0.037656	190.335373	0.000301	28.2
637	-0.645651	190.180587	0.006098	28.9
638	-0.604908	190.026136	0.005237	29.1
639	-0.000000	189.872019	0.000000	26.9
640	-0.000000	189.718235	0.000000	29.4
641	-0.774984	189.564782	0.005588	29.5
642	-0.051184	189.411661	0.000614	28.9
643	-0.654253	189.258868	0.008571	29.1
644	-0.425923	189.106404	0.004154	29.7
645	-0.148466	188.954267	0.002259	30.2
646	-0.817901	188.802456	0.009055	28.8
647	-0.820863	188.650969	0.005770	28.4
648	-0.820758	188.499807	0.005933	28.7
649	0.000000	188.348967	0.000000	27.9
650	-0.278172	188.198448	0.003172	30.4
651	-0.265758	188.048250	0.004107	28.8
652	-0.799451	187.898371	0.006161	27.8
653	-0.072669	187.748810	0.001828	27.9
654	-0.548434	187.599566	0.006469	27.4
655	-0.000000	187.450638	0.000000	28.1
656	-0.642230	187.302025	0.004627	29.0
657	0.000000	187.153725	0.000000	31.0
658	-0.873247	187.005739	0.007083	29.9
659	-0.767282	186.858064	0.009094	29.6
660	-0.887684	186.710699	0.006907	29.0
661	-0.365584	186.563645	0.005428	29.3
662	0.000000	186.416898	0.000000	28.7
663	0.000000	186.270459	0.000000	27.7
664	-0.786406	186.124326	0.005389	27.8
665	-0.521106	185.978499	0.005676	27.6
666	-0.972152	185.832976	0.006519	29.4
667	-0.546359	185.687756	0.006493	27.9
668	-0.785997	185.542838	0.007454	29.6
669	-0.818035	185.398222	0.006629	30.1
670	-1.010619	185.253906	0.007250	28.6
671	0.000000	185.109889	0.000000	28.2
672	-0.688394	184.966170	0.007083	27.5
673	0.000000	184.822748	0.000000	30.0
674	-0.000000	184.679623	0.000000	34.5
675	-0.426767	184.536792	0.005744	32.7
676	-0.556510	184.394256	0.007111	29.7
677	-0.362101	184.252013	0.003142	29.2
678	-0.000000	184.110062	0.000000	28.7
679	-0.738629	183.968403	0.005045	27.6
680	-1.038928	183.827034	0.006511	29.5
681	-0.377277	183.685954	0.003636	27.2
682	-0.504787	183.545163	0.004964	28.4
683	-0.023773	183.404658	0.000924	28.2
684	-0.170906	183.264441	0.002266	27.7
685	-0.594905	183.124509	0.005582	27.3
686	-0.467546	182.984861	0.004690	26.9
687	-0.680448	182.845497	0.007368	29.1
688	0.000000	182.706416	0.000000	27.3
689	-0.000000	182.567616	0.000000	28.1
690	-0.000000	182.429098	0.000000	29.0
691	-0.472939	182.290859	0.005479	28.3
692	-0.355868	182.152899	0.003624	26.3
693	-0.671629	182.015217	0.007026	29.8
694	-0.494811	181.877813	0.004460	29.7
695	0.000000	181.740684	0.000000	28.0
696	-0.519320	181.603832	0.006393	29.8
697	0.000000	181.467253	0.000000	29.3
698	-0.285101	181.330948	0.002464	30.5
699	-0.250673	181.194916	0.003661	28.6
700	-0.769990	181.059155	0.006211	29.1
701	0.000000	180.923666	0.000000	27.5
702	-1.051089	180.788446	0.007791	29.4
703	-0.000000	180.653496	0.000000	30.9
704	-0.815215	180.518814	0.006904	28.8
705	-0.210711	180.384399	0.003415	28.8
706	-0.165976	180.250251	0.002359	28.4
707	-0.920203	180.116369	0.007222	30.2
708	-0.985614	179.982752	0.006268	30.0
709	-0.517376	179.849398	0.005629	29.5
710	-0.720790	179.716308	0.006481	28.2
711	-0.715119	179.583480	0.006860	29.0
712	-0.734556	179.450913	0.007274	27.0
713	-0.602630	179.318607	0.006077	30.1
714	-0.709187	179.186561	0.007559	29.9
715	-0.561285	179.054774	0.004190	29.4
716	-0.888484	178.923245	0.006078	29.5
717	-0.161448	178.791973	0.003098	29.6
718	-0.709845	178.660958	0.007538	30.1
719	-0.616363	178.530199	0.006427	28.4
720	-0.910720	178.399694	0.006974	29.7
721	0.000000	178.269444	0.000000	28.3
722	-0.526030	178.139447	0.005603	29.0
723	-0.523750	178.009702	0.006731	27.5
724	-0.048209	177.880209	0.001983	29.6
725	-0.396922	177.750967	0.005553	31.2
726	-0.595498	177.621975	0.008059	30.5
727	-0.687822	177.493232	0.004181	30.0
728	-0.219516	177.364738	0.002965	27.7
729	-0.693892	177.236492	0.007211	27.9
730	-0.914149	177.108492	0.005096	29.6
731	-0.876149	176.980739	0.007455	26.5
732	-0.059274	176.853231	0.001516	27.6
733	-0.670911	176.725968	0.007370	28.0
734	-0.476201	176.598949	0.005599	28.7
735	-0.103955	176.472173	0.001812	28.8
736	-0.599272	176.345639	0.007335	28.5
737	-0.253417	176.219348	0.004523	31.2
738	-0.000000	176.093296	0.000000	31.3
739	-0.458212	175.967486	0.005916	30.3
740	-0.222589	175.841914	0.002939	27.4
741	-0.735874	175.716581	0.005333	28.9
742	-0.000000	175.591486	0.000000	29.2
743	-0.405149	175.466629	0.005872	28.3
744	-0.800418	175.342008	0.005205	28.0
745	0.000000	175.217622	0.000000	29.4
746	-0.747226	175.093472	0.009239	30.1
747	-0.308343	174.969556	0.003552	28.4
748	-0.932252	174.845873	0.006048	31.5
749	-0.980120	174.722423	0.007418	27.7
750	-0.925420	174.599206	0.005812	30.9
751	-0.012125	174.476220	0.001698	27.4
752	-0.770478	174.353464	0.007359	28.7
753	-0.071685	174.230939	0.001139	27.4
754	-0.494070	174.108643	0.003795	28.4
755	-0.152371	173.986576	0.002506	28.4
756	-0.862045	173.864737	0.005767	26.8
757	-0.081134	173.743124	0.002227	27.5
758	-0.353702	173.621739	0.004837	27.4
759	0.000000	173.500579	0.000000	28.1
760	-0.232468	173.379645	0.003178	29.1
761	-0.000000	173.258935	0.000000	30.8
762	-0.949020	173.138449	0.009518	30.1
763	-0.052774	173.018186	0.001359	28.9
764	-0.432826	172.898146	0.007760	27.7
765	-0.440436	172.778327	0.004331	29.1
766	-0.926684	172.658730	0.007349	27.5
767	-0.060970	172.539353	0.000359	26.6
768	-0.640544	172.420196	0.005233	28.6
769	-0.000000	172.301258	0.000000	28.5
770	-0.608798	172.182539	0.006127	28.5
771	-0.363030	172.064037	0.003186	27.7
772	-0.423576	171.945753	0.004934	28.7
773	-0.799459	171.827686	0.006057	28.2
774	-0.748428	171.709834	0.005774	27.8
775	0.000000	171.592198	0.000000	26.3
776	-0.823421	171.474776	0.005357	28.5
777	-0.080548	171.357568	0.002669	26.5
778	-0.414790	171.240574	0.005574	28.5
779	-0.000000	171.123793	0.000000	29.7
780	-0.643186	171.007223	0.006286	30.6
781	-0.761325	170.890865	0.006770	26.3
782	-0.006947	170.774718	0.000179	28.7
783	-0.000000	170.658782	0.000000	27.9
784	-0.428053	170.543055	0.006461	26.7
785	-0.015814	170.427537	0.001314	28.1
786	-0.026978	170.312227	0.001186	28.3
787	-0.706340	170.197125	0.007252	29.0
788	-0.081568	170.082231	0.002191	26.6
789	-0.825856	169.967543	0.006726	29.4
790	-0.882070	169.853061	0.007650	26.7
791	-0.136476	169.738784	0.003612	27.1
792	-0.948427	169.624713	0.007476	27.2
793	0.000000	169.510845	0.000000	27.8
794	-0.273578	169.397181	0.004544	27.4
795	-0.398672	169.283720	0.003490	27.7
796	-0.585026	169.170462	0.004925	27.3
797	-0.000000	169.057405	0.000000	28.0
798	-0.789621	168.944549	0.004781	28.2
799	-0.000000	168.831895	0.000000	27.9
800	-0.707065	168.719440	0.005388	27.2
801	-0.000000	168.607185	0.000000	27.1
802	-0.033876	168.495129	0.000322	28.5
803	-0.479737	168.383271	0.005628	26.4
804	-0.008263	168.271611	0.000624	28.5
805	-0.804556	168.160148	0.005311	29.0
806	-0.711623	168.048882	0.006925	25.9
807	-0.733147	167.937812	0.005068	27.6
808	-0.898611	167.826938	0.005146	28.4
809	-0.659492	167.716258	0.006005	27.8
810	-0.411147	167.605773	0.004790	27.2
811	-0.814109	167.495482	0.007864	27.0
812	-0.701970	167.385384	0.006514	29.3
813	-0.053379	167.275479	0.002046	27.6
814	-0.698052	167.165766	0.005643	29.2
815	-0.857363	167.056245	0.007125	28.7
816	-0.113007	166.946915	0.000986	28.9
817	-0.000000	166.837776	0.000000	27.8
818	-0.939264	166.728826	0.007460	28.8
819	-0.000000	166.620067	0.000000	27.4
820	-0.956549	166.511496	0.006579	28.2
821	0.000000	166.403113	0.000000	28.5
822	0.000000	166.294919	0.000000	28.4
823	-0.627831	166.186912	0.005294	28.4
824	-0.882585	166.079091	0.006112	27.1
825	-0.477889	165.971458	0.003237	29.7
826	-0.453051	165.864009	0.006322	27.0
827	-0.035043	165.756747	0.000241	28.2
828	-0.859545	165.649669	0.005158	28.2
829	-0.170539	165.542775	0.002238	28.7
830	-0.000000	165.436065	0.000000	27.1
831	-0.483245	165.329538	0.007355	27.9
832	-1.105759	165.223194	0.007219	27.2
833	-0.005093	165.117032	0.000533	28.1
834	-0.525452	165.011052	0.007352	27.5
835	-0.984222	164.905253	0.006748	28.1
836	-0.000000	164.799635	0.000000	27.8
837	-0.879378	164.694197	0.008070	27.2
838	-0.860567	164.588939	0.006420	28.1
839	-0.217696	164.483859	0.003651	27.6
840	-0.001245	164.378959	0.000149	28.5
841	-0.813989	164.274237	0.005890	27.6
842	-0.042233	164.169692	0.002621	28.4
843	-0.510429	164.065325	0.005714	27.8
844	-0.671299	163.961135	0.007338	28.5
845	-0.639510	163.857120	0.006476	28.2
846	-0.872539	163.753282	0.007053	26.8
847	-0.176134	163.649619	0.003123	27.7
848	-0.000008	163.546130	0.000007	29.0
849	-0.753880	163.442816	0.005254	27.9
850	-0.304709	163.339676	0.005816	27.1
851	-0.858629	163.236709	0.005273	28.7
852	-0.675797	163.133915	0.005809	27.7
853	-0.000000	163.031294	0.000000	27.5
854	0.000000	162.928844	0.000000	27.3
855	-0.000000	162.826566	0.000000	28.2
856	0.000000	162.724459	0.000000	27.4
857	0.000000	162.622523	0.000000	28.1
858	-0.925450	162.520757	0.005236	27.3
859	-0.392127	162.419160	0.003273	29.2
860	-0.789797	162.317733	0.008236	26.7
861	-0.917691	162.216474	0.005370	28.4
862	-0.000000	162.115383	0.000000	27.4
863	-0.732268	162.014461	0.004709	28.3
864	0.000000	161.913705	0.000000	25.5
865	-0.000000	161.813117	0.000000	28.5
866	-0.000000	161.712695	0.000000	27.5
867	-0.481558	161.612439	0.006156	28.8
868	-0.898192	161.512349	0.007076	28.8
869	-0.749164	161.412424	0.007560	28.3
870	0.000000	161.312663	0.000000	25.9
871	-0.000268	161.213067	0.000107	29.1
872	-0.348256	161.113635	0.004594	27.1
873	-0.634049	161.014366	0.006746	25.8
874	-0.644238	160.915260	0.005017	29.3
875	0.000000	160.816316	0.000000	27.3
876	-1.017625	160.717535	0.005382	28.3
877	-0.797090	160.618915	0.006032	28.3
878	-0.811625	160.520456	0.007286	29.5
879	-0.516142	160.422158	0.005603	25.7
880	-0.574863	160.324021	0.006448	28.4
881	-1.072181	160.226043	0.006712	28.6
882	-0.905090	160.128225	0.007325	27.5
883	-0.014060	160.030566	0.000769	28.4
884	-0.014797	159.933066	0.001269	26.6
885	-0.193880	159.835723	0.004257	28.2
886	-0.471142	159.738539	0.006265	28.4
887	-0.611970	159.641512	0.004718	28.4
888	-0.721542	159.544642	0.005182	29.0
889	-0.836426	159.447929	0.005143	27.6
890	-0.787891	159.351372	0.004409	28.8
891	-0.395828	159.254971	0.005762	27.7
892	-0.144070	159.158725	0.003031	28.0
893	-0.283904	159.062634	0.003495	28.2
894	-0.389927	158.966697	0.005160	28.5
895	-0.000001	158.870915	0.000001	27.7
896	-0.423434	158.775286	0.005404	26.6
897	-0.767170	158.679811	0.005943	28.0
898	0.000000	158.584489	0.000000	28.4
899	-0.003988	158.489319	0.000071	27.1
900	-0.908283	158.394302	0.006688	28.7
901	0.000000	158.299436	0.000000	28.8
902	-0.570073	158.204721	0.006023	28.8
903	-0.895832	158.110158	0.007750	26.1
904	-0.969309	158.015745	0.007004	28.5
905	-0.557402	157.921482	0.007622	27.2
906	-0.143326	157.827369	0.001772	26.9
907	-0.439771	157.733406	0.003271	28.7
908	-0.187312	157.639591	0.001861	27.2
909	-0.453547	157.545925	0.005582	27.9
910	-0.344117	157.452408	0.005110	28.4
911	-0.577337	157.359038	0.007409	28.7
912	-0.640050	157.265816	0.006713	27.9
913	-0.819954	157.172741	0.005693	28.6
914	-0.461096	157.079813	0.005095	27.2
915	-0.000001	156.987031	0.000000	27.5
916	-0.460495	156.894395	0.005146	28.0
917	-0.472417	156.801904	0.005369	28.7
918	-0.319719	156.709559	0.004860	27.7
919	-0.027217	156.617359	0.000250	27.2
920	-0.815194	156.525304	0.005967	27.1
921	-0.839341	156.433392	0.005057	28.2
922	-0.191316	156.341624	0.006301	26.8
923	-0.522369	156.250000	0.006229	29.3
924	-0.335432	156.158519	0.004133	28.3
925	-0.476188	156.067180	0.004735	28.3
926	-0.023027	155.975984	0.002279	25.8
927	0.000000	155.884930	0.000000	29.0
928	-0.771447	155.794017	0.005388	29.1
929	-1.047693	155.703246	0.007671	27.0
930	-0.418216	155.612615	0.004496	29.3
931	-0.566139	155.522125	0.005187	28.3
932	-0.916441	155.431775	0.006689	27.1
933	-0.681372	155.341565	0.006925	27.9
934	-0.862679	155.251495	0.005659	28.4
935	-0.456957	155.161563	0.005836	27.7
936	-1.074481	155.071771	0.007502	27.9
937	-0.827831	154.982117	0.006281	27.5
938	-0.662798	154.892601	0.006628	28.9
939	-0.870249	154.803222	0.005470	26.4
940	-0.458617	154.713981	0.005485	28.8
941	0.000000	154.624878	0.000000	28.3
942	-0.886919	154.535910	0.006187	28.1
943	-0.000011	154.447080	0.000030	26.7
944	-0.348262	154.358385	0.003182	29.3
945	-0.441517	154.269826	0.006707	27.7
946	-0.158473	154.181402	0.002362	27.9
947	-0.502532	154.093114	0.004512	28.1
948	-0.716019	154.004960	0.005981	28.2
949	-0.320118	153.916940	0.003847	26.5
950	-0.000000	153.829054	0.000000	28.0
951	-0.000000	153.741303	0.000000	28.2
952	-0.297380	153.653684	0.004123	27.2
953	-0.881371	153.566198	0.006574	28.7
954	-0.060233	153.478846	0.002776	28.0
955	-0.812569	153.391625	0.007608	28.4
956	0.000000	153.304537	0.000000	28.0
957	-0.779669	153.217580	0.006269	28.0
958	0.000000	153.130755	0.000000	27.7
959	-0.695171	153.044061	0.003503	27.9
960	-0.000000	152.957498	0.000000	27.1
961	-0.910412	152.871065	0.006445	28.5
962	-0.540664	152.784762	0.007082	26.6
963	-0.804690	152.698589	0.005262	28.5
964	-0.556088	152.612545	0.007710	28.6
965	-0.634233	152.526631	0.006747	29.0
966	-0.857859	152.440845	0.007970	27.2
967	0.000000	152.355188	0.000000	29.4
968	-0.498337	152.269660	0.005101	28.1
969	-0.507598	152.184259	0.005397	30.7
970	-0.341133	152.098986	0.004595	29.3
971	-0.000000	152.013840	0.000000	29.6
972	-0.598182	151.928821	0.006682	29.5
973	-1.119758	151.843928	0.007669	28.8
974	-0.679244	151.759163	0.007367	27.4
975	-0.000000	151.674523	0.000000	28.9
976	-0.574601	151.590009	0.007398	29.1
977	-0.868076	151.505620	0.006469	28.4
978	-0.022207	151.421357	0.001925	28.7
979	-0.774217	151.337218	0.004995	28.2
980	-0.000000	151.253204	0.000000	29.9
981	-0.332993	151.169314	0.004697	28.6
982	0.000000	151.085549	0.000000	28.3
983	-0.278154	151.001907	0.003323	29.9
984	-0.716158	150.918388	0.006314	29.8
985	-0.771669	150.834992	0.005611	28.9
986	-0.000000	150.751719	0.000000	27.4
987	-0.711433	150.668569	0.006692	28.1
988	-0.777085	150.585541	0.006681	28.9
989	-0.627505	150.502634	0.006011	28.4
990	-0.589854	150.419849	0.005688	26.3
991	-0.000000	150.337186	0.000000	29.2
992	-0.000000	150.254644	0.000000	26.9
993	-0.000000	150.172222	0.000000	28.5
994	-0.719736	150.089921	0.007433	27.5
995	-0.333602	150.007740	0.002893	28.3
996	-0.346886	149.925679	0.003016	27.8
997	-0.722321	149.843737	0.005808	28.4
998	-0.152406	149.761915	0.002425	28.6
999	-0.001934	149.680212	0.000092	27.7
1000	-0.676051	149.598627	0.007068	28.2
1001	-0.955869	149.517161	0.006312	28.3
1002	0.000000	149.435814	0.000000	27.8
1003	-0.000000	149.354584	0.000000	26.6
1004	-0.357958	149.273472	0.003353	28.3
1005	-0.920033	149.192477	0.005782	27.7
1006	-0.654533	149.111599	0.006628	26.3
1007	-0.937017	149.030838	0.005728	29.0
1008	-0.548043	148.950194	0.007496	27.6
1009	-0.927821	148.869666	0.006584	27.8
1010	0.000000	148.789253	0.000000	28.3
1011	-0.799044	148.708957	0.007250	28.2
1012	-0.223164	148.628776	0.004010	27.6
1013	-0.000000	148.548710	0.000000	27.6
1014	-0.833833	148.468759	0.005692	27.2
1015	-0.856590	148.388923	0.005692	27.6
1016	0.000000	148.309201	0.000000	27.7
1017	-0.506296	148.229594	0.006657	27.6
1018	-0.856167	148.150100	0.004749	28.4
1019	-0.000000	148.070719	0.000000	25.9
1020	-0.045109	147.991452	0.002127	28.7
1021	-0.077720	147.912298	0.000431	27.7
1022	-0.368866	147.833257	0.004931	27.2
1023	-0.746981	147.754329	0.006666	28.6
1024	-0.875539	147.675512	0.005856	29.0
1025	-0.005157	147.596808	0.000377	28.7
1026	-0.487015	147.518216	0.006626	27.8
1027	-0.773147	147.439735	0.007774	28.7
1028	-0.726167	147.361365	0.005524	27.7
1029	-0.981147	147.283106	0.007811	28.5
1030	-0.913358	147.204958	0.007218	26.5
1031	-0.000235	147.126920	0.000012	28.5
1032	0.000000	147.048993	0.000000	28.7
1033	-0.002052	146.971175	0.000143	28.0
1034	-0.224592	146.893468	0.003663	29.1
1035	0.000000	146.815869	0.000000	27.5
1036	-0.835391	146.738380	0.005869	27.6
1037	-0.918462	146.661000	0.006532	27.4
1038	-0.367830	146.583729	0.004290	28.4
1039	-0.822092	146.506566	0.006985	27.9
1040	-0.008975	146.429511	0.000191	28.6
1041	-0.514644	146.352565	0.007291	29.0
1042	-0.634225	146.275726	0.006045	27.6
1043	-0.370732	146.198994	0.006359	28.4
1044	-0.887948	146.122370	0.006594	27.5
1045	-0.000000	146.045853	0.000000	28.2
1046	-0.943431	145.969442	0.006110	27.4
1047	-0.557037	145.893139	0.005678	28.5
1048	0.000000	145.816941	0.000000	28.8
1049	-0.776221	145.740849	0.004931	27.1
1050	-0.248624	145.664863	0.005129	27.9
1051	-0.378222	145.588983	0.003985	28.4
1052	-0.948566	145.513208	0.007617	27.2
1053	-0.983024	145.437538	0.005988	27.7
1054	0.000000	145.361973	0.000000	28.8
1055	-0.006642	145.286513	0.000510	27.8
1056	-0.000000	145.211157	0.000000	27.8
1057	-0.761834	145.135905	0.005848	28.4
1058	-0.698799	145.060757	0.005743	27.6
1059	-0.000000	144.985712	0.000000	26.6
1060	-0.497438	144.910771	0.004230	28.9
1061	-0.335418	144.835934	0.004535	29.5
1062	-0.033618	144.761199	0.006270	28.4
1063	-0.419166	144.686567	0.003301	26.5
1064	-0.515615	144.612037	0.007997	29.3
1065	-0.794850	144.537610	0.007830	27.8
1066	0.000000	144.463285	0.000000	27.5
1067	-0.259057	144.389062	0.004124	28.1
1068	-0.676648	144.314940	0.005315	29.1
1069	-0.610754	144.240920	0.008539	28.6
1070	-0.218245	144.167001	0.003912	26.3
1071	-0.000000	144.093182	0.000000	29.5
1072	-0.629061	144.019465	0.007278	28.5
1073	-0.541709	143.945848	0.006105	26.9
1074	0.000000	143.872331	0.000000	29.1
1075	-0.573777	143.798914	0.005245	27.6
1076	-0.041771	143.725597	0.001154	28.4
1077	-0.805656	143.652380	0.004955	27.4
1078	-0.571029	143.579262	0.006664	28.0
1079	-0.516948	143.506243	0.008181	28.5
1080	-0.960574	143.433323	0.007259	26.5
1081	-0.000000	143.360502	0.000000	28.9
1082	-0.093208	143.287780	0.002435	28.5
1083	-0.411461	143.215155	0.004495	27.3
1084	-0.840049	143.142629	0.006558	28.2
1085	-0.829612	143.070201	0.006051	28.6
1086	-0.561347	142.997870	0.005847	28.4
1087	0.000000	142.925637	0.000000	28.1
1088	-0.661230	142.853501	0.007279	27.2
1089	-0.728893	142.781462	0.005275	27.2
1090	-0.360375	142.709519	0.004010	27.0
1091	-0.322904	142.637674	0.004646	27.2
1092	0.000000	142.565924	0.000000	28.2
1093	0.000000	142.494271	0.000000	27.7
1094	-0.000000	142.422714	0.000000	28.6
1095	-0.245218	142.351252	0.004323	28.3
1096	-0.231043	142.279886	0.003006	29.3
1097	-0.000032	142.208616	0.000020	28.1
1098	-0.866212	142.137440	0.006193	27.9
1099	-1.138161	142.066360	0.007447	28.0
1100	-1.091774	141.995374	0.008877	27.8
1101	-0.598941	141.924483	0.006000	28.7
1102	-0.715012	141.853685	0.005310	27.4
1103	-0.022632	141.782983	0.001118	26.8
1104	-1.036939	141.712373	0.007599	29.5
1105	-0.000000	141.641858	0.000000	29.1
1106	-0.387895	141.571436	0.004943	28.4
1107	0.000000	141.501108	0.000000	28.1
1108	-0.007573	141.430872	0.000882	27.9
1109	-0.086947	141.360730	0.002015	27.5
1110	-0.001167	141.290680	0.000065	28.1
1111	-0.405513	141.220722	0.005107	28.3
1112	-0.037321	141.150857	0.001527	28.2
1113	-0.873357	141.081084	0.005794	28.5
1114	-0.603046	141.011403	0.006423	26.8
1115	0.000000	140.941813	0.000000	29.8
1116	-0.000000	140.872315	0.000000	28.7
1117	-0.975157	140.802909	0.006921	29.4
1118	-1.131588	140.733593	0.006419	27.2
1119	-0.136815	140.664369	0.002428	29.2
1120	0.000000	140.595235	0.000000	27.7
1121	-0.000000	140.526192	0.000000	27.8
1122	0.000000	140.457239	0.000000	28.1
1123	0.000000	140.388376	0.000000	27.5
1124	-0.853106	140.319603	0.006013	27.5
1125	-0.515374	140.250920	0.006209	26.7
1126	-0.876395	140.182326	0.006178	28.8
1127	-0.000000	140.113822	0.000000	28.8
1128	-0.000000	140.045407	0.000000	28.8
1129	-0.486260	139.977081	0.005431	28.4
1130	-0.000000	139.908844	0.000000	27.8
1131	-0.599074	139.840696	0.003965	27.1
1132	-0.000000	139.772635	0.000000	28.5
1133	-0.600224	139.704664	0.007541	28.4
1134	0.000000	139.636780	0.000000	29.0
1135	-0.789294	139.568984	0.006574	26.7
1136	-0.764659	139.501276	0.008009	29.6
1137	-0.568038	139.433655	0.006434	28.6
1138	-0.994275	139.366122	0.007893	27.1
1139	-0.000000	139.298676	0.000000	29.7
1140	-0.764122	139.231317	0.007387	29.1
1141	-0.813569	139.164045	0.005546	28.2
1142	-0.773256	139.096859	0.005401	26.3
1143	-0.554717	139.029760	0.006476	28.6
1144	-0.000000	138.962747	0.000000	28.0
1145	-0.283117	138.895820	0.002196	28.3
1146	-0.866932	138.828978	0.006387	26.5
1147	-0.078373	138.762223	0.002402	28.5
1148	0.000000	138.695553	0.000000	27.1
1149	-0.000000	138.628969	0.000000	27.7
1150	-0.833793	138.562469	0.007297	28.5
1151	-0.666292	138.496055	0.003769	25.7
1152	-0.697255	138.429725	0.007625	28.6
1153	-0.747737	138.363481	0.006184	27.5
1154	-0.962128	138.297320	0.007086	27.8
1155	-0.926582	138.231244	0.005726	26.7
1156	-0.737411	138.165252	0.006575	28.9
1157	-0.983008	138.099344	0.007670	28.2
1158	-0.627330	138.033520	0.007827	27.4
1159	-0.671100	137.967779	0.006543	29.3
1160	-0.000000	137.902122	0.000000	28.2
1161	-0.439077	137.836548	0.004073	28.1
1162	-0.954392	137.771057	0.006089	28.0
1163	-0.764994	137.705649	0.005224	28.8
1164	-0.432804	137.640324	0.005714	27.5
1165	-0.378199	137.575081	0.004194	27.7
1166	-0.382488	137.509921	0.004675	27.2
1167	0.000000	137.444842	0.000000	29.0
1168	-0.808397	137.379846	0.004208	27.7
1169	-0.568330	137.314932	0.005443	28.1
1170	-0.593793	137.250100	0.005938	27.7
1171	-0.464942	137.185349	0.004809	27.5
1172	-0.848035	137.120680	0.006650	26.1
1173	-0.000000	137.056092	0.000000	28.3
1174	-0.504148	136.991585	0.004503	26.9
1175	-0.463864	136.927158	0.004989	28.1
1176	-0.358303	136.862813	0.004663	26.5
1177	-0.543399	136.798548	0.004066	29.2
1178	-0.636354	136.734363	0.005098	27.6
1179	-1.052120	136.670259	0.006742	27.7
1180	-0.097014	136.606235	0.001565	29.1
1181	-0.852376	136.542291	0.006625	25.8
1182	-0.055522	136.478426	0.002082	29.1
1183	-0.000493	136.414641	0.000617	27.4
1184	-0.718232	136.350936	0.004308	26.7
1185	-0.881871	136.287310	0.006474	29.1
1186	-0.353901	136.223763	0.002803	27.1
1187	-0.609845	136.160295	0.006304	29.2
1188	-0.224310	136.096905	0.002477	30.4
1189	-0.577644	136.033594	0.005495	29.4
1190	-0.000000	135.970362	0.000000	30.3
1191	-0.846033	135.907208	0.006043	30.3
1192	-0.727511	135.844133	0.004677	27.7
1193	-1.053862	135.781135	0.006755	28.3
1194	-0.604206	135.718215	0.004447	30.1
1195	-0.127897	135.655373	0.001990	29.0
1196	-0.391566	135.592608	0.004542	27.6
1197	-0.057038	135.529921	0.001090	30.5
1198	-0.000000	135.467311	0.000000	31.1
1199	-0.000791	135.404778	0.000283	30.0
1200	-0.807896	135.342322	0.005225	28.2
1201	-0.527764	135.279942	0.004820	27.7
1202	-0.018091	135.217640	0.000445	29.3
1203	-0.330547	135.155413	0.003081	30.5
1204	-0.016976	135.093263	0.000752	29.6
1205	-0.122127	135.031190	0.001875	28.3
1206	-0.811156	134.969192	0.006324	28.6
1207	-0.969397	134.907270	0.006204	26.8
1208	-0.649880	134.845424	0.005762	28.9
1209	-0.131849	134.783653	0.004490	27.9
1210	-0.978707	134.721958	0.006225	29.7
1211	-0.091241	134.660338	0.002142	28.6
1212	-0.820164	134.598793	0.006335	29.4
1213	-0.999718	134.537323	0.006012	26.9
1214	-0.823853	134.475927	0.006375	27.7
1215	-0.636389	134.414607	0.005961	27.5
1216	-0.724075	134.353361	0.006892	26.6
1217	-0.850052	134.292189	0.008756	28.9
1218	-0.842820	134.231092	0.005624	28.2
1219	-0.245671	134.170068	0.002035	28.4
1220	-0.943790	134.109119	0.006114	25.7
1221	-0.843029	134.048243	0.006183	29.2
1222	-0.506298	133.987441	0.004883	27.9
1223	-0.927911	133.926713	0.007217	26.5
1224	-0.416506	133.866057	0.004350	28.6
1225	-0.001205	133.805475	0.000097	28.5
1226	-0.250673	133.744966	0.003331	26.9
1227	0.000000	133.684530	0.000000	28.5
1228	-0.907555	133.624167	0.006623	27.2
1229	-0.000000	133.563877	0.000000	26.9
1230	-0.599866	133.503658	0.006178	29.0
1231	-0.349078	133.443513	0.005261	26.2
1232	-0.732604	133.383439	0.006225	27.5
1233	-0.692966	133.323437	0.006271	28.9
1234	-0.932037	133.263508	0.007632	27.7
1235	-0.000000	133.203650	0.000000	27.1
1236	-0.723200	133.143864	0.005105	28.0
1237	-0.875470	133.084149	0.007080	27.4
1238	-0.000000	133.024506	0.000000	28.0
1239	-0.771414	132.964934	0.004735	28.4
1240	-0.854102	132.905433	0.005887	28.4
1241	-0.791298	132.846003	0.006137	28.4
1242	0.000000	132.786643	0.000000	26.2
1243	-0.866256	132.727355	0.005234	29.1
1244	-0.686549	132.668137	0.005803	28.2
1245	-0.185742	132.608989	0.003429	27.6
1246	-0.582740	132.549912	0.005651	27.8
1247	-0.481844	132.490904	0.004237	27.3
1248	-0.562457	132.431967	0.006962	26.2
1249	0.000000	132.373100	0.000000	28.1
1250	-0.941997	132.314302	0.006801	27.8
1251	-0.605787	132.255574	0.007744	27.2
1252	-0.726473	132.196916	0.007336	28.0
1253	-0.671588	132.138326	0.006666	27.8
1254	-0.595859	132.079806	0.007761	28.1
1255	0.000000	132.021355	0.000000	28.7
1256	-0.729255	131.962973	0.005770	28.5
1257	-0.555846	131.904660	0.006312	28.7
1258	-0.350952	131.846415	0.004158	26.1
1259	-0.830740	131.788239	0.006961	28.4
1260	-0.687973	131.730131	0.007227	27.7
1261	-0.000422	131.672092	0.000075	26.9
1262	-0.597078	131.614121	0.006320	28.6
1263	-0.974571	131.556217	0.006608	27.7
1264	-0.385202	131.498382	0.003853	27.6
1265	-0.291786	131.440614	0.005251	28.0
1266	-0.903161	131.382914	0.006016	28.4
1267	-0.882525	131.325282	0.005189	29.3
1268	-0.000000	131.267717	0.000000	27.7
1269	-0.819299	131.210219	0.005068	28.8
1270	-0.546128	131.152788	0.006429	28.3
1271	-0.000000	131.095424	0.000000	28.2
1272	-0.030129	131.038127	0.002676	28.1
1273	-0.106867	130.980897	0.002851	28.6
1274	-0.011781	130.923733	0.000408	28.9
1275	-0.701209	130.866636	0.004906	26.7
1276	-0.167526	130.809605	0.001909	28.1
1277	-0.388908	130.752641	0.006545	27.7
1278	-0.000000	130.695742	0.000000	29.1
1279	0.000000	130.638910	0.000000	27.9
1280	-0.619041	130.582143	0.006503	29.2
1281	-0.852823	130.525442	0.006524	28.6
1282	-0.484540	130.468807	0.004475	27.2
1283	-0.712359	130.412237	0.004850	28.5
1284	0.000000	130.355733	0.000000	28.1
1285	-0.000000	130.299294	0.000000	26.4
1286	-0.431744	130.242920	0.005487	28.4
1287	-1.115989	130.186611	0.007164	27.5
1288	-0.022915	130.130366	0.001286	28.7
1289	-0.000000	130.074187	0.000000	28.2
1290	0.000000	130.018072	0.000000	28.0
1291	-0.154678	129.962022	0.002804	26.9
1292	-0.228026	129.906036	0.003784	28.4
1293	-0.000000	129.850114	0.000000	28.0
1294	-0.028496	129.794257	0.001292	27.7
1295	-0.877828	129.738463	0.007179	27.2
1296	-0.740765	129.682734	0.006559	28.0
1297	-0.127998	129.627068	0.002568	27.4
1298	-0.396098	129.571466	0.004635	28.1
1299	-0.304748	129.515927	0.002856	28.7
1300	-0.155796	129.460452	0.002777	28.3
1301	-0.051985	129.405040	0.001679	28.4
1302	-0.742422	129.349692	0.006663	26.6
1303	-0.917827	129.294406	0.007146	29.0
1304	-0.916908	129.239183	0.005720	27.3
1305	-0.756082	129.184024	0.005811	27.8
1306	-0.032315	129.128927	0.000644	28.1
1307	-0.700189	129.073892	0.005721	27.8
1308	-0.529575	129.018921	0.006078	28.3
1309	-0.653445	128.964011	0.007287	26.8
1310	-0.664474	128.909164	0.004519	29.4
1311	-0.726638	128.854379	0.006236	28.4
1312	-0.037986	128.799656	0.000973	27.8
1313	-0.000000	128.744995	0.000000	28.5
1314	0.000000	128.690396	0.000000	28.3
1315	-0.541610	128.635858	0.004354	28.4
1316	-0.207222	128.581382	0.002578	26.2
1317	-0.531791	128.526968	0.007381	28.2
1318	-0.758872	128.472615	0.005044	27.6
1319	-0.003241	128.418323	0.000137	27.8
1320	-0.788296	128.364092	0.005666	28.2
1321	-0.524320	128.309922	0.005112	28.2
1322	-0.073640	128.255814	0.001130	26.0
1323	-0.707796	128.201766	0.005228	28.6
1324	-0.009143	128.147778	0.000090	27.7
1325	-0.275006	128.093852	0.002535	26.7
1326	-0.554295	128.039985	0.006647	29.1
1327	-0.000000	127.986180	0.000000	26.5
1328	-0.467606	127.932434	0.005721	26.9
1329	-0.541008	127.878749	0.005989	28.6
1330	-0.000104	127.825123	0.000006	27.8
1331	0.000000	127.771558	0.000000	27.1
1332	0.000000	127.718052	0.000000	26.9
1333	-0.000000	127.664606	0.000000	27.8
1334	-0.091799	127.611220	0.002501	26.9
1335	-0.455035	127.557893	0.002549	29.2
1336	-0.891437	127.504625	0.006875	27.7
1337	0.000000	127.451417	0.000000	28.0
1338	-0.786384	127.398268	0.006735	27.6
1339	-0.215247	127.345178	0.001543	27.6
1340	0.000000	127.292147	0.000000	28.1
1341	-0.364607	127.239175	0.005262	26.4
1342	-0.638803	127.186261	0.007240	29.9
1343	-0.905490	127.133407	0.006973	28.6
1344	-0.000000	127.080610	0.000000	28.5
1345	-0.472717	127.027872	0.005140	28.8
1346	-0.784967	126.975193	0.005014	28.9
1347	-0.469342	126.922572	0.006345	28.1
1348	-0.186058	126.870008	0.001963	26.3
1349	-0.906446	126.817503	0.005957	31.0
1350	-1.078572	126.765056	0.007218	27.2
1351	-0.750899	126.712667	0.006069	28.5
1352	-0.533989	126.660335	0.005683	27.8
1353	-0.442617	126.608061	0.006404	29.0
1354	-0.222132	126.555844	0.003991	27.3
1355	-0.004627	126.503685	0.000000	27.3
1356	-0.123472	126.451583	0.002258	28.3
1357	-0.555320	126.399538	0.005333	27.9
1358	-0.000000	126.347550	0.000000	27.0
1359	-0.635819	126.295619	0.006519	26.8
1360	-0.570458	126.243745	0.006432	27.8
1361	0.000000	126.191928	0.000000	26.4
1362	-0.000000	126.140168	0.000000	29.3
1363	-0.604180	126.088464	0.007925	27.8
1364	-0.609024	126.036817	0.007883	28.0
1365	0.000000	125.985226	0.000000	28.3
1366	-0.093540	125.933691	0.001814	28.4
1367	-0.001115	125.882212	0.000045	27.7
1368	-0.010553	125.830790	0.000265	28.3
1369	-0.722557	125.779423	0.005521	28.0
1370	-0.000000	125.728113	0.000000	27.6
1371	-0.000922	125.676858	0.000063	25.7
1372	-0.901656	125.625659	0.005816	29.7
1373	-0.036057	125.574515	0.001200	27.3
1374	-0.707282	125.523427	0.005376	28.1
1375	-0.560843	125.472394	0.004286	27.1
1376	-0.803762	125.421417	0.006969	28.2
1377	-0.478537	125.370495	0.006071	26.1
1378	-0.788554	125.319628	0.006038	28.8
1379	0.000000	125.268815	0.000000	27.4
1380	-0.126122	125.218058	0.003025	27.9
1381	-0.813703	125.167356	0.006183	28.9
1382	-0.102605	125.116708	0.003675	28.7
1383	-0.575490	125.066115	0.006123	27.5
1384	-0.415113	125.015576	0.002872	28.3
1385	-0.859530	124.965092	0.005762	28.1
1386	-0.791962	124.914662	0.004691	28.1
1387	-0.252543	124.864287	0.005324	26.0
1388	-0.491559	124.813965	0.004548	28.2
1389	-0.013466	124.763698	0.001115	27.6
1390	-0.234277	124.713485	0.005284	27.4
1391	-0.790295	124.663325	0.006606	28.7
1392	0.000000	124.613219	0.000000	28.6
1393	-0.565419	124.563167	0.006208	27.0
1394	-0.729677	124.513168	0.005680	28.2
1395	-0.614542	124.463223	0.007399	27.5
1396	-0.157795	124.413332	0.002123	28.1
1397	0.000000	124.363493	0.000000	27.5
1398	-0.530806	124.313708	0.005968	28.3
1399	-1.025059	124.263976	0.007335	28.2
1400	-0.824015	124.214297	0.004962	26.5
1401	-0.000000	124.164671	0.000000	29.3
1402	-0.857971	124.115097	0.004341	27.6
1403	-0.391378	124.065577	0.005649	30.0
1404	0.000000	124.016109	0.000000	26.2
1405	-0.520264	123.966693	0.005119	29.2
1406	-0.818804	123.917330	0.006107	27.5
1407	-0.665085	123.868020	0.006765	28.8
1408	-0.000000	123.818762	0.000000	28.2
1409	-0.770870	123.769556	0.007091	28.2
1410	-0.521717	123.720402	0.004118	26.4
1411	-0.844753	123.671300	0.007771	28.5
1412	-0.485391	123.622250	0.005398	29.3
1413	-0.000000	123.573252	0.000000	27.1
1414	0.000000	123.524305	0.000000	27.1
1415	-0.067091	123.475411	0.004591	29.8
1416	-0.450982	123.426568	0.006782	29.0
1417	-0.437995	123.377776	0.005635	28.8
1418	-0.697123	123.329036	0.004965	27.4
1419	-0.583365	123.280347	0.005955	29.6
1420	-0.001744	123.231709	0.001577	28.9
1421	-0.869026	123.183122	0.006989	27.3
1422	0.000000	123.134587	0.000000	28.6
1423	0.000000	123.086102	0.000000	29.4
1424	-0.168252	123.037669	0.002463	28.8
1425	-0.775391	122.989286	0.005034	26.4
1426	-0.810854	122.940954	0.008366	28.8
1427	-0.918246	122.892672	0.007324	27.8
1428	-0.911227	122.844441	0.007712	27.6
1429	-0.361985	122.796261	0.004531	27.3
1430	-0.724629	122.748130	0.005198	28.7
1431	-0.799219	122.700050	0.005253	26.1
1432	-0.873849	122.652021	0.006434	28.7
1433	-0.000000	122.604041	0.000000	28.0
1434	-0.887772	122.556111	0.005249	29.6
1435	-0.732657	122.508232	0.004847	26.4
1436	-0.928729	122.460402	0.005146	28.8
1437	-0.234798	122.412622	0.003016	27.8
1438	0.000000	122.364891	0.000000	28.2
1439	-0.466151	122.317210	0.005481	27.5
1440	0.000000	122.269579	0.000000	28.5
1441	-0.000000	122.221997	0.000000	26.5
1442	-0.001331	122.174465	0.000119	27.7
1443	-0.438630	122.126981	0.005606	27.8
1444	-0.617702	122.079547	0.005895	27.5
1445	-0.469228	122.032162	0.007367	28.2
1446	-0.053849	121.984826	0.001734	26.9
1447	-0.535135	121.937539	0.006199	26.9
1448	0.000000	121.890301	0.000000	27.3
1449	-0.000400	121.843112	0.000342	27.6
1450	-0.087186	121.795971	0.002984	26.6
1451	-0.320552	121.748879	0.003853	29.0
1452	-0.631624	121.701835	0.006239	28.0
1453	-0.838712	121.654840	0.007060	27.3
1454	-0.041474	121.607893	0.000569	28.4
1455	-0.080343	121.560994	0.002156	27.3
1456	0.000000	121.514144	0.000000	28.3
1457	-0.000072	121.467342	0.000020	27.7
1458	-0.877145	121.420588	0.006256	27.7
1459	-0.487675	121.373882	0.005962	27.7
1460	-1.027667	121.327223	0.006961	28.3
1461	-0.511969	121.280613	0.004206	28.4
1462	-0.000000	121.234050	0.000000	27.9
1463	-0.688917	121.187535	0.004690	25.9
1464	0.000000	121.141067	0.000000	28.2
1465	-0.574543	121.094647	0.006827	27.4
1466	-0.648326	121.048274	0.005804	28.8
1467	-0.478708	121.001949	0.006873	27.5
1468	-0.454144	120.955671	0.004252	28.0
1469	-0.744230	120.909440	0.004731	27.9
1470	-0.000000	120.863256	0.000000	27.5
1471	0.000000	120.817119	0.000000	29.2
1472	-0.953011	120.771029	0.007459	27.7
1473	-0.758241	120.724986	0.006172	27.8
1474	-0.760420	120.678990	0.006306	28.0
1475	-0.000000	120.633040	0.000000	28.5
1476	-0.429851	120.587137	0.005895	29.1
1477	-0.013782	120.541281	0.000841	26.3
1478	-0.921838	120.495471	0.006750	29.2
1479	-0.965522	120.449707	0.007259	27.5
1480	-0.773761	120.403990	0.005398	28.0
1481	-0.514667	120.358319	0.004578	27.4
1482	-0.543271	120.312694	0.005492	28.9
1483	-0.543340	120.267115	0.004872	26.5
1484	0.000000	120.221582	0.000000	28.3
1485	-0.852666	120.176096	0.007768	28.2
1486	-0.661876	120.130655	0.004290	26.6
1487	-0.870858	120.085260	0.006300	27.4
1488	-0.693174	120.039910	0.005026	27.3
1489	-1.146249	119.994606	0.007544	28.0
1490	-0.708956	119.949348	0.006187	28.9
1491	-0.141985	119.904135	0.001718	28.5
1492	-0.883781	119.858968	0.006073	29.2
1493	-0.454306	119.813846	0.005220	28.4
1494	-0.756480	119.768769	0.006344	29.6
1495	-0.555578	119.723738	0.003535	27.8
1496	-0.861266	119.678752	0.004963	29.8
1497	-0.369308	119.633810	0.004977	26.3
1498	-0.007017	119.588914	0.000210	28.8
1499	-0.813176	119.544062	0.006912	27.7
1500	-0.464247	119.499256	0.005587	26.6
1501	-0.922845	119.454494	0.006087	28.3
1502	-0.010880	119.409777	0.000256	28.4
1503	-0.863277	119.365104	0.006157	28.5
1504	-0.883013	119.320476	0.006667	27.7
1505	-1.050648	119.275893	0.005711	29.4
1506	-0.395371	119.231353	0.006468	27.9
1507	-1.081866	119.186859	0.008563	27.8
1508	-0.705216	119.142408	0.005785	26.9
1509	-0.564989	119.098002	0.005114	28.5
1510	-0.000000	119.053639	0.000000	28.5
1511	-0.078442	119.009321	0.001543	28.2
1512	-0.851416	118.965047	0.006015	28.8
1513	-0.033445	118.920816	0.002547	28.0
1514	-0.704831	118.876630	0.005842	28.0
1515	-0.936235	118.832487	0.006015	26.4
1516	-0.778305	118.788388	0.005704	28.1
1517	-0.112955	118.744332	0.001676	26.5
1518	-0.123978	118.700320	0.003925	28.5
1519	0.000000	118.656352	0.000000	27.8
1520	-0.316863	118.612427	0.003864	27.7
1521	0.000000	118.568545	0.000000	28.7
1522	-0.009122	118.524706	0.000306	29.0
1523	-0.000161	118.480911	0.000013	27.9
1524	-0.922197	118.437159	0.007278	26.8
1525	-0.000000	118.393450	0.000000	29.6
1526	-0.023550	118.349784	0.002490	28.0
1527	-1.105978	118.306160	0.007282	27.2
1528	-0.239639	118.262580	0.004798	28.3
1529	-0.829895	118.219042	0.005419	28.0
1530	-0.000000	118.175548	0.000000	27.5
1531	-0.624172	118.132095	0.006403	27.6
1532	-0.009583	118.088686	0.000183	27.2
1533	-0.002823	118.045319	0.000286	27.1
1534	-1.070331	118.001994	0.008022	26.9
1535	-0.000765	117.958712	0.000044	29.0
1536	-0.495946	117.915472	0.004019	26.4
1537	-1.017714	117.872274	0.006941	28.6
1538	-0.418177	117.829118	0.006048	28.9
1539	-0.000000	117.786005	0.000000	28.5
1540	-0.927803	117.742933	0.006894	27.7
1541	-0.158279	117.699904	0.001870	27.0
1542	-0.997394	117.656916	0.006796	28.4
1543	-0.537969	117.613971	0.004253	28.1
1544	-0.421823	117.571067	0.004018	28.2
1545	-0.000000	117.528205	0.000000	28.7
1546	-0.813065	117.485384	0.006181	27.5
1547	-0.806584	117.442605	0.006350	27.6
1548	-0.426217	117.399867	0.003538	26.8
1549	-0.831125	117.357171	0.006537	28.6
1550	-0.000000	117.314517	0.000000	26.7
1551	-0.007083	117.271903	0.000237	28.8
1552	-0.950338	117.229331	0.007683	28.6
1553	-0.007014	117.186800	0.000140	27.9
1554	-0.880184	117.144311	0.006892	26.5
1555	-0.353308	117.101862	0.002745	28.6
1556	-0.723731	117.059454	0.004611	27.1
1557	-0.000000	117.017087	0.000000	28.2
1558	-0.801940	116.974762	0.006216	28.3
1559	-0.750318	116.932476	0.007746	26.7
1560	-0.914984	116.890232	0.006547	27.2
1561	0.000000	116.848028	0.000000	28.7
1562	-0.835523	116.805865	0.006931	28.4
1563	-0.006048	116.763743	0.000097	26.7
1564	-0.358053	116.721661	0.006235	30.0
1565	-0.001270	116.679619	0.000110	28.0
1566	-0.530426	116.637618	0.006378	28.9
1567	-0.946587	116.595657	0.006527	28.0
1568	-0.306788	116.553736	0.003594	29.6
1569	-0.964459	116.511855	0.006087	29.3
1570	-0.714672	116.470015	0.006597	27.8
1571	-0.677345	116.428214	0.006427	29.4
1572	-0.000000	116.386454	0.000000	29.5
1573	-0.928664	116.344733	0.005980	28.7
1574	0.000000	116.303052	0.000000	26.0
1575	-0.751830	116.261412	0.004970	27.9
1576	-0.725379	116.219810	0.004931	29.0
1577	-0.412925	116.178249	0.005058	27.0
1578	-0.976514	116.136727	0.006425	28.6
1579	-0.012623	116.095245	0.000158	27.3
1580	-0.610013	116.053802	0.004204	29.0
1581	-0.516095	116.012398	0.004449	26.6
1582	-0.860661	115.971034	0.005616	28.1
1583	0.000000	115.929710	0.000000	26.8
1584	0.000000	115.888424	0.000000	28.2
1585	-0.000000	115.847178	0.000000	28.5
1586	-0.546353	115.805970	0.005329	27.5
1587	-0.159406	115.764802	0.002734	28.1
1588	-0.532797	115.723673	0.005577	26.1
1589	-0.026086	115.682583	0.001585	28.2
1590	-0.276370	115.641532	0.002351	26.7
1591	-0.002309	115.600519	0.002003	28.2
1592	-0.000000	115.559546	0.000000	27.8
1593	-0.768437	115.518610	0.007329	28.1
1594	-0.000000	115.477714	0.000000	28.0
1595	-0.245355	115.436856	0.004176	27.7
1596	-0.178147	115.396037	0.003385	28.3
1597	-0.919004	115.355256	0.005525	25.8
1598	-0.641578	115.314514	0.007079	29.3
1599	-0.435031	115.273810	0.004047	28.2
1600	-0.404082	115.233144	0.003869	27.0
1601	-0.412132	115.192517	0.006684	28.5
1602	-0.949266	115.151927	0.005594	26.7
1603	-0.697059	115.111376	0.005756	28.0
1604	0.000000	115.070863	0.000000	28.9
1605	-0.751544	115.030388	0.004593	28.2
1606	-0.653237	114.989951	0.006444	27.8
1607	-0.895139	114.949551	0.005004	28.7
1608	-0.224366	114.909190	0.004929	28.9
1609	-1.108620	114.868866	0.007768	28.2
1610	-0.585839	114.828580	0.006598	26.2
1611	-0.834828	114.788332	0.005522	28.6
1612	-0.567017	114.748121	0.004635	27.7
1613	-0.867226	114.707948	0.007974	26.9
1614	-0.763243	114.667812	0.005779	28.6
1615	-0.775058	114.627714	0.008349	27.6
1616	-0.505098	114.587653	0.004353	28.4
1617	-0.862965	114.547629	0.006635	28.5
1618	-0.181978	114.507643	0.002411	28.6
1619	-0.434335	114.467693	0.005085	26.9
1620	-0.961053	114.427781	0.007275	27.5
1621	-0.554138	114.387907	0.005206	26.8
1622	-0.984740	114.348069	0.006207	28.0
1623	-1.058490	114.308268	0.008043	27.7
1624	-0.000000	114.268504	0.000000	28.6
1625	-0.968508	114.228777	0.008103	28.3
1626	-0.932729	114.189086	0.006254	25.7
1627	-0.748270	114.149433	0.004645	28.2
1628	-0.010824	114.109816	0.000384	27.3
1629	-0.953494	114.070235	0.008554	27.2
1630	-0.749768	114.030692	0.005530	28.5
1631	-0.777237	113.991185	0.007138	27.6
1632	-0.892524	113.951714	0.006157	28.4
1633	-0.545253	113.912280	0.004806	28.7
1634	-0.000000	113.872882	0.000000	28.7
1635	-0.400986	113.833521	0.004086	27.0
1636	-0.501909	113.794195	0.006704	28.5
1637	-0.737977	113.754906	0.005857	28.1
1638	-0.000007	113.715653	0.000007	27.8
1639	-0.975882	113.676437	0.007318	26.5
1640	-0.902175	113.637256	0.005565	29.2
1641	-0.769379	113.598111	0.007599	27.5
1642	-0.807623	113.559002	0.007522	29.2
1643	-0.435326	113.519929	0.006566	28.2
1644	-0.721479	113.480892	0.006364	29.0
1645	-0.000274	113.441891	0.000109	28.4
1646	-0.000000	113.402925	0.000000	29.2
1647	-0.924198	113.363995	0.006300	27.4
1648	-0.898032	113.325101	0.006590	29.5
1649	-0.025180	113.286242	0.001628	27.7
1650	-0.446242	113.247419	0.005260	27.3
1651	0.000000	113.208631	0.000000	28.3
1652	-0.619259	113.169879	0.003970	27.7
1653	-0.912261	113.131162	0.006900	28.6
1654	-0.695414	113.092480	0.004903	26.4
1655	-0.666369	113.053833	0.007087	29.7
1656	-0.000000	113.015222	0.000000	26.9
1657	-0.000000	112.976646	0.000000	27.9
1658	-0.624232	112.938105	0.005378	28.3
1659	-0.025227	112.899599	0.001502	28.1
1660	-0.964209	112.861128	0.005857	27.6
1661	-0.965233	112.822692	0.007563	28.0
1662	-0.000000	112.784291	0.000000	28.4
1663	-0.544372	112.745924	0.007248	26.8
1664	-0.278738	112.707593	0.002965	28.0
1665	-0.410701	112.669296	0.006185	28.4
1666	-0.885958	112.631034	0.005904	27.3
1667	-0.135749	112.592806	0.002083	27.4
1668	-0.748859	112.554613	0.006824	28.8
1669	-0.810228	112.516455	0.005936	28.6
1670	-0.853199	112.478331	0.005699	27.1
1671	-0.548935	112.440241	0.007044	28.5
1672	-0.426366	112.402186	0.004908	27.2
1673	-0.891312	112.364165	0.007670	27.9
1674	-0.501612	112.326179	0.006190	27.1
1675	-0.261609	112.288227	0.003165	28.6
1676	-0.453354	112.250309	0.004860	27.3
1677	-0.930567	112.212425	0.007896	28.3
1678	-0.572493	112.174575	0.004302	27.7
1679	-0.914600	112.136759	0.006143	25.9
1680	-0.000000	112.098977	0.000000	28.4
1681	-0.856588	112.061229	0.005320	28.3
1682	-0.811819	112.023515	0.004397	26.8
1683	-0.432267	111.985834	0.005461	26.0
1684	-0.953829	111.948188	0.005866	28.4
1685	-1.027570	111.910575	0.007788	26.9
1686	-0.143018	111.872996	0.002312	28.5
1687	-0.000000	111.835450	0.000000	28.2
1688	-0.535137	111.797939	0.005021	28.0
1689	-0.536334	111.760460	0.004787	27.5
1690	-0.726217	111.723015	0.006292	28.7
1691	-0.057554	111.685604	0.002891	28.0
1692	-0.000000	111.648226	0.000000	27.6
1693	-0.786108	111.610881	0.005163	27.0
1694	-0.625226	111.573570	0.004830	28.5
1695	-0.691701	111.536292	0.006847	28.0
1696	-0.119795	111.499047	0.001179	28.8
1697	-0.000000	111.461835	0.000000	28.7
1698	-0.777800	111.424656	0.005017	26.3
1699	-0.586755	111.387510	0.005127	28.5
1700	-0.974889	111.350398	0.008374	28.3
1701	-0.599628	111.313318	0.006713	28.2
1702	0.000000	111.276271	0.000000	27.4
1703	-0.000000	111.239257	0.000000	29.5
1704	-0.721669	111.202276	0.006093	29.6
1705	-1.085424	111.165328	0.007024	29.0
1706	-0.157525	111.128412	0.002357	26.5
1707	-0.061981	111.091529	0.000742	29.2
1708	0.000000	111.054679	0.000000	27.8
1709	-0.677528	111.017861	0.006129	26.6
1710	-0.717138	110.981076	0.006587	28.4
1711	-0.000007	110.944323	0.000003	27.7
1712	-0.048720	110.907603	0.001036	28.6
1713	-0.923411	110.870915	0.006261	27.9
1714	-1.153416	110.834259	0.006356	27.9
1715	-0.000000	110.797636	0.000000	28.0
1716	-0.812976	110.761045	0.006404	26.8
1717	-0.533368	110.724486	0.005008	28.9
1718	-0.629364	110.687959	0.006055	27.5
1719	-0.970972	110.651465	0.006391	28.4
1720	-0.000000	110.615002	0.000000	29.3
1721	-0.838095	110.578572	0.006309	29.0
1722	-0.792334	110.542173	0.006285	28.1
1723	0.000000	110.505807	0.000000	27.1
1724	-0.085095	110.469472	0.002030	29.6
1725	-0.616463	110.433169	0.005221	27.9
1726	-0.692806	110.396898	0.006670	28.5
1727	-0.911486	110.360659	0.009243	27.0
1728	-0.011502	110.324451	0.000410	27.3
1729	-0.725253	110.288276	0.004642	26.9
1730	-0.914075	110.252131	0.005324	28.5
1731	-0.580549	110.216019	0.004389	28.6
1732	-0.892700	110.179937	0.006873	28.9
1733	-0.696859	110.143888	0.005514	26.5
1734	-0.967911	110.107869	0.005872	28.9
1735	-0.396325	110.071882	0.004444	28.2
1736	-0.425816	110.035927	0.005192	26.2
1737	-0.860532	110.000003	0.007148	28.7
1738	-0.891849	109.964110	0.007240	27.7
1739	-0.701751	109.928248	0.006211	26.8
1740	-0.679816	109.892417	0.007278	29.0
1741	-0.018700	109.856618	0.000592	29.0
1742	-0.866711	109.820850	0.007138	27.6
1743	-0.836086	109.785112	0.005639	26.2
1744	-0.000000	109.749406	0.000000	29.3
1745	-0.000000	109.713730	0.000000	27.9
1746	-0.000000	109.678086	0.000000	27.8
1747	-0.439028	109.642472	0.005731	27.1
1748	-0.583819	109.606890	0.005923	28.4
1749	-0.306713	109.571337	0.005466	27.6
1750	-1.004652	109.535816	0.006178	27.7
1751	-0.996299	109.500326	0.007583	28.5
1752	-0.557557	109.464866	0.006434	26.9
1753	0.000000	109.429436	0.000000	28.1
1754	-0.000000	109.394038	0.000000	28.1
1755	-0.962003	109.358669	0.005881	28.0
1756	-0.798733	109.323331	0.006172	26.4
1757	-0.088014	109.288024	0.002126	29.1
1758	-0.120848	109.252747	0.003344	27.1
1759	-0.746003	109.217501	0.004964	28.4
1760	-0.808923	109.182284	0.007268	28.5
1761	0.000000	109.147098	0.000000	27.5
1762	-0.863689	109.111942	0.008466	27.6
1763	-0.858553	109.076817	0.007390	26.3
1764	-0.000000	109.041721	0.000000	29.5
1765	-0.999374	109.006656	0.005895	28.7
1766	-0.862201	108.971620	0.006000	28.3
1767	-0.107225	108.936615	0.003117	27.3
1768	-0.423515	108.901640	0.003760	27.5
1769	-0.782145	108.866694	0.005891	26.3
1770	-0.582579	108.831779	0.003510	29.9
1771	-0.906063	108.796893	0.006292	27.9
1772	-0.063968	108.762037	0.001445	27.4
1773	-0.009023	108.727211	0.000361	26.8
1774	-1.037960	108.692415	0.007168	29.3
1775	-0.002577	108.657648	0.000755	27.3
1776	-0.416547	108.622911	0.005323	28.1
1777	-0.983485	108.588203	0.006856	28.5
1778	-0.210963	108.553525	0.003531	28.0
1779	0.000000	108.518877	0.000000	27.1
1780	-0.010146	108.484258	0.000230	29.7
1781	-0.000000	108.449668	0.000000	28.5
1782	-0.735023	108.415108	0.006344	30.3
1783	-0.214513	108.380578	0.003536	28.5
1784	-0.757369	108.346076	0.006329	28.5
1785	-0.000000	108.311604	0.000000	29.0
1786	-0.528995	108.277161	0.006836	27.9
1787	-0.611874	108.242747	0.004604	28.1
1788	-0.191763	108.208363	0.003081	27.6
1789	-0.682663	108.174007	0.004739	28.6
1790	-0.747648	108.139681	0.005308	26.7
1791	-0.404968	108.105383	0.005703	28.3
1792	-0.045945	108.071115	0.000883	27.4
1793	-0.920691	108.036875	0.006904	27.2
1794	-0.503769	108.002665	0.006064	27.3
1795	-0.000001	107.968483	0.000002	28.9
1796	-0.032217	107.934330	0.000738	27.1
1797	-0.004209	107.900206	0.000206	29.2
1798	-0.583313	107.866111	0.005233	28.9
1799	-0.373682	107.832044	0.003633	28.3
1800	-1.105732	107.798007	0.008352	26.9
1801	0.000000	107.763997	0.000000	29.1
1802	0.000000	107.730017	0.000000	27.7
1803	-0.927611	107.696065	0.007259	26.8
1804	-0.837182	107.662141	0.007148	28.1
1805	-0.686064	107.628246	0.006296	28.4
1806	-0.598301	107.594379	0.005937	26.5
1807	-1.010228	107.560541	0.006576	28.1
1808	-0.853989	107.526731	0.006057	28.4
1809	-0.000000	107.492949	0.000000	28.7
1810	0.000000	107.459196	0.000000	27.8
1811	-0.000000	107.425471	0.000000	27.0
1812	-0.000000	107.391774	0.000000	28.9
1813	-0.870097	107.358106	0.005200	29.0
1814	-0.520892	107.324465	0.005843	27.2
1815	-0.267080	107.290853	0.005150	28.7
1816	-0.533969	107.257268	0.005990	27.6
1817	-0.811951	107.223712	0.005000	25.7
1818	-0.951468	107.190184	0.005690	29.0
1819	-0.000000	107.156683	0.000000	27.7
1820	-0.450549	107.123211	0.006253	28.1
1821	-0.000060	107.089766	0.000024	28.2
1822	-0.477247	107.056349	0.003254	29.1
1823	-0.049261	107.022960	0.001060	26.0
1824	-0.447602	106.989599	0.003561	28.0
1825	0.000000	106.956265	0.000000	27.0
1826	-0.706078	106.922960	0.006613	27.2
1827	-0.572324	106.889681	0.005655	28.6
1828	-0.879434	106.856431	0.006258	27.9
1829	-0.000975	106.823208	0.000101	28.3
1830	-0.524679	106.790012	0.006760	28.6
1831	-0.482794	106.756844	0.005937	27.6
1832	-0.372270	106.723703	0.005543	28.0
1833	-0.668328	106.690590	0.007487	27.6
1834	-0.000000	106.657505	0.000000	27.2
1835	-0.688439	106.624446	0.005759	28.1
1836	-0.594617	106.591415	0.004129	28.1
1837	-0.466152	106.558411	0.005556	28.0
1838	-0.220895	106.525435	0.004084	28.0
1839	-0.026984	106.492485	0.002359	26.1
1840	-0.845638	106.459563	0.007436	27.9
1841	-0.661423	106.426668	0.005839	27.2
1842	-0.632099	106.393800	0.006815	26.7
1843	-0.991931	106.360959	0.007582	28.4
1844	-0.893918	106.328145	0.007588	28.2
1845	-0.826545	106.295358	0.006653	27.9
1846	-0.038496	106.262598	0.000458	28.4
1847	-0.823294	106.229865	0.006989	27.8
1848	-0.016118	106.197158	0.000248	29.3
1849	0.000000	106.164479	0.000000	26.8
1850	-0.030906	106.131826	0.001375	28.8
1851	-0.545645	106.099201	0.005702	27.9
1852	-0.526960	106.066602	0.008205	28.0
1853	-0.467675	106.034029	0.006580	27.6
1854	-0.501672	106.001483	0.005460	28.9
1855	-0.604084	105.968964	0.005362	26.8
1856	-0.787287	105.936472	0.007266	28.0
1857	-0.846985	105.904006	0.006310	28.6
1858	-0.982109	105.871566	0.006062	28.2
1859	-0.000016	105.839153	0.000016	27.2
1860	-0.000000	105.806767	0.000000	29.3
1861	-0.100275	105.774407	0.002453	28.0
1862	-0.484005	105.742073	0.005293	28.0
1863	-0.000000	105.709766	0.000000	28.4
1864	-0.060267	105.677485	0.001743	28.8
1865	-0.415860	105.645230	0.004359	26.8
1866	-0.149105	105.613001	0.003000	27.8
1867	-0.554446	105.580799	0.005701	27.4
1868	-0.000000	105.548623	0.000000	28.4
1869	-0.709122	105.516473	0.006139	27.8
1870	-0.718623	105.484349	0.007263	27.8
1871	-0.901824	105.452251	0.007048	28.7
1872	-0.864161	105.420179	0.006009	26.9
1873	-0.988014	105.388133	0.006093	28.9
1874	-0.759453	105.356113	0.007219	28.8
1875	-0.010397	105.324119	0.000315	28.3
1876	-0.000324	105.292151	0.000066	26.9
1877	-0.000000	105.260209	0.000000	28.7
1878	-0.170206	105.228293	0.003919	26.6
1879	-0.776819	105.196402	0.007469	27.6
1880	-1.038968	105.164537	0.006112	28.6
1881	-1.000197	105.132698	0.007841	27.8
1882	-0.695026	105.100885	0.005638	26.9
1883	-0.726609	105.069097	0.005831	28.3
1884	-0.631383	105.037335	0.003936	27.8
1885	-0.818101	105.005598	0.007892	28.7
1886	-0.046528	104.973887	0.002085	26.4
1887	-0.784849	104.942202	0.007285	28.8
1888	-0.365409	104.910542	0.004311	27.7
1889	-0.662140	104.878907	0.006506	27.2
1890	0.000000	104.847298	0.000000	28.3
1891	-0.289811	104.815715	0.004962	27.2
1892	-0.681616	104.784156	0.005433	28.0
1893	-0.664815	104.752623	0.005472	28.6
1894	-0.365845	104.721116	0.005784	27.6
1895	-0.000016	104.689633	0.000031	28.0
1896	-0.961710	104.658176	0.007003	27.3
1897	-0.419963	104.626744	0.005378	29.6
1898	-0.000107	104.595337	0.000042	26.4
1899	-0.708753	104.563955	0.007142	28.3
1900	-0.812023	104.532599	0.006724	28.8
1901	-0.406073	104.501267	0.004400	28.6
1902	-0.916341	104.469960	0.007751	26.9
1903	-1.147592	104.438679	0.006201	28.2
1904	-1.198751	104.407422	0.007652	27.5
1905	-0.541015	104.376191	0.006114	25.8
1906	-0.111891	104.344984	0.001396	29.2
1907	-0.540856	104.313802	0.004631	28.5
1908	-0.653495	104.282645	0.005386	28.5
1909	-0.726870	104.251513	0.004652	28.1
1910	0.000000	104.220405	0.000000	27.4
1911	-0.000000	104.189323	0.000000	27.7
1912	-0.313848	104.158265	0.004148	28.1
1913	-0.000000	104.127231	0.000000	27.1
1914	0.000000	104.096222	0.000000	28.0
1915	0.000000	104.065238	0.000000	27.9
1916	-0.488862	104.034279	0.005443	28.7
1917	-0.361967	104.003344	0.003163	27.7
1918	-0.000000	103.972433	0.000000	28.5
1919	-0.004198	103.941547	0.000159	26.3
1920	-0.037912	103.910686	0.001788	29.0
1921	0.000000	103.879849	0.000000	28.3
1922	-0.537156	103.849036	0.005905	27.7
1923	-0.747812	103.818248	0.007015	28.8
1924	-0.175983	103.787484	0.002090	28.7
1925	-0.686098	103.756744	0.005835	27.6
1926	-0.000000	103.726029	0.000000	28.8
1927	-0.065740	103.695338	0.001382	28.2
1928	-0.710809	103.664671	0.003768	28.3
1929	-0.820460	103.634028	0.005734	26.4
1930	-1.145875	103.603409	0.007824	28.7
1931	-1.037980	103.572814	0.006884	27.6
1932	-0.009399	103.542244	0.000455	28.1
1933	-0.028496	103.511698	0.000308	26.7
1934	-0.000000	103.481175	0.000000	28.0
1935	-0.246476	103.450677	0.004437	27.6
1936	-0.707936	103.420202	0.005404	28.2
1937	-0.000000	103.389752	0.000000	28.7
1938	-0.390981	103.359325	0.004579	25.9
1939	0.000000	103.328922	0.000000	28.0
1940	-0.007447	103.298543	0.000193	27.9
1941	-0.972481	103.268188	0.005954	28.3
1942	-0.896937	103.237857	0.005681	25.6
1943	-0.058586	103.207549	0.001865	28.6
1944	-1.100566	103.177265	0.007346	27.7
1945	-0.491168	103.147005	0.003727	26.9
1946	-0.048136	103.116768	0.001147	28.3
1947	-0.004369	103.086556	0.000015	26.7
1948	-0.178119	103.056366	0.002807	28.5
1949	0.000000	103.026200	0.000000	29.1
1950	-0.702385	102.996058	0.005473	27.8
1951	-0.605131	102.965939	0.005192	27.0
1952	-0.572850	102.935844	0.006732	27.5
1953	0.000000	102.905772	0.000000	28.0
1954	-0.601438	102.875724	0.005873	27.6
1955	-0.653398	102.845699	0.005458	28.7
1956	-0.570641	102.815697	0.003621	28.5
1957	-0.447088	102.785719	0.005339	27.1
1958	-0.912958	102.755764	0.006192	27.5
1959	0.000000	102.725832	0.000000	28.0
1960	-1.011725	102.695924	0.007591	26.9
1961	-0.005567	102.666038	0.000175	27.8
1962	-0.991927	102.636176	0.007195	28.7
1963	-0.670828	102.606337	0.005890	28.3
1964	-0.949703	102.576521	0.007243	28.4
1965	-0.051534	102.546728	0.000323	29.3
1966	-0.289325	102.516959	0.003379	28.1
1967	-0.802859	102.487212	0.007164	27.7
1968	0.000000	102.457488	0.000000	27.8
1969	-0.912929	102.427788	0.005647	28.3
1970	-0.795868	102.398110	0.004922	28.1
1971	0.000000	102.368455	0.000000	26.1
1972	-0.838646	102.338823	0.005238	28.6
1973	-0.579130	102.309214	0.007093	27.5
1974	-0.774827	102.279628	0.006548	28.6
1975	-0.003348	102.250064	0.000122	27.6
1976	-0.567101	102.220524	0.006952	28.6
1977	-0.803155	102.191006	0.005142	27.8
1978	-0.970306	102.161511	0.005569	27.7
1979	-0.000000	102.132038	0.000000	28.8
1980	-0.000020	102.102588	0.000012	27.6
1981	-0.374096	102.073161	0.006049	27.6
1982	-0.000000	102.043757	0.000000	28.3
1983	-1.037084	102.014375	0.006531	27.7
1984	-0.000000	101.985015	0.000000	26.7
1985	-0.006810	101.955678	0.000184	28.7
1986	-0.836720	101.926364	0.006249	28.8
1987	-0.000000	101.897072	0.000000	29.7
1988	-0.007667	101.867802	0.000285	27.3
1989	-0.183255	101.838555	0.003927	27.3
1990	-0.036299	101.809330	0.000301	28.3
1991	-0.000244	101.780128	0.000040	27.0
1992	-1.175760	101.750948	0.007443	29.5
1993	-0.000000	101.721790	0.000000	28.1
1994	-0.009196	101.692654	0.000533	26.5
1995	-0.827522	101.663541	0.006169	28.5
1996	-0.750946	101.634450	0.006311	27.9
1997	0.000000	101.605381	0.000000	25.7
1998	-0.747778	101.576335	0.005844	28.2
1999	0.000000	101.547310	0.000000	28.0
