1:ItNr	2:Metric	3:StepSize	4:||Gradient||	Time[ms]
0	-0.039307	627.201626	0.002353	594.5
1	-1.332923	623.504937	0.009441	3.7
2	-0.000023	619.865785	0.000004	4.6
3	-0.878769	616.282728	0.008306	4.5
4	-1.090354	612.754375	0.015625	3.4
5	-1.583615	609.279381	0.010609	4.0
6	-0.671829	605.856447	0.016683	3.6
7	-0.012663	602.484317	0.001132	3.4
8	-1.253284	599.161779	0.004601	3.4
9	-0.109303	595.887656	0.002762	3.9
10	-1.167615	592.660813	0.010013	3.6
11	-0.919476	589.480151	0.011412	3.5
12	-1.584588	586.344606	0.009858	3.4
13	-1.391797	583.253145	0.012681	3.8
14	-0.574067	580.204771	0.002244	3.8
15	-0.888551	577.198517	0.011155	3.4
16	-1.310702	574.233444	0.006448	3.7
17	-0.097380	571.308645	0.001776	3.9
18	-0.647428	568.423237	0.009879	3.4
19	-0.972290	565.576365	0.005161	3.3
20	-0.981317	562.767201	0.009884	3.6
21	-0.683982	559.994938	0.015519	3.3
22	-0.855590	557.258797	0.008056	3.7
23	-0.000000	554.558018	0.000000	3.3
24	-0.000105	551.891865	0.000017	3.6
25	-0.978940	549.259621	0.013934	3.6
26	-0.304595	546.660592	0.009482	3.7
27	-0.702799	544.094102	0.003853	3.4
28	-0.000000	541.559494	0.000000	3.5
29	-0.076273	539.056129	0.000979	3.4
30	-1.408127	536.583387	0.016929	3.7
31	-1.417966	534.140663	0.008499	3.7
32	-0.963167	531.727370	0.011555	3.3
33	-0.461562	529.342935	0.004057	3.4
34	-0.000001	526.986802	0.000000	3.5
35	-0.812648	524.658430	0.006173	3.8
36	-0.012468	522.357290	0.001132	3.5
37	-1.139457	520.082868	0.012699	3.3
38	-0.712334	517.834665	0.015307	3.3
39	-1.247385	515.612193	0.020007	3.8
40	-1.388867	513.414976	0.016048	3.4
41	-1.091771	511.242551	0.017154	3.7
42	-0.741681	509.094468	0.009243	3.5
43	-1.318257	506.970285	0.012250	3.9
44	-0.970110	504.869574	0.018238	3.7
45	-0.000000	502.791916	0.000000	3.7
46	-0.096673	500.736903	0.001441	3.4
47	-0.615698	498.704137	0.011234	3.5
48	-0.000038	496.693228	0.000009	3.8
49	-1.440586	494.703798	0.012097	3.8
50	-0.886751	492.735476	0.006550	3.5
51	-0.000000	490.787900	0.000000	3.6
52	-1.118332	488.860718	0.009370	3.8
53	-0.839234	486.953585	0.014135	3.9
54	-1.261331	485.066164	0.018477	3.5
55	-0.012825	483.198126	0.001419	3.4
56	-1.651483	481.349149	0.004913	3.9
57	-1.286686	479.518920	0.011499	4.3
58	-0.147933	477.707132	0.002003	5.4
59	-0.776966	475.913485	0.004688	3.8
60	-0.054030	474.137684	0.002165	4.7
61	-1.337222	472.379445	0.011507	4.0
62	-0.155338	470.638485	0.003749	3.8
63	-1.532063	468.914531	0.011544	3.6
64	-1.081940	467.207315	0.011480	3.5
65	0.000000	465.516573	0.000000	3.5
66	-1.618953	463.842050	0.007341	3.6
67	-0.928464	462.183494	0.007921	3.9
68	-0.691460	460.540658	0.012331	4.0
69	-1.245892	458.913303	0.012327	3.4
70	-0.584172	457.301192	0.006842	3.7
71	-0.878716	455.704096	0.008898	3.7
72	-1.206786	454.121787	0.027082	3.9
73	-1.022225	452.554045	0.011303	3.4
74	-0.317982	451.000653	0.003355	3.5
75	-1.272225	449.461399	0.012707	3.9
76	-1.353722	447.936075	0.015436	3.7
77	-0.379151	446.424477	0.012937	3.6
78	-0.468356	444.926406	0.004021	3.5
79	-0.416489	443.441666	0.005817	3.9
80	-0.000000	441.970065	0.000000	3.4
81	-0.000000	440.511415	0.000000	3.8
82	-1.646213	439.065533	0.012563	3.5
83	-1.024134	437.632238	0.011233	4.0
84	-1.187321	436.211351	0.010387	3.5
85	-0.000000	434.802701	0.000000	3.8
86	-0.624113	433.406117	0.010152	3.6
87	-0.942967	432.021430	0.011825	3.7
88	-0.983744	430.648479	0.008154	3.7
89	-0.000005	429.287101	0.000001	3.9
90	-0.547815	427.937140	0.013758	4.1
91	-0.101676	426.598440	0.003687	4.0
92	-1.419441	425.270849	0.010303	4.0
93	-0.029729	423.954220	0.001620	4.2
94	-0.406499	422.648404	0.015558	3.7
95	-1.072790	421.353259	0.007048	3.4
96	-0.492702	420.068643	0.004185	4.2
97	-0.473419	418.794419	0.007474	4.4
98	-1.281365	417.530451	0.011241	4.3
99	-0.524047	416.276604	0.005576	3.8
100	-0.956993	415.032748	0.004362	3.6
101	-1.100444	413.798754	0.010996	4.3
102	-1.046018	412.574495	0.012921	3.5
103	-1.183562	411.359849	0.011670	4.2
104	-0.006353	410.154691	0.000082	4.0
105	-1.065712	408.958904	0.017221	5.4
106	-1.060542	407.772368	0.012468	4.0
107	-1.169607	406.594968	0.008793	4.2
108	-1.364851	405.426590	0.006018	5.6
109	-1.216718	404.267122	0.019222	4.2
110	-1.295915	403.116456	0.007257	4.7
111	-1.275008	401.974481	0.012060	4.8
112	-0.259934	400.841093	0.005549	3.6
113	-0.275895	399.716187	0.002416	3.7
114	-1.315985	398.599660	0.010214	3.8
115	-0.640382	397.491411	0.005575	4.2
116	-0.000000	396.391342	0.000000	4.4
117	-1.132170	395.299353	0.010620	3.5
118	-0.638214	394.215350	0.006907	4.1
119	-0.101566	393.139238	0.003615	4.4
120	-0.228184	392.070924	0.002510	4.5
121	-0.359326	391.010316	0.003672	4.0
122	-1.299818	389.957325	0.014470	4.2
123	-0.795535	388.911862	0.007849	4.0
124	-0.003374	387.873839	0.000352	4.3
125	-1.525467	386.843173	0.010041	4.2
126	-1.471497	385.819777	0.015224	4.8
127	-0.000000	384.803569	0.000000	3.5
128	-0.523682	383.794468	0.003532	3.6
129	-0.000003	382.792393	0.000001	3.8
130	-0.451058	381.797264	0.006115	4.0
131	-0.304275	380.809005	0.003615	3.7
132	-0.000000	379.827537	0.000000	3.5
133	-0.996299	378.852786	0.003496	4.1
134	-0.287878	377.884678	0.005274	4.0
135	-0.533592	376.923138	0.007591	3.7
136	-1.079757	375.968095	0.019872	3.9
137	-0.357083	375.019479	0.002945	3.5
138	-0.614091	374.077218	0.009837	4.0
139	-1.119284	373.141244	0.007729	3.6
140	-0.399649	372.211489	0.004875	3.9
141	-1.060067	371.287887	0.020569	3.5
142	-0.741438	370.370370	0.007955	3.5
143	-0.907391	369.458876	0.017832	3.9
144	-1.295402	368.553338	0.006756	4.1
145	-0.001767	367.653696	0.000230	3.9
146	-1.272258	366.759885	0.004799	3.5
147	-0.001204	365.871846	0.000174	4.0
148	-0.018464	364.989518	0.001074	3.8
149	-1.120989	364.112841	0.011279	4.1
150	-1.448908	363.241757	0.010685	3.9
151	-0.692471	362.376208	0.006169	4.6
152	-1.198562	361.516137	0.009041	4.0
153	-0.000000	360.661488	0.000000	3.8
154	-0.836583	359.812206	0.020081	4.4
155	-0.013271	358.968236	0.000498	3.9
156	-0.984093	358.129524	0.027247	3.7
157	-0.612016	357.296018	0.006999	3.9
158	-0.000000	356.467665	0.000000	4.4
159	-1.472226	355.644414	0.016756	4.4
160	-1.279685	354.826213	0.007082	3.8
161	-1.503487	354.013012	0.005524	4.2
162	-0.644904	353.204763	0.007454	4.2
163	-0.128366	352.401415	0.003759	3.7
164	-0.846359	351.602922	0.011293	3.6
165	-0.129779	350.809235	0.003046	4.1
166	-1.264805	350.020308	0.013523	4.3
167	-0.823037	349.236095	0.004353	3.7
168	-0.000000	348.456550	0.000000	4.0
169	-0.185246	347.681627	0.005130	3.9
170	-1.317081	346.911283	0.011541	4.2
171	-0.000000	346.145474	0.000000	3.9
172	-1.301158	345.384157	0.023083	4.5
173	-0.558365	344.627288	0.009242	4.1
174	-1.164996	343.874826	0.020219	4.1
175	-1.325565	343.126729	0.019597	4.1
176	-0.000003	342.382957	0.000001	3.9
177	-0.566075	341.643469	0.010067	4.6
178	-1.341312	340.908224	0.011248	3.8
179	-0.435083	340.177184	0.003492	3.7
180	-1.220903	339.450309	0.013993	3.5
181	-1.493295	338.727561	0.016226	4.5
182	-0.736559	338.008902	0.007835	4.1
183	-0.004989	337.294295	0.000538	3.8
184	-0.806735	336.583703	0.013061	3.8
185	-0.295549	335.877089	0.004023	3.8
186	-0.261419	335.174416	0.003426	4.3
187	-1.370769	334.475651	0.011804	3.8
188	-0.000000	333.780756	0.000000	3.5
189	-1.104273	333.089698	0.009000	4.1
190	-1.365324	332.402443	0.005409	4.2
191	-0.801216	331.718955	0.003783	3.5
192	-0.000022	331.039203	0.000005	3.8
193	-0.650796	330.363153	0.013254	4.6
194	-1.194016	329.690771	0.009521	3.3
195	-0.704602	329.022027	0.006340	3.3
196	-0.069396	328.356888	0.001040	3.4
197	-0.007018	327.695322	0.000634	4.0
198	-0.047389	327.037299	0.001656	3.4
199	-1.199117	326.382787	0.009100	3.6
200	-0.845796	325.731758	0.006195	3.4
201	-0.457699	325.084179	0.004800	4.5
202	-1.115718	324.440023	0.012122	3.6
203	-0.117750	323.799258	0.002387	3.5
204	-0.903882	323.161858	0.008666	3.8
205	-1.336727	322.527792	0.013125	3.8
206	-0.003316	321.897034	0.000437	3.6
207	-0.000000	321.269554	0.000000	3.6
208	-0.001111	320.645325	0.000120	4.4
209	-0.852664	320.024320	0.009505	4.3
210	-0.203595	319.406512	0.004477	3.5
211	-1.376406	318.791875	0.004551	3.5
212	-1.094155	318.180381	0.006474	4.1
213	-0.698412	317.572005	0.005804	4.3
214	-0.196081	316.966721	0.003551	4.0
215	-1.337756	316.364504	0.014070	3.9
216	-0.367402	315.765329	0.003490	3.3
217	-0.000000	315.169170	0.000000	3.8
218	-0.000000	314.576003	0.000000	3.4
219	-1.310543	313.985804	0.011914	3.7
220	-1.315969	313.398548	0.006562	3.4
221	-1.324584	312.814213	0.008535	3.9
222	-0.007736	312.232773	0.000769	3.3
223	-0.000144	311.654207	0.000021	4.3
224	-1.291571	311.078491	0.011516	3.5
225	-0.018717	310.505602	0.001228	4.5
226	-0.000009	309.935518	0.000002	3.7
227	-1.478294	309.368217	0.010536	3.7
228	-0.916878	308.803676	0.016880	4.2
229	-1.542096	308.241874	0.008722	4.2
230	-0.366391	307.682789	0.007434	4.2
231	-1.562874	307.126400	0.008309	4.0
232	-0.287862	306.572687	0.005806	3.6
233	-1.212477	306.021627	0.013378	4.1
234	-0.571614	305.473201	0.009968	5.0
235	-0.526767	304.927388	0.004332	3.6
236	-0.591652	304.384168	0.012632	4.5
237	-0.000000	303.843521	0.000000	5.1
238	-0.000000	303.305427	0.000000	4.7
239	-0.173129	302.769867	0.003580	4.2
240	-1.007474	302.236821	0.014908	4.1
241	-0.015963	301.706270	0.000953	3.8
242	-1.266282	301.178196	0.013965	4.5
243	-0.712403	300.652580	0.008727	3.9
244	-1.172370	300.129402	0.009368	5.2
245	-0.493421	299.608645	0.007232	4.4
246	-0.915127	299.090291	0.009950	4.1
247	-1.469211	298.574321	0.013879	4.5
248	-1.134941	298.060718	0.009598	4.5
249	-0.772625	297.549465	0.006128	3.9
250	-0.095708	297.040543	0.002265	5.1
251	-0.234694	296.533936	0.006229	4.3
252	-0.992125	296.029626	0.006695	4.0
253	-0.469364	295.527597	0.015088	3.6
254	-0.664127	295.027832	0.008741	4.4
255	-0.000016	294.530315	0.000003	4.6
256	-1.333667	294.035028	0.007146	4.3
257	-0.203644	293.541956	0.002812	5.1
258	-0.055189	293.051083	0.001225	5.5
259	-0.887959	292.562393	0.007741	3.9
260	-0.000000	292.075870	0.000000	3.8
261	-1.050930	291.591498	0.010477	3.6
262	-1.274098	291.109263	0.014287	3.8
263	-0.948101	290.629149	0.011644	3.6
264	-1.125838	290.151140	0.011146	3.7
265	-1.276199	289.675222	0.010028	3.4
266	-1.389895	289.201380	0.021307	3.9
267	-0.031758	288.729600	0.001064	3.6
268	-0.635752	288.259866	0.010183	3.8
269	-0.649534	287.792165	0.007324	3.4
270	-0.639825	287.326481	0.009259	3.9
271	-0.807293	286.862802	0.018794	3.7
272	-0.355205	286.401113	0.002775	3.8
273	-0.367489	285.941400	0.017309	3.5
274	-1.018018	285.483649	0.004819	3.5
275	-0.737141	285.027847	0.007456	3.7
276	-0.128565	284.573981	0.001667	3.9
277	-1.497280	284.122037	0.008148	3.6
278	-0.918014	283.672002	0.010148	3.4
279	-0.420683	283.223863	0.002228	3.8
280	-1.450432	282.777607	0.008640	3.6
281	-0.038217	282.333221	0.001203	3.6
282	-0.005137	281.890692	0.000237	3.5
283	-1.231205	281.450008	0.007714	3.7
284	-1.339414	281.011157	0.010420	4.1
285	-1.570549	280.574125	0.006186	3.5
286	-0.455002	280.138901	0.015825	3.5
287	-0.000234	279.705473	0.000031	3.8
288	-0.615399	279.273829	0.021111	3.8
289	-1.102584	278.843956	0.011174	3.4
290	-0.000000	278.415844	0.000000	3.4
291	-0.577565	277.989479	0.007268	3.5
292	-0.645243	277.564851	0.007091	4.0
293	-1.166318	277.141949	0.011058	3.5
294	-1.617620	276.720761	0.010343	3.7
295	-0.102663	276.301275	0.002976	3.5
296	-0.877064	275.883480	0.012010	4.1
297	-0.817269	275.467366	0.003862	3.5
298	-0.871591	275.052922	0.013576	3.5
299	-0.687736	274.640136	0.004118	3.6
300	-0.861979	274.228998	0.012766	4.1
301	-1.165453	273.819497	0.022499	3.7
302	-1.058001	273.411623	0.006319	3.4
303	-1.263194	273.005365	0.009730	3.5
304	-0.050258	272.600712	0.001409	5.0
305	-1.033827	272.197655	0.016149	4.0
306	-1.515912	271.796184	0.008746	3.7
307	-1.386973	271.396287	0.007052	4.1
308	-0.062860	270.997956	0.001604	4.2
309	-1.206428	270.601180	0.005784	3.8
310	-0.000001	270.205949	0.000000	4.2
311	-0.086332	269.812254	0.002691	3.9
312	-0.345257	269.420085	0.009073	3.8
313	-0.218355	269.029432	0.001383	3.6
314	-0.656127	268.640287	0.005761	3.5
315	-1.037689	268.252638	0.014503	3.8
316	-1.018451	267.866478	0.010781	3.9
317	-1.213386	267.481796	0.012709	3.5
318	-1.409559	267.098584	0.012357	3.5
319	-1.173204	266.716833	0.010090	4.1
320	-0.003097	266.336533	0.000429	3.7
321	-0.851869	265.957676	0.006760	3.4
322	-0.000000	265.580253	0.000000	3.4
323	-0.329516	265.204254	0.007069	3.4
324	-0.000000	264.829672	0.000000	3.4
325	-0.618601	264.456497	0.007030	3.9
326	-0.000003	264.084721	0.000001	3.6
327	-1.341828	263.714335	0.013915	3.4
328	-0.470376	263.345332	0.003134	3.4
329	-0.957813	262.977702	0.009362	3.9
330	-0.002651	262.611438	0.000332	3.4
331	-0.719410	262.246531	0.004098	3.5
332	-1.130260	261.882973	0.010377	3.3
333	-0.834960	261.520756	0.004489	3.8
334	-0.000091	261.159871	0.000017	3.4
335	-0.361716	260.800312	0.007739	3.5
336	-0.579821	260.442070	0.017360	3.5
337	-0.942833	260.085137	0.008456	3.7
338	-1.386669	259.729505	0.013591	3.9
339	-0.971264	259.375167	0.009355	3.4
340	-1.111748	259.022116	0.012414	3.4
341	-0.855736	258.670343	0.022917	3.6
342	-0.000000	258.319841	0.000000	3.9
343	-1.471081	257.970602	0.012958	3.4
344	-0.000043	257.622620	0.000007	3.8
345	-0.981320	257.275887	0.014598	3.5
346	-1.260782	256.930396	0.008421	4.2
347	-1.295761	256.586139	0.014829	3.7
348	-0.000000	256.243109	0.000000	3.4
349	-1.529551	255.901300	0.007287	3.6
350	-0.998021	255.560703	0.028053	5.2
351	-1.487541	255.221313	0.009662	3.7
352	-0.528124	254.883122	0.007589	3.4
353	-1.051353	254.546124	0.017668	3.4
354	-1.338329	254.210311	0.014320	4.1
355	-0.008750	253.875677	0.000598	3.6
356	-0.206748	253.542215	0.003221	3.5
357	-1.387500	253.209918	0.005353	3.4
358	-0.777972	252.878781	0.021494	4.2
359	-0.000000	252.548795	0.000000	3.3
360	-0.812089	252.219956	0.005194	3.5
361	-0.698176	251.892255	0.006163	3.5
362	-0.001753	251.565688	0.000259	3.9
363	-1.181438	251.240247	0.015057	3.5
364	-0.325064	250.915926	0.008322	3.5
365	-0.619414	250.592720	0.006945	3.9
366	-0.131342	250.270621	0.004202	4.3
367	-1.262108	249.949624	0.015720	3.6
368	-0.578731	249.629723	0.009376	3.6
369	-1.313393	249.310911	0.012394	3.8
370	-0.000187	248.993182	0.000037	3.4
371	-0.538321	248.676531	0.011627	3.7
372	-0.000000	248.360952	0.000000	3.4
373	-0.994885	248.046438	0.012276	4.1
374	-1.443082	247.732984	0.008771	3.5
375	-1.335879	247.420584	0.014390	3.9
376	-0.725352	247.109233	0.006648	3.6
377	-0.000000	246.798924	0.000000	4.0
378	-1.143479	246.489652	0.009370	3.7
379	-0.000049	246.181412	0.000009	3.9
380	-0.377166	245.874197	0.014853	3.5
381	-1.362475	245.568002	0.008998	3.7
382	-1.661404	245.262822	0.009620	3.5
383	-0.144582	244.958652	0.002689	3.9
384	-1.397667	244.655485	0.010255	3.6
385	-0.608551	244.353317	0.008374	5.0
386	-0.000001	244.052142	0.000000	4.3
387	-0.247423	243.751955	0.006871	4.2
388	-0.012817	243.452750	0.000788	4.2
389	-0.000000	243.154523	0.000000	4.4
390	-0.707080	242.857268	0.007940	5.0
391	-1.354093	242.560980	0.018226	3.9
392	-0.926033	242.265654	0.016050	4.4
393	-0.001745	241.971285	0.000268	3.8
394	-1.319304	241.677868	0.005971	4.2
395	-1.219802	241.385397	0.008409	4.1
396	-1.051046	241.093869	0.008667	3.9
397	-0.000000	240.803278	0.000000	4.2
398	-1.273617	240.513619	0.007603	3.9
399	-0.011363	240.224887	0.000862	4.0
400	-0.136371	239.937077	0.002389	4.3
401	-0.011797	239.650186	0.000489	4.0
402	-0.000000	239.364207	0.000000	4.7
403	-0.334561	239.079136	0.007029	3.5
404	-1.650153	238.794969	0.012368	3.6
405	-1.362318	238.511701	0.010147	4.2
406	-0.513211	238.229327	0.022156	4.8
407	-0.000000	237.947843	0.000000	3.9
408	-0.180681	237.667244	0.004072	3.6
409	-1.363547	237.387526	0.008138	4.3
410	-1.170219	237.108684	0.012094	4.3
411	-0.000000	236.830714	0.000000	4.2
412	-1.562454	236.553610	0.007479	3.6
413	-0.365686	236.277370	0.016934	4.5
414	-1.051154	236.001989	0.009769	3.7
415	-1.537693	235.727461	0.008581	3.6
416	-1.069910	235.453784	0.009402	3.8
417	-0.736197	235.180952	0.004755	4.1
418	-0.485536	234.908962	0.008340	4.2
419	-0.568849	234.637809	0.012544	3.6
420	-0.953136	234.367488	0.006588	4.4
421	-0.946531	234.097997	0.016754	4.7
422	-1.257516	233.829331	0.009446	3.9
423	-1.181621	233.561485	0.009067	4.2
424	-0.466664	233.294456	0.008059	3.5
425	-1.266367	233.028239	0.008336	3.9
426	-0.856713	232.762831	0.021405	3.6
427	-0.000000	232.498228	0.000000	3.8
428	-0.434547	232.234425	0.011713	3.5
429	-1.350596	231.971419	0.012885	3.8
430	-1.094877	231.709205	0.007995	3.7
431	-0.495852	231.447781	0.007967	3.9
432	-1.198624	231.187141	0.010623	3.6
433	-0.088271	230.927283	0.001430	3.9
434	-0.796383	230.668202	0.008040	4.0
435	0.000000	230.409895	0.000000	4.3
436	-0.030918	230.152358	0.001917	3.5
437	-0.741636	229.895587	0.008929	3.3
438	-1.487009	229.639578	0.010816	3.9
439	-0.676396	229.384329	0.008549	3.7
440	-0.097460	229.129834	0.001905	3.6
441	-1.240380	228.876091	0.008528	3.4
442	-0.000000	228.623096	0.000000	3.8
443	-0.738811	228.370846	0.010390	5.0
444	-0.000262	228.119336	0.000031	3.4
445	-0.000000	227.868563	0.000000	3.4
446	-0.341964	227.618525	0.004941	3.9
447	-1.364012	227.369216	0.011966	3.9
448	-1.149067	227.120635	0.004874	4.3
449	-0.052438	226.872777	0.001615	4.2
450	-0.179983	226.625638	0.005757	4.7
451	-0.969635	226.379217	0.010992	3.6
452	-0.771288	226.133509	0.003674	3.8
453	-0.000000	225.888510	0.000000	4.0
454	-0.033541	225.644218	0.001627	3.8
455	-0.161611	225.400630	0.002750	3.7
456	-1.573600	225.157741	0.008327	3.6
457	-0.548840	224.915549	0.007285	4.1
458	-0.136044	224.674051	0.001977	4.4
459	-1.180602	224.433242	0.009474	3.6
460	-0.583210	224.193121	0.006882	3.9
461	-0.000000	223.953684	0.000000	4.5
462	-0.972103	223.714927	0.022287	4.0
463	-0.842909	223.476848	0.019786	4.0
464	-0.586351	223.239444	0.006839	3.9
465	-0.484940	223.002710	0.013720	4.4
466	-1.396822	222.766645	0.012357	4.2
467	-1.267789	222.531245	0.018257	3.9
468	-1.362763	222.296508	0.013702	3.8
469	-1.256628	222.062429	0.006725	4.2
470	-0.905923	221.829007	0.007401	4.1
471	-1.695656	221.596238	0.009492	4.3
472	-0.609797	221.364119	0.004770	3.6
473	-0.481484	221.132647	0.003726	4.3
474	-1.412539	220.901820	0.004787	4.0
475	-0.000000	220.671634	0.000000	4.2
476	-1.381241	220.442086	0.010166	3.7
477	-0.789566	220.213174	0.012657	3.9
478	-0.761689	219.984895	0.008479	4.7
479	-1.232084	219.757246	0.009459	4.1
480	-1.569052	219.530224	0.009212	4.3
481	-0.958927	219.303826	0.008530	4.2
482	-1.390124	219.078050	0.010003	3.6
483	-0.004244	218.852893	0.000464	3.6
484	-1.422875	218.628352	0.010963	3.4
485	-1.228308	218.404424	0.005632	4.2
486	-1.237425	218.181106	0.022676	3.5
487	-1.075315	217.958397	0.007363	3.6
488	-0.029988	217.736292	0.001065	3.5
489	-1.302096	217.514790	0.010047	4.5
490	-0.618821	217.293888	0.006380	4.2
491	-1.465559	217.073584	0.017908	3.5
492	-0.020419	216.853873	0.000638	3.5
493	-0.000001	216.634755	0.000000	4.4
494	-1.156057	216.416227	0.010176	3.7
495	-0.255772	216.198285	0.002258	3.5
496	-0.000000	215.980927	0.000000	3.1
497	-0.694266	215.764151	0.006034	4.2
498	-0.018084	215.547955	0.000817	3.6
499	-0.210041	215.332335	0.005137	3.4
500	-0.856533	215.117289	0.014668	3.5
501	-1.162627	214.902815	0.020148	3.6
502	-1.264680	214.688911	0.004627	3.7
503	-1.189764	214.475573	0.015176	3.4
504	-0.135338	214.262800	0.004351	3.4
505	-1.412814	214.050588	0.008565	3.8
506	-0.588546	213.838936	0.014009	4.0
507	-0.055632	213.627842	0.002464	3.5
508	-0.098595	213.417302	0.002514	3.7
509	-0.805961	213.207314	0.001833	3.5
510	-1.299176	212.997877	0.011316	3.9
511	-0.842477	212.788987	0.025090	3.6
512	-0.088114	212.580642	0.002326	3.8
513	-0.319276	212.372841	0.012930	3.5
514	-0.172654	212.165581	0.002777	3.9
515	-0.000000	211.958859	0.000000	3.6
516	-0.742538	211.752673	0.005896	3.7
517	-1.485004	211.547021	0.011899	3.5
518	-0.740694	211.341902	0.007562	3.6
519	-0.843817	211.137311	0.005649	3.9
520	-1.475328	210.933248	0.014003	4.1
521	-0.134012	210.729710	0.003403	4.2
522	-0.000260	210.526695	0.000053	3.7
523	-1.487456	210.324200	0.006696	3.8
524	-1.563985	210.122224	0.013760	3.7
525	-1.616716	209.920765	0.004628	3.6
526	-0.561921	209.719820	0.007689	3.5
527	-1.226589	209.519387	0.005986	4.3
528	-0.000000	209.319463	0.000000	4.7
529	-1.186571	209.120048	0.004996	4.7
530	-0.595072	208.921139	0.007253	5.2
531	-0.352178	208.722733	0.003857	4.0
532	-1.208827	208.524829	0.011315	3.7
533	-1.228805	208.327425	0.006252	3.6
534	-1.185323	208.130518	0.019242	4.9
535	-0.128924	207.934107	0.002098	3.5
536	-0.000000	207.738189	0.000000	3.6
537	-0.000000	207.542762	0.000000	4.0
538	-0.810120	207.347825	0.017798	4.3
539	-0.144691	207.153376	0.003817	3.6
540	-0.208508	206.959412	0.003187	3.9
541	-0.809120	206.765932	0.009972	4.5
542	-0.053551	206.572933	0.002044	4.2
543	-0.727490	206.380414	0.002853	3.9
544	0.000000	206.188373	0.000000	3.7
545	-1.486498	205.996807	0.009810	4.9
546	-1.253954	205.805716	0.005362	4.2
547	-0.000000	205.615096	0.000000	4.4
548	-0.480067	205.424946	0.011806	3.8
549	-1.125752	205.235265	0.022107	4.5
550	-0.612366	205.046050	0.013709	4.1
551	-0.754848	204.857299	0.010570	3.8
552	-1.146824	204.669011	0.012171	4.1
553	-1.359215	204.481184	0.022994	4.6
554	-1.506095	204.293816	0.010270	4.4
555	-0.403616	204.106905	0.005847	3.7
556	-0.733229	203.920449	0.010188	4.9
557	-1.231251	203.734447	0.025346	5.7
558	-0.000000	203.548896	0.000000	3.8
559	-0.000000	203.363795	0.000000	4.3
560	-0.508700	203.179143	0.014290	4.3
561	-1.636951	202.994937	0.006328	3.9
562	-1.027556	202.811176	0.011599	4.2
563	-1.198760	202.627857	0.008220	4.4
564	-1.360640	202.444980	0.005933	4.0
565	-0.436908	202.262543	0.007256	3.8
566	-1.427067	202.080543	0.024905	3.4
567	-1.688114	201.898979	0.009195	3.9
568	-0.108423	201.717849	0.003309	4.2
569	-1.029500	201.537153	0.011436	3.7
570	-1.199406	201.356887	0.005789	3.5
571	-0.735697	201.177050	0.010556	4.0
572	-0.060278	200.997642	0.003026	4.2
573	-0.010099	200.818659	0.000506	3.3
574	-0.872493	200.640100	0.010199	3.6
575	-0.000000	200.461965	0.000000	4.0
576	-0.000163	200.284250	0.000022	4.4
577	-0.600680	200.106955	0.010190	3.6
578	-0.902555	199.930078	0.010535	3.5
579	-0.945739	199.753617	0.010525	3.8
580	-0.039917	199.577571	0.001063	4.9
581	-0.000000	199.401938	0.000000	3.5
582	-1.196424	199.226717	0.011610	3.5
583	-1.090976	199.051905	0.008189	4.7
584	-0.172552	198.877502	0.002981	4.5
585	-0.000001	198.703506	0.000000	3.4
586	-1.027971	198.529916	0.005166	4.3
587	-1.665240	198.356729	0.016312	4.3
588	-0.159338	198.183944	0.002422	4.3
589	-0.992854	198.011560	0.006539	4.1
590	-1.484690	197.839576	0.021554	4.7
591	-1.450514	197.667989	0.006608	3.6
592	-0.000000	197.496798	0.000000	3.5
593	-0.008645	197.326002	0.000746	3.5
594	-0.000000	197.155600	0.000000	4.6
595	-0.777148	196.985589	0.004923	3.6
596	-0.000000	196.815969	0.000000	3.4
597	-0.417906	196.646738	0.004925	3.5
598	-1.385673	196.477894	0.015889	3.8
599	-0.233815	196.309436	0.003439	3.7
600	-0.337475	196.141363	0.006011	3.6
601	-0.132223	195.973673	0.001478	3.8
602	-0.741578	195.806365	0.004733	4.3
603	-0.857721	195.639437	0.005490	3.7
604	-1.490202	195.472888	0.008800	3.4
605	-0.996789	195.306717	0.006326	4.3
606	-1.422229	195.140922	0.015138	4.2
607	-0.000000	194.975501	0.000000	4.1
608	-1.247297	194.810454	0.010377	3.9
609	-0.555050	194.645779	0.006827	4.2
610	-1.195987	194.481475	0.010380	3.8
611	-0.391727	194.317540	0.004005	3.8
612	-0.000000	194.153973	0.000000	3.9
613	-0.666561	193.990773	0.004928	4.4
614	-0.563944	193.827938	0.007473	4.5
615	-0.699855	193.665467	0.014624	4.3
616	-0.798888	193.503358	0.005310	3.6
617	-0.000000	193.341611	0.000000	4.0
618	-1.207617	193.180224	0.008252	4.4
619	-0.152016	193.019196	0.002716	3.8
620	-0.815517	192.858525	0.007844	4.0
621	-0.729348	192.698210	0.011677	3.7
622	-0.500628	192.538251	0.012396	5.0
623	-1.461556	192.378644	0.008939	4.3
624	-0.000000	192.219391	0.000000	4.0
625	-1.296357	192.060488	0.011076	4.0
626	-1.440356	191.901935	0.010419	4.8
627	-0.000222	191.743730	0.000024	3.6
628	-1.592759	191.585873	0.011672	4.6
629	-0.356162	191.428362	0.007044	4.9
630	-1.346218	191.271196	0.009802	4.3
631	-1.048275	191.114374	0.013151	4.1
632	-0.990954	190.957893	0.011830	3.6
633	-0.931721	190.801755	0.010070	4.8
634	-1.425780	190.645956	0.008679	4.3
635	-0.599608	190.490495	0.008247	4.0
636	-0.362410	190.335373	0.011328	5.0
637	-0.703743	190.180587	0.019240	4.5
638	-0.341772	190.026136	0.003205	3.6
639	-0.785672	189.872019	0.006681	3.8
640	-0.000061	189.718235	0.000008	4.5
641	-0.816483	189.564782	0.010439	4.3
642	-0.000000	189.411661	0.000000	3.3
643	-1.225187	189.258868	0.009897	4.2
644	-0.000291	189.106404	0.000058	4.0
645	-1.612440	188.954267	0.013864	3.6
646	-0.047592	188.802456	0.002128	3.3
647	-1.151202	188.650969	0.011764	3.8
648	-0.097058	188.499807	0.001940	4.2
649	-0.173732	188.348967	0.003257	3.6
650	-1.544557	188.198448	0.009572	3.6
651	-1.472024	188.048250	0.010177	3.5
652	-1.378333	187.898371	0.007665	4.1
653	-0.013174	187.748810	0.001436	3.5
654	-0.769770	187.599566	0.006102	3.8
655	-0.771100	187.450638	0.007597	3.7
656	-0.598440	187.302025	0.023123	3.7
657	-1.100008	187.153725	0.008657	3.6
658	-0.803236	187.005739	0.003358	3.8
659	-0.746508	186.858064	0.024876	3.7
660	-0.925391	186.710699	0.025243	3.8
661	-0.000007	186.563645	0.000002	3.9
662	-0.840753	186.416898	0.015182	3.3
663	-1.546713	186.270459	0.005664	3.7
664	-1.431141	186.124326	0.013065	3.5
665	-1.329652	185.978499	0.009393	4.3
666	-1.239081	185.832976	0.010520	3.5
667	-1.089548	185.687756	0.020988	3.5
668	-1.584532	185.542838	0.010991	3.6
669	-0.001285	185.398222	0.000228	4.7
670	-0.058148	185.253906	0.002137	4.0
671	-0.129949	185.109889	0.004854	3.9
672	-1.412700	184.966170	0.010658	4.0
673	-0.516012	184.822748	0.003922	4.6
674	-0.891660	184.679623	0.020918	3.3
675	-0.000000	184.536792	0.000000	3.3
676	-0.000855	184.394256	0.000120	3.7
677	-0.664361	184.252013	0.015927	4.2
678	-0.006594	184.110062	0.000453	3.6
679	-0.870497	183.968403	0.004943	3.4
680	-1.295374	183.827034	0.021508	4.1
681	-0.165541	183.685954	0.002739	4.1
682	-1.062036	183.545163	0.006560	3.7
683	-0.246360	183.404658	0.003061	3.6
684	-0.845351	183.264441	0.007816	3.8
685	-1.344607	183.124509	0.013149	4.1
686	-1.138987	182.984861	0.008156	3.6
687	-0.111987	182.845497	0.004164	3.5
688	-0.398669	182.706416	0.011592	3.8
689	-0.607465	182.567616	0.009578	4.0
690	-1.255614	182.429098	0.013756	3.8
691	-0.020379	182.290859	0.000646	3.9
692	-0.001725	182.152899	0.000279	3.9
693	-0.563203	182.015217	0.006331	4.1
694	-0.756445	181.877813	0.009093	4.3
695	-1.108839	181.740684	0.012123	4.1
696	-1.114661	181.603832	0.004431	3.6
697	-1.064203	181.467253	0.014687	3.8
698	-0.000166	181.330948	0.000029	3.5
699	-0.808606	181.194916	0.007132	3.8
700	-0.930005	181.059155	0.010098	3.5
701	-0.007595	180.923666	0.000407	3.9
702	-1.261741	180.788446	0.008286	3.5
703	-0.660529	180.653496	0.023095	3.9
704	-0.941528	180.518814	0.004839	3.5
705	-1.100386	180.384399	0.007624	3.9
706	-1.031889	180.250251	0.004555	3.6
707	-0.424503	180.116369	0.004849	3.7
708	-1.279209	179.982752	0.009266	3.9
709	-1.267123	179.849398	0.014442	4.6
710	-1.629377	179.716308	0.009947	4.3
711	-0.964053	179.583480	0.008739	3.7
712	-0.656646	179.450913	0.024458	4.2
713	-1.068878	179.318607	0.017960	4.0
714	-0.000000	179.186561	0.000000	3.9
715	-0.952698	179.054774	0.018490	4.4
716	-0.803332	178.923245	0.007972	4.1
717	-0.134127	178.791973	0.003352	4.2
718	-1.370111	178.660958	0.006295	4.2
719	-0.688009	178.530199	0.010522	4.0
720	-0.868302	178.399694	0.012494	3.9
721	-0.619503	178.269444	0.007958	4.7
722	-0.719147	178.139447	0.006233	4.2
723	-1.183412	178.009702	0.010116	4.3
724	-1.448415	177.880209	0.006016	4.5
725	-1.012382	177.750967	0.011239	4.1
726	-0.742128	177.621975	0.006459	4.0
727	-0.000000	177.493232	0.000000	3.8
728	-0.932731	177.364738	0.007990	4.1
729	-0.060925	177.236492	0.001798	3.4
730	-0.432099	177.108492	0.005308	4.2
731	-0.000010	176.980739	0.000002	3.8
732	-1.276846	176.853231	0.010473	4.4
733	-1.380445	176.725968	0.007856	3.6
734	-0.886796	176.598949	0.004155	3.6
735	-0.441669	176.472173	0.005434	4.3
736	-0.120884	176.345639	0.002068	4.2
737	-0.482910	176.219348	0.016115	4.2
738	-1.262529	176.093296	0.007950	3.5
739	-0.807734	175.967486	0.005493	4.2
740	-0.736976	175.841914	0.005785	4.4
741	-1.002866	175.716581	0.007251	4.4
742	-0.860693	175.591486	0.019649	4.1
743	-0.076139	175.466629	0.002706	4.7
744	-0.216335	175.342008	0.002990	3.8
745	-0.607242	175.217622	0.008336	3.6
746	-1.172661	175.093472	0.014212	4.4
747	-1.519251	174.969556	0.014980	4.0
748	-1.196898	174.845873	0.016590	4.3
749	-0.987448	174.722423	0.009580	4.3
750	-0.928928	174.599206	0.006213	4.2
751	-1.088505	174.476220	0.008744	4.4
752	-1.194054	174.353464	0.011836	3.8
753	-0.000228	174.230939	0.000035	3.9
754	-0.000000	174.108643	0.000000	3.9
755	-1.507553	173.986576	0.009383	4.2
756	-0.504724	173.864737	0.005697	5.0
757	-0.494739	173.743124	0.010892	4.4
758	-1.165884	173.621739	0.006996	5.0
759	-0.989207	173.500579	0.008483	5.7
760	-0.914426	173.379645	0.006374	5.3
761	-0.624375	173.258935	0.007596	5.7
762	-0.166770	173.138449	0.001192	4.6
763	-0.000595	173.018186	0.000066	4.3
764	-1.096054	172.898146	0.007515	4.6
765	-1.354697	172.778327	0.010874	3.7
766	-0.000002	172.658730	0.000000	4.2
767	-1.358787	172.539353	0.008934	4.0
768	-0.012126	172.420196	0.000458	5.1
769	-1.092662	172.301258	0.014910	4.3
770	-1.116220	172.182539	0.009926	4.1
771	-0.000000	172.064037	0.000000	4.6
772	-1.198876	171.945753	0.006098	3.9
773	-1.401359	171.827686	0.009137	3.8
774	-0.389921	171.709834	0.009300	4.5
775	-0.022175	171.592198	0.001353	4.1
776	-1.330743	171.474776	0.012169	4.1
777	-0.583157	171.357568	0.004304	3.9
778	-1.016264	171.240574	0.003447	4.8
779	-0.094073	171.123793	0.003188	4.2
780	-1.264345	171.007223	0.005680	4.6
781	-0.763119	170.890865	0.004144	4.2
782	-1.142635	170.774718	0.003487	4.4
783	-1.472233	170.658782	0.013269	4.0
784	-0.024068	170.543055	0.001289	3.9
785	-0.359757	170.427537	0.005081	4.4
786	-1.306254	170.312227	0.015889	4.3
787	-1.206321	170.197125	0.008415	4.3
788	-0.999592	170.082231	0.017544	4.6
789	-1.297568	169.967543	0.008524	4.8
790	-1.375214	169.853061	0.008958	4.2
791	-1.207761	169.738784	0.017010	4.6
792	-1.302111	169.624713	0.011016	4.5
793	-0.048177	169.510845	0.001178	4.3
794	-1.135916	169.397181	0.009263	4.2
795	-1.291877	169.283720	0.012848	4.4
796	-0.296455	169.170462	0.005333	7.8
797	-0.821753	169.057405	0.009196	6.9
798	-1.177163	168.944549	0.011225	4.1
799	-0.000192	168.831895	0.000025	4.4
800	-1.047657	168.719440	0.006767	4.2
801	-0.547385	168.607185	0.012046	4.4
802	-1.395052	168.495129	0.013475	4.3
803	-1.280129	168.383271	0.009866	5.0
804	-0.634639	168.271611	0.009174	4.3
805	-0.806138	168.160148	0.009994	4.0
806	-0.757426	168.048882	0.008244	5.2
807	-0.156223	167.937812	0.001098	4.6
808	-1.323522	167.826938	0.013810	4.2
809	-1.389515	167.716258	0.011426	4.7
810	-1.420829	167.605773	0.011480	4.2
811	-1.254609	167.495482	0.005167	4.1
812	-1.543589	167.385384	0.004605	4.0
813	-0.000000	167.275479	0.000000	5.6
814	-0.256952	167.165766	0.004979	4.2
815	-0.589833	167.056245	0.006901	3.8
816	-0.930467	166.946915	0.024863	4.3
817	-1.348507	166.837776	0.009213	4.0
818	-1.148586	166.728826	0.013778	3.6
819	-0.724265	166.620067	0.006064	4.5
820	-0.000000	166.511496	0.000000	4.6
821	-0.000010	166.403113	0.000001	4.0
822	-0.000002	166.294919	0.000000	3.8
823	-0.589792	166.186912	0.021900	4.3
824	-0.370256	166.079091	0.004072	4.2
825	-0.762615	165.971458	0.008511	4.0
826	-0.393269	165.864009	0.005763	4.7
827	-0.814852	165.756747	0.009461	4.2
828	-1.177687	165.649669	0.014817	3.7
829	-1.210051	165.542775	0.006310	3.9
830	-1.018872	165.436065	0.011496	4.0
831	-1.331471	165.329538	0.006010	4.1
832	-0.439487	165.223194	0.013730	3.7
833	-1.090377	165.117032	0.024292	4.0
834	-0.610815	165.011052	0.005946	3.5
835	-0.941683	164.905253	0.006768	3.9
836	-1.034111	164.799635	0.005646	3.5
837	-1.495402	164.694197	0.008434	4.0
838	-1.531009	164.588939	0.004286	3.5
839	-1.339535	164.483859	0.010488	3.8
840	-0.000476	164.378959	0.000080	3.6
841	-0.183511	164.274237	0.004633	3.9
842	-0.554514	164.169692	0.016003	3.5
843	-0.746591	164.065325	0.006099	3.7
844	-1.561856	163.961135	0.012863	3.7
845	-0.000605	163.857120	0.000113	3.8
846	-0.000000	163.753282	0.000000	3.5
847	-1.463605	163.649619	0.011536	3.5
848	-1.102566	163.546130	0.005121	3.9
849	-0.836571	163.442816	0.011502	3.8
850	-0.000093	163.339676	0.000020	3.3
851	-0.533436	163.236709	0.005747	3.4
852	-0.000586	163.133915	0.000058	3.8
853	-0.094052	163.031294	0.002486	3.6
854	-1.362513	162.928844	0.004093	3.7
855	-0.000018	162.826566	0.000004	3.5
856	-0.745794	162.724459	0.007185	3.8
857	-1.153973	162.622523	0.010505	3.8
858	-0.000000	162.520757	0.000000	3.4
859	-0.361855	162.419160	0.004226	4.2
860	-0.067546	162.317733	0.002402	4.1
861	-1.340290	162.216474	0.013613	4.2
862	-1.425582	162.115383	0.010582	4.1
863	-0.987903	162.014461	0.004351	4.1
864	-1.330242	161.913705	0.006368	4.6
865	-0.081747	161.813117	0.002925	3.6
866	-0.981449	161.712695	0.016945	3.8
867	-0.000000	161.612439	0.000000	4.2
868	-0.000000	161.512349	0.000000	4.5
869	-0.060885	161.412424	0.002079	4.2
870	-1.047124	161.312663	0.006918	3.7
871	-0.005653	161.213067	0.000437	3.9
872	-1.283712	161.113635	0.022589	4.0
873	-0.895226	161.014366	0.009922	4.0
874	-0.956667	160.915260	0.016450	4.0
875	-0.887204	160.816316	0.009752	4.4
876	-0.652241	160.717535	0.009233	3.9
877	-0.000001	160.618915	0.000000	3.9
878	-0.328375	160.520456	0.002170	3.8
879	0.000000	160.422158	0.000000	4.6
880	-0.710129	160.324021	0.006845	3.9
881	-0.038648	160.226043	0.002269	3.7
882	-1.121249	160.128225	0.014496	4.0
883	-1.236502	160.030566	0.011231	3.9
884	-0.000064	159.933066	0.000007	3.9
885	-1.547262	159.835723	0.008265	4.3
886	-1.643375	159.738539	0.007123	4.2
887	-1.464171	159.641512	0.008083	4.4
888	-0.131172	159.544642	0.002068	3.8
889	-1.576603	159.447929	0.013950	4.3
890	-1.213466	159.351372	0.015250	3.9
891	-1.165633	159.254971	0.007806	4.1
892	-0.235230	159.158725	0.003340	4.0
893	-0.005146	159.062634	0.000545	4.4
894	-0.000000	158.966697	0.000000	4.8
895	-1.384476	158.870915	0.014192	3.9
896	-0.807629	158.775286	0.010347	3.8
897	-0.303140	158.679811	0.005828	4.2
898	-0.804598	158.584489	0.014900	4.1
899	-0.887617	158.489319	0.005002	4.3
900	-1.318258	158.394302	0.013468	4.0
901	-0.000000	158.299436	0.000000	3.6
902	-1.363451	158.204721	0.015322	3.8
903	-0.864711	158.110158	0.006688	3.6
904	-0.016655	158.015745	0.000784	3.9
905	-0.947591	157.921482	0.006473	3.6
906	-0.262921	157.827369	0.003507	3.9
907	-0.066401	157.733406	0.001773	3.8
908	-0.780120	157.639591	0.010341	3.8
909	-1.190559	157.545925	0.020668	3.5
910	-0.804292	157.452408	0.004957	3.8
911	-1.261198	157.359038	0.006728	4.4
912	-0.000000	157.265816	0.000000	4.2
913	-1.438838	157.172741	0.010369	3.4
914	-0.102051	157.079813	0.002353	3.9
915	-0.000000	156.987031	0.000000	4.0
916	-0.000471	156.894395	0.000056	3.5
917	-1.526648	156.801904	0.004411	3.5
918	-1.266459	156.709559	0.017259	3.7
919	-0.616723	156.617359	0.008868	4.0
920	-1.407040	156.525304	0.022554	3.5
921	-0.865385	156.433392	0.008776	3.5
922	-0.572951	156.341624	0.010900	3.4
923	0.000000	156.250000	0.000000	4.0
924	-0.889781	156.158519	0.011705	3.5
925	-0.391295	156.067180	0.005691	3.4
926	-0.000000	155.975984	0.000000	3.4
927	-0.968382	155.884930	0.016544	4.1
928	-0.068947	155.794017	0.001547	3.7
929	-0.780002	155.703246	0.007884	3.4
930	-1.462063	155.612615	0.011291	3.7
931	-0.616976	155.522125	0.007103	4.2
932	-0.655365	155.431775	0.005329	3.6
933	-0.000000	155.341565	0.000000	3.6
934	-1.182956	155.251495	0.017186	3.5
935	-1.403695	155.161563	0.018639	4.2
936	-1.274452	155.071771	0.020271	3.5
937	-1.113082	154.982117	0.013292	3.5
938	-0.756557	154.892601	0.009753	3.5
939	-1.575851	154.803222	0.010077	4.4
940	-0.000000	154.713981	0.000000	3.6
941	-1.450618	154.624878	0.011710	3.9
942	-1.372444	154.535910	0.011552	4.3
943	-0.000013	154.447080	0.000003	4.1
944	-0.718474	154.358385	0.007968	4.2
945	-1.245710	154.269826	0.017391	3.9
946	-0.000000	154.181402	0.000000	4.1
947	-1.052773	154.093114	0.004620	4.3
948	-0.873623	154.004960	0.009941	3.9
949	-0.000017	153.916940	0.000003	5.0
950	-1.546147	153.829054	0.010838	3.5
951	-0.000000	153.741303	0.000000	4.4
952	-0.511265	153.653684	0.008296	4.3
953	-0.581712	153.566198	0.022656	4.5
954	-0.169210	153.478846	0.003308	3.5
955	-1.296110	153.391625	0.008702	4.2
956	-0.615326	153.304537	0.006691	3.9
957	-1.300464	153.217580	0.017062	4.0
958	-1.525460	153.130755	0.008551	3.9
959	-0.000000	153.044061	0.000000	4.1
960	-1.032337	152.957498	0.012755	3.9
961	-0.000041	152.871065	0.000007	4.0
962	-0.007088	152.784762	0.000428	4.6
963	-0.000001	152.698589	0.000000	3.9
964	-0.824790	152.612545	0.019428	3.9
965	-1.285138	152.526631	0.013034	3.9
966	-1.532282	152.440845	0.012080	4.4
967	-0.588704	152.355188	0.005834	4.4
968	-1.090152	152.269660	0.007342	4.0
969	-0.081883	152.184259	0.003197	3.7
970	-1.404715	152.098986	0.011024	4.1
971	-0.000067	152.013840	0.000014	4.5
972	-0.902730	151.928821	0.010743	4.0
973	-0.479452	151.843928	0.007112	4.3
974	-0.000005	151.759163	0.000001	4.5
975	-1.344979	151.674523	0.010455	3.9
976	-1.448832	151.590009	0.009999	4.8
977	-0.000360	151.505620	0.000029	4.5
978	-0.000000	151.421357	0.000000	3.9
979	-1.157890	151.337218	0.008116	4.2
980	-0.044086	151.253204	0.002076	4.1
981	-1.438277	151.169314	0.009962	4.1
982	-1.207354	151.085549	0.008188	3.5
983	-0.923908	151.001907	0.009979	3.4
984	-1.546996	150.918388	0.006219	3.7
985	-0.011462	150.834992	0.000768	3.5
986	-0.000000	150.751719	0.000000	3.6
987	-0.719859	150.668569	0.018671	3.5
988	-1.494960	150.585541	0.011933	3.6
989	-0.867177	150.502634	0.013108	4.1
990	-0.749341	150.419849	0.006084	3.8
991	-1.101291	150.337186	0.004460	3.8
992	-1.302378	150.254644	0.011795	4.0
993	-0.403025	150.172222	0.008811	3.9
994	-1.510112	150.089921	0.010241	3.4
995	-0.695571	150.007740	0.015226	3.5
996	-0.622260	149.925679	0.012226	3.9
997	-0.000004	149.843737	0.000001	3.8
998	-1.390260	149.761915	0.014415	3.7
999	-1.313178	149.680212	0.005229	3.4
1000	-0.789715	149.598627	0.009297	3.9
1001	-0.638900	149.517161	0.010017	3.8
1002	-0.676609	149.435814	0.008789	3.7
1003	-0.000001	149.354584	0.000000	3.7
1004	-1.471657	149.273472	0.013709	3.5
1005	-0.000000	149.192477	0.000000	3.7
1006	-0.000021	149.111599	0.000004	3.7
1007	-0.292741	149.030838	0.002429	3.8
1008	-0.000000	148.950194	0.000000	3.7
1009	-0.563118	148.869666	0.011234	3.4
1010	-1.082447	148.789253	0.006597	3.9
1011	-0.052662	148.708957	0.002598	3.8
1012	-0.914620	148.628776	0.015055	3.5
1013	-0.001497	148.548710	0.000246	3.6
1014	-0.042623	148.468759	0.001537	3.8
1015	-0.000023	148.388923	0.000005	4.0
1016	-1.185530	148.309201	0.008284	3.6
1017	-0.306091	148.229594	0.003805	3.4
1018	-0.439840	148.150100	0.004719	3.9
1019	-1.246367	148.070719	0.010266	4.0
1020	-0.000004	147.991452	0.000001	4.3
1021	-1.193724	147.912298	0.012264	4.5
1022	-0.558103	147.833257	0.009622	4.8
1023	-0.469280	147.754329	0.011792	3.9
1024	-1.271796	147.675512	0.010716	4.4
1025	-1.205623	147.596808	0.009445	4.3
1026	-0.660839	147.518216	0.010478	4.7
1027	-1.335328	147.439735	0.010951	4.4
1028	-0.330168	147.361365	0.005262	3.5
1029	-1.450557	147.283106	0.006350	4.6
1030	-0.028338	147.204958	0.001404	4.3
1031	-0.635368	147.126920	0.010217	3.9
1032	-1.105020	147.048993	0.023212	4.3
1033	-0.814486	146.971175	0.008221	6.1
1034	-1.370376	146.893468	0.012962	4.5
1035	-0.631412	146.815869	0.008993	5.1
1036	-1.233986	146.738380	0.010488	4.8
1037	-0.897325	146.661000	0.018510	4.0
1038	-1.239718	146.583729	0.014157	4.4
1039	-1.453614	146.506566	0.013012	4.6
1040	-0.751020	146.429511	0.007911	4.2
1041	-0.000802	146.352565	0.000114	4.2
1042	-0.000000	146.275726	0.000000	3.3
1043	-1.468440	146.198994	0.011286	4.1
1044	-0.843018	146.122370	0.009917	4.1
1045	-1.062057	146.045853	0.016092	4.5
1046	-1.050368	145.969442	0.014262	5.5
1047	-1.072699	145.893139	0.007445	4.4
1048	-1.424260	145.816941	0.009209	4.4
1049	-1.086548	145.740849	0.010271	4.2
1050	-0.230432	145.664863	0.003325	4.7
1051	-0.904310	145.588983	0.003481	4.3
1052	-1.280854	145.513208	0.010579	3.5
1053	-1.245941	145.437538	0.016819	3.5
1054	-0.893775	145.361973	0.007332	4.0
1055	-0.256273	145.286513	0.005164	4.6
1056	-0.169665	145.211157	0.003528	3.5
1057	-0.169566	145.135905	0.004099	3.5
1058	-0.070967	145.060757	0.002409	3.8
1059	-0.006006	144.985712	0.000696	3.5
1060	-0.003188	144.910771	0.000427	3.6
1061	-0.028446	144.835934	0.001379	4.2
1062	-1.082513	144.761199	0.008781	4.6
1063	-1.314135	144.686567	0.012871	3.5
1064	-1.409736	144.612037	0.015038	3.7
1065	-1.126022	144.537610	0.009748	3.6
1066	-0.068290	144.463285	0.002779	4.5
1067	-1.234070	144.389062	0.020092	4.0
1068	-1.095752	144.314940	0.018881	3.6
1069	-0.685722	144.240920	0.005188	3.6
1070	-0.000556	144.167001	0.000081	4.9
1071	-0.583229	144.093182	0.009852	3.5
1072	-0.613402	144.019465	0.015048	3.4
1073	-1.468778	143.945848	0.004309	3.5
1074	-0.588078	143.872331	0.006341	4.0
1075	-0.000000	143.798914	0.000000	3.6
1076	-0.371360	143.725597	0.006347	3.5
1077	-1.424868	143.652380	0.012093	3.5
1078	-0.022035	143.579262	0.000880	4.1
1079	-0.580101	143.506243	0.010710	3.6
1080	-1.023810	143.433323	0.006922	3.5
1081	-1.630044	143.360502	0.006443	3.6
1082	-0.760696	143.287780	0.009150	3.8
1083	-1.258716	143.215155	0.006674	3.6
1084	-0.121936	143.142629	0.003234	3.5
1085	-1.053351	143.070201	0.004345	3.6
1086	-0.000000	142.997870	0.000000	3.1
1087	-0.787984	142.925637	0.009762	3.7
1088	-1.378708	142.853501	0.010740	3.4
1089	-1.303513	142.781462	0.009636	3.4
1090	-1.296134	142.709519	0.009313	4.3
1091	-1.129798	142.637674	0.011528	3.8
1092	-0.817104	142.565924	0.013261	3.5
1093	-1.451895	142.494271	0.009741	3.5
1094	-0.796890	142.422714	0.006019	3.8
1095	-1.292479	142.351252	0.014349	3.9
1096	-0.923020	142.279886	0.007705	3.6
1097	-0.042813	142.208616	0.001237	3.5
1098	-0.801054	142.137440	0.009516	4.2
1099	-1.324079	142.066360	0.013897	3.9
1100	-0.000000	141.995374	0.000000	3.4
1101	-1.439003	141.924483	0.012815	3.4
1102	-1.185858	141.853685	0.003673	3.8
1103	-0.745681	141.782983	0.007362	3.6
1104	-0.911598	141.712373	0.009630	3.7
1105	-1.742658	141.641858	0.004975	3.4
1106	-0.004779	141.571436	0.000301	3.4
1107	-1.169965	141.501108	0.015334	3.5
1108	-1.140942	141.430872	0.014905	4.0
1109	-1.079582	141.360730	0.012694	3.8
1110	-0.964636	141.290680	0.007915	3.4
1111	-1.038317	141.220722	0.016848	3.5
1112	-0.000000	141.150857	0.000000	3.5
1113	-0.000001	141.081084	0.000000	3.9
1114	-1.264478	141.011403	0.013366	3.6
1115	-0.002075	140.941813	0.000212	3.4
1116	-0.661026	140.872315	0.009182	3.8
1117	-1.202631	140.802909	0.018478	4.3
1118	-1.357754	140.733593	0.018995	3.5
1119	-0.589108	140.664369	0.004148	3.9
1120	-0.007126	140.595235	0.000746	4.3
1121	-1.371469	140.526192	0.010180	4.1
1122	-0.000000	140.457239	0.000000	3.9
1123	-0.477314	140.388376	0.005671	3.6
1124	-0.000000	140.319603	0.000000	4.3
1125	-0.485131	140.250920	0.005758	4.2
1126	-0.004941	140.182326	0.000463	4.3
1127	-0.702484	140.113822	0.006297	3.7
1128	-0.433975	140.045407	0.006297	4.4
1129	-0.956600	139.977081	0.007100	4.2
1130	-0.231874	139.908844	0.003583	4.2
1131	-1.086282	139.840696	0.012140	4.2
1132	-1.079254	139.772635	0.008612	4.3
1133	-0.442232	139.704664	0.005179	3.8
1134	-0.846810	139.636780	0.005994	3.9
1135	-1.250092	139.568984	0.022897	4.8
1136	-0.822689	139.501276	0.007186	4.1
1137	-1.385161	139.433655	0.011395	4.2
1138	-1.502402	139.366122	0.007240	4.2
1139	-0.852193	139.298676	0.019081	4.3
1140	-1.354512	139.231317	0.012154	3.6
1141	-0.986621	139.164045	0.007167	4.2
1142	-1.248879	139.096859	0.013808	4.3
1143	-0.743717	139.029760	0.011918	3.7
1144	-0.000000	138.962747	0.000000	4.0
1145	-1.152594	138.895820	0.007724	5.3
1146	-1.439928	138.828978	0.006642	4.7
1147	-0.961447	138.762223	0.008074	3.8
1148	-1.304731	138.695553	0.015627	4.4
1149	-1.371887	138.628969	0.016594	3.6
1150	-1.299296	138.562469	0.008768	4.5
1151	-1.156339	138.496055	0.005619	4.1
1152	-1.100872	138.429725	0.006689	3.9
1153	-1.317012	138.363481	0.022597	3.7
1154	-0.405576	138.297320	0.005966	4.0
1155	-0.000000	138.231244	0.000000	4.0
1156	-0.000000	138.165252	0.000000	3.5
1157	-0.626463	138.099344	0.006379	3.5
1158	-0.275560	138.033520	0.004688	3.9
1159	-0.119445	137.967779	0.003551	3.8
1160	-0.896203	137.902122	0.006908	3.6
1161	-0.010117	137.836548	0.000586	3.9
1162	-1.671844	137.771057	0.009520	4.0
1163	-1.384137	137.705649	0.014363	3.7
1164	-0.509366	137.640324	0.012469	3.8
1165	-0.868233	137.575081	0.007691	3.5
1166	-1.397051	137.509921	0.005816	4.1
1167	-0.000000	137.444842	0.000000	3.3
1168	-0.929907	137.379846	0.008248	3.6
1169	-0.241333	137.314932	0.003461	3.5
1170	-0.000000	137.250100	0.000000	3.8
1171	-1.497725	137.185349	0.005197	3.6
1172	-0.060035	137.120680	0.001859	3.5
1173	-1.358288	137.056092	0.007522	3.5
1174	-0.560585	136.991585	0.016314	4.3
1175	-1.144591	136.927158	0.007361	4.0
1176	-0.812014	136.862813	0.004611	3.8
1177	-0.572867	136.798548	0.014212	4.1
1178	-0.000000	136.734363	0.000000	4.5
1179	-0.032873	136.670259	0.001126	4.1
1180	-0.729317	136.606235	0.009151	3.5
1181	-0.000000	136.542291	0.000000	3.8
1182	-0.000804	136.478426	0.000108	3.3
1183	-0.000000	136.414641	0.000000	3.8
1184	-1.412567	136.350936	0.010430	3.5
1185	-1.190417	136.287310	0.007179	3.9
1186	-0.589958	136.223763	0.005718	3.5
1187	-0.831123	136.160295	0.010928	4.0
1188	-1.111888	136.096905	0.009668	3.5
1189	-0.000000	136.033594	0.000000	4.2
1190	-0.986063	135.970362	0.019992	4.1
1191	-0.800730	135.907208	0.005458	3.8
1192	-1.086580	135.844133	0.007560	3.5
1193	-1.609309	135.781135	0.008012	3.7
1194	-0.891452	135.718215	0.008578	3.5
1195	-1.322687	135.655373	0.015596	3.9
1196	-1.449253	135.592608	0.006735	3.6
1197	-1.078217	135.529921	0.010060	3.9
1198	-0.000000	135.467311	0.000000	3.5
1199	-0.000000	135.404778	0.000000	3.7
1200	-0.000002	135.342322	0.000001	3.7
1201	-0.005373	135.279942	0.000557	3.9
1202	-0.660819	135.217640	0.005473	3.5
1203	-0.612288	135.155413	0.008996	3.6
1204	-0.127623	135.093263	0.002130	3.7
1205	-0.593309	135.031190	0.016431	3.8
1206	-0.779523	134.969192	0.006386	3.5
1207	-1.381255	134.907270	0.009016	3.5
1208	-1.508810	134.845424	0.006035	3.9
1209	-0.676868	134.783653	0.004659	3.7
1210	-0.018838	134.721958	0.000693	3.6
1211	-0.326989	134.660338	0.003054	3.5
1212	-0.029729	134.598793	0.001822	3.8
1213	-0.002604	134.537323	0.000271	3.9
1214	-1.574825	134.475927	0.006476	3.5
1215	-0.267309	134.414607	0.004105	3.5
1216	-0.606874	134.353361	0.005848	3.7
1217	-1.297606	134.292189	0.007670	4.6
1218	-1.188410	134.231092	0.012322	4.4
1219	-1.169717	134.170068	0.007115	3.8
1220	-0.921927	134.109119	0.011676	4.4
1221	-1.338283	134.048243	0.006620	3.6
1222	-1.177085	133.987441	0.011510	4.0
1223	-1.075955	133.926713	0.011137	4.3
1224	-0.671421	133.866057	0.018745	4.0
1225	-1.289107	133.805475	0.008890	3.9
1226	-0.608909	133.744966	0.005569	3.7
1227	-1.253985	133.684530	0.012033	4.5
1228	-1.014328	133.624167	0.002618	4.2
1229	-1.145836	133.563877	0.011952	3.8
1230	-1.325248	133.503658	0.008005	3.6
1231	-1.304073	133.443513	0.022877	4.7
1232	-0.171552	133.383439	0.003156	4.0
1233	-1.160199	133.323437	0.013695	5.4
1234	-1.429318	133.263508	0.013028	4.4
1235	-0.205238	133.203650	0.005722	4.5
1236	-0.350807	133.143864	0.004209	4.4
1237	-0.041524	133.084149	0.001471	4.8
1238	-0.297930	133.024506	0.004257	4.8
1239	-0.725261	132.964934	0.006979	4.4
1240	-0.877982	132.905433	0.019197	4.2
1241	-0.743189	132.846003	0.003708	4.5
1242	-1.482634	132.786643	0.023968	4.1
1243	-0.062326	132.727355	0.002100	4.3
1244	-0.035803	132.668137	0.001341	4.1
1245	-1.452438	132.608989	0.007944	4.3
1246	-0.745048	132.549912	0.015621	4.6
1247	-0.000000	132.490904	0.000000	4.6
1248	-0.261031	132.431967	0.002597	4.6
1249	-1.519822	132.373100	0.007994	4.1
1250	-1.581844	132.314302	0.013161	4.9
1251	-0.000070	132.255574	0.000008	4.1
1252	-1.206703	132.196916	0.008598	4.2
1253	-0.417395	132.138326	0.006896	4.3
1254	-0.458619	132.079806	0.003494	3.7
1255	-1.118363	132.021355	0.011508	3.4
1256	-1.290797	131.962973	0.011861	3.9
1257	-1.298001	131.904660	0.012661	3.9
1258	-1.577509	131.846415	0.009920	3.5
1259	-0.639956	131.788239	0.012384	3.5
1260	-1.306572	131.730131	0.009453	3.8
1261	-1.368686	131.672092	0.014810	4.0
1262	-0.000000	131.614121	0.000000	3.5
1263	-1.147716	131.556217	0.002258	3.5
1264	-1.042993	131.498382	0.016856	3.6
1265	-1.291276	131.440614	0.010948	4.7
1266	-1.051958	131.382914	0.021816	4.4
1267	-1.379944	131.325282	0.011227	3.8
1268	-1.223112	131.267717	0.010818	4.3
1269	-1.342695	131.210219	0.014253	3.7
1270	-0.085641	131.152788	0.002016	3.5
1271	-1.299830	131.095424	0.027811	3.6
1272	-0.753857	131.038127	0.017431	4.0
1273	-1.194234	130.980897	0.015888	3.7
1274	-0.955143	130.923733	0.007051	3.7
1275	-0.123871	130.866636	0.003877	4.2
1276	-1.143766	130.809605	0.011244	5.6
1277	-0.743468	130.752641	0.007662	4.0
1278	-1.332019	130.695742	0.008698	4.1
1279	-0.664942	130.638910	0.004528	3.4
1280	-1.543204	130.582143	0.011596	5.3
1281	-1.367110	130.525442	0.003171	3.8
1282	-1.465140	130.468807	0.011262	3.6
1283	-1.555628	130.412237	0.008768	3.5
1284	-0.464837	130.355733	0.003108	4.0
1285	-1.570662	130.299294	0.013594	4.5
1286	-1.276799	130.242920	0.009672	3.8
1287	-0.770997	130.186611	0.021078	3.5
1288	-0.016479	130.130366	0.000476	3.9
1289	-0.608872	130.074187	0.005690	3.8
1290	-0.006629	130.018072	0.000303	3.7
1291	-0.683836	129.962022	0.008137	3.5
1292	-0.703945	129.906036	0.010037	3.8
1293	-0.756149	129.850114	0.012206	3.8
1294	-0.252643	129.794257	0.003988	3.4
1295	-0.587181	129.738463	0.009472	3.5
1296	-0.112827	129.682734	0.001976	3.8
1297	-1.300806	129.627068	0.007081	4.3
1298	-1.272501	129.571466	0.007091	3.7
1299	-0.756655	129.515927	0.024344	4.1
1300	-0.631137	129.460452	0.005005	4.6
1301	-0.903708	129.405040	0.023181	3.1
1302	-0.001046	129.349692	0.000182	3.2
1303	-0.000000	129.294406	0.000000	2.9
1304	-0.000282	129.239183	0.000049	3.8
1305	-1.082948	129.184024	0.005641	3.4
1306	-0.213044	129.128927	0.003541	3.5
1307	-0.000000	129.073892	0.000000	3.5
1308	-1.537571	129.018921	0.005869	4.1
1309	-0.325435	128.964011	0.006616	3.7
1310	-1.137852	128.909164	0.013992	3.6
1311	-1.022902	128.854379	0.007374	3.5
1312	-0.000000	128.799656	0.000000	3.9
1313	-1.480148	128.744995	0.014064	3.7
1314	-1.453497	128.690396	0.013670	3.5
1315	-1.261851	128.635858	0.005272	3.5
1316	-0.398185	128.581382	0.006060	3.8
1317	-1.220125	128.526968	0.011086	3.9
1318	-0.070324	128.472615	0.001353	3.5
1319	-1.169947	128.418323	0.008923	3.9
1320	-0.000000	128.364092	0.000000	4.0
1321	-0.000000	128.309922	0.000000	3.8
1322	-1.417341	128.255814	0.013911	3.6
1323	-1.237585	128.201766	0.022174	3.7
1324	-1.456036	128.147778	0.005771	3.5
1325	-1.032030	128.093852	0.011089	3.9
1326	-1.021372	128.039985	0.006072	3.6
1327	-0.996624	127.986180	0.009093	3.9
1328	-1.280304	127.932434	0.015609	3.5
1329	-0.492913	127.878749	0.017852	3.8
1330	-0.570939	127.825123	0.014413	3.8
1331	-0.000000	127.771558	0.000000	3.9
1332	-0.337752	127.718052	0.005526	3.5
1333	-0.813200	127.664606	0.006404	3.5
1334	-0.104818	127.611220	0.001582	3.7
1335	-1.266361	127.557893	0.007016	3.9
1336	-1.308584	127.504625	0.005982	3.9
1337	-1.409004	127.451417	0.008263	3.6
1338	-0.942119	127.398268	0.013065	4.5
1339	-1.046856	127.345178	0.005630	3.8
1340	-0.857705	127.292147	0.006946	3.9
1341	-0.915193	127.239175	0.010547	4.1
1342	-1.388438	127.186261	0.009160	4.2
1343	-0.689977	127.133407	0.012689	4.4
1344	-0.821334	127.080610	0.023194	4.2
1345	-0.349418	127.027872	0.005213	4.3
1346	-0.514880	126.975193	0.006551	3.6
1347	-1.314992	126.922572	0.008879	4.2
1348	-1.345958	126.870008	0.008125	3.9
1349	-0.724964	126.817503	0.004813	4.2
1350	-0.000003	126.765056	0.000001	4.3
1351	-0.000000	126.712667	0.000000	4.2
1352	-0.834663	126.660335	0.006253	3.9
1353	-0.087563	126.608061	0.002811	4.3
1354	-0.000000	126.555844	0.000000	3.6
1355	-0.920778	126.503685	0.009592	4.2
1356	-1.124262	126.451583	0.008388	4.9
1357	-0.662122	126.399538	0.011130	4.1
1358	-1.116217	126.347550	0.011011	3.6
1359	-0.001618	126.295619	0.000190	4.1
1360	-0.720775	126.243745	0.011627	4.3
1361	-0.000108	126.191928	0.000022	4.0
1362	-0.156809	126.140168	0.004128	3.5
1363	-1.061345	126.088464	0.023242	4.0
1364	-0.753933	126.036817	0.006792	3.9
1365	-0.999680	125.985226	0.007805	3.9
1366	-1.616658	125.933691	0.008491	3.7
1367	-0.951796	125.882212	0.011451	3.7
1368	-0.533686	125.830790	0.006938	4.2
1369	-0.000044	125.779423	0.000008	3.6
1370	-1.504936	125.728113	0.010777	4.2
1371	-0.187094	125.676858	0.002151	3.9
1372	-0.000005	125.625659	0.000001	4.1
1373	-0.779147	125.574515	0.008362	3.7
1374	-0.000000	125.523427	0.000000	3.8
1375	-0.539227	125.472394	0.004285	4.4
1376	-0.859465	125.421417	0.008708	4.1
1377	-1.434371	125.370495	0.010982	5.1
1378	-1.496970	125.319628	0.012161	3.8
1379	-0.612201	125.268815	0.016486	3.5
1380	-1.355252	125.218058	0.014006	4.2
1381	-1.056059	125.167356	0.014253	3.5
1382	-1.232077	125.116708	0.013107	3.5
1383	-1.554701	125.066115	0.016760	3.5
1384	-0.000013	125.015576	0.000003	4.3
1385	-1.338943	124.965092	0.015420	3.2
1386	-1.513462	124.914662	0.010619	3.3
1387	-0.629424	124.864287	0.006637	3.5
1388	-0.198514	124.813965	0.004458	3.6
1389	-0.000007	124.763698	0.000002	3.4
1390	-0.414567	124.713485	0.007223	3.4
1391	-1.164933	124.663325	0.010487	3.4
1392	-0.472978	124.613219	0.006089	4.2
1393	-0.445732	124.563167	0.006109	4.0
1394	-1.430371	124.513168	0.006417	4.0
1395	-0.002668	124.463223	0.000262	3.7
1396	-1.648887	124.413332	0.008643	3.9
1397	-1.070430	124.363493	0.010239	3.5
1398	-1.115299	124.313708	0.006892	3.8
1399	-0.668064	124.263976	0.016724	3.8
1400	-0.000000	124.214297	0.000000	3.5
1401	-1.417704	124.164671	0.006549	3.5
1402	-1.259710	124.115097	0.009930	3.5
1403	-0.725919	124.065577	0.010100	3.7
1404	-0.586914	124.016109	0.009990	3.9
1405	-1.267626	123.966693	0.007152	3.6
1406	-1.257782	123.917330	0.006673	3.4
1407	-0.115861	123.868020	0.001871	3.7
1408	-1.458918	123.818762	0.009581	3.9
1409	-1.408682	123.769556	0.012335	3.6
1410	-0.000837	123.720402	0.000100	3.6
1411	-0.628386	123.671300	0.007703	3.8
1412	-1.018521	123.622250	0.010266	3.5
1413	-0.692360	123.573252	0.013649	3.8
1414	-1.499818	123.524305	0.008057	3.5
1415	-0.776290	123.475411	0.014990	3.6
1416	-0.024278	123.426568	0.002140	3.5
1417	-0.322371	123.377776	0.004805	3.8
1418	-0.241450	123.329036	0.003454	3.6
1419	-0.097892	123.280347	0.002806	3.7
1420	-0.402030	123.231709	0.004892	3.3
1421	-1.524999	123.183122	0.007441	3.8
1422	-0.450456	123.134587	0.003927	3.5
1423	-0.131121	123.086102	0.001621	3.7
1424	-0.513279	123.037669	0.003776	3.4
1425	-0.599630	122.989286	0.004111	3.8
1426	-1.505023	122.940954	0.005587	3.6
1427	-1.420144	122.892672	0.006198	3.6
1428	-0.022446	122.844441	0.001509	3.4
1429	-1.005954	122.796261	0.014194	3.9
1430	-0.000000	122.748130	0.000000	3.3
1431	-0.864964	122.700050	0.009668	3.4
1432	-1.216810	122.652021	0.008819	3.4
1433	-0.739951	122.604041	0.010772	3.8
1434	-0.000000	122.556111	0.000000	3.7
1435	-1.431247	122.508232	0.012632	3.5
1436	-0.370643	122.460402	0.004732	3.5
1437	-0.000000	122.412622	0.000000	3.4
1438	-1.035689	122.364891	0.007658	3.9
1439	-0.912351	122.317210	0.010034	3.6
1440	-0.000000	122.269579	0.000000	3.4
1441	-1.487152	122.221997	0.018504	3.5
1442	-0.812243	122.174465	0.004692	3.9
1443	-0.000000	122.126981	0.000000	3.6
1444	-1.340640	122.079547	0.009000	3.5
1445	-1.046573	122.032162	0.008964	3.6
1446	-1.637705	121.984826	0.012553	3.9
1447	-0.004952	121.937539	0.000538	3.6
1448	-0.132121	121.890301	0.001807	3.4
1449	-0.605919	121.843112	0.014804	3.5
1450	-1.060013	121.795971	0.008419	3.8
1451	-0.069292	121.748879	0.002140	3.7
1452	-0.015486	121.701835	0.000995	3.5
1453	-1.356513	121.654840	0.023287	3.4
1454	-0.989360	121.607893	0.004864	3.6
1455	-0.331459	121.560994	0.006458	3.8
1456	-1.201924	121.514144	0.014797	3.6
1457	-0.000065	121.467342	0.000015	3.4
1458	-1.456083	121.420588	0.009008	3.7
1459	-0.000255	121.373882	0.000047	4.2
1460	-1.402889	121.327223	0.009800	3.5
1461	-0.508593	121.280613	0.007938	3.5
1462	-1.324746	121.234050	0.010939	3.5
1463	-1.413954	121.187535	0.014798	4.2
1464	-1.005994	121.141067	0.012332	3.6
1465	-0.975954	121.094647	0.011914	3.5
1466	-0.000000	121.048274	0.000000	3.1
1467	-0.146388	121.001949	0.002631	4.0
1468	-1.282559	120.955671	0.007934	3.0
1469	-1.050194	120.909440	0.012865	3.2
1470	-0.114250	120.863256	0.002383	3.6
1471	-0.746601	120.817119	0.009726	3.7
1472	-1.190059	120.771029	0.016389	3.3
1473	-0.769950	120.724986	0.008962	3.6
1474	-1.306954	120.678990	0.014951	3.8
1475	-0.000000	120.633040	0.000000	3.7
1476	-0.890139	120.587137	0.018001	3.7
1477	-1.260332	120.541281	0.013696	3.5
1478	-1.520372	120.495471	0.013255	3.9
1479	-0.668084	120.449707	0.007581	4.1
1480	-1.054561	120.403990	0.005877	4.3
1481	-1.139186	120.358319	0.010021	4.1
1482	-0.000000	120.312694	0.000000	3.9
1483	-1.505629	120.267115	0.010159	4.0
1484	-0.002771	120.221582	0.000191	4.0
1485	-0.002071	120.176096	0.000318	4.3
1486	-1.255421	120.130655	0.013165	3.5
1487	-1.389762	120.085260	0.011158	4.1
1488	-1.290258	120.039910	0.015396	4.2
1489	-1.522205	119.994606	0.007850	4.5
1490	-1.320946	119.949348	0.009926	4.2
1491	-0.196543	119.904135	0.003612	3.9
1492	-0.000297	119.858968	0.000042	4.1
1493	-0.553243	119.813846	0.005178	3.6
1494	-1.473598	119.768769	0.021227	4.4
1495	-1.113985	119.723738	0.015156	4.4
1496	-1.405761	119.678752	0.011858	3.8
1497	-0.515252	119.633810	0.008348	3.6
1498	-1.199701	119.588914	0.008282	4.4
1499	-0.598214	119.544062	0.008714	4.7
1500	-1.194644	119.499256	0.021262	4.0
1501	-0.001806	119.454494	0.000270	4.0
1502	-1.070887	119.409777	0.009653	4.7
1503	-0.554456	119.365104	0.013823	4.4
1504	-1.064973	119.320476	0.018045	4.3
1505	-1.005978	119.275893	0.005298	3.9
1506	-0.000000	119.231353	0.000000	4.5
1507	-0.868025	119.186859	0.016503	4.0
1508	-1.059927	119.142408	0.007166	3.8
1509	-1.116247	119.098002	0.008494	4.9
1510	-0.000000	119.053639	0.000000	3.6
1511	-1.415899	119.009321	0.006633	3.9
1512	-1.513294	118.965047	0.014306	3.8
1513	-1.072011	118.920816	0.005908	4.4
1514	-0.000000	118.876630	0.000000	4.0
1515	-1.030450	118.832487	0.009138	3.7
1516	-0.491375	118.788388	0.006761	3.7
1517	-0.588375	118.744332	0.013953	4.3
1518	-1.397779	118.700320	0.005185	3.9
1519	-1.191918	118.656352	0.012743	4.2
1520	-1.046009	118.612427	0.008176	4.1
1521	-1.168236	118.568545	0.015741	4.2
1522	-0.035405	118.524706	0.001258	3.8
1523	-1.427849	118.480911	0.008259	3.6
1524	-1.247835	118.437159	0.011065	6.3
1525	-1.279513	118.393450	0.007134	4.2
1526	-1.162698	118.349784	0.009211	5.0
1527	-1.278739	118.306160	0.013252	4.9
1528	-0.537151	118.262580	0.005818	3.7
1529	-1.471375	118.219042	0.012577	3.5
1530	-0.438847	118.175548	0.005749	3.7
1531	-1.594796	118.132095	0.007252	3.8
1532	-1.407348	118.088686	0.010297	3.7
1533	-1.548574	118.045319	0.011208	3.8
1534	-1.211920	118.001994	0.010625	3.6
1535	-0.011746	117.958712	0.000671	3.6
1536	-1.342675	117.915472	0.009407	3.7
1537	-1.248098	117.872274	0.004423	4.2
1538	-0.033317	117.829118	0.001191	5.5
1539	-0.573513	117.786005	0.009198	5.0
1540	-0.952241	117.742933	0.020178	4.6
1541	-1.033087	117.699904	0.008025	4.0
1542	-1.357086	117.656916	0.001834	4.0
1543	-0.244089	117.613971	0.003007	4.6
1544	-1.527888	117.571067	0.006715	3.6
1545	-1.264033	117.528205	0.004380	3.9
1546	-0.463376	117.485384	0.007974	3.5
1547	-1.408032	117.442605	0.016050	4.3
1548	-0.000233	117.399867	0.000053	4.0
1549	-1.182157	117.357171	0.012916	4.1
1550	-0.935729	117.314517	0.012848	4.8
1551	-0.841632	117.271903	0.014594	3.5
1552	-0.866469	117.229331	0.018570	4.1
1553	-0.003212	117.186800	0.000364	3.9
1554	-1.372372	117.144311	0.008502	4.6
1555	-0.030263	117.101862	0.002373	3.7
1556	-1.343860	117.059454	0.011009	4.0
1557	-1.418459	117.017087	0.010797	4.1
1558	-0.610491	116.974762	0.009021	4.1
1559	-0.229751	116.932476	0.002934	4.0
1560	-0.429662	116.890232	0.012228	4.5
1561	-0.753589	116.848028	0.007236	4.3
1562	-0.000012	116.805865	0.000003	4.3
1563	-0.251895	116.763743	0.003019	3.8
1564	-0.235801	116.721661	0.004146	4.7
1565	-0.236381	116.679619	0.002780	3.6
1566	-0.625402	116.637618	0.005265	4.4
1567	-0.503052	116.595657	0.016591	4.0
1568	-1.373754	116.553736	0.009511	4.4
1569	-1.324619	116.511855	0.019537	4.5
1570	-1.278720	116.470015	0.013246	3.9
1571	-0.000000	116.428214	0.000000	4.8
1572	-1.322710	116.386454	0.010939	3.5
1573	-0.694577	116.344733	0.006202	4.2
1574	-0.842137	116.303052	0.011524	3.5
1575	-1.403496	116.261412	0.010506	4.2
1576	-0.080544	116.219810	0.002010	3.8
1577	-1.279239	116.178249	0.004635	4.0
1578	-0.000047	116.136727	0.000009	3.6
1579	-0.293126	116.095245	0.002555	4.1
1580	-0.584706	116.053802	0.006369	3.6
1581	-0.675388	116.012398	0.005891	3.8
1582	-1.392265	115.971034	0.015755	3.9
1583	-1.601235	115.929710	0.017818	3.4
1584	-1.229528	115.888424	0.017147	3.5
1585	-1.394810	115.847178	0.014943	3.9
1586	-0.306896	115.805970	0.004104	3.9
1587	-0.000000	115.764802	0.000000	3.5
1588	-0.000000	115.723673	0.000000	3.5
1589	-0.960357	115.682583	0.007605	3.5
1590	-0.435910	115.641532	0.004276	4.2
1591	-0.944721	115.600519	0.008132	3.5
1592	-1.485237	115.559546	0.009844	3.5
1593	-0.002163	115.518610	0.000132	3.6
1594	-0.834722	115.477714	0.023313	4.4
1595	-1.347326	115.436856	0.005693	4.0
1596	-0.716278	115.396037	0.007247	3.9
1597	-0.122054	115.355256	0.004260	4.8
1598	-0.273783	115.314514	0.003689	3.7
1599	-1.488594	115.273810	0.006256	3.7
1600	-0.000000	115.233144	0.000000	3.8
1601	-0.127361	115.192517	0.001724	4.3
1602	-1.299930	115.151927	0.013258	4.5
1603	-0.000000	115.111376	0.000000	3.9
1604	-1.351214	115.070863	0.018204	4.2
1605	-1.666036	115.030388	0.008584	4.4
1606	-0.000005	114.989951	0.000001	4.0
1607	-0.849192	114.949551	0.007611	3.6
1608	-0.375366	114.909190	0.006425	3.6
1609	-1.214199	114.868866	0.013150	4.1
1610	-1.612747	114.828580	0.010480	3.6
1611	-0.923757	114.788332	0.014246	4.0
1612	-1.429396	114.748121	0.018259	4.7
1613	-1.425048	114.707948	0.013599	4.5
1614	-1.229737	114.667812	0.012207	4.4
1615	-0.406283	114.627714	0.004378	4.8
1616	-1.405166	114.587653	0.013870	4.7
1617	-1.065512	114.547629	0.010937	4.1
1618	-0.368072	114.507643	0.003210	4.5
1619	-1.265179	114.467693	0.011179	4.3
1620	-0.000001	114.427781	0.000000	4.4
1621	-0.000847	114.387907	0.000108	3.8
1622	-1.478469	114.348069	0.004905	4.5
1623	-1.433932	114.308268	0.011817	4.0
1624	-1.384569	114.268504	0.010250	4.3
1625	-0.655418	114.228777	0.007816	5.4
1626	-1.454540	114.189086	0.009194	3.9
1627	-1.003598	114.149433	0.013333	4.5
1628	-1.024403	114.109816	0.010056	4.0
1629	-0.006894	114.070235	0.000564	4.2
1630	-1.226503	114.030692	0.012201	3.8
1631	-0.000000	113.991185	0.000000	4.1
1632	-0.486180	113.951714	0.003025	3.9
1633	-0.523567	113.912280	0.019704	3.5
1634	-0.124923	113.872882	0.003764	3.5
1635	-1.066846	113.833521	0.007867	3.9
1636	-0.000000	113.794195	0.000000	3.8
1637	-0.351626	113.754906	0.005101	3.5
1638	-1.018733	113.715653	0.007182	3.6
1639	-0.706453	113.676437	0.013486	3.7
1640	-1.286808	113.637256	0.009784	4.2
1641	-1.500416	113.598111	0.012876	3.8
1642	-0.000001	113.559002	0.000000	3.9
1643	-0.000032	113.519929	0.000004	4.1
1644	-1.120577	113.480892	0.019154	3.6
1645	-1.001964	113.441891	0.023593	3.6
1646	-1.308593	113.402925	0.014958	3.5
1647	-0.000039	113.363995	0.000009	3.9
1648	-0.655215	113.325101	0.005380	3.9
1649	-1.383988	113.286242	0.008403	3.6
1650	-0.982750	113.247419	0.007083	3.4
1651	-1.324631	113.208631	0.012826	3.8
1652	-1.442500	113.169879	0.013612	3.9
1653	-1.280479	113.131162	0.019946	3.5
1654	-0.547155	113.092480	0.005179	3.6
1655	-0.747573	113.053833	0.007637	3.9
1656	-0.678725	113.015222	0.008190	3.8
1657	-0.936128	112.976646	0.014999	3.6
1658	-0.710142	112.938105	0.005841	3.7
1659	-1.306331	112.899599	0.009635	3.8
1660	-1.398232	112.861128	0.008279	3.8
1661	-0.029881	112.822692	0.000970	3.6
1662	-0.019627	112.784291	0.000607	3.2
1663	-0.000000	112.745924	0.000000	3.8
1664	-1.411778	112.707593	0.006121	3.5
1665	-0.379620	112.669296	0.006062	4.0
1666	-1.221089	112.631034	0.004024	3.5
1667	-1.316844	112.592806	0.007619	4.5
1668	-1.449148	112.554613	0.013347	3.5
1669	-0.000019	112.516455	0.000004	3.8
1670	-0.346426	112.478331	0.003277	3.8
1671	-0.049960	112.440241	0.001081	3.5
1672	-1.056503	112.402186	0.019349	3.5
1673	-0.000057	112.364165	0.000013	3.9
1674	-0.000000	112.326179	0.000000	4.0
1675	-1.566663	112.288227	0.010458	3.8
1676	-1.334302	112.250309	0.008206	4.0
1677	-0.611663	112.212425	0.008093	3.9
1678	-1.702513	112.174575	0.002496	4.5
1679	-0.315652	112.136759	0.003980	3.8
1680	-1.122405	112.098977	0.009836	4.1
1681	-1.047461	112.061229	0.009552	4.3
1682	-0.499541	112.023515	0.008495	4.4
1683	-0.000000	111.985834	0.000000	3.8
1684	-0.521150	111.948188	0.002796	3.9
1685	-1.294027	111.910575	0.016199	4.2
1686	-1.136431	111.872996	0.007776	3.6
1687	-1.087796	111.835450	0.012620	4.0
1688	-1.265132	111.797939	0.012460	4.3
1689	-0.422340	111.760460	0.002827	4.4
1690	-0.000000	111.723015	0.000000	3.5
1691	-0.494114	111.685604	0.003125	3.6
1692	-0.081050	111.648226	0.001817	4.5
1693	-0.000569	111.610881	0.000088	4.0
1694	-1.489269	111.573570	0.009914	3.6
1695	-0.313501	111.536292	0.003169	3.7
1696	-0.645678	111.499047	0.003267	4.4
1697	-1.301772	111.461835	0.009781	4.5
1698	-0.000001	111.424656	0.000000	4.1
1699	-0.011449	111.387510	0.000837	4.3
1700	-0.523488	111.350398	0.007460	4.0
1701	-1.168133	111.313318	0.004760	4.0
1702	-0.274073	111.276271	0.002375	4.0
1703	-0.013188	111.239257	0.000348	4.3
1704	-0.343957	111.202276	0.006718	4.6
1705	-1.266753	111.165328	0.007527	3.6
1706	-1.443336	111.128412	0.009532	4.5
1707	-1.099895	111.091529	0.005626	4.0
1708	-0.674330	111.054679	0.006388	4.3
1709	-1.286068	111.017861	0.008927	4.1
1710	-0.770007	110.981076	0.008498	4.3
1711	-1.735832	110.944323	0.007794	4.1
1712	-0.000000	110.907603	0.000000	4.0
1713	-0.000000	110.870915	0.000000	4.2
1714	-0.486142	110.834259	0.006506	3.8
1715	-1.530459	110.797636	0.015528	3.9
1716	-0.000000	110.761045	0.000000	4.1
1717	-0.923746	110.724486	0.008025	4.0
1718	-1.434350	110.687959	0.009815	3.5
1719	-1.183728	110.651465	0.008474	3.9
1720	-0.916252	110.615002	0.007250	3.7
1721	-0.705821	110.578572	0.009500	3.4
1722	-1.435337	110.542173	0.011381	3.5
1723	-0.000000	110.505807	0.000000	3.5
1724	-0.628099	110.469472	0.009540	3.7
1725	-0.033098	110.433169	0.001989	3.4
1726	-1.370086	110.396898	0.016461	3.5
1727	-0.763669	110.360659	0.021382	3.7
1728	-0.005793	110.324451	0.000764	4.0
1729	-1.436550	110.288276	0.011649	3.5
1730	-0.298388	110.252131	0.003296	3.6
1731	-0.622715	110.216019	0.017836	4.0
1732	-0.688061	110.179937	0.005811	4.3
1733	-1.310644	110.143888	0.007043	3.8
1734	-0.893897	110.107869	0.015080	4.1
1735	-1.361126	110.071882	0.010181	4.2
1736	-0.561083	110.035927	0.008624	4.1
1737	-0.324281	110.000003	0.005795	3.7
1738	-0.552491	109.964110	0.007935	3.8
1739	-1.331511	109.928248	0.005934	4.3
1740	-1.443033	109.892417	0.004058	4.0
1741	-0.910717	109.856618	0.006454	4.0
1742	-0.999816	109.820850	0.003382	4.1
1743	-1.039798	109.785112	0.016229	4.7
1744	-1.033824	109.749406	0.009656	3.9
1745	-0.915436	109.713730	0.005898	4.2
1746	-1.436271	109.678086	0.006322	3.8
1747	-0.019917	109.642472	0.000519	3.9
1748	-1.411448	109.606890	0.007361	3.4
1749	-0.497871	109.571337	0.005369	3.5
1750	-0.946106	109.535816	0.011886	3.8
1751	-0.000001	109.500326	0.000000	3.8
1752	-0.470698	109.464866	0.004331	3.6
1753	-0.000000	109.429436	0.000000	3.5
1754	-0.001500	109.394038	0.000194	3.9
1755	-1.304259	109.358669	0.012700	4.2
1756	-1.014578	109.323331	0.003777	4.3
1757	-1.338748	109.288024	0.005115	4.2
1758	-0.000315	109.252747	0.000056	3.7
1759	-0.847454	109.217501	0.005917	3.9
1760	-1.468040	109.182284	0.008174	3.9
1761	-0.657726	109.147098	0.005246	5.1
1762	-1.335311	109.111942	0.006396	3.9
1763	-0.000012	109.076817	0.000003	4.0
1764	-0.559799	109.041721	0.006160	4.3
1765	-1.516645	109.006656	0.008870	5.8
1766	-1.200015	108.971620	0.010166	4.9
1767	-1.170999	108.936615	0.005653	4.7
1768	-0.717762	108.901640	0.012688	5.1
1769	-1.362879	108.866694	0.010152	4.6
1770	-1.734005	108.831779	0.004433	3.9
1771	-1.313682	108.796893	0.011816	4.3
1772	-1.510071	108.762037	0.009558	4.2
1773	-0.000000	108.727211	0.000000	4.8
1774	-0.287381	108.692415	0.003645	4.4
1775	-0.000000	108.657648	0.000000	3.9
1776	-0.000000	108.622911	0.000000	6.3
1777	-0.618727	108.588203	0.009326	4.2
1778	-1.211060	108.553525	0.007803	4.1
1779	-0.698434	108.518877	0.007799	4.7
1780	-0.074026	108.484258	0.001344	4.1
1781	-0.589662	108.449668	0.009745	3.9
1782	-0.487140	108.415108	0.002437	4.3
1783	-1.455009	108.380578	0.015578	4.4
1784	-0.815806	108.346076	0.003723	4.2
1785	-0.026476	108.311604	0.001067	3.9
1786	-1.206695	108.277161	0.011562	4.1
1787	-1.480333	108.242747	0.012219	4.0
1788	-0.911883	108.208363	0.010433	3.5
1789	-1.481778	108.174007	0.014934	3.5
1790	-1.132800	108.139681	0.007048	4.1
1791	-0.189531	108.105383	0.002861	4.5
1792	-0.720469	108.071115	0.028691	3.8
1793	-0.518753	108.036875	0.004062	3.5
1794	-0.000000	108.002665	0.000000	3.8
1795	-0.599931	107.968483	0.008541	3.9
1796	-0.000497	107.934330	0.000085	3.6
1797	-0.000000	107.900206	0.000000	3.9
1798	-0.150522	107.866111	0.002679	3.5
1799	-0.265049	107.832044	0.002156	3.9
1800	-1.385804	107.798007	0.011333	3.6
1801	-1.408465	107.763997	0.006748	3.8
1802	-0.911065	107.730017	0.013681	3.7
1803	-0.165780	107.696065	0.003338	3.9
1804	-0.000002	107.662141	0.000000	3.6
1805	-1.211846	107.628246	0.006589	3.9
1806	-1.289975	107.594379	0.005875	3.5
1807	-0.785718	107.560541	0.006734	3.4
1808	-1.472228	107.526731	0.013547	3.8
1809	-1.327569	107.492949	0.012568	4.4
1810	-0.949916	107.459196	0.005097	3.5
1811	-0.000349	107.425471	0.000063	3.5
1812	-0.000175	107.391774	0.000019	3.9
1813	-1.337625	107.358106	0.007044	3.9
1814	-0.199316	107.324465	0.004303	3.4
1815	-1.099861	107.290853	0.012051	3.5
1816	-0.303739	107.257268	0.002299	3.9
1817	-0.690697	107.223712	0.005928	4.1
1818	-1.553153	107.190184	0.011837	3.5
1819	-0.000813	107.156683	0.000079	3.6
1820	-0.028078	107.123211	0.000628	3.9
1821	-1.031806	107.089766	0.004156	3.8
1822	-1.334114	107.056349	0.009108	3.7
1823	-1.294991	107.022960	0.011812	3.5
1824	-1.101723	106.989599	0.009421	3.7
1825	-0.892640	106.956265	0.005296	3.7
1826	-1.373107	106.922960	0.008603	3.4
1827	-1.403029	106.889681	0.007837	3.6
1828	-1.204123	106.856431	0.003979	3.6
1829	-0.041205	106.823208	0.001835	3.0
1830	-0.866299	106.790012	0.005891	3.2
1831	-0.457724	106.756844	0.007495	3.3
1832	-1.326212	106.723703	0.008825	4.1
1833	-0.045474	106.690590	0.001074	3.3
1834	-0.139919	106.657505	0.003970	3.4
1835	-1.153090	106.624446	0.014526	3.5
1836	-1.423518	106.591415	0.011893	4.1
1837	-1.258818	106.558411	0.013495	3.7
1838	-0.010572	106.525435	0.000372	3.4
1839	-1.609904	106.492485	0.011899	3.6
1840	-1.484817	106.459563	0.010291	4.0
1841	-0.004233	106.426668	0.000292	3.7
1842	-0.527093	106.393800	0.014493	3.7
1843	-0.763875	106.360959	0.011630	3.5
1844	-0.066363	106.328145	0.002402	3.8
1845	-0.481259	106.295358	0.003904	3.8
1846	-1.422865	106.262598	0.010242	3.5
1847	-1.351787	106.229865	0.005749	3.9
1848	-0.536111	106.197158	0.013211	4.1
1849	-0.912158	106.164479	0.011639	4.2
1850	-0.915726	106.131826	0.013504	3.9
1851	-0.388223	106.099201	0.003214	3.9
1852	-1.213217	106.066602	0.013901	4.3
1853	-1.345375	106.034029	0.009314	4.3
1854	-0.435626	106.001483	0.004901	4.1
1855	-0.412306	105.968964	0.004575	3.6
1856	-0.272104	105.936472	0.004529	4.2
1857	-1.156041	105.904006	0.005794	4.0
1858	-0.741291	105.871566	0.016060	4.2
1859	-0.821893	105.839153	0.017016	3.9
1860	-0.457618	105.806767	0.004007	4.2
1861	-0.731143	105.774407	0.007659	4.0
1862	-1.443049	105.742073	0.007172	4.7
1863	-1.275115	105.709766	0.006136	4.3
1864	-0.945286	105.677485	0.013411	4.3
1865	-1.137383	105.645230	0.018837	4.3
1866	-0.326659	105.613001	0.005583	3.5
1867	-0.105607	105.580799	0.002997	4.1
1868	-1.673046	105.548623	0.015765	4.3
1869	-0.000000	105.516473	0.000000	4.3
1870	-0.875360	105.484349	0.015978	3.9
1871	-0.480817	105.452251	0.008168	4.4
1872	-1.119546	105.420179	0.008471	4.2
1873	-1.019848	105.388133	0.024097	4.1
1874	-1.098042	105.356113	0.008406	3.6
1875	-0.939909	105.324119	0.014515	4.2
1876	-1.219732	105.292151	0.008371	3.8
1877	-0.329034	105.260209	0.003389	3.6
1878	-0.726637	105.228293	0.008443	4.0
1879	-1.177383	105.196402	0.016126	4.2
1880	-0.000000	105.164537	0.000000	3.8
1881	-1.504304	105.132698	0.013928	3.8
1882	-1.343936	105.100885	0.003858	3.6
1883	-0.965618	105.069097	0.011080	4.3
1884	-0.017603	105.037335	0.000594	3.5
1885	-0.033417	105.005598	0.001324	4.0
1886	-0.000000	104.973887	0.000000	3.8
1887	-1.010400	104.942202	0.004997	4.4
1888	-0.238979	104.910542	0.004525	4.4
1889	-0.927184	104.878907	0.007171	3.8
1890	-1.525715	104.847298	0.005021	3.7
1891	-1.459391	104.815715	0.010504	3.8
1892	-0.001083	104.784156	0.000183	3.5
1893	-1.202238	104.752623	0.015245	3.6
1894	-1.036350	104.721116	0.010356	3.7
1895	-1.448456	104.689633	0.010784	3.9
1896	-0.088432	104.658176	0.001825	3.4
1897	-0.400588	104.626744	0.005317	3.5
1898	-0.000000	104.595337	0.000000	4.1
1899	-0.329169	104.563955	0.003159	4.3
1900	-1.411562	104.532599	0.009468	3.5
1901	-0.156971	104.501267	0.002133	3.5
1902	-1.010820	104.469960	0.011252	3.7
1903	-1.157656	104.438679	0.014290	3.9
1904	-1.369327	104.407422	0.012737	3.5
1905	-0.000000	104.376191	0.000000	3.5
1906	-0.685725	104.344984	0.008942	3.8
1907	-1.280316	104.313802	0.006311	3.8
1908	-0.763763	104.282645	0.009973	3.7
1909	-1.338790	104.251513	0.008132	3.5
1910	-1.291169	104.220405	0.020198	3.7
1911	-0.687569	104.189323	0.011014	3.7
1912	-0.525096	104.158265	0.005583	3.6
1913	-0.000000	104.127231	0.000000	3.7
1914	-1.037269	104.096222	0.017688	3.7
1915	-1.411848	104.065238	0.003975	3.4
1916	-0.458273	104.034279	0.007604	4.1
1917	-0.000000	104.003344	0.000000	3.5
1918	-1.147142	103.972433	0.008778	3.8
1919	-0.132171	103.941547	0.003808	3.5
1920	-0.000171	103.910686	0.000029	3.8
1921	-1.219751	103.879849	0.008529	3.5
1922	-0.413731	103.849036	0.003597	3.6
1923	-0.000645	103.818248	0.000106	3.6
1924	-1.222097	103.787484	0.012565	4.0
1925	-0.379601	103.756744	0.002719	3.5
1926	-1.601540	103.726029	0.010208	3.6
1927	-0.787063	103.695338	0.015727	3.5
1928	-1.002200	103.664671	0.005303	4.0
1929	-0.356531	103.634028	0.005488	3.6
1930	-0.637405	103.603409	0.004334	3.7
1931	-0.329883	103.572814	0.006983	3.5
1932	-0.000000	103.542244	0.000000	3.7
1933	-1.496616	103.511698	0.006948	3.8
1934	-1.167739	103.481175	0.010032	3.7
1935	-1.213804	103.450677	0.026129	3.7
1936	-0.772612	103.420202	0.006030	3.7
1937	-1.141747	103.389752	0.007370	3.6
1938	-1.549487	103.359325	0.009471	3.8
1939	-1.315829	103.328922	0.009363	3.5
1940	-0.000000	103.298543	0.000000	3.5
1941	-0.064155	103.268188	0.001420	3.9
1942	-0.167574	103.237857	0.002466	3.7
1943	-1.365929	103.207549	0.027549	3.6
1944	-0.548399	103.177265	0.015387	3.4
1945	-0.710952	103.147005	0.010611	3.9
1946	-1.248175	103.116768	0.012241	3.8
1947	-1.567746	103.086556	0.013991	3.5
1948	-0.000000	103.056366	0.000000	3.6
1949	-0.964849	103.026200	0.008964	4.0
1950	-0.854216	102.996058	0.012856	4.3
1951	-1.312415	102.965939	0.004844	3.6
1952	-0.228188	102.935844	0.004340	3.5
1953	-0.946146	102.905772	0.004222	3.9
1954	-1.008027	102.875724	0.004044	3.7
1955	-1.364367	102.845699	0.007795	3.4
1956	-1.480437	102.815697	0.010560	3.5
1957	-0.009709	102.785719	0.000766	3.5
1958	-1.461100	102.755764	0.003747	4.7
1959	-1.465137	102.725832	0.003994	3.4
1960	-1.225682	102.695924	0.009328	3.5
1961	-1.262670	102.666038	0.003839	3.5
1962	-1.301116	102.636176	0.011339	4.2
1963	-1.399140	102.606337	0.018860	3.7
1964	-0.895247	102.576521	0.013819	3.5
1965	-0.470590	102.546728	0.005911	3.5
1966	-1.311121	102.516959	0.006097	4.2
1967	-1.270848	102.487212	0.008226	3.5
1968	-1.340136	102.457488	0.008421	3.6
1969	-0.000000	102.427788	0.000000	3.5
1970	-0.404173	102.398110	0.002852	4.0
1971	-1.304010	102.368455	0.012465	3.6
1972	-0.043616	102.338823	0.000890	3.5
1973	-1.176998	102.309214	0.014056	3.5
1974	-0.235747	102.279628	0.004691	4.3
1975	-0.528797	102.250064	0.007480	4.1
1976	-1.429423	102.220524	0.006127	4.2
1977	-1.473014	102.191006	0.014564	3.7
1978	-1.244033	102.161511	0.006158	4.3
1979	-0.000000	102.132038	0.000000	3.9
1980	-0.876338	102.102588	0.006406	3.7
1981	-0.909490	102.073161	0.006992	4.4
1982	-1.335801	102.043757	0.002536	4.7
1983	-1.033899	102.014375	0.006063	4.7
1984	-0.000000	101.985015	0.000000	4.4
1985	-1.350694	101.955678	0.005437	4.2
1986	-0.000000	101.926364	0.000000	4.3
1987	-1.445193	101.897072	0.012312	4.0
1988	-0.000000	101.867802	0.000000	3.5
1989	-1.252830	101.838555	0.005595	4.1
1990	-1.191036	101.809330	0.014667	4.7
1991	-0.003243	101.780128	0.000329	4.3
1992	-1.572343	101.750948	0.010714	3.9
1993	-1.339591	101.721790	0.004930	4.5
1994	-0.300097	101.692654	0.002681	4.3
1995	-1.748796	101.663541	0.007355	4.8
1996	-1.513806	101.634450	0.011825	4.4
1997	-0.000022	101.605381	0.000004	4.2
1998	-1.516920	101.576335	0.010685	4.2
1999	-0.470688	101.547310	0.007297	4.0
