1:ItNr	2:Metric	3:StepSize	4:||Gradient||	Time[ms]
0	-0.091688	627.201626	0.003721	558.4
1	-0.778895	623.504937	0.017204	3.4
2	-0.000000	619.865785	0.000000	3.8
3	-0.716706	616.282728	0.014296	3.6
4	-0.000000	612.754375	0.000000	3.9
5	-0.014559	609.279381	0.001440	3.7
6	-0.992803	605.856447	0.008251	3.7
7	-0.926201	602.484317	0.015089	3.4
8	-0.272536	599.161779	0.000787	3.8
9	-0.000000	595.887656	0.000000	3.5
10	-0.486639	592.660813	0.008779	3.8
11	-0.005827	589.480151	0.000853	3.4
12	-0.822540	586.344606	0.018778	3.8
13	-0.626657	583.253145	0.017849	3.5
14	-0.628981	580.204771	0.003585	3.9
15	-0.000000	577.198517	0.000000	3.6
16	-0.638305	574.233444	0.008026	3.5
17	-0.702548	571.308645	0.029520	4.1
18	-0.000001	568.423237	0.000001	3.4
19	-0.570741	565.576365	0.020859	3.5
20	-0.052766	562.767201	0.001616	3.5
21	-0.002514	559.994938	0.000413	3.8
22	-0.860579	557.258797	0.005848	3.6
23	-1.038647	554.558018	0.008476	3.5
24	-0.813910	551.891865	0.008064	3.5
25	-0.916801	549.259621	0.010953	4.1
26	-0.426900	546.660592	0.007106	3.6
27	-0.832440	544.094102	0.011346	3.6
28	-0.047036	541.559494	0.001016	3.5
29	-0.000458	539.056129	0.000092	4.3
30	-1.104684	536.583387	0.014763	4.0
31	-0.484774	534.140663	0.012165	3.7
32	-0.287482	531.727370	0.002336	3.6
33	-0.970057	529.342935	0.028167	4.8
34	-0.997755	526.986802	0.018492	4.3
35	-0.991743	524.658430	0.014976	4.1
36	-0.610128	522.357290	0.015752	3.9
37	-0.556699	520.082868	0.016287	4.0
38	-0.687081	517.834665	0.012914	3.5
39	-0.000000	515.612193	0.000000	3.7
40	-0.823692	513.414976	0.013355	3.9
41	-0.761736	511.242551	0.010881	4.5
42	-0.872479	509.094468	0.024648	4.1
43	-0.829473	506.970285	0.009052	3.9
44	-0.108081	504.869574	0.004648	4.0
45	-0.975922	502.791916	0.011511	4.1
46	-0.085519	500.736903	0.003293	3.7
47	-0.964242	498.704137	0.012481	3.5
48	-0.533777	496.693228	0.015170	3.5
49	-0.637370	494.703798	0.003793	4.0
50	-0.000000	492.735476	0.000000	3.5
51	-0.671488	490.787900	0.008887	3.8
52	-0.776881	488.860718	0.033686	3.6
53	-1.036373	486.953585	0.008669	4.1
54	-0.516081	485.066164	0.007875	3.5
55	-0.577748	483.198126	0.008855	3.8
56	-0.597702	481.349149	0.011015	3.5
57	-0.697514	479.518920	0.016289	3.9
58	-0.315091	477.707132	0.002588	3.5
59	-0.910018	475.913485	0.007893	3.9
60	-0.000136	474.137684	0.000054	3.5
61	-1.058120	472.379445	0.026038	4.2
62	-0.000000	470.638485	0.000000	3.6
63	-0.927913	468.914531	0.014293	3.7
64	-1.015905	467.207315	0.011229	3.7
65	-0.585483	465.516573	0.012545	3.8
66	-0.000000	463.842050	0.000000	3.7
67	-0.557238	462.183494	0.007373	3.9
68	-1.137613	460.540658	0.022567	3.5
69	-0.000009	458.913303	0.000003	3.6
70	-1.004455	457.301192	0.021410	3.8
71	-0.642113	455.704096	0.040815	3.9
72	-0.778436	454.121787	0.009455	3.5
73	-0.000598	452.554045	0.000089	3.7
74	-0.000000	451.000653	0.000000	3.9
75	-0.798584	449.461399	0.010779	3.9
76	-0.000000	447.936075	0.000000	3.3
77	-0.336716	446.424477	0.007208	3.6
78	-0.000000	444.926406	0.000000	3.9
79	-0.266431	443.441666	0.006149	4.1
80	-0.931516	441.970065	0.011241	3.5
81	-0.327049	440.511415	0.007815	3.5
82	-0.854806	439.065533	0.007914	3.8
83	-0.000000	437.632238	0.000000	4.2
84	-0.756055	436.211351	0.005157	3.4
85	-0.264651	434.802701	0.005470	4.0
86	-0.415523	433.406117	0.005059	4.3
87	-0.559716	432.021430	0.007598	4.2
88	-0.804437	430.648479	0.008778	3.7
89	-0.000000	429.287101	0.000000	3.5
90	-0.630805	427.937140	0.014788	4.3
91	-1.087119	426.598440	0.009217	3.9
92	-0.802081	425.270849	0.007674	3.9
93	-1.138612	423.954220	0.023319	3.7
94	-0.607900	422.648404	0.006834	5.0
95	-1.011619	421.353259	0.011458	3.6
96	-0.559411	420.068643	0.008873	3.9
97	-0.684304	418.794419	0.005093	5.2
98	-0.077933	417.530451	0.004128	3.9
99	-0.000000	416.276604	0.000000	3.7
100	-0.997782	415.032748	0.009239	4.1
101	-0.806831	413.798754	0.010645	4.6
102	-0.533716	412.574495	0.017002	3.5
103	-0.944521	411.359849	0.017404	3.5
104	-0.633810	410.154691	0.010961	4.5
105	-1.027130	408.958904	0.020571	3.9
106	-0.660562	407.772368	0.007572	3.6
107	-0.682368	406.594968	0.013165	3.3
108	-0.465741	405.426590	0.010183	4.4
109	-0.850061	404.267122	0.012240	4.4
110	-0.000000	403.116456	0.000000	4.2
111	-0.000000	401.974481	0.000000	4.0
112	-0.451629	400.841093	0.004333	5.9
113	-0.533894	399.716187	0.008347	4.8
114	-0.925419	398.599660	0.005479	4.1
115	-0.565413	397.491411	0.008440	5.0
116	-0.308954	396.391342	0.006361	3.5
117	-0.000000	395.299353	0.000000	4.5
118	-1.026466	394.215350	0.010160	3.6
119	-1.046239	393.139238	0.013479	4.5
120	-0.504181	392.070924	0.013004	4.4
121	-0.000000	391.010316	0.000000	4.0
122	-0.512872	389.957325	0.009222	3.7
123	0.000000	388.911862	0.000000	4.5
124	-1.033070	387.873839	0.034203	4.1
125	-0.701805	386.843173	0.005167	4.2
126	-0.575397	385.819777	0.008761	4.2
127	-0.727069	384.803569	0.009655	4.5
128	-0.663185	383.794468	0.006247	3.9
129	-0.898422	382.792393	0.017465	3.7
130	-0.099468	381.797264	0.005982	4.0
131	-0.870320	380.809005	0.012806	4.4
132	-0.000000	379.827537	0.000000	4.4
133	-0.923364	378.852786	0.011321	4.0
134	-0.800058	377.884678	0.006044	4.6
135	-0.199702	376.923138	0.004293	3.7
136	-0.484198	375.968095	0.005335	4.0
137	-0.076177	375.019479	0.002836	4.3
138	-0.485113	374.077218	0.005252	4.3
139	-0.761053	373.141244	0.004492	4.3
140	-0.000000	372.211489	0.000000	3.9
141	-0.010378	371.287887	0.001070	4.7
142	-0.177129	370.370370	0.005482	4.2
143	-1.148220	369.458876	0.011783	3.9
144	-0.122801	368.553338	0.001985	3.8
145	-0.668090	367.653696	0.008933	4.0
146	-0.069844	366.759885	0.001386	3.5
147	-0.601248	365.871846	0.005151	3.5
148	-0.926387	364.989518	0.007220	4.0
149	-0.602665	364.112841	0.003793	3.9
150	-0.894573	363.241757	0.013481	3.8
151	-0.806245	362.376208	0.006152	3.6
152	-0.002712	361.516137	0.000203	3.9
153	-0.737146	360.661488	0.006759	3.9
154	-0.875631	359.812206	0.011106	3.6
155	-0.064645	358.968236	0.001737	3.5
156	-0.621112	358.129524	0.013044	4.0
157	-0.686139	357.296018	0.008666	3.9
158	-0.235342	356.467665	0.004625	3.8
159	-0.142245	355.644414	0.003667	3.3
160	-0.136363	354.826213	0.003182	3.9
161	-1.028146	354.013012	0.012983	3.8
162	-0.000201	353.204763	0.000011	3.6
163	-0.000000	352.401415	0.000000	3.8
164	-0.964035	351.602922	0.012987	3.5
165	-1.038132	350.809235	0.013350	3.6
166	-0.175379	350.020308	0.003092	3.9
167	-0.788708	349.236095	0.013576	4.0
168	-0.021386	348.456550	0.000780	4.3
169	-1.074975	347.681627	0.010440	3.6
170	-0.000000	346.911283	0.000000	3.9
171	-0.848008	346.145474	0.011144	3.8
172	-1.097694	345.384157	0.006799	3.6
173	-0.391947	344.627288	0.004514	3.6
174	-0.936954	343.874826	0.023356	4.2
175	-1.018820	343.126729	0.018275	3.7
176	-0.928995	342.382957	0.009103	3.5
177	-1.116960	341.643469	0.013264	3.6
178	-0.592422	340.908224	0.010328	4.3
179	-0.626218	340.177184	0.005070	3.6
180	-0.143169	339.450309	0.003056	3.7
181	-0.216176	338.727561	0.004252	3.5
182	-0.825615	338.008902	0.014507	4.4
183	-0.630787	337.294295	0.005129	4.3
184	-0.864938	336.583703	0.011449	4.2
185	-1.054046	335.877089	0.026042	4.3
186	-0.853299	335.174416	0.004731	3.9
187	-0.069465	334.475651	0.002527	3.9
188	-0.375871	333.780756	0.013626	3.5
189	-0.661457	333.089698	0.014593	4.3
190	-0.907181	332.402443	0.008249	3.8
191	-0.000000	331.718955	0.000000	3.2
192	-0.915008	331.039203	0.017258	3.5
193	-0.000000	330.363153	0.000000	3.5
194	-0.231717	329.690771	0.003970	4.0
195	-0.546215	329.022027	0.010517	3.6
196	-1.037920	328.356888	0.022046	3.9
197	-0.000998	327.695322	0.000138	4.3
198	-0.283217	327.037299	0.003768	3.9
199	-0.968009	326.382787	0.009813	3.5
200	-0.551879	325.731758	0.007221	5.3
201	-0.038914	325.084179	0.001937	3.3
202	-0.059791	324.440023	0.002814	3.8
203	-0.000000	323.799258	0.000000	3.5
204	-1.050121	323.161858	0.008386	3.9
205	-0.070092	322.527792	0.000878	3.5
206	-0.524360	321.897034	0.006233	3.9
207	-0.000068	321.269554	0.000019	3.5
208	-1.026602	320.645325	0.021562	3.9
209	-0.610668	320.024320	0.006161	3.7
210	-1.304579	319.406512	0.024451	4.0
211	-1.189385	318.791875	0.016887	3.6
212	-1.175867	318.180381	0.039985	3.8
213	-1.098971	317.572005	0.005868	3.5
214	-0.000000	316.966721	0.000000	3.9
215	-0.081916	316.364504	0.001411	3.8
216	-0.000000	315.765329	0.000000	3.8
217	-0.229435	315.169170	0.003226	3.6
218	-0.010049	314.576003	0.000574	3.9
219	-0.001157	313.985804	0.000041	3.7
220	-1.217833	313.398548	0.007811	3.8
221	-0.645697	312.814213	0.007831	3.7
222	-0.426573	312.232773	0.003914	3.6
223	-1.123699	311.654207	0.017349	3.9
224	-0.174583	311.078491	0.005837	4.0
225	-0.000000	310.505602	0.000000	3.5
226	-0.766015	309.935518	0.011803	3.5
227	-0.000000	309.368217	0.000000	3.4
228	-1.171620	308.803676	0.022341	4.0
229	-0.544677	308.241874	0.013842	3.7
230	-0.109282	307.682789	0.003765	3.4
231	-0.000072	307.126400	0.000025	4.0
232	-0.054040	306.572687	0.002041	3.8
233	-0.747280	306.021627	0.018437	3.5
234	-0.310905	305.473201	0.002974	3.7
235	-0.895095	304.927388	0.009780	4.0
236	-0.976297	304.384168	0.021378	4.0
237	-0.202370	303.843521	0.004350	3.5
238	-0.550007	303.305427	0.011568	3.6
239	-0.395688	302.769867	0.006026	4.1
240	-0.020822	302.236821	0.000903	3.6
241	-0.800151	301.706270	0.014223	3.5
242	-0.842370	301.178196	0.005929	3.5
243	-0.519029	300.652580	0.009279	3.9
244	-0.326343	300.129402	0.005283	4.0
245	-0.687504	299.608645	0.018157	4.3
246	-0.999997	299.090291	0.011999	4.3
247	-1.163478	298.574321	0.010752	4.8
248	-0.000002	298.060718	0.000001	3.6
249	-0.000000	297.549465	0.000000	3.5
250	-0.056097	297.040543	0.002313	3.9
251	-0.636375	296.533936	0.009280	3.9
252	-0.266795	296.029626	0.003389	3.6
253	-0.727951	295.527597	0.008640	3.5
254	-0.000000	295.027832	0.000000	3.8
255	-0.600450	294.530315	0.005418	3.7
256	-0.762912	294.035028	0.006237	3.8
257	-0.670736	293.541956	0.006644	3.4
258	-1.084941	293.051083	0.010911	3.8
259	-0.967273	292.562393	0.014043	3.6
260	-0.000000	292.075870	0.000000	3.8
261	-0.922405	291.591498	0.005146	3.7
262	-0.697576	291.109263	0.008609	3.9
263	-0.096706	290.629149	0.002732	3.7
264	-0.043664	290.151140	0.002595	3.7
265	-0.727085	289.675222	0.005902	3.5
266	-0.739503	289.201380	0.008134	4.0
267	-0.562469	288.729600	0.005408	3.6
268	-0.077774	288.259866	0.002624	4.5
269	-1.102080	287.792165	0.009322	4.1
270	-0.472384	287.326481	0.008819	4.2
271	-0.806324	286.862802	0.010569	3.6
272	-0.327732	286.401113	0.004312	4.1
273	-0.827147	285.941400	0.011663	4.4
274	-0.822549	285.483649	0.010673	4.6
275	-0.001141	285.027847	0.000114	4.6
276	-0.990156	284.573981	0.022046	4.1
277	-0.652052	284.122037	0.006101	4.5
278	-0.407922	283.672002	0.007571	4.0
279	-0.000000	283.223863	0.000000	4.2
280	-0.956744	282.777607	0.014982	4.3
281	-0.000000	282.333221	0.000000	4.2
282	-0.228131	281.890692	0.003978	3.6
283	-0.000000	281.450008	0.000000	4.2
284	-0.683634	281.011157	0.005613	4.2
285	-0.410310	280.574125	0.009149	3.7
286	-0.738178	280.138901	0.010383	4.1
287	-0.777039	279.705473	0.012802	4.7
288	-1.094025	279.273829	0.014610	3.6
289	-0.554017	278.843956	0.006151	4.0
290	-0.210008	278.415844	0.004330	4.1
291	-0.000000	277.989479	0.000000	4.9
292	-0.827473	277.564851	0.012498	3.9
293	-0.977301	277.141949	0.010650	4.0
294	-0.986142	276.720761	0.011850	4.6
295	-1.017135	276.301275	0.013861	3.9
296	-0.000000	275.883480	0.000000	3.7
297	-0.500068	275.467366	0.014789	4.4
298	-0.976406	275.052922	0.019076	4.7
299	-0.874590	274.640136	0.006459	4.3
300	-0.146445	274.228998	0.001713	4.3
301	-0.934996	273.819497	0.013190	4.1
302	-0.552066	273.411623	0.008987	4.5
303	-0.000000	273.005365	0.000000	3.6
304	-0.289076	272.600712	0.005068	3.6
305	-0.000000	272.197655	0.000000	3.8
306	-0.000000	271.796184	0.000000	3.5
307	-0.000246	271.396287	0.000058	3.7
308	-0.002290	270.997956	0.000069	3.5
309	-0.000000	270.601180	0.000000	3.8
310	-0.000000	270.205949	0.000000	4.0
311	-0.617768	269.812254	0.011743	3.6
312	-0.577668	269.420085	0.007670	3.6
313	-0.617264	269.029432	0.011849	4.1
314	-0.000000	268.640287	0.000000	4.0
315	-0.714426	268.252638	0.012838	3.7
316	-0.291751	267.866478	0.005674	3.5
317	-0.140679	267.481796	0.005672	3.9
318	-0.876406	267.098584	0.006861	4.0
319	-0.939013	266.716833	0.007035	3.6
320	-0.406379	266.336533	0.007058	3.5
321	-0.000000	265.957676	0.000000	3.8
322	-1.039583	265.580253	0.013310	4.0
323	-0.186789	265.204254	0.002813	3.7
324	-0.829543	264.829672	0.008234	3.8
325	-0.755313	264.456497	0.008212	3.6
326	-0.974880	264.084721	0.018274	4.0
327	-0.503415	263.714335	0.008815	4.0
328	-0.000000	263.345332	0.000000	4.2
329	-0.001225	262.977702	0.000123	4.1
330	-0.960683	262.611438	0.014928	4.1
331	-0.349141	262.246531	0.006527	4.3
332	-0.693309	261.882973	0.005226	4.0
333	-0.489420	261.520756	0.010628	4.4
334	-0.847003	261.159871	0.007197	3.7
335	-0.219715	260.800312	0.004045	3.9
336	-1.209219	260.442070	0.018092	3.7
337	-0.526376	260.085137	0.008159	3.5
338	-0.325815	259.729505	0.009508	4.3
339	-0.092522	259.375167	0.000606	3.6
340	-0.000000	259.022116	0.000000	3.5
341	-0.000000	258.670343	0.000000	3.6
342	-1.143195	258.319841	0.005448	4.2
343	-0.987259	257.970602	0.011414	3.6
344	-1.002396	257.622620	0.014550	3.5
345	-0.942097	257.275887	0.021498	4.4
346	-0.952549	256.930396	0.005907	4.4
347	-1.006153	256.586139	0.029070	3.5
348	-0.000000	256.243109	0.000000	3.7
349	-0.800813	255.901300	0.008337	3.5
350	-0.073564	255.560703	0.003570	4.1
351	-0.785538	255.221313	0.014675	4.1
352	-0.709984	254.883122	0.006479	3.5
353	-0.814673	254.546124	0.014857	3.7
354	-0.000763	254.210311	0.000104	4.4
355	-0.658427	253.875677	0.003734	3.6
356	-0.546996	253.542215	0.008328	3.5
357	-1.034238	253.209918	0.013693	3.7
358	-0.000002	252.878781	0.000001	4.7
359	-0.198104	252.548795	0.002974	4.4
360	-0.000600	252.219956	0.000043	4.7
361	-0.042814	251.892255	0.001801	4.6
362	-0.820059	251.565688	0.011345	4.4
363	-0.872006	251.240247	0.007230	4.2
364	-0.959337	250.915926	0.016032	3.9
365	-0.863716	250.592720	0.014694	4.0
366	-0.037386	250.270621	0.000278	4.0
367	-0.506878	249.949624	0.006372	3.4
368	-0.020418	249.629723	0.001293	3.8
369	-0.108055	249.310911	0.005530	3.8
370	-0.658685	248.993182	0.011184	3.9
371	-0.662753	248.676531	0.008586	3.5
372	-0.000000	248.360952	0.000000	3.7
373	-0.980263	248.046438	0.012810	3.6
374	-0.000083	247.732984	0.000012	3.9
375	-0.000880	247.420584	0.000108	3.5
376	-1.101966	247.109233	0.043974	3.8
377	-0.951952	246.798924	0.005100	3.6
378	-0.000000	246.489652	0.000000	4.0
379	-0.012877	246.181412	0.001273	3.9
380	-0.000000	245.874197	0.000000	3.7
381	-1.159139	245.568002	0.005218	3.5
382	-0.849419	245.262822	0.005623	3.8
383	-0.004932	244.958652	0.000863	3.9
384	-1.052709	244.655485	0.013290	3.7
385	-0.000000	244.353317	0.000000	3.6
386	-0.547861	244.052142	0.009517	3.9
387	-0.270919	243.751955	0.004564	3.9
388	-0.259933	243.452750	0.006105	3.5
389	-0.141943	243.154523	0.002862	3.7
390	-0.734388	242.857268	0.010463	4.0
391	-1.235144	242.560980	0.012259	4.8
392	-0.268479	242.265654	0.006024	4.0
393	-0.211433	241.971285	0.004463	3.4
394	-0.043104	241.677868	0.002479	3.9
395	-0.823768	241.385397	0.007926	3.8
396	-0.967506	241.093869	0.009767	3.7
397	-0.185695	240.803278	0.005479	3.5
398	-0.406757	240.513619	0.006754	4.0
399	-0.804550	240.224887	0.008857	3.6
400	-1.053415	239.937077	0.007392	3.5
401	-1.058113	239.650186	0.012973	3.6
402	-0.833054	239.364207	0.012163	4.0
403	-0.037956	239.079136	0.001594	3.6
404	-1.033595	238.794969	0.013663	3.5
405	-1.059291	238.511701	0.044909	3.5
406	-0.138192	238.229327	0.003110	4.5
407	-0.015604	237.947843	0.001030	3.7
408	-0.000000	237.667244	0.000000	3.3
409	-0.494671	237.387526	0.006568	3.5
410	-0.776606	237.108684	0.007335	4.5
411	-0.740631	236.830714	0.006129	3.8
412	-0.382632	236.553610	0.002509	4.1
413	-0.946733	236.277370	0.014738	4.1
414	-0.840463	236.001989	0.063515	4.1
415	-0.770797	235.727461	0.011323	3.6
416	-0.698066	235.453784	0.006341	3.5
417	-0.718334	235.180952	0.006690	3.9
418	-0.048992	234.908962	0.000318	3.9
419	-0.841570	234.637809	0.010807	3.7
420	-0.617789	234.367488	0.006044	3.5
421	-1.149306	234.097997	0.038753	3.8
422	-0.352100	233.829331	0.003880	3.6
423	-0.000000	233.561485	0.000000	3.9
424	-0.850147	233.294456	0.011105	3.6
425	-0.819734	233.028239	0.004263	4.0
426	-0.016086	232.762831	0.000353	3.8
427	-0.953567	232.498228	0.015989	4.3
428	-0.525464	232.234425	0.004748	3.8
429	-1.002074	231.971419	0.024175	4.1
430	-0.797438	231.709205	0.007311	3.6
431	-0.144519	231.447781	0.003105	3.9
432	-0.896731	231.187141	0.007437	3.6
433	-0.304075	230.927283	0.004061	4.3
434	-1.220556	230.668202	0.025183	4.0
435	-0.683023	230.409895	0.008582	3.8
436	-0.985619	230.152358	0.009442	4.2
437	-0.025242	229.895587	0.002461	3.7
438	-0.956594	229.639578	0.017154	3.5
439	-0.329197	229.384329	0.008096	3.8
440	-0.053139	229.129834	0.002301	4.1
441	-0.007006	228.876091	0.000827	3.5
442	-0.023169	228.623096	0.000931	3.7
443	-0.339821	228.370846	0.001447	3.8
444	-0.610512	228.119336	0.004569	5.6
445	-0.925485	227.868563	0.008245	3.7
446	-1.071232	227.618525	0.013221	4.6
447	-0.000668	227.369216	0.000104	4.6
448	-0.204217	227.120635	0.001966	4.5
449	-0.000000	226.872777	0.000000	4.4
450	-0.004610	226.625638	0.000229	4.3
451	-0.873827	226.379217	0.006871	4.0
452	-0.420265	226.133509	0.003470	4.0
453	-0.000000	225.888510	0.000000	3.9
454	-0.255669	225.644218	0.004483	4.4
455	-0.745877	225.400630	0.020861	4.4
456	-0.000000	225.157741	0.000000	3.9
457	-0.986107	224.915549	0.024082	4.8
458	-0.809044	224.674051	0.009372	4.6
459	-0.000000	224.433242	0.000000	4.5
460	-0.123446	224.193121	0.002119	4.2
461	-1.014011	223.953684	0.004168	4.3
462	-0.896383	223.714927	0.005668	4.1
463	-0.341735	223.476848	0.003955	4.0
464	-0.000014	223.239444	0.000001	4.9
465	-1.192770	223.002710	0.007731	4.6
466	-0.000000	222.766645	0.000000	4.4
467	-0.116459	222.531245	0.004751	4.0
468	-0.798421	222.296508	0.024408	4.3
469	-1.087187	222.062429	0.032313	4.1
470	-0.543387	221.829007	0.008250	4.2
471	-0.628105	221.596238	0.005856	4.5
472	-0.945842	221.364119	0.005282	4.8
473	-0.788175	221.132647	0.005050	4.9
474	-0.867551	220.901820	0.007772	5.3
475	-0.890154	220.671634	0.016525	4.6
476	-0.972148	220.442086	0.011415	4.6
477	-0.000000	220.213174	0.000000	4.4
478	-0.109173	219.984895	0.002779	4.7
479	-0.144235	219.757246	0.003858	4.5
480	-0.872285	219.530224	0.010872	3.9
481	-0.000000	219.303826	0.000000	3.9
482	-0.000001	219.078050	0.000000	4.3
483	-0.000035	218.852893	0.000011	4.2
484	-0.538356	218.628352	0.001944	3.8
485	-0.768330	218.404424	0.015051	4.1
486	-0.000001	218.181106	0.000000	4.3
487	-0.938771	217.958397	0.013013	3.9
488	-0.781597	217.736292	0.015462	3.8
489	-0.000000	217.514790	0.000000	3.8
490	-0.000000	217.293888	0.000000	4.5
491	-0.387452	217.073584	0.004727	3.8
492	-0.057799	216.853873	0.002018	4.0
493	-0.936375	216.634755	0.019262	4.6
494	0.000000	216.416227	0.000000	4.4
495	-1.192192	216.198285	0.010265	3.9
496	-0.636162	215.980927	0.011112	3.9
497	-0.979495	215.764151	0.009549	4.5
498	-0.334303	215.547955	0.008039	4.0
499	-1.080569	215.332335	0.010934	3.9
500	-0.231972	215.117289	0.007233	3.9
501	-0.239274	214.902815	0.003607	4.4
502	-0.000000	214.688911	0.000000	3.5
503	-0.961097	214.475573	0.007208	3.9
504	-0.515392	214.262800	0.011029	4.4
505	-0.566301	214.050588	0.009916	4.2
506	-0.387956	213.838936	0.007423	4.1
507	-0.934989	213.627842	0.018363	4.0
508	-0.024344	213.417302	0.000936	5.2
509	-0.659850	213.207314	0.014376	4.1
510	-1.007517	212.997877	0.016093	4.2
511	-0.000062	212.788987	0.000012	4.2
512	-0.447532	212.580642	0.006896	4.6
513	-1.204037	212.372841	0.023197	4.2
514	-0.000000	212.165581	0.000000	4.3
515	-0.880486	211.958859	0.013621	4.3
516	-0.498021	211.752673	0.010408	4.2
517	-0.949226	211.547021	0.009789	4.0
518	-0.780847	211.341902	0.015014	4.3
519	-0.617933	211.137311	0.007472	4.6
520	-0.173425	210.933248	0.000994	4.1
521	-0.037183	210.729710	0.001646	4.3
522	-0.983850	210.526695	0.015074	4.0
523	-0.471214	210.324200	0.006824	4.5
524	-1.004684	210.122224	0.015537	4.3
525	-0.031085	209.920765	0.001036	4.2
526	-0.000000	209.719820	0.000000	4.2
527	-0.590931	209.519387	0.008553	4.3
528	-0.998907	209.319463	0.010640	5.1
529	-0.343719	209.120048	0.004365	4.0
530	-0.908438	208.921139	0.014420	4.4
531	-0.001021	208.722733	0.000127	4.4
532	-0.202188	208.524829	0.003683	4.2
533	-0.595448	208.327425	0.004559	4.0
534	-0.570394	208.130518	0.006631	4.8
535	-0.124441	207.934107	0.000933	4.0
536	-0.803750	207.738189	0.010247	4.0
537	-0.000000	207.542762	0.000000	4.4
538	-0.728977	207.347825	0.011615	4.6
539	-1.042575	207.153376	0.011670	4.0
540	-0.200930	206.959412	0.004682	3.9
541	-0.642804	206.765932	0.010443	4.8
542	-0.000007	206.572933	0.000001	5.6
543	-0.219047	206.380414	0.003918	4.1
544	0.000000	206.188373	0.000000	5.0
545	-0.196800	205.996807	0.001468	4.1
546	-0.702757	205.805716	0.013792	4.1
547	-1.108870	205.615096	0.019954	4.6
548	-0.803458	205.424946	0.009557	4.2
549	-0.223587	205.235265	0.002792	4.0
550	-0.587556	205.046050	0.015356	4.0
551	-0.940472	204.857299	0.015339	4.8
552	-0.580621	204.669011	0.005117	3.9
553	-0.903738	204.481184	0.007221	4.0
554	-0.753546	204.293816	0.005309	4.4
555	-0.554170	204.106905	0.011819	4.4
556	-0.617957	203.920449	0.009432	4.0
557	-0.829052	203.734447	0.019424	4.5
558	-0.979615	203.548896	0.027809	4.7
559	-0.947547	203.363795	0.014264	4.2
560	-0.153769	203.179143	0.003498	4.3
561	-1.031287	202.994937	0.019491	4.0
562	-0.226301	202.811176	0.006364	4.5
563	-0.857285	202.627857	0.004982	4.9
564	-0.001470	202.444980	0.000094	4.7
565	-1.090126	202.262543	0.016040	4.5
566	-0.575681	202.080543	0.010494	4.5
567	-1.045691	201.898979	0.010946	4.6
568	-0.000847	201.717849	0.000114	4.9
569	-0.115034	201.537153	0.002075	5.9
570	-0.490297	201.356887	0.004536	4.8
571	-0.020654	201.177050	0.000318	5.1
572	-0.851190	200.997642	0.014326	5.3
573	-0.000000	200.818659	0.000000	4.7
574	-0.933774	200.640100	0.008350	4.6
575	-0.544436	200.461965	0.013754	5.3
576	-0.816753	200.284250	0.009014	4.7
577	-0.000000	200.106955	0.000000	4.5
578	-1.040257	199.930078	0.013283	5.3
579	-0.000000	199.753617	0.000000	4.6
580	-0.608755	199.577571	0.003836	4.6
581	-0.000000	199.401938	0.000000	4.9
582	-0.000000	199.226717	0.000000	4.4
583	-1.005975	199.051905	0.010343	4.1
584	-0.825437	198.877502	0.001774	4.6
585	-0.769312	198.703506	0.008148	4.8
586	-0.758757	198.529916	0.006648	4.0
587	-0.000016	198.356729	0.000003	4.0
588	-0.674890	198.183944	0.008390	7.6
589	-0.515094	198.011560	0.006532	4.9
590	-0.821480	197.839576	0.004714	5.0
591	-0.000000	197.667989	0.000000	5.2
592	-0.341187	197.496798	0.006284	4.0
593	-0.000628	197.326002	0.000026	4.4
594	-1.120511	197.155600	0.008709	4.5
595	-0.000000	196.985589	0.000000	4.1
596	-0.010763	196.815969	0.001115	4.3
597	-0.549767	196.646738	0.006109	4.2
598	-0.527062	196.477894	0.006910	4.5
599	-0.000531	196.309436	0.000016	4.3
600	-0.917052	196.141363	0.010419	4.3
601	-1.072898	195.973673	0.009660	4.4
602	-0.228129	195.806365	0.004417	4.2
603	-0.466861	195.639437	0.003558	5.0
604	-0.973691	195.472888	0.007225	4.4
605	-0.835253	195.306717	0.006069	5.1
606	-0.627744	195.140922	0.005247	4.6
607	-0.596366	194.975501	0.004941	4.8
608	-0.666849	194.810454	0.011351	4.8
609	-0.000000	194.645779	0.000000	5.6
610	-0.675210	194.481475	0.011999	4.4
611	-0.530960	194.317540	0.005969	5.1
612	-0.000004	194.153973	0.000001	5.4
613	-1.041121	193.990773	0.012388	4.8
614	-0.864776	193.827938	0.005120	4.2
615	-0.630702	193.665467	0.010238	5.2
616	-0.048765	193.503358	0.001443	3.9
617	-0.724755	193.341611	0.024906	4.8
618	-0.000000	193.180224	0.000000	5.2
619	-1.030756	193.019196	0.013526	4.2
620	-0.535657	192.858525	0.005347	4.5
621	-0.810133	192.698210	0.012382	5.6
622	-1.094843	192.538251	0.017778	5.2
623	-0.973643	192.378644	0.015049	4.5
624	-0.969617	192.219391	0.010389	5.2
625	-0.550867	192.060488	0.004982	5.5
626	-0.635529	191.901935	0.012313	5.5
627	-0.000000	191.743730	0.000000	5.2
628	-0.844537	191.585873	0.018186	4.1
629	-0.000000	191.428362	0.000000	5.0
630	-0.246856	191.271196	0.002592	5.1
631	-0.000000	191.114374	0.000000	4.3
632	-0.868817	190.957893	0.019893	4.9
633	-1.122788	190.801755	0.022193	4.7
634	-1.085374	190.645956	0.008596	4.3
635	-0.548321	190.490495	0.008654	4.1
636	-1.058587	190.335373	0.006820	4.2
637	-1.017854	190.180587	0.006523	4.5
638	-0.000227	190.026136	0.000025	5.1
639	-0.171909	189.872019	0.005217	4.3
640	-0.854116	189.718235	0.012224	4.5
641	-0.955596	189.564782	0.009966	4.8
642	-0.133009	189.411661	0.004509	4.6
643	-0.762805	189.258868	0.008824	4.1
644	-1.044981	189.106404	0.009206	4.3
645	-0.771806	188.954267	0.006905	4.1
646	-0.000000	188.802456	0.000000	3.6
647	-0.964362	188.650969	0.010920	4.4
648	-0.625509	188.499807	0.006235	4.5
649	-0.788493	188.348967	0.008253	4.1
650	-0.000000	188.198448	0.000000	3.8
651	-1.035706	188.048250	0.012850	5.4
652	-1.144936	187.898371	0.013212	4.1
653	-0.000000	187.748810	0.000000	4.1
654	-0.849387	187.599566	0.006822	4.2
655	-1.107580	187.450638	0.012751	6.2
656	-0.235146	187.302025	0.007248	4.8
657	-0.000000	187.153725	0.000000	5.1
658	-0.000925	187.005739	0.000168	5.9
659	-0.822381	186.858064	0.009696	4.7
660	-1.125926	186.710699	0.009053	5.4
661	-1.063317	186.563645	0.010881	4.7
662	-0.851967	186.416898	0.008665	4.7
663	-0.000050	186.270459	0.000005	4.9
664	-0.000000	186.124326	0.000000	5.3
665	-0.777070	185.978499	0.004388	4.8
666	-1.062236	185.832976	0.015428	4.9
667	-0.501256	185.687756	0.006078	5.1
668	-1.164658	185.542838	0.009682	4.6
669	-0.922258	185.398222	0.004967	4.7
670	-0.893808	185.253906	0.012623	5.2
671	-0.959999	185.109889	0.011501	4.8
672	-1.125261	184.966170	0.009701	5.0
673	-0.000000	184.822748	0.000000	4.8
674	-0.441681	184.679623	0.006949	5.3
675	-0.243662	184.536792	0.003820	4.7
676	-0.000000	184.394256	0.000000	4.7
677	-0.030969	184.252013	0.000941	4.6
678	-0.798995	184.110062	0.021763	4.7
679	-0.724268	183.968403	0.007843	4.2
680	-0.998296	183.827034	0.009320	4.8
681	-0.966089	183.685954	0.009716	4.8
682	-0.198768	183.545163	0.003286	4.2
683	-0.387008	183.404658	0.008656	5.0
684	-0.934394	183.264441	0.013652	4.7
685	-0.894138	183.124509	0.004738	4.2
686	-1.157661	182.984861	0.017088	4.1
687	-0.000498	182.845497	0.000004	4.9
688	-0.922711	182.706416	0.007277	4.1
689	-0.730433	182.567616	0.026899	4.0
690	-0.684639	182.429098	0.006431	4.5
691	-0.779678	182.290859	0.006005	4.4
692	-0.898126	182.152899	0.012834	4.1
693	-0.000000	182.015217	0.000000	3.9
694	-0.216202	181.877813	0.006395	4.5
695	-0.000110	181.740684	0.000042	4.0
696	-0.000000	181.603832	0.000000	3.9
697	-0.764443	181.467253	0.008424	4.0
698	-0.000000	181.330948	0.000000	4.5
699	-0.643753	181.194916	0.010893	4.1
700	-0.000000	181.059155	0.000000	4.0
701	-0.407742	180.923666	0.006717	4.9
702	-0.000000	180.788446	0.000000	5.5
703	-0.686595	180.653496	0.009320	4.5
704	-0.666151	180.518814	0.010677	4.5
705	-0.894900	180.384399	0.017018	4.0
706	-1.092566	180.250251	0.039334	4.0
707	-0.000000	180.116369	0.000000	4.4
708	-0.000000	179.982752	0.000000	4.4
709	-0.933036	179.849398	0.006359	4.2
710	-0.052678	179.716308	0.002924	5.3
711	-0.226399	179.583480	0.004704	5.2
712	-0.916859	179.450913	0.008653	5.0
713	-0.340812	179.318607	0.003413	5.3
714	-0.000000	179.186561	0.000000	5.0
715	-1.093629	179.054774	0.007612	4.6
716	-1.085608	178.923245	0.009154	5.2
717	-0.000618	178.791973	0.000069	5.6
718	-0.068255	178.660958	0.002699	4.1
719	-0.939101	178.530199	0.012921	5.2
720	-0.731575	178.399694	0.009711	5.0
721	-0.913565	178.269444	0.009455	4.7
722	-0.965015	178.139447	0.009590	4.9
723	-0.100301	178.009702	0.002303	4.4
724	-0.861691	177.880209	0.016766	4.9
725	-0.798042	177.750967	0.006845	4.9
726	-0.467980	177.621975	0.003982	4.1
727	-0.839722	177.493232	0.009476	4.3
728	-1.085865	177.364738	0.014265	5.2
729	-0.598728	177.236492	0.003665	4.8
730	-1.037279	177.108492	0.022053	5.2
731	-0.020506	176.980739	0.000625	4.9
732	-0.730230	176.853231	0.006948	4.9
733	-0.000000	176.725968	0.000000	5.3
734	-0.665852	176.598949	0.011431	4.7
735	-0.991784	176.472173	0.005170	4.8
736	-1.160765	176.345639	0.008151	5.0
737	-0.000000	176.219348	0.000000	4.7
738	-0.000622	176.093296	0.000075	5.0
739	0.000000	175.967486	0.000000	4.9
740	-1.179969	175.841914	0.010766	4.1
741	-0.256906	175.716581	0.004142	4.0
742	-0.942397	175.591486	0.003627	4.9
743	-0.968698	175.466629	0.021653	4.2
744	-1.115389	175.342008	0.009377	4.0
745	-0.000501	175.217622	0.000068	4.3
746	-0.000262	175.093472	0.000051	4.5
747	-0.952794	174.969556	0.009094	4.2
748	-1.168492	174.845873	0.007161	4.1
749	-0.718505	174.722423	0.006036	4.2
750	-1.089681	174.599206	0.013971	4.5
751	-0.959886	174.476220	0.013192	4.8
752	-0.356926	174.353464	0.006531	4.3
753	-0.859887	174.230939	0.019066	4.8
754	-0.643529	174.108643	0.005838	4.7
755	-0.454348	173.986576	0.004247	4.7
756	-0.005623	173.864737	0.000340	4.8
757	-0.690925	173.743124	0.007928	4.6
758	-0.000454	173.621739	0.000057	4.7
759	-0.131542	173.500579	0.002844	4.5
760	-0.001257	173.379645	0.000344	4.4
761	-0.787561	173.258935	0.008391	4.3
762	-0.755546	173.138449	0.011185	4.0
763	-0.483948	173.018186	0.007479	4.4
764	-1.026229	172.898146	0.010183	4.2
765	-0.002338	172.778327	0.000417	4.4
766	-0.004219	172.658730	0.000489	4.2
767	-0.939234	172.539353	0.011496	4.4
768	-0.265067	172.420196	0.005074	4.5
769	-0.834963	172.301258	0.012857	4.4
770	-0.624914	172.182539	0.014635	5.0
771	-0.926624	172.064037	0.008609	5.1
772	-0.900813	171.945753	0.015557	4.2
773	-0.945809	171.827686	0.015626	4.0
774	-0.645041	171.709834	0.007443	5.0
775	-0.831272	171.592198	0.004916	4.2
776	-0.725364	171.474776	0.007592	4.6
777	-0.836614	171.357568	0.016497	4.8
778	-0.635341	171.240574	0.007285	5.0
779	-0.000000	171.123793	0.000000	4.8
780	-0.218982	171.007223	0.003898	4.6
781	-0.974316	170.890865	0.012351	4.9
782	-0.705339	170.774718	0.006629	4.3
783	-0.162670	170.658782	0.004950	4.8
784	-0.374684	170.543055	0.005582	5.1
785	-1.212917	170.427537	0.008731	4.5
786	-0.512416	170.312227	0.008893	4.9
787	-1.109462	170.197125	0.014098	5.4
788	-0.739953	170.082231	0.002263	5.5
789	-0.007781	169.967543	0.000464	4.8
790	-0.343045	169.853061	0.006744	4.9
791	-1.154787	169.738784	0.006710	4.2
792	-0.000000	169.624713	0.000000	4.9
793	-0.131151	169.510845	0.003134	6.1
794	-1.190171	169.397181	0.008060	7.7
795	-0.401560	169.283720	0.004863	5.5
796	-0.913019	169.170462	0.009972	5.5
797	-0.065433	169.057405	0.002236	5.8
798	-0.285060	168.944549	0.004756	4.5
799	-0.636303	168.831895	0.006366	4.7
800	-0.769827	168.719440	0.006307	4.5
801	-1.048585	168.607185	0.020630	4.9
802	-0.436149	168.495129	0.005715	4.6
803	-0.680555	168.383271	0.010810	4.6
804	-0.000000	168.271611	0.000000	4.6
805	-0.797747	168.160148	0.005688	4.4
806	-0.203500	168.048882	0.005547	4.3
807	-0.890301	167.937812	0.005899	4.0
808	-0.036678	167.826938	0.001858	4.0
809	-0.700524	167.716258	0.013698	4.5
810	-0.000000	167.605773	0.000000	4.0
811	-1.173380	167.495482	0.012144	4.2
812	-0.591482	167.385384	0.009681	4.1
813	-0.743122	167.275479	0.006811	4.8
814	-0.758094	167.165766	0.002962	4.0
815	-0.000000	167.056245	0.000000	4.4
816	-0.242692	166.946915	0.001974	4.6
817	-0.000000	166.837776	0.000000	4.2
818	-0.002447	166.728826	0.000127	4.0
819	-0.654113	166.620067	0.011755	4.1
820	-1.044171	166.511496	0.013617	4.5
821	-0.000000	166.403113	0.000000	4.0
822	-0.000000	166.294919	0.000000	3.6
823	-0.539086	166.186912	0.005957	4.4
824	-1.128343	166.079091	0.007521	4.3
825	-0.723532	165.971458	0.008806	4.0
826	-0.804314	165.864009	0.011313	4.3
827	-0.737969	165.756747	0.011001	4.5
828	-0.884123	165.649669	0.019285	4.2
829	-0.917385	165.542775	0.012563	4.0
830	-0.000861	165.436065	0.000188	4.5
831	-0.629705	165.329538	0.011967	4.6
832	-0.887673	165.223194	0.013347	3.9
833	-1.157019	165.117032	0.011558	4.5
834	-0.728843	165.011052	0.013227	4.1
835	-0.008434	164.905253	0.000973	4.4
836	-0.655427	164.799635	0.013712	4.3
837	-0.770863	164.694197	0.006584	4.2
838	-0.000341	164.588939	0.000108	4.4
839	-0.603579	164.483859	0.007793	4.2
840	-0.745793	164.378959	0.006705	4.3
841	-1.157250	164.274237	0.011569	4.1
842	-0.077034	164.169692	0.001223	4.5
843	-0.858654	164.065325	0.010835	4.3
844	-0.000000	163.961135	0.000000	4.6
845	-0.890893	163.857120	0.005004	4.8
846	-1.100953	163.753282	0.007810	4.5
847	-1.146817	163.649619	0.004580	4.1
848	-0.188453	163.546130	0.001159	4.0
849	-1.041320	163.442816	0.007066	4.5
850	-0.005614	163.339676	0.000609	6.4
851	-0.754020	163.236709	0.009195	4.0
852	-0.822692	163.133915	0.005135	4.8
853	-0.137500	163.031294	0.003037	4.0
854	-0.944891	162.928844	0.011591	4.0
855	-0.610744	162.826566	0.014654	4.0
856	-0.491567	162.724459	0.009260	4.6
857	-0.782341	162.622523	0.007270	4.0
858	-0.867933	162.520757	0.008224	4.2
859	-0.598693	162.419160	0.006383	4.6
860	-0.997159	162.317733	0.005102	5.0
861	-0.949851	162.216474	0.014407	4.9
862	-0.699207	162.115383	0.006021	5.0
863	-0.927896	162.014461	0.012914	4.4
864	-1.019514	161.913705	0.009885	4.2
865	-1.070548	161.813117	0.012582	4.4
866	-0.000017	161.712695	0.000002	4.8
867	-0.556523	161.612439	0.006430	4.5
868	-0.669747	161.512349	0.011478	4.8
869	-0.745794	161.412424	0.008023	5.3
870	-1.095026	161.312663	0.013724	5.7
871	-0.373001	161.213067	0.005256	4.5
872	-1.211664	161.113635	0.016007	5.3
873	-0.000000	161.014366	0.000000	4.6
874	-1.150048	160.915260	0.030295	4.9
875	-0.000000	160.816316	0.000000	5.5
876	-0.000000	160.717535	0.000000	5.1
877	-1.265724	160.618915	0.028515	5.0
878	-0.895236	160.520456	0.006493	5.1
879	-0.357664	160.422158	0.004425	4.4
880	-0.830466	160.324021	0.005137	4.4
881	-0.890209	160.226043	0.016116	4.2
882	-0.839578	160.128225	0.019722	5.1
883	-1.040036	160.030566	0.026812	5.1
884	-0.000000	159.933066	0.000000	4.7
885	-0.927842	159.835723	0.008360	4.9
886	-0.808839	159.738539	0.009565	4.7
887	-0.913999	159.641512	0.010824	4.9
888	-0.822243	159.544642	0.012925	4.6
889	-0.022452	159.447929	0.000921	4.7
890	-0.647690	159.351372	0.006001	4.8
891	-0.019290	159.254971	0.000259	4.1
892	-0.676132	159.158725	0.009595	5.5
893	-0.714327	159.062634	0.006838	4.0
894	-0.544073	158.966697	0.005512	4.1
895	-0.820998	158.870915	0.006607	4.5
896	-0.887677	158.775286	0.012648	4.1
897	0.000000	158.679811	0.000000	4.1
898	-0.984492	158.584489	0.005119	4.0
899	-0.671288	158.489319	0.004573	4.9
900	-0.000026	158.394302	0.000004	4.3
901	-0.945769	158.299436	0.010003	4.0
902	-0.279300	158.204721	0.003481	4.9
903	-0.365298	158.110158	0.002665	4.0
904	0.000000	158.015745	0.000000	4.1
905	-0.423021	157.921482	0.007859	4.2
906	-0.953377	157.827369	0.005072	4.5
907	-0.693813	157.733406	0.007685	4.0
908	-1.044999	157.639591	0.018406	4.0
909	-0.484536	157.545925	0.008411	4.7
910	-0.000000	157.452408	0.000000	4.2
911	-0.940615	157.359038	0.015513	4.0
912	-0.000000	157.265816	0.000000	4.4
913	-0.893757	157.172741	0.008462	4.5
914	-0.492553	157.079813	0.004384	4.4
915	-0.306462	156.987031	0.004335	4.4
916	-0.573829	156.894395	0.007239	4.2
917	-0.176091	156.801904	0.002888	4.4
918	-1.235906	156.709559	0.010928	4.0
919	-1.236749	156.617359	0.020545	4.3
920	-0.276857	156.525304	0.006717	4.0
921	-0.596019	156.433392	0.006322	4.3
922	-0.449263	156.341624	0.007764	4.4
923	-1.072400	156.250000	0.015607	4.0
924	-1.082083	156.158519	0.007792	4.5
925	-0.000000	156.067180	0.000000	4.0
926	-1.017395	155.975984	0.010619	4.3
927	-0.024276	155.884930	0.000555	4.0
928	-1.089852	155.794017	0.018089	4.6
929	-0.606126	155.703246	0.012959	4.3
930	-0.680938	155.612615	0.012199	4.1
931	-0.436991	155.522125	0.008776	4.3
932	-0.690974	155.431775	0.015866	4.2
933	-0.445533	155.341565	0.003751	4.5
934	-1.095258	155.251495	0.007629	4.1
935	-0.748519	155.161563	0.010883	4.5
936	-0.980513	155.071771	0.007152	4.4
937	-0.471503	154.982117	0.007075	4.0
938	-0.915887	154.892601	0.011226	4.0
939	-0.362087	154.803222	0.006260	4.6
940	-0.791376	154.713981	0.010934	4.4
941	-0.422060	154.624878	0.006681	4.0
942	0.000000	154.535910	0.000000	4.4
943	-0.748398	154.447080	0.007075	4.3
944	-0.000000	154.358385	0.000000	3.7
945	-0.817554	154.269826	0.007364	4.0
946	-0.893842	154.181402	0.003744	4.5
947	-0.830120	154.093114	0.013436	5.1
948	-0.771756	154.004960	0.014001	4.2
949	-1.110042	153.916940	0.015969	5.1
950	-0.909518	153.829054	0.008702	5.4
951	-0.971887	153.741303	0.011125	4.4
952	-0.384562	153.653684	0.006631	4.6
953	-0.755899	153.566198	0.009825	5.2
954	-0.160263	153.478846	0.003658	4.8
955	-0.898319	153.391625	0.008038	4.2
956	-0.897543	153.304537	0.010190	5.1
957	-0.978371	153.217580	0.011249	4.2
958	-0.006385	153.130755	0.000682	4.8
959	-0.481719	153.044061	0.004007	4.6
960	-1.041533	152.957498	0.013048	5.1
961	-0.751296	152.871065	0.009125	4.8
962	-0.097639	152.784762	0.001438	4.7
963	-0.707502	152.698589	0.008361	5.4
964	-0.774755	152.612545	0.012416	5.1
965	-0.790611	152.526631	0.006118	4.8
966	-0.000000	152.440845	0.000000	5.7
967	-0.000000	152.355188	0.000000	4.3
968	-1.038956	152.269660	0.009060	4.5
969	-0.822355	152.184259	0.011638	6.2
970	-0.880642	152.098986	0.007673	5.1
971	-0.707478	152.013840	0.005362	5.4
972	-0.897322	151.928821	0.010613	4.6
973	-1.214177	151.843928	0.014261	4.4
974	-0.000000	151.759163	0.000000	5.1
975	-0.329248	151.674523	0.005154	5.2
976	-1.071714	151.590009	0.011179	4.7
977	-0.857170	151.505620	0.009410	4.7
978	-0.806176	151.421357	0.006208	5.3
979	-0.935811	151.337218	0.010192	5.1
980	-0.000000	151.253204	0.000000	4.3
981	-1.114895	151.169314	0.006479	4.4
982	-0.802236	151.085549	0.010836	4.0
983	-0.518388	151.001907	0.004079	4.1
984	-0.000000	150.918388	0.000000	4.0
985	-0.723967	150.834992	0.009785	4.5
986	-0.000000	150.751719	0.000000	4.1
987	-0.452925	150.668569	0.007205	4.6
988	-0.040517	150.585541	0.002049	4.3
989	-0.142390	150.502634	0.003881	4.9
990	-1.036931	150.419849	0.008207	5.1
991	-0.000064	150.337186	0.000020	4.9
992	-0.906594	150.254644	0.009583	5.4
993	-0.179987	150.172222	0.004542	5.8
994	-1.178308	150.089921	0.006915	4.1
995	-1.118941	150.007740	0.012946	4.8
996	-0.855988	149.925679	0.008769	4.9
997	-1.039610	149.843737	0.005701	4.1
998	-0.012590	149.761915	0.000590	4.9
999	-0.675733	149.680212	0.005649	4.8
1000	-0.989376	149.598627	0.006245	5.0
1001	-1.089807	149.517161	0.010304	4.6
1002	-0.964952	149.435814	0.017734	5.1
1003	-0.891469	149.354584	0.010635	4.1
1004	-1.004393	149.273472	0.009558	3.9
1005	-0.000000	149.192477	0.000000	4.9
1006	-0.957877	149.111599	0.008910	4.7
1007	-0.000000	149.030838	0.000000	6.5
1008	-0.917520	148.950194	0.009321	5.5
1009	-1.151903	148.869666	0.005311	4.5
1010	0.000000	148.789253	0.000000	4.5
1011	-0.686393	148.708957	0.009816	4.6
1012	-0.517849	148.628776	0.010890	4.2
1013	-0.885423	148.548710	0.008193	4.0
1014	-0.796407	148.468759	0.010058	4.5
1015	-0.000000	148.388923	0.000000	4.3
1016	-0.552123	148.309201	0.006853	4.1
1017	-0.728055	148.229594	0.005004	5.0
1018	-0.555887	148.150100	0.001654	4.5
1019	-1.150733	148.070719	0.013177	4.0
1020	-0.689925	147.991452	0.005651	4.0
1021	-1.026113	147.912298	0.018387	4.4
1022	-1.015646	147.833257	0.009628	4.4
1023	-0.000000	147.754329	0.000000	4.2
1024	-0.881682	147.675512	0.003628	4.5
1025	-0.000000	147.596808	0.000000	4.4
1026	-0.089155	147.518216	0.002611	4.2
1027	-0.698574	147.439735	0.006048	4.3
1028	-0.888070	147.361365	0.007366	4.0
1029	-0.749402	147.283106	0.003192	4.5
1030	-0.562057	147.204958	0.007431	4.0
1031	-0.857219	147.126920	0.005517	4.5
1032	-1.082230	147.048993	0.016614	4.7
1033	-0.759995	146.971175	0.026165	5.0
1034	-0.951003	146.893468	0.009249	6.1
1035	-0.931170	146.815869	0.007994	5.3
1036	-0.605020	146.738380	0.004578	4.7
1037	-0.716154	146.661000	0.009651	4.2
1038	-0.000018	146.583729	0.000001	5.1
1039	-0.000000	146.506566	0.000000	4.7
1040	-1.106814	146.429511	0.017785	5.3
1041	-0.250031	146.352565	0.002595	4.1
1042	-0.675760	146.275726	0.007431	5.9
1043	-0.341503	146.198994	0.009823	4.6
1044	-0.000000	146.122370	0.000000	4.6
1045	-1.046370	146.045853	0.008015	5.4
1046	-0.548056	145.969442	0.009570	4.1
1047	-0.710611	145.893139	0.016935	4.9
1048	-0.000000	145.816941	0.000000	5.0
1049	-0.000000	145.740849	0.000000	4.9
1050	-0.048231	145.664863	0.001092	4.8
1051	-0.703914	145.588983	0.004678	5.5
1052	-0.852655	145.513208	0.004983	4.7
1053	-0.000002	145.437538	0.000000	4.5
1054	-0.000000	145.361973	0.000000	5.7
1055	-1.081643	145.286513	0.013986	5.0
1056	-1.156984	145.211157	0.009929	4.5
1057	-0.956770	145.135905	0.008738	4.9
1058	-0.758959	145.060757	0.002941	4.3
1059	-0.044759	144.985712	0.002114	4.1
1060	-0.909497	144.910771	0.012886	4.2
1061	-0.966626	144.835934	0.008659	4.9
1062	-1.062621	144.761199	0.006286	4.1
1063	-1.070563	144.686567	0.012320	4.0
1064	-0.449117	144.612037	0.004301	5.7
1065	-0.275579	144.537610	0.001697	4.0
1066	-0.035755	144.463285	0.001293	4.0
1067	-0.000000	144.389062	0.000000	4.3
1068	-0.598245	144.314940	0.003652	4.6
1069	-0.183307	144.240920	0.004366	4.0
1070	-0.653424	144.167001	0.005812	4.7
1071	-0.860624	144.093182	0.006596	4.7
1072	-0.000000	144.019465	0.000000	4.2
1073	-1.022847	143.945848	0.010326	4.0
1074	-0.374814	143.872331	0.005507	4.4
1075	-0.062095	143.798914	0.000964	4.4
1076	-0.007449	143.725597	0.000147	4.0
1077	-1.086603	143.652380	0.014520	4.4
1078	-1.030318	143.579262	0.013911	4.2
1079	-0.745056	143.506243	0.009086	4.3
1080	-0.044052	143.433323	0.001924	4.0
1081	-0.787775	143.360502	0.009283	4.3
1082	-1.166673	143.287780	0.013945	4.5
1083	-1.051685	143.215155	0.013401	4.1
1084	-0.989304	143.142629	0.007907	4.5
1085	-1.140192	143.070201	0.014240	4.0
1086	-0.008940	142.997870	0.000190	4.4
1087	-0.616144	142.925637	0.012653	4.0
1088	-0.063724	142.853501	0.003212	5.4
1089	-1.131949	142.781462	0.007776	4.5
1090	-1.101424	142.709519	0.009169	4.1
1091	-0.000000	142.637674	0.000000	4.5
1092	-0.774677	142.565924	0.009022	4.0
1093	-0.696642	142.494271	0.004551	4.5
1094	-1.050539	142.422714	0.006439	4.4
1095	-1.172154	142.351252	0.009742	4.0
1096	-1.224872	142.279886	0.030564	4.3
1097	-0.944481	142.208616	0.016569	4.6
1098	-0.845773	142.137440	0.008631	4.2
1099	-0.437742	142.066360	0.005767	4.0
1100	-0.000000	141.995374	0.000000	4.5
1101	-0.902404	141.924483	0.009215	5.4
1102	-0.987956	141.853685	0.009867	4.6
1103	-0.000000	141.782983	0.000000	4.4
1104	-0.835365	141.712373	0.012750	4.0
1105	-0.059229	141.641858	0.000879	4.0
1106	-1.134853	141.571436	0.020508	4.0
1107	-0.455171	141.501108	0.008939	4.8
1108	-0.765684	141.430872	0.007361	4.0
1109	-1.153791	141.360730	0.022301	4.2
1110	-1.145259	141.290680	0.010113	4.0
1111	-0.779876	141.220722	0.004376	4.7
1112	-0.000000	141.150857	0.000000	4.0
1113	-1.083340	141.081084	0.010231	4.1
1114	-0.590774	141.011403	0.008068	4.6
1115	-0.665081	140.941813	0.009057	4.2
1116	-0.068956	140.872315	0.001576	4.0
1117	-0.447649	140.802909	0.005412	4.0
1118	-0.172661	140.733593	0.003437	5.2
1119	-1.113121	140.664369	0.006478	4.3
1120	-0.034041	140.595235	0.000616	4.3
1121	-1.081174	140.526192	0.016671	4.5
1122	-0.769060	140.457239	0.006289	4.3
1123	-0.898198	140.388376	0.011406	4.0
1124	-0.936187	140.319603	0.008677	4.5
1125	-0.768274	140.250920	0.008549	4.5
1126	-0.005282	140.182326	0.000567	4.2
1127	-1.077508	140.113822	0.008914	4.1
1128	-0.843342	140.045407	0.011990	4.2
1129	-0.852378	139.977081	0.010797	4.4
1130	-0.000023	139.908844	0.000003	4.0
1131	-1.226352	139.840696	0.011450	4.5
1132	-0.000000	139.772635	0.000000	4.4
1133	-0.000000	139.704664	0.000000	4.4
1134	-0.967983	139.636780	0.012195	4.8
1135	-0.000000	139.568984	0.000000	4.3
1136	-1.117235	139.501276	0.005416	5.0
1137	-1.094312	139.433655	0.013772	4.9
1138	-0.759742	139.366122	0.007282	4.1
1139	-0.929968	139.298676	0.008392	4.8
1140	-0.699459	139.231317	0.013391	4.5
1141	-0.000000	139.164045	0.000000	4.3
1142	-0.000000	139.096859	0.000000	4.6
1143	-0.060528	139.029760	0.001497	5.4
1144	-0.987400	138.962747	0.009544	5.4
1145	-1.057489	138.895820	0.006880	5.9
1146	-1.022189	138.828978	0.013038	5.8
1147	-0.000000	138.762223	0.000000	4.3
1148	-0.000000	138.695553	0.000000	5.0
1149	0.000000	138.628969	0.000000	5.2
1150	-0.021841	138.562469	0.001297	7.8
1151	-0.105743	138.496055	0.003153	8.1
1152	-0.056645	138.429725	0.000974	8.1
1153	-0.174588	138.363481	0.004423	5.8
1154	-0.871425	138.297320	0.011035	4.8
1155	-0.000020	138.231244	0.000005	5.6
1156	-0.271446	138.165252	0.004775	4.6
1157	-0.864114	138.099344	0.006726	4.7
1158	-0.176995	138.033520	0.004308	4.8
1159	-0.771116	137.967779	0.015582	4.9
1160	-0.415390	137.902122	0.003186	5.4
1161	-0.000000	137.836548	0.000000	4.8
1162	-0.812523	137.771057	0.005889	4.2
1163	-0.784688	137.705649	0.011718	4.8
1164	-0.881845	137.640324	0.021242	4.4
1165	-0.947453	137.575081	0.017856	4.5
1166	-0.000000	137.509921	0.000000	4.8
1167	-0.572810	137.444842	0.015459	4.0
1168	-0.749049	137.379846	0.006425	4.5
1169	-0.773678	137.314932	0.006223	4.3
1170	-0.000000	137.250100	0.000000	4.3
1171	-0.000000	137.185349	0.000000	4.0
1172	-0.062543	137.120680	0.001232	4.6
1173	-0.640868	137.056092	0.007263	4.5
1174	-1.131509	136.991585	0.013435	4.5
1175	-0.835265	136.927158	0.009969	5.0
1176	-0.859642	136.862813	0.013654	4.8
1177	-0.041238	136.798548	0.002109	4.2
1178	-0.316525	136.734363	0.003607	4.0
1179	-0.732789	136.670259	0.014989	4.8
1180	-0.232541	136.606235	0.003296	4.1
1181	-1.045881	136.542291	0.004706	4.1
1182	-0.090601	136.478426	0.001509	4.5
1183	-0.000000	136.414641	0.000000	4.0
1184	-1.097176	136.350936	0.012375	4.0
1185	-0.000000	136.287310	0.000000	4.0
1186	-1.013418	136.223763	0.012403	5.8
1187	-1.131388	136.160295	0.011528	4.0
1188	-0.499815	136.096905	0.006993	4.0
1189	-0.000000	136.033594	0.000000	4.7
1190	-1.088375	135.970362	0.011176	4.3
1191	-0.581706	135.907208	0.012035	4.0
1192	-0.838820	135.844133	0.005276	4.4
1193	-0.022052	135.781135	0.001354	4.3
1194	-1.165865	135.718215	0.009387	4.2
1195	-0.000100	135.655373	0.000032	4.0
1196	-0.238940	135.592608	0.002586	6.2
1197	-0.151667	135.529921	0.005745	4.3
1198	-0.000000	135.467311	0.000000	3.6
1199	-0.688320	135.404778	0.008253	4.3
1200	-0.651346	135.342322	0.010164	4.4
1201	-0.531462	135.279942	0.008075	4.1
1202	-0.612141	135.217640	0.010108	4.4
1203	-1.167498	135.155413	0.024582	4.2
1204	-0.962450	135.093263	0.024805	4.4
1205	-1.183058	135.031190	0.015280	4.2
1206	-0.805274	134.969192	0.004198	4.1
1207	-0.025724	134.907270	0.001187	4.3
1208	-1.109861	134.845424	0.011176	4.4
1209	-0.768608	134.783653	0.009556	4.7
1210	-0.891799	134.721958	0.008754	4.0
1211	-1.185032	134.660338	0.009213	4.4
1212	-0.001425	134.598793	0.000206	4.6
1213	-0.768853	134.537323	0.011414	4.0
1214	-0.701274	134.475927	0.010124	4.0
1215	-0.961064	134.414607	0.007138	4.6
1216	-0.000891	134.353361	0.000205	4.5
1217	-0.573649	134.292189	0.009742	4.3
1218	-1.060361	134.231092	0.004406	8.3
1219	-0.582816	134.170068	0.003285	5.0
1220	-1.188669	134.109119	0.014040	4.6
1221	-1.026105	134.048243	0.012990	4.5
1222	-0.977254	133.987441	0.008078	4.0
1223	-0.679145	133.926713	0.005957	4.0
1224	-0.623956	133.866057	0.006716	4.6
1225	-0.946662	133.805475	0.011105	4.2
1226	-0.361620	133.744966	0.003887	4.0
1227	-1.191124	133.684530	0.009557	4.0
1228	-0.859942	133.624167	0.006347	4.8
1229	-1.080654	133.563877	0.005876	4.1
1230	-0.000000	133.503658	0.000000	4.2
1231	-0.900845	133.443513	0.016403	5.1
1232	-0.903009	133.383439	0.010022	4.8
1233	-0.856909	133.323437	0.007824	4.8
1234	-0.454512	133.263508	0.005508	4.5
1235	-1.028771	133.203650	0.006502	4.9
1236	-0.000000	133.143864	0.000000	4.5
1237	-0.000000	133.084149	0.000000	4.4
1238	-1.229193	133.024506	0.005595	4.7
1239	-0.295587	132.964934	0.004973	4.3
1240	-0.000293	132.905433	0.000037	4.7
1241	-0.140951	132.846003	0.004738	4.0
1242	-1.223966	132.786643	0.012903	5.1
1243	-0.000000	132.727355	0.000000	5.0
1244	-0.774261	132.668137	0.008849	4.6
1245	-0.788555	132.608989	0.011523	5.0
1246	-1.140026	132.549912	0.013178	4.7
1247	-1.097100	132.490904	0.007498	4.9
1248	-0.000000	132.431967	0.000000	5.1
1249	-1.124194	132.373100	0.010131	4.3
1250	0.000000	132.314302	0.000000	4.8
1251	-1.105364	132.255574	0.007373	4.8
1252	-0.818397	132.196916	0.012196	4.4
1253	-0.055668	132.138326	0.000761	4.6
1254	-0.000000	132.079806	0.000000	4.7
1255	-0.290007	132.021355	0.006456	5.5
1256	-0.877660	131.962973	0.008825	5.2
1257	-0.470605	131.904660	0.005123	4.1
1258	-0.976624	131.846415	0.009191	5.3
1259	-0.041672	131.788239	0.000829	4.6
1260	-0.729302	131.730131	0.006009	5.0
1261	-0.071574	131.672092	0.002236	5.2
1262	-0.173689	131.614121	0.001809	4.5
1263	-0.732734	131.556217	0.011553	4.5
1264	-0.000000	131.498382	0.000000	5.3
1265	-0.698801	131.440614	0.006160	4.2
1266	-0.000006	131.382914	0.000003	4.0
1267	-0.768661	131.325282	0.007394	4.0
1268	-0.737769	131.267717	0.006418	4.6
1269	-0.769221	131.210219	0.007540	4.1
1270	-0.907791	131.152788	0.011240	4.0
1271	-1.260642	131.095424	0.018615	5.0
1272	-0.002888	131.038127	0.000355	4.5
1273	-0.833741	130.980897	0.006817	4.0
1274	-0.037803	130.923733	0.001400	4.6
1275	-1.031153	130.866636	0.017130	4.5
1276	-0.760013	130.809605	0.009232	4.2
1277	-0.690871	130.752641	0.002575	4.0
1278	-0.636981	130.695742	0.007142	4.6
1279	-1.042123	130.638910	0.014688	4.3
1280	-0.496026	130.582143	0.012256	4.0
1281	-0.890498	130.525442	0.010796	4.3
1282	-1.074578	130.468807	0.008611	4.7
1283	-0.632999	130.412237	0.005462	4.2
1284	-0.562917	130.355733	0.006645	4.5
1285	-0.154966	130.299294	0.004888	4.4
1286	-0.684226	130.242920	0.007780	4.2
1287	-0.544585	130.186611	0.007252	4.1
1288	-1.004619	130.130366	0.008976	4.0
1289	-0.758473	130.074187	0.005470	4.5
1290	-1.019056	130.018072	0.004663	4.1
1291	-0.158478	129.962022	0.004519	4.4
1292	-0.130549	129.906036	0.005006	3.9
1293	-0.000000	129.850114	0.000000	4.6
1294	-1.042532	129.794257	0.005640	4.3
1295	-0.874040	129.738463	0.005461	4.1
1296	-0.948248	129.682734	0.010481	4.1
1297	-0.100547	129.627068	0.001510	4.2
1298	-1.067275	129.571466	0.015405	4.9
1299	-0.879393	129.515927	0.013894	4.0
1300	-0.009534	129.460452	0.000874	4.5
1301	-0.423225	129.405040	0.006139	4.2
1302	-0.739389	129.349692	0.006002	4.1
1303	-0.408909	129.294406	0.005141	4.0
1304	-0.286091	129.239183	0.006455	4.4
1305	-0.368008	129.184024	0.004116	4.4
1306	-0.037622	129.128927	0.001357	4.0
1307	-0.298482	129.073892	0.005236	4.1
1308	-1.001760	129.018921	0.005954	4.8
1309	-0.772094	128.964011	0.005033	4.3
1310	-1.080159	128.909164	0.008680	4.0
1311	-0.874151	128.854379	0.008991	4.6
1312	-1.159733	128.799656	0.020260	4.4
1313	-1.130896	128.744995	0.011580	4.1
1314	-1.204196	128.690396	0.046094	4.0
1315	-0.705981	128.635858	0.008480	4.9
1316	-1.125532	128.581382	0.011692	4.1
1317	-0.502657	128.526968	0.004864	4.0
1318	-0.548201	128.472615	0.005975	4.8
1319	-0.943146	128.418323	0.005616	4.6
1320	-0.000476	128.364092	0.000070	4.9
1321	-1.054048	128.309922	0.008244	5.8
1322	-0.000000	128.255814	0.000000	4.6
1323	-0.818524	128.201766	0.013269	4.4
1324	-0.356382	128.147778	0.006354	4.3
1325	-0.417494	128.093852	0.006610	4.6
1326	-1.044692	128.039985	0.005392	4.2
1327	-0.728760	127.986180	0.016134	4.2
1328	-0.065628	127.932434	0.004068	5.1
1329	-0.152386	127.878749	0.003044	4.6
1330	-0.266288	127.825123	0.002773	4.2
1331	-0.509027	127.771558	0.003668	4.6
1332	-0.737239	127.718052	0.007278	4.3
1333	-0.000000	127.664606	0.000000	4.2
1334	-1.009770	127.611220	0.010502	4.5
1335	0.000000	127.557893	0.000000	4.5
1336	-0.000000	127.504625	0.000000	4.3
1337	-0.000000	127.451417	0.000000	4.5
1338	-0.100392	127.398268	0.001430	4.3
1339	-0.735583	127.345178	0.007698	4.4
1340	-0.115306	127.292147	0.001347	4.1
1341	-0.060572	127.239175	0.000961	4.4
1342	-1.226053	127.186261	0.022255	4.4
1343	-0.134660	127.133407	0.003261	4.1
1344	-0.722210	127.080610	0.010336	4.5
1345	-0.755380	127.027872	0.014282	4.0
1346	-0.612558	126.975193	0.008162	4.6
1347	-0.239932	126.922572	0.001662	4.6
1348	-0.790681	126.870008	0.009043	4.2
1349	-0.000000	126.817503	0.000000	4.5
1350	-0.000002	126.765056	0.000001	4.5
1351	-1.060520	126.712667	0.007444	4.9
1352	-0.601694	126.660335	0.006681	4.6
1353	-0.772505	126.608061	0.005993	4.8
1354	-0.879778	126.555844	0.006968	4.6
1355	-0.432559	126.503685	0.004178	4.7
1356	-0.308626	126.451583	0.005725	5.5
1357	-0.971882	126.399538	0.012474	4.5
1358	-0.920219	126.347550	0.010053	4.4
1359	-0.741406	126.295619	0.008798	5.0
1360	-0.883782	126.243745	0.007220	5.0
1361	-0.207472	126.191928	0.002763	5.0
1362	-0.458659	126.140168	0.004621	4.9
1363	-0.015930	126.088464	0.000646	5.1
1364	-0.012140	126.036817	0.000495	4.7
1365	-0.578487	125.985226	0.007206	5.3
1366	-1.248634	125.933691	0.013579	4.5
1367	-0.785437	125.882212	0.010155	4.8
1368	-1.126191	125.830790	0.021370	5.1
1369	-0.325915	125.779423	0.004336	4.6
1370	-0.000000	125.728113	0.000000	4.2
1371	-0.206461	125.676858	0.003864	4.6
1372	-1.152173	125.625659	0.015549	5.0
1373	-1.141926	125.574515	0.014919	4.8
1374	-1.151609	125.523427	0.010411	4.7
1375	-0.118627	125.472394	0.001255	5.0
1376	-0.000000	125.421417	0.000000	5.1
1377	-1.008586	125.370495	0.011212	5.5
1378	-0.584548	125.319628	0.011171	4.9
1379	-0.000000	125.268815	0.000000	4.8
1380	-1.223697	125.218058	0.012938	5.4
1381	-0.704045	125.167356	0.005623	5.1
1382	-1.106437	125.116708	0.006590	4.4
1383	-0.592104	125.066115	0.006312	5.1
1384	-1.280769	125.015576	0.010415	4.9
1385	-0.020020	124.965092	0.001140	4.6
1386	-0.680938	124.914662	0.005972	4.7
1387	-0.789113	124.864287	0.009247	4.3
1388	-0.754354	124.813965	0.013637	4.6
1389	-0.699878	124.763698	0.004766	5.4
1390	-0.007164	124.713485	0.000228	4.0
1391	-0.712947	124.663325	0.005894	4.2
1392	-1.081035	124.613219	0.015800	4.5
1393	-0.920810	124.563167	0.009137	4.0
1394	-0.381302	124.513168	0.006679	4.0
1395	-0.338293	124.463223	0.007489	4.6
1396	-0.989472	124.413332	0.002904	4.9
1397	-0.000001	124.363493	0.000000	4.0
1398	-0.477151	124.313708	0.007421	4.0
1399	-0.200435	124.263976	0.005567	4.8
1400	-1.020320	124.214297	0.015143	4.0
1401	-0.774523	124.164671	0.004045	4.0
1402	-0.090085	124.115097	0.001976	4.9
1403	-0.912198	124.065577	0.027123	4.6
1404	-0.839715	124.016109	0.010823	4.1
1405	-0.561895	123.966693	0.010398	4.1
1406	-0.000000	123.917330	0.000000	5.1
1407	-0.806384	123.868020	0.005621	4.1
1408	-0.390359	123.818762	0.007576	4.1
1409	-0.206286	123.769556	0.003675	4.4
1410	-0.655718	123.720402	0.012182	4.3
1411	-0.000392	123.671300	0.000129	4.0
1412	-1.177153	123.622250	0.008504	4.7
1413	-1.090325	123.573252	0.011538	4.7
1414	-0.000000	123.524305	0.000000	4.1
1415	-0.946459	123.475411	0.011189	4.6
1416	-0.000000	123.426568	0.000000	4.8
1417	-0.750110	123.377776	0.010622	5.0
1418	-1.092875	123.329036	0.010456	5.2
1419	-1.126105	123.280347	0.009397	5.1
1420	-0.011585	123.231709	0.001555	4.8
1421	-1.246244	123.183122	0.015614	4.5
1422	-1.114404	123.134587	0.007788	4.8
1423	-0.000000	123.086102	0.000000	4.5
1424	-0.910525	123.037669	0.007338	4.5
1425	-0.842386	122.989286	0.004540	4.1
1426	-0.209560	122.940954	0.005741	4.3
1427	-0.685405	122.892672	0.010145	4.7
1428	-0.552513	122.844441	0.010108	8.5
1429	-0.000000	122.796261	0.000000	5.5
1430	-0.000000	122.748130	0.000000	8.6
1431	-0.885498	122.700050	0.003176	4.6
1432	0.000000	122.652021	0.000000	4.0
1433	-0.631000	122.604041	0.005624	4.1
1434	-0.708876	122.556111	0.010781	3.9
1435	-1.016975	122.508232	0.010937	4.7
1436	-1.138283	122.460402	0.003305	4.0
1437	-1.172607	122.412622	0.007463	4.1
1438	-0.897679	122.364891	0.006980	4.5
1439	-0.000000	122.317210	0.000000	3.9
1440	-0.823009	122.269579	0.011511	4.0
1441	-0.593661	122.221997	0.007214	4.0
1442	-0.000000	122.174465	0.000000	4.6
1443	-1.047903	122.126981	0.010974	4.1
1444	-0.841934	122.079547	0.009623	4.2
1445	-1.013434	122.032162	0.009021	4.3
1446	-0.000000	121.984826	0.000000	4.6
1447	-0.000000	121.937539	0.000000	4.0
1448	-1.075772	121.890301	0.006821	4.6
1449	-0.000051	121.843112	0.000005	4.4
1450	-0.000000	121.795971	0.000000	4.3
1451	-0.905567	121.748879	0.004641	4.1
1452	-0.000000	121.701835	0.000000	4.0
1453	-0.562160	121.654840	0.009247	4.4
1454	-0.800650	121.607893	0.007572	4.0
1455	-0.459089	121.560994	0.007331	4.7
1456	-0.810504	121.514144	0.019114	4.0
1457	-0.244015	121.467342	0.005807	4.3
1458	-0.497541	121.420588	0.007116	4.2
1459	-0.437117	121.373882	0.006063	4.8
1460	0.000000	121.327223	0.000000	4.5
1461	-0.928908	121.280613	0.009127	4.8
1462	-0.388841	121.234050	0.007311	4.8
1463	0.000000	121.187535	0.000000	5.8
1464	-1.161813	121.141067	0.023782	4.4
1465	-0.070901	121.094647	0.002114	4.1
1466	-0.329191	121.048274	0.004016	4.0
1467	-0.927963	121.001949	0.005928	4.4
1468	-0.808725	120.955671	0.010241	4.8
1469	-0.863094	120.909440	0.012967	5.5
1470	-0.722509	120.863256	0.007121	5.3
1471	-0.801121	120.817119	0.008243	5.2
1472	-0.700168	120.771029	0.009805	4.5
1473	-0.968242	120.724986	0.005276	5.3
1474	-1.136367	120.678990	0.015196	5.0
1475	-1.167706	120.633040	0.010371	5.1
1476	-1.072459	120.587137	0.008731	5.6
1477	-1.142973	120.541281	0.010995	4.5
1478	-0.371957	120.495471	0.005716	5.1
1479	-0.032475	120.449707	0.000320	5.2
1480	-0.783896	120.403990	0.005225	4.3
1481	-0.738805	120.358319	0.013009	5.1
1482	-0.924578	120.312694	0.010737	4.8
1483	-0.304768	120.267115	0.001189	5.0
1484	-0.785824	120.221582	0.010926	4.6
1485	-0.971922	120.176096	0.010579	4.3
1486	-0.418249	120.130655	0.005987	5.2
1487	-0.807239	120.085260	0.011512	4.8
1488	-1.165500	120.039910	0.020326	4.8
1489	-0.008448	119.994606	0.000448	5.3
1490	-0.790352	119.949348	0.006158	5.0
1491	-1.086607	119.904135	0.004642	5.0
1492	-1.057252	119.858968	0.007460	5.2
1493	-0.952895	119.813846	0.016490	4.9
1494	-0.607836	119.768769	0.008709	4.4
1495	-0.779828	119.723738	0.006796	4.5
1496	-0.178429	119.678752	0.004958	4.3
1497	-0.004104	119.633810	0.000855	4.6
1498	-0.021936	119.588914	0.000486	4.5
1499	-0.454624	119.544062	0.008806	4.6
1500	-0.316662	119.499256	0.002462	4.7
1501	-1.124147	119.454494	0.043013	4.5
1502	-1.002056	119.409777	0.015448	4.5
1503	-0.426798	119.365104	0.003726	4.0
1504	-0.563325	119.320476	0.005990	4.4
1505	0.000000	119.275893	0.000000	4.0
1506	-0.000000	119.231353	0.000000	4.5
1507	-0.514884	119.186859	0.002227	4.3
1508	-0.000000	119.142408	0.000000	4.0
1509	-0.680563	119.098002	0.008398	4.7
1510	-1.220067	119.053639	0.007999	5.2
1511	-0.000000	119.009321	0.000000	4.0
1512	-0.664045	118.965047	0.008229	4.1
1513	-0.912182	118.920816	0.016292	5.1
1514	-0.000000	118.876630	0.000000	4.3
1515	-0.000000	118.832487	0.000000	4.0
1516	-0.008396	118.788388	0.000694	4.2
1517	-1.198675	118.744332	0.012755	4.7
1518	-0.583067	118.700320	0.009303	4.0
1519	-0.000000	118.656352	0.000000	4.0
1520	-0.486679	118.612427	0.003137	5.1
1521	-0.742917	118.568545	0.010470	4.3
1522	-1.157718	118.524706	0.017560	4.0
1523	-0.659829	118.480911	0.004130	4.0
1524	-0.000000	118.437159	0.000000	4.2
1525	-0.000000	118.393450	0.000000	4.0
1526	-0.575127	118.349784	0.005167	4.0
1527	-0.801181	118.306160	0.007043	4.6
1528	-0.486358	118.262580	0.011383	4.2
1529	-0.955102	118.219042	0.006864	4.0
1530	-1.090844	118.175548	0.012462	4.1
1531	-1.114020	118.132095	0.020097	4.6
1532	-0.000000	118.088686	0.000000	4.2
1533	-0.032962	118.045319	0.001362	3.8
1534	-0.598806	118.001994	0.005039	4.8
1535	-1.020763	117.958712	0.007027	4.2
1536	-0.649462	117.915472	0.007905	4.0
1537	-0.791585	117.872274	0.006648	4.2
1538	-0.000000	117.829118	0.000000	4.6
1539	-0.000000	117.786005	0.000000	4.0
1540	-0.981577	117.742933	0.004738	4.0
1541	-0.000000	117.699904	0.000000	4.2
1542	-0.000006	117.656916	0.000002	4.5
1543	-0.789331	117.613971	0.017195	4.0
1544	-0.683897	117.571067	0.006244	4.2
1545	-0.708729	117.528205	0.006301	5.2
1546	-0.211162	117.485384	0.003996	4.4
1547	-0.661707	117.442605	0.006514	4.4
1548	-0.030770	117.399867	0.001609	4.0
1549	0.000000	117.357171	0.000000	4.6
1550	-0.972840	117.314517	0.008081	4.0
1551	-1.204132	117.271903	0.007075	4.4
1552	-1.131875	117.229331	0.011427	4.4
1553	-0.053306	117.186800	0.000459	4.1
1554	-0.000039	117.144311	0.000007	4.4
1555	-1.017747	117.101862	0.008596	4.0
1556	-0.759301	117.059454	0.010160	4.4
1557	-0.600999	117.017087	0.006522	4.1
1558	-0.680194	116.974762	0.010861	4.4
1559	-0.938107	116.932476	0.013233	4.0
1560	-0.544650	116.890232	0.002108	4.6
1561	-1.038634	116.848028	0.009100	4.3
1562	-1.096145	116.805865	0.010946	4.0
1563	-0.552729	116.763743	0.008762	4.2
1564	-1.073282	116.721661	0.007165	4.3
1565	-0.924852	116.679619	0.005127	4.1
1566	-0.000020	116.637618	0.000002	3.9
1567	-0.961215	116.595657	0.007735	4.6
1568	-0.875926	116.553736	0.007801	5.3
1569	-1.083537	116.511855	0.007695	4.3
1570	-1.190823	116.470015	0.010636	4.4
1571	-0.000000	116.428214	0.000000	4.8
1572	-1.062298	116.386454	0.018676	4.8
1573	-0.078913	116.344733	0.000676	4.1
1574	-1.022765	116.303052	0.005866	5.1
1575	-0.183117	116.261412	0.003542	4.0
1576	-0.000000	116.219810	0.000000	4.0
1577	-0.216644	116.178249	0.004593	5.2
1578	-1.282338	116.136727	0.013028	4.8
1579	-0.125368	116.095245	0.003458	4.4
1580	-0.751894	116.053802	0.007871	4.7
1581	-1.097126	116.012398	0.013929	4.1
1582	-1.113641	115.971034	0.009153	4.0
1583	-0.705822	115.929710	0.010435	4.4
1584	-1.044400	115.888424	0.015161	4.6
1585	-0.721012	115.847178	0.016330	4.3
1586	-0.226709	115.805970	0.005988	4.5
1587	-0.773000	115.764802	0.009340	4.9
1588	-0.472600	115.723673	0.005645	4.0
1589	-0.738002	115.682583	0.009470	4.2
1590	-0.859214	115.641532	0.005221	4.3
1591	-0.001576	115.600519	0.000278	4.2
1592	-0.715818	115.559546	0.001833	4.0
1593	-0.000000	115.518610	0.000000	4.6
1594	-0.666979	115.477714	0.009805	4.4
1595	-0.675241	115.436856	0.009325	4.2
1596	-0.000000	115.396037	0.000000	4.3
1597	-0.963985	115.355256	0.010933	4.0
1598	-0.043139	115.314514	0.001687	4.6
1599	-0.069135	115.273810	0.003294	4.1
1600	-0.994498	115.233144	0.011343	4.3
1601	-0.554985	115.192517	0.008221	4.3
1602	-0.839747	115.151927	0.006328	4.2
1603	-0.521175	115.111376	0.005802	4.2
1604	-0.723540	115.070863	0.010531	4.1
1605	-0.662710	115.030388	0.010862	4.4
1606	-0.705046	114.989951	0.009895	4.6
1607	-0.000004	114.949551	0.000002	4.0
1608	-0.001036	114.909190	0.000238	4.0
1609	-0.678216	114.868866	0.004181	6.6
1610	-0.000000	114.828580	0.000000	4.9
1611	-0.527026	114.788332	0.007755	4.4
1612	-0.042239	114.748121	0.003062	4.9
1613	-0.236171	114.707948	0.003615	4.8
1614	-0.000690	114.667812	0.000081	4.4
1615	-0.729565	114.627714	0.026827	5.1
1616	-0.864746	114.587653	0.011788	5.1
1617	-0.770110	114.547629	0.007993	4.7
1618	-0.920034	114.507643	0.007660	5.1
1619	-0.719628	114.467693	0.007556	4.4
1620	-0.425786	114.427781	0.005008	5.0
1621	-0.558686	114.387907	0.008539	5.0
1622	-1.117163	114.348069	0.014239	4.9
1623	-0.741689	114.308268	0.004504	4.9
1624	-1.116071	114.268504	0.010535	4.4
1625	-0.689589	114.228777	0.007972	4.4
1626	-0.774118	114.189086	0.012372	4.7
1627	-0.300049	114.149433	0.002649	4.9
1628	-0.000000	114.109816	0.000000	4.8
1629	-0.002131	114.070235	0.000272	4.2
1630	-0.521653	114.030692	0.014439	5.0
1631	-0.993365	113.991185	0.007900	5.2
1632	-1.050653	113.951714	0.013668	4.7
1633	-1.065035	113.912280	0.006381	5.0
1634	-0.000000	113.872882	0.000000	4.5
1635	-0.992591	113.833521	0.011316	4.4
1636	-0.884436	113.794195	0.006255	5.9
1637	-0.000000	113.754906	0.000000	4.2
1638	-0.615613	113.715653	0.006746	5.3
1639	-1.069617	113.676437	0.004987	4.7
1640	-0.000000	113.637256	0.000000	4.9
1641	-0.000148	113.598111	0.000015	7.4
1642	-0.000000	113.559002	0.000000	5.7
1643	-1.269230	113.519929	0.032849	4.5
1644	-0.462928	113.480892	0.005846	4.1
1645	0.000000	113.441891	0.000000	4.0
1646	-1.006048	113.402925	0.011131	4.2
1647	-0.767418	113.363995	0.008436	4.5
1648	-1.058726	113.325101	0.009112	4.0
1649	-0.714398	113.286242	0.006932	4.0
1650	-0.000000	113.247419	0.000000	4.7
1651	-0.192439	113.208631	0.003223	4.3
1652	-0.744646	113.169879	0.006122	4.0
1653	-0.002871	113.131162	0.000355	4.1
1654	-0.222594	113.092480	0.003844	4.5
1655	-0.000000	113.053833	0.000000	4.1
1656	-0.728250	113.015222	0.003832	4.0
1657	-1.019422	112.976646	0.007341	4.9
1658	-1.055540	112.938105	0.009798	4.0
1659	-0.643425	112.899599	0.010574	4.0
1660	-0.320482	112.861128	0.006187	4.3
1661	-1.025769	112.822692	0.012668	5.7
1662	-0.719734	112.784291	0.007732	4.7
1663	-0.000000	112.745924	0.000000	4.5
1664	-0.787434	112.707593	0.006095	5.2
1665	-0.076721	112.669296	0.002093	4.6
1666	-0.740517	112.631034	0.009886	5.6
1667	-0.000000	112.592806	0.000000	5.0
1668	0.000000	112.554613	0.000000	4.2
1669	-0.996597	112.516455	0.008351	4.9
1670	-0.686225	112.478331	0.006977	5.0
1671	-0.000002	112.440241	0.000000	4.9
1672	-0.591769	112.402186	0.010534	4.7
1673	-0.000003	112.364165	0.000001	4.9
1674	-0.000138	112.326179	0.000020	4.3
1675	-0.660251	112.288227	0.010925	5.2
1676	-0.876405	112.250309	0.006737	4.5
1677	-1.089857	112.212425	0.008663	4.5
1678	-0.745890	112.174575	0.012755	5.0
1679	-0.000014	112.136759	0.000001	5.1
1680	-0.742821	112.098977	0.004963	5.1
1681	-0.051702	112.061229	0.002154	4.4
1682	-1.205665	112.023515	0.011796	4.9
1683	-1.011506	111.985834	0.007812	5.0
1684	-0.751655	111.948188	0.008588	5.4
1685	-0.698923	111.910575	0.006445	5.0
1686	-0.000000	111.872996	0.000000	4.7
1687	-0.028732	111.835450	0.001707	4.7
1688	-0.474853	111.797939	0.005423	4.9
1689	-0.000000	111.760460	0.000000	4.1
1690	-1.196771	111.723015	0.026811	5.5
1691	-0.000000	111.685604	0.000000	4.4
1692	-0.294619	111.648226	0.005235	4.3
1693	-1.096170	111.610881	0.003369	4.8
1694	-0.000000	111.573570	0.000000	4.7
1695	-1.092784	111.536292	0.010410	4.3
1696	-0.000000	111.499047	0.000000	3.9
1697	-0.000000	111.461835	0.000000	4.4
1698	-0.000000	111.424656	0.000000	4.0
1699	-0.000000	111.387510	0.000000	4.0
1700	-0.000000	111.350398	0.000000	7.1
1701	-0.912251	111.313318	0.007558	4.1
1702	-0.307254	111.276271	0.006847	4.1
1703	-0.002648	111.239257	0.000379	4.3
1704	-0.527540	111.202276	0.003432	4.2
1705	-0.920815	111.165328	0.011699	4.0
1706	-0.735371	111.128412	0.004959	4.4
1707	-1.016920	111.091529	0.009752	4.5
1708	-0.082963	111.054679	0.001874	3.9
1709	-0.000000	111.017861	0.000000	4.4
1710	-0.317725	110.981076	0.005367	4.5
1711	-0.144739	110.944323	0.003152	4.7
1712	-1.013786	110.907603	0.011075	5.0
1713	-0.000000	110.870915	0.000000	4.7
1714	-1.075067	110.834259	0.014574	5.3
1715	-0.396597	110.797636	0.004179	4.8
1716	-0.879696	110.761045	0.005308	4.1
1717	-0.066777	110.724486	0.001973	5.1
1718	-1.014246	110.687959	0.014529	4.5
1719	-0.644269	110.651465	0.005453	4.6
1720	-0.926639	110.615002	0.014459	4.9
1721	-0.563332	110.578572	0.010163	4.5
1722	-0.000000	110.542173	0.000000	4.9
1723	-0.789105	110.505807	0.005675	5.0
1724	-0.007663	110.469472	0.000929	4.3
1725	-0.911433	110.433169	0.026916	4.9
1726	-0.790449	110.396898	0.009475	4.1
1727	-0.000000	110.360659	0.000000	4.9
1728	-0.000000	110.324451	0.000000	4.9
1729	-0.906855	110.288276	0.005209	4.4
1730	-0.770732	110.252131	0.017112	4.8
1731	-0.697559	110.216019	0.007421	4.8
1732	-0.779542	110.179937	0.005299	4.5
1733	-0.954089	110.143888	0.014237	5.4
1734	-0.420513	110.107869	0.005042	4.7
1735	-1.075642	110.071882	0.011217	4.2
1736	-0.733541	110.035927	0.006662	4.2
1737	-0.630667	110.000003	0.008165	4.5
1738	-0.970730	109.964110	0.008266	4.5
1739	-0.985613	109.928248	0.014418	5.3
1740	-0.668633	109.892417	0.006121	4.4
1741	-0.731525	109.856618	0.007632	4.1
1742	-0.638376	109.820850	0.004070	4.8
1743	-0.000000	109.785112	0.000000	4.2
1744	-0.668038	109.749406	0.011536	4.0
1745	-1.015748	109.713730	0.007828	4.3
1746	-0.874997	109.678086	0.011158	4.4
1747	-0.452248	109.642472	0.003486	4.0
1748	-0.830611	109.606890	0.004020	4.1
1749	-0.000000	109.571337	0.000000	4.3
1750	-0.672217	109.535816	0.005003	4.6
1751	-0.680696	109.500326	0.010377	4.0
1752	-0.588238	109.464866	0.010712	4.3
1753	-1.006513	109.429436	0.014292	4.6
1754	-0.118134	109.394038	0.004881	4.2
1755	-0.950654	109.358669	0.006160	5.0
1756	-0.030662	109.323331	0.001580	4.0
1757	-0.324387	109.288024	0.005279	4.4
1758	-1.046819	109.252747	0.005374	4.0
1759	-0.909850	109.217501	0.007907	4.1
1760	-0.000000	109.182284	0.000000	4.2
1761	-0.778554	109.147098	0.005796	4.3
1762	-1.013825	109.111942	0.019512	4.5
1763	-1.081463	109.076817	0.015994	4.1
1764	-0.502564	109.041721	0.004137	4.5
1765	-0.000000	109.006656	0.000000	4.5
1766	-1.225574	108.971620	0.007602	4.8
1767	-0.700372	108.936615	0.007519	4.4
1768	-0.558883	108.901640	0.007709	4.2
1769	-0.000136	108.866694	0.000050	4.3
1770	-0.451569	108.831779	0.005150	3.9
1771	-0.946200	108.796893	0.013719	4.5
1772	-0.000000	108.762037	0.000000	4.5
1773	-1.006514	108.727211	0.013484	4.0
1774	-0.848859	108.692415	0.010543	4.1
1775	-0.000000	108.657648	0.000000	4.6
1776	-0.994442	108.622911	0.008646	4.2
1777	-0.019077	108.588203	0.000373	4.0
1778	-0.931752	108.553525	0.012482	4.1
1779	-0.000000	108.518877	0.000000	5.3
1780	-0.136654	108.484258	0.003056	4.5
1781	-0.727382	108.449668	0.009056	4.4
1782	-1.021782	108.415108	0.007300	5.1
1783	-0.627352	108.380578	0.007416	4.5
1784	-0.841473	108.346076	0.004273	4.8
1785	-0.994030	108.311604	0.004515	5.6
1786	-0.110869	108.277161	0.003012	4.6
1787	-0.931135	108.242747	0.009824	4.8
1788	-0.408326	108.208363	0.004365	5.4
1789	-0.710009	108.174007	0.005980	4.9
1790	-1.125411	108.139681	0.005429	4.6
1791	-0.484719	108.105383	0.006046	5.2
1792	-1.069251	108.071115	0.007306	5.0
1793	-1.073535	108.036875	0.013245	4.8
1794	-0.675888	108.002665	0.015533	4.2
1795	-0.120323	107.968483	0.002847	5.1
1796	-0.563877	107.934330	0.006897	4.5
1797	-1.007508	107.900206	0.008315	5.2
1798	-0.871784	107.866111	0.020490	5.2
1799	-0.868612	107.832044	0.004439	4.6
1800	-0.706190	107.798007	0.009729	4.4
1801	-0.919199	107.763997	0.015364	4.8
1802	0.000000	107.730017	0.000000	4.9
1803	-0.781833	107.696065	0.015837	5.0
1804	-0.792977	107.662141	0.005983	4.5
1805	-0.672557	107.628246	0.005519	5.1
1806	-0.833265	107.594379	0.008878	4.6
1807	-1.042018	107.560541	0.009196	4.2
1808	-0.710940	107.526731	0.008361	4.7
1809	-0.394880	107.492949	0.005052	5.4
1810	-0.000000	107.459196	0.000000	4.8
1811	-0.668446	107.425471	0.008186	4.8
1812	-0.118503	107.391774	0.003137	4.5
1813	-0.000961	107.358106	0.000129	4.0
1814	-0.464471	107.324465	0.006403	4.2
1815	-0.014230	107.290853	0.001355	4.2
1816	-0.915991	107.257268	0.010996	4.5
1817	-1.220963	107.223712	0.007074	4.0
1818	-1.034059	107.190184	0.006185	4.6
1819	-0.574658	107.156683	0.007895	4.3
1820	-1.283147	107.123211	0.008266	4.2
1821	-0.000000	107.089766	0.000000	4.3
1822	-0.000000	107.056349	0.000000	4.7
1823	-1.024201	107.022960	0.014954	4.0
1824	-0.360534	106.989599	0.003865	3.9
1825	-0.205039	106.956265	0.003035	4.1
1826	-0.671436	106.922960	0.011424	4.8
1827	-0.503789	106.889681	0.006207	4.0
1828	-0.025560	106.856431	0.001635	3.9
1829	-0.172339	106.823208	0.001852	4.5
1830	-0.937448	106.790012	0.008067	4.1
1831	-1.149111	106.756844	0.013569	4.2
1832	0.000000	106.723703	0.000000	4.0
1833	-0.000444	106.690590	0.000015	4.7
1834	-0.016047	106.657505	0.001236	4.0
1835	-1.031145	106.624446	0.007911	4.1
1836	-0.018918	106.591415	0.001342	5.0
1837	-0.924388	106.558411	0.018006	4.3
1838	-0.680996	106.525435	0.007424	4.4
1839	-0.822043	106.492485	0.012281	4.4
1840	-0.561780	106.459563	0.008002	4.8
1841	-0.053378	106.426668	0.001120	4.5
1842	-0.746553	106.393800	0.009531	5.7
1843	-1.115373	106.360959	0.011083	5.1
1844	-1.003210	106.328145	0.007181	4.9
1845	-0.000000	106.295358	0.000000	4.4
1846	-0.749681	106.262598	0.008921	4.9
1847	-0.127052	106.229865	0.005108	4.6
1848	-0.418200	106.197158	0.006066	4.6
1849	-0.388189	106.164479	0.006926	5.3
1850	-0.884578	106.131826	0.016334	5.1
1851	-0.542738	106.099201	0.006474	6.6
1852	-0.107581	106.066602	0.002604	6.4
1853	-0.039724	106.034029	0.002071	5.4
1854	-0.979137	106.001483	0.009207	4.6
1855	-0.000000	105.968964	0.000000	5.3
1856	-1.133759	105.936472	0.013726	5.0
1857	-0.166729	105.904006	0.004239	4.1
1858	-0.944637	105.871566	0.004598	4.7
1859	-0.000000	105.839153	0.000000	4.5
1860	-0.895725	105.806767	0.009414	4.8
1861	-0.000732	105.774407	0.000055	4.3
1862	-0.782828	105.742073	0.004956	4.6
1863	-0.847184	105.709766	0.013558	4.4
1864	-0.939828	105.677485	0.005946	4.8
1865	-0.891991	105.645230	0.006707	5.0
1866	-0.008105	105.613001	0.000494	4.7
1867	-0.000000	105.580799	0.000000	4.7
1868	-0.379369	105.548623	0.005551	5.8
1869	-0.642480	105.516473	0.002446	5.0
1870	-0.647980	105.484349	0.006394	4.5
1871	-0.156040	105.452251	0.002352	5.5
1872	-0.896473	105.420179	0.010325	4.4
1873	-0.000016	105.388133	0.000007	4.5
1874	-0.000149	105.356113	0.000024	5.2
1875	-1.017915	105.324119	0.005969	5.3
1876	-0.000000	105.292151	0.000000	4.2
1877	-1.083580	105.260209	0.012398	5.8
1878	-0.000000	105.228293	0.000000	4.3
1879	-0.592990	105.196402	0.011947	4.2
1880	-0.000001	105.164537	0.000000	4.6
1881	-0.656465	105.132698	0.004737	4.4
1882	-0.032371	105.100885	0.000789	4.1
1883	-0.880930	105.069097	0.011775	4.5
1884	-0.000000	105.037335	0.000000	4.8
1885	-0.523434	105.005598	0.004739	4.5
1886	-0.000000	104.973887	0.000000	4.1
1887	-0.621252	104.942202	0.006391	5.1
1888	-0.000140	104.910542	0.000021	4.4
1889	-1.093585	104.878907	0.007379	4.0
1890	-0.869530	104.847298	0.006854	4.5
1891	-1.112903	104.815715	0.016536	4.0
1892	-0.000000	104.784156	0.000000	4.1
1893	-0.953146	104.752623	0.007652	4.0
1894	-0.000000	104.721116	0.000000	4.4
1895	-1.070527	104.689633	0.012002	4.2
1896	-0.004084	104.658176	0.000219	4.2
1897	-0.634389	104.626744	0.005987	4.2
1898	-0.000000	104.595337	0.000000	4.2
1899	-0.651420	104.563955	0.007829	4.5
1900	-0.000000	104.532599	0.000000	4.0
1901	-0.517043	104.501267	0.004468	4.5
1902	-1.203264	104.469960	0.023556	4.0
1903	-0.922025	104.438679	0.010913	4.6
1904	-0.773522	104.407422	0.004084	4.3
1905	-0.612995	104.376191	0.006844	4.1
1906	0.000000	104.344984	0.000000	4.2
1907	-1.208284	104.313802	0.008473	4.2
1908	-0.861489	104.282645	0.004665	4.4
1909	-0.896064	104.251513	0.005767	3.9
1910	-0.385690	104.220405	0.003384	4.5
1911	-0.647173	104.189323	0.005408	4.5
1912	-0.000000	104.158265	0.000000	3.7
1913	-1.030517	104.127231	0.007607	4.0
1914	-0.000000	104.096222	0.000000	4.7
1915	-1.162806	104.065238	0.008372	4.5
1916	-0.424976	104.034279	0.004412	4.2
1917	-0.907812	104.003344	0.004500	4.3
1918	-0.510737	103.972433	0.006620	4.4
1919	-0.112514	103.941547	0.001916	4.0
1920	-0.702752	103.910686	0.008181	4.0
1921	-1.037244	103.879849	0.009748	4.5
1922	-0.972541	103.849036	0.015131	4.4
1923	-0.000000	103.818248	0.000000	3.9
1924	-0.445979	103.787484	0.008920	4.0
1925	-0.073940	103.756744	0.002758	5.0
1926	-0.000000	103.726029	0.000000	4.1
1927	-0.827198	103.695338	0.006595	4.0
1928	-1.102369	103.664671	0.004613	4.3
1929	-1.003367	103.634028	0.009279	4.4
1930	-0.000000	103.603409	0.000000	4.0
1931	-1.023280	103.572814	0.013438	4.3
1932	-0.757436	103.542244	0.007176	5.0
1933	-0.000000	103.511698	0.000000	4.0
1934	-1.089460	103.481175	0.014182	4.0
1935	-0.000000	103.450677	0.000000	4.6
1936	-0.021564	103.420202	0.000702	4.6
1937	-0.973697	103.389752	0.012528	4.8
1938	-0.000013	103.359325	0.000002	5.2
1939	-0.000000	103.328922	0.000000	5.1
1940	-0.617151	103.298543	0.007480	4.4
1941	-0.633062	103.268188	0.005797	4.5
1942	-0.554581	103.237857	0.011872	4.8
1943	-0.000000	103.207549	0.000000	4.2
1944	0.000000	103.177265	0.000000	4.6
1945	-0.443356	103.147005	0.005181	4.8
1946	-0.155957	103.116768	0.003805	4.8
1947	-0.774003	103.086556	0.002292	4.4
1948	-0.572569	103.056366	0.002793	4.5
1949	-0.552133	103.026200	0.004109	4.5
1950	-0.000000	102.996058	0.000000	3.9
1951	-0.070193	102.965939	0.001261	4.9
1952	-1.155314	102.935844	0.006264	5.3
1953	-0.000000	102.905772	0.000000	4.6
1954	-0.788778	102.875724	0.011370	4.8
1955	-0.878025	102.845699	0.012106	4.7
1956	-0.427818	102.815697	0.007895	4.5
1957	-0.691025	102.785719	0.005007	4.7
1958	-0.300583	102.755764	0.005685	4.4
1959	-0.788826	102.725832	0.009662	5.1
1960	-0.689637	102.695924	0.006337	4.8
1961	-0.920599	102.666038	0.004069	4.1
1962	-1.079981	102.636176	0.017922	4.7
1963	-1.041486	102.606337	0.005097	5.1
1964	-0.213952	102.576521	0.004126	4.5
1965	-0.522274	102.546728	0.005146	5.2
1966	-0.646680	102.516959	0.005114	5.3
1967	-1.106811	102.487212	0.014924	5.1
1968	-1.003446	102.457488	0.007162	4.8
1969	-1.016802	102.427788	0.013952	4.7
1970	-0.732835	102.398110	0.008361	4.0
1971	-1.037400	102.368455	0.007565	4.0
1972	-0.728188	102.338823	0.002642	4.4
1973	-1.177815	102.309214	0.016275	4.8
1974	-0.184840	102.279628	0.004046	4.0
1975	-0.000000	102.250064	0.000000	4.4
1976	-0.693993	102.220524	0.006686	4.7
1977	-0.502216	102.191006	0.005570	4.3
1978	-0.429448	102.161511	0.005819	4.5
1979	-1.063141	102.132038	0.006048	5.0
1980	-1.241322	102.102588	0.010946	4.0
1981	-0.000000	102.073161	0.000000	4.0
1982	-0.000000	102.043757	0.000000	4.9
1983	-0.860767	102.014375	0.024917	4.4
1984	-1.029465	101.985015	0.009831	4.1
1985	-0.988682	101.955678	0.011375	5.2
1986	-0.000000	101.926364	0.000000	4.4
1987	-1.090331	101.897072	0.010071	4.0
1988	-1.066202	101.867802	0.012499	4.3
1989	-0.335302	101.838555	0.005977	4.5
1990	-0.934932	101.809330	0.009628	4.3
1991	-0.721316	101.780128	0.008043	4.2
1992	-0.000000	101.750948	0.000000	6.3
1993	-1.016356	101.721790	0.009758	4.6
1994	-1.224386	101.692654	0.019156	4.1
1995	-0.754102	101.663541	0.006990	4.3
1996	-0.439351	101.634450	0.003708	4.5
1997	-0.709878	101.605381	0.004128	4.1
1998	-0.006251	101.576335	0.000485	4.3
1999	-0.311830	101.547310	0.005964	4.0
