1:ItNr	2:Metric	3:StepSize	4:||Gradient||	Time[ms]
0	-0.000000	627.201626	0.000000	687.6
1	-0.941767	623.504937	0.007336	27.2
2	-0.783009	619.865785	0.006170	26.3
3	-0.324453	616.282728	0.004850	26.8
4	-0.375325	612.754375	0.005800	27.4
5	-0.000000	609.279381	0.000000	27.5
6	-0.000000	605.856447	0.000000	27.9
7	-0.696874	602.484317	0.004601	28.4
8	-0.558259	599.161779	0.008217	28.8
9	-0.000197	595.887656	0.000016	26.2
10	-0.790483	592.660813	0.011337	29.0
11	-0.000000	589.480151	0.000000	28.7
12	-0.419176	586.344606	0.007134	28.5
13	-0.000000	583.253145	0.000000	27.6
14	-0.604549	580.204771	0.006529	28.1
15	-0.269298	577.198517	0.004827	30.2
16	-0.332730	574.233444	0.003665	28.9
17	-0.433486	571.308645	0.005432	27.6
18	-0.001233	568.423237	0.000040	29.7
19	-0.608181	565.576365	0.007139	31.3
20	-0.000004	562.767201	0.000003	29.2
21	-0.797960	559.994938	0.006452	27.8
22	-0.746915	557.258797	0.005906	28.0
23	-0.828919	554.558018	0.006790	28.4
24	-0.648296	551.891865	0.005366	30.0
25	-0.788585	549.259621	0.008817	29.6
26	-0.520318	546.660592	0.006060	27.6
27	-0.000000	544.094102	0.000000	30.3
28	-0.427641	541.559494	0.006647	30.4
29	-0.144209	539.056129	0.001781	28.5
30	-0.237288	536.583387	0.006211	26.6
31	-0.591648	534.140663	0.006406	28.2
32	-0.029073	531.727370	0.001543	28.5
33	-0.051890	529.342935	0.001439	28.6
34	-0.488451	526.986802	0.005739	28.6
35	-0.734752	524.658430	0.005802	28.5
36	-0.003974	522.357290	0.000149	29.8
37	-0.497695	520.082868	0.005845	29.1
38	-0.401480	517.834665	0.006476	29.4
39	-1.025227	515.612193	0.013754	29.6
40	-0.884164	513.414976	0.008473	29.0
41	-0.412732	511.242551	0.007139	28.0
42	-0.404030	509.094468	0.004766	27.8
43	-0.000368	506.970285	0.000019	27.9
44	-0.692689	504.869574	0.006533	27.9
45	-0.662678	502.791916	0.006302	27.2
46	-0.714835	500.736903	0.006074	28.1
47	-0.000000	498.704137	0.000000	28.5
48	-0.539874	496.693228	0.006985	26.1
49	-0.512597	494.703798	0.004807	27.6
50	-0.000000	492.735476	0.000000	28.2
51	-0.000218	490.787900	0.000106	27.3
52	-0.078782	488.860718	0.001702	28.1
53	-0.412616	486.953585	0.005045	29.2
54	-0.700712	485.066164	0.008406	29.8
55	-0.661901	483.198126	0.005930	29.2
56	-0.000000	481.349149	0.000000	27.8
57	-0.000000	479.518920	0.000000	27.4
58	-0.000000	477.707132	0.000000	27.5
59	-0.316529	475.913485	0.004441	28.1
60	-0.000000	474.137684	0.000000	27.1
61	-0.000000	472.379445	0.000001	29.9
62	-0.402687	470.638485	0.005565	27.3
63	-0.000000	468.914531	0.000000	28.2
64	-0.539924	467.207315	0.004598	27.5
65	-0.849666	465.516573	0.007947	27.3
66	-0.691281	463.842050	0.005833	29.3
67	-0.696762	462.183494	0.011253	29.0
68	-0.826693	460.540658	0.007055	29.1
69	-0.009007	458.913303	0.000130	27.1
70	-0.536703	457.301192	0.003596	28.6
71	-0.620471	455.704096	0.005673	29.2
72	-0.802669	454.121787	0.009778	27.7
73	-0.156814	452.554045	0.002216	27.8
74	-0.648858	451.000653	0.006045	27.6
75	-0.538874	449.461399	0.006293	27.7
76	-0.166676	447.936075	0.002205	25.4
77	-0.000000	446.424477	0.000000	28.9
78	-0.107863	444.926406	0.001619	27.9
79	-0.028123	443.441666	0.001046	28.3
80	-0.000000	441.970065	0.000000	28.5
81	-0.000000	440.511415	0.000000	27.8
82	-0.199315	439.065533	0.003063	26.7
83	-0.342377	437.632238	0.005070	28.1
84	-0.811515	436.211351	0.006639	30.3
85	-0.000000	434.802701	0.000000	28.1
86	-0.180268	433.406117	0.002102	27.9
87	-0.402815	432.021430	0.005480	29.4
88	-0.000000	430.648479	0.000000	28.8
89	-0.018929	429.287101	0.000854	29.2
90	-0.410285	427.937140	0.006025	27.4
91	-0.830608	426.598440	0.007564	30.1
92	-0.751743	425.270849	0.006690	29.2
93	-0.000000	423.954220	0.000000	26.8
94	-0.000000	422.648404	0.000000	27.7
95	-0.570201	421.353259	0.010040	27.0
96	-0.321481	420.068643	0.002666	28.3
97	-0.050657	418.794419	0.001063	27.6
98	-0.324144	417.530451	0.004015	28.1
99	-0.054547	416.276604	0.001713	27.9
100	-0.000001	415.032748	0.000001	26.1
101	-0.492228	413.798754	0.005819	29.8
102	-0.377084	412.574495	0.006965	29.6
103	-0.793637	411.359849	0.006142	29.3
104	-0.450709	410.154691	0.004647	28.1
105	-0.800071	408.958904	0.005660	29.0
106	-0.025576	407.772368	0.001909	28.6
107	-0.731973	406.594968	0.009225	28.8
108	-0.579437	405.426590	0.005237	28.8
109	-0.000000	404.267122	0.000000	27.1
110	-0.000000	403.116456	0.000000	29.2
111	-0.422373	401.974481	0.008081	28.8
112	-0.329651	400.841093	0.004174	27.1
113	-0.654682	399.716187	0.004670	28.1
114	-0.309144	398.599660	0.004230	27.0
115	-0.872703	397.491411	0.007834	27.9
116	-0.237605	396.391342	0.004318	27.8
117	-0.000000	395.299353	0.000000	27.4
118	-0.000000	394.215350	0.000000	28.4
119	-0.200831	393.139238	0.002836	27.1
120	-0.733129	392.070924	0.005116	27.8
121	-0.114266	391.010316	0.001988	26.4
122	-0.867523	389.957325	0.008373	28.7
123	-0.000000	388.911862	0.000000	29.0
124	-0.000000	387.873839	0.000000	30.4
125	-0.000000	386.843173	0.000000	27.9
126	-0.000000	385.819777	0.000000	28.8
127	-0.179316	384.803569	0.003906	28.6
128	-0.639514	383.794468	0.007702	29.3
129	-0.709750	382.792393	0.005764	27.5
130	-0.014597	381.797264	0.000943	28.1
131	-0.000000	380.809005	0.000000	29.4
132	-0.000000	379.827537	0.000000	29.2
133	-0.832648	378.852786	0.005935	28.3
134	-0.787637	377.884678	0.005700	27.5
135	-0.044003	376.923138	0.001790	28.2
136	-0.933683	375.968095	0.010551	27.2
137	-0.529003	375.019479	0.007595	28.1
138	-0.741917	374.077218	0.004758	27.7
139	-0.200349	373.141244	0.004301	29.3
140	-0.640401	372.211489	0.007055	26.6
141	-0.028374	371.287887	0.000612	30.0
142	-0.915126	370.370370	0.008543	29.4
143	-0.823512	369.458876	0.005528	29.4
144	-0.009489	368.553338	0.000341	28.5
145	-0.424151	367.653696	0.007117	28.9
146	-0.472343	366.759885	0.009199	28.6
147	-0.037729	365.871846	0.001112	27.4
148	-0.815145	364.989518	0.006973	28.0
149	-0.458428	364.112841	0.005581	28.7
150	-0.393643	363.241757	0.004747	28.0
151	-0.000000	362.376208	0.000000	27.8
152	-0.522393	361.516137	0.005245	28.4
153	-0.245633	360.661488	0.003607	27.1
154	-0.000000	359.812206	0.000000	27.9
155	-0.000017	358.968236	0.000001	26.8
156	-0.390014	358.129524	0.004802	28.8
157	-0.638593	357.296018	0.003985	26.1
158	-0.662310	356.467665	0.006118	28.3
159	-0.453169	355.644414	0.004432	27.3
160	-0.553815	354.826213	0.006015	28.0
161	-0.000000	354.013012	0.000000	28.5
162	-0.000082	353.204763	0.000020	27.9
163	-0.000000	352.401415	0.000000	27.3
164	-0.000000	351.602922	0.000000	30.6
165	-0.828249	350.809235	0.008985	29.3
166	-0.731281	350.020308	0.005407	29.7
167	-0.000000	349.236095	0.000000	29.1
168	-0.000000	348.456550	0.000000	29.3
169	-0.580237	347.681627	0.006318	26.8
170	-0.900687	346.911283	0.008934	29.9
171	-0.000000	346.145474	0.000000	27.4
172	-0.863320	345.384157	0.008361	27.8
173	-0.000000	344.627288	0.000000	28.1
174	-0.483028	343.874826	0.006477	28.2
175	-0.756811	343.126729	0.003964	27.3
176	-0.486255	342.382957	0.005562	27.7
177	-0.635246	341.643469	0.005000	28.2
178	-0.058018	340.908224	0.003507	27.5
179	-0.000000	340.177184	0.000000	28.2
180	-0.867003	339.450309	0.010088	29.2
181	-0.470675	338.727561	0.007302	27.5
182	-0.483558	338.008902	0.006981	28.0
183	-0.593493	337.294295	0.004906	28.5
184	-0.739238	336.583703	0.005730	28.4
185	-0.288427	335.877089	0.003414	27.0
186	-0.668564	335.174416	0.004650	28.6
187	-0.369616	334.475651	0.004360	27.8
188	-0.000000	333.780756	0.000000	28.2
189	-0.578877	333.089698	0.006491	26.1
190	-0.000000	332.402443	0.000000	29.9
191	-0.870858	331.718955	0.007744	28.9
192	-0.649128	331.039203	0.005738	27.5
193	-0.768917	330.363153	0.005416	28.9
194	-0.000000	329.690771	0.000000	29.2
195	-0.834302	329.022027	0.006958	29.0
196	-0.000000	328.356888	0.000000	26.9
197	-0.375864	327.695322	0.008288	28.4
198	-0.757895	327.037299	0.006861	27.3
199	-0.525753	326.382787	0.006095	27.3
200	-0.679456	325.731758	0.012892	28.9
201	-0.059220	325.084179	0.000913	28.9
202	-0.792745	324.440023	0.004633	32.2
203	-0.837241	323.799258	0.008472	27.3
204	-0.121910	323.161858	0.002951	28.5
205	-0.938565	322.527792	0.006758	28.1
206	-0.960139	321.897034	0.011465	27.8
207	-0.667808	321.269554	0.006584	29.3
208	-0.737963	320.645325	0.010387	27.4
209	-0.502404	320.024320	0.005541	32.0
210	-0.493229	319.406512	0.006416	28.2
211	-0.164115	318.791875	0.002027	31.1
212	-0.204228	318.180381	0.006192	29.4
213	-0.019268	317.572005	0.000211	28.2
214	-0.000000	316.966721	0.000000	28.4
215	-0.801565	316.364504	0.007276	28.7
216	-0.409757	315.765329	0.006952	27.1
217	-0.735088	315.169170	0.006304	28.7
218	-0.576618	314.576003	0.005931	28.0
219	-0.552620	313.985804	0.007581	26.7
220	-0.758494	313.398548	0.008119	29.9
221	-1.118932	312.814213	0.011026	30.1
222	-0.137329	312.232773	0.002463	29.7
223	-0.000340	311.654207	0.000019	27.2
224	-0.000000	311.078491	0.000000	29.6
225	-0.000000	310.505602	0.000000	29.2
226	-0.286459	309.935518	0.002784	27.8
227	-0.000000	309.368217	0.000000	25.9
228	-0.058811	308.803676	0.000981	28.8
229	-0.000000	308.241874	0.000000	27.7
230	-0.204697	307.682789	0.004269	28.1
231	-0.959138	307.126400	0.006535	27.7
232	-0.799421	306.572687	0.009986	28.5
233	-0.950575	306.021627	0.011232	28.5
234	-0.464737	305.473201	0.005912	29.1
235	-0.772019	304.927388	0.008860	29.1
236	-0.757040	304.384168	0.008549	31.2
237	-0.478605	303.843521	0.003401	28.9
238	-0.957664	303.305427	0.006834	30.6
239	-0.372113	302.769867	0.005863	26.7
240	-0.175165	302.236821	0.002692	28.0
241	-0.308445	301.706270	0.004376	27.6
242	-0.977671	301.178196	0.009359	26.6
243	-0.660230	300.652580	0.005155	28.3
244	-0.000000	300.129402	0.000000	26.5
245	-0.624103	299.608645	0.005301	27.9
246	-0.473572	299.090291	0.003791	28.2
247	-0.490846	298.574321	0.006654	30.3
248	-0.398490	298.060718	0.005333	28.5
249	-0.010120	297.549465	0.000108	27.9
250	-0.915590	297.040543	0.010732	29.3
251	-0.754071	296.533936	0.006611	28.6
252	-0.677192	296.029626	0.008476	29.0
253	-0.046878	295.527597	0.002207	26.5
254	-0.694413	295.027832	0.007812	28.9
255	-0.000000	294.530315	0.000000	28.1
256	-0.000000	294.035028	0.000000	27.3
257	-0.000000	293.541956	0.000000	30.3
258	-0.000000	293.051083	0.000000	30.1
259	-0.191435	292.562393	0.002588	30.7
260	-0.402693	292.075870	0.004892	29.1
261	-0.491903	291.591498	0.007448	29.0
262	-0.892152	291.109263	0.007438	28.1
263	-0.915657	290.629149	0.009710	29.9
264	-0.467856	290.151140	0.005137	31.4
265	-0.000484	289.675222	0.000147	31.7
266	-0.206538	289.201380	0.003842	29.2
267	-0.799017	288.729600	0.007507	31.0
268	-0.614094	288.259866	0.006402	29.3
269	-0.861748	287.792165	0.006155	30.2
270	-0.000000	287.326481	0.000000	28.1
271	-0.000000	286.862802	0.000000	26.9
272	-0.368117	286.401113	0.004961	28.5
273	-1.057391	285.941400	0.010622	29.6
274	-0.000000	285.483649	0.000000	30.0
275	-0.000000	285.027847	0.000000	28.1
276	-0.510213	284.573981	0.003307	27.8
277	-0.256858	284.122037	0.002801	28.8
278	-0.000000	283.672002	0.000000	28.4
279	-1.001832	283.223863	0.008510	26.6
280	-0.915886	282.777607	0.006401	28.9
281	-0.322058	282.333221	0.003142	28.0
282	-0.932474	281.890692	0.007928	28.2
283	-0.660449	281.450008	0.005949	28.3
284	-0.443407	281.011157	0.003430	29.4
285	-0.710599	280.574125	0.008340	28.4
286	-0.045558	280.138901	0.002154	27.9
287	-0.025832	279.705473	0.000889	26.8
288	-0.703519	279.273829	0.005825	28.1
289	-0.000000	278.843956	0.000000	25.7
290	-0.061918	278.415844	0.001330	28.1
291	-0.509220	277.989479	0.006633	26.4
292	-1.003328	277.564851	0.009925	27.5
293	-0.611244	277.141949	0.006241	27.7
294	-0.000000	276.720761	0.000000	26.9
295	-0.000000	276.301275	0.000000	27.2
296	-0.455991	275.883480	0.004963	27.2
297	-0.708803	275.467366	0.005370	28.0
298	-0.424935	275.052922	0.003994	27.8
299	-0.655528	274.640136	0.005138	28.1
300	-0.378693	274.228998	0.003044	30.0
301	-0.059748	273.819497	0.003484	28.7
302	-0.036041	273.411623	0.000944	28.2
303	-0.593692	273.005365	0.006985	28.7
304	-0.581755	272.600712	0.006572	27.9
305	-0.266057	272.197655	0.004194	27.3
306	-0.644830	271.796184	0.006652	29.1
307	-0.866366	271.396287	0.006114	28.2
308	-0.214757	270.997956	0.003075	28.9
309	-0.846415	270.601180	0.007312	27.4
310	-0.326996	270.205949	0.003303	28.0
311	-0.535008	269.812254	0.009183	30.9
312	-0.129887	269.420085	0.002513	27.1
313	-0.690291	269.029432	0.004761	27.6
314	-0.934460	268.640287	0.008284	26.4
315	-0.691676	268.252638	0.005967	28.7
316	-0.854655	267.866478	0.006188	27.5
317	-0.000000	267.481796	0.000000	28.4
318	-0.270746	267.098584	0.004142	27.5
319	-0.761867	266.716833	0.005013	27.7
320	-0.613929	266.336533	0.009273	27.7
321	-0.898947	265.957676	0.007846	27.7
322	-0.475703	265.580253	0.005995	26.9
323	-0.536855	265.204254	0.006164	28.2
324	-0.250912	264.829672	0.003165	29.2
325	-0.000000	264.456497	0.000000	29.4
326	-0.000000	264.084721	0.000000	29.0
327	-0.285511	263.714335	0.003779	29.7
328	-0.970467	263.345332	0.007911	30.3
329	-0.570310	262.977702	0.005352	29.9
330	-0.516048	262.611438	0.004375	27.5
331	-0.858715	262.246531	0.006736	29.8
332	-0.000000	261.882973	0.000000	28.0
333	-0.443341	261.520756	0.003158	29.4
334	-1.101169	261.159871	0.012395	29.9
335	-0.627969	260.800312	0.004412	27.9
336	-0.466704	260.442070	0.004444	29.4
337	-0.753026	260.085137	0.005819	27.9
338	-0.783451	259.729505	0.008520	29.1
339	-0.669050	259.375167	0.006359	27.3
340	-0.676518	259.022116	0.005958	28.4
341	-0.001861	258.670343	0.000046	29.0
342	-0.537196	258.319841	0.003266	26.6
343	-0.588967	257.970602	0.007996	28.4
344	-0.717127	257.622620	0.005652	27.8
345	-0.005546	257.275887	0.000102	27.1
346	-0.872438	256.930396	0.009583	29.0
347	-0.218497	256.586139	0.003529	30.8
348	-0.481026	256.243109	0.005993	30.6
349	-0.657102	255.901300	0.006151	29.6
350	-0.636971	255.560703	0.005254	28.2
351	-0.029482	255.221313	0.001008	28.2
352	-0.000000	254.883122	0.000000	28.0
353	-0.078086	254.546124	0.001649	29.1
354	-0.186301	254.210311	0.002580	28.4
355	-0.006859	253.875677	0.000310	29.2
356	-0.422701	253.542215	0.005375	30.3
357	-0.642808	253.209918	0.007662	29.2
358	-0.790397	252.878781	0.005421	29.2
359	-0.664533	252.548795	0.008270	29.2
360	-0.147678	252.219956	0.002609	28.9
361	-0.648558	251.892255	0.005698	29.0
362	-0.258016	251.565688	0.004099	28.4
363	-0.046585	251.240247	0.003124	28.5
364	-0.354061	250.915926	0.005193	29.9
365	-0.688277	250.592720	0.008649	28.5
366	-0.002398	250.270621	0.000231	26.9
367	-0.872328	249.949624	0.008168	29.0
368	-0.394421	249.629723	0.005281	28.4
369	-0.208267	249.310911	0.003771	27.7
370	-0.733266	248.993182	0.006736	27.5
371	-0.354012	248.676531	0.002920	27.3
372	-0.933525	248.360952	0.007311	27.7
373	-0.464693	248.046438	0.005107	27.9
374	-0.827725	247.732984	0.007234	27.3
375	-0.930941	247.420584	0.007548	29.0
376	-0.732260	247.109233	0.008249	28.1
377	-0.000000	246.798924	0.000000	28.5
378	-0.569527	246.489652	0.007819	29.6
379	-0.000000	246.181412	0.000000	28.1
380	-0.531972	245.874197	0.007396	28.2
381	-0.707655	245.568002	0.005126	27.3
382	-0.000000	245.262822	0.000000	28.5
383	-0.453489	244.958652	0.004086	26.2
384	-0.621453	244.655485	0.003557	28.5
385	-0.786076	244.353317	0.005662	29.3
386	-0.277664	244.052142	0.005186	28.4
387	-0.485402	243.751955	0.004358	27.1
388	-0.786115	243.452750	0.009140	32.3
389	-0.000000	243.154523	0.000000	28.1
390	-0.689102	242.857268	0.006612	29.0
391	-0.491322	242.560980	0.004600	29.0
392	-0.113198	242.265654	0.002846	29.4
393	-0.810987	241.971285	0.006577	29.4
394	-0.746936	241.677868	0.007860	26.5
395	-0.479624	241.385397	0.005303	28.1
396	-0.337622	241.093869	0.004264	26.2
397	-0.000000	240.803278	0.000000	28.4
398	-0.626242	240.513619	0.005854	27.0
399	-0.501916	240.224887	0.006077	28.3
400	-0.022008	239.937077	0.000986	27.2
401	-0.812861	239.650186	0.006325	28.2
402	-0.867325	239.364207	0.006235	28.7
403	-0.005929	239.079136	0.001631	28.4
404	-0.000000	238.794969	0.000000	27.1
405	-0.000000	238.511701	0.000000	32.1
406	-0.000000	238.229327	0.000000	27.3
407	-0.734010	237.947843	0.006764	29.4
408	-0.000000	237.667244	0.000000	26.8
409	-0.015636	237.387526	0.001610	28.0
410	-0.000000	237.108684	0.000000	29.3
411	-0.000000	236.830714	0.000000	27.8
412	-0.000000	236.553610	0.000000	27.7
413	-0.773808	236.277370	0.006267	28.9
414	-0.013622	236.001989	0.001195	28.4
415	-0.854341	235.727461	0.008534	26.9
416	-0.620304	235.453784	0.006064	29.4
417	-0.000000	235.180952	0.000000	30.5
418	-0.742242	234.908962	0.008367	29.5
419	-0.600588	234.637809	0.006560	29.2
420	-0.008592	234.367488	0.000000	28.8
421	-0.841502	234.097997	0.006461	31.2
422	-0.000000	233.829331	0.000000	28.2
423	-0.000000	233.561485	0.000000	28.5
424	-0.840418	233.294456	0.006920	28.3
425	-0.456170	233.028239	0.004540	26.2
426	-0.925285	232.762831	0.008864	28.4
427	-0.612639	232.498228	0.006451	27.3
428	-0.000000	232.234425	0.000000	28.0
429	-0.405546	231.971419	0.007544	28.4
430	-0.034344	231.709205	0.000975	25.3
431	-0.777589	231.447781	0.007607	27.9
432	-0.000000	231.187141	0.000000	27.8
433	-0.000000	230.927283	0.000000	28.6
434	-0.804033	230.668202	0.006569	26.7
435	-0.744483	230.409895	0.010154	29.4
436	-0.609430	230.152358	0.005650	29.3
437	-0.879139	229.895587	0.008161	28.3
438	-0.399722	229.639578	0.004790	28.6
439	-0.878493	229.384329	0.007215	28.3
440	-0.504269	229.129834	0.005630	27.3
441	-0.665083	228.876091	0.004729	27.5
442	-0.844553	228.623096	0.005302	26.4
443	-0.042982	228.370846	0.001759	28.4
444	-0.358573	228.119336	0.003790	26.8
445	-0.264247	227.868563	0.002963	28.5
446	-0.585516	227.618525	0.004950	26.9
447	-0.000159	227.369216	0.000013	27.7
448	-0.715745	227.120635	0.006435	28.5
449	-0.808124	226.872777	0.006887	28.2
450	-0.552336	226.625638	0.004886	26.8
451	-0.050354	226.379217	0.001083	28.4
452	-0.323020	226.133509	0.005516	29.0
453	-0.000000	225.888510	0.000000	30.1
454	-0.301532	225.644218	0.004424	27.5
455	-0.870461	225.400630	0.009058	29.6
456	-0.417087	225.157741	0.006522	28.6
457	-0.636897	224.915549	0.004095	28.2
458	-0.000000	224.674051	0.000000	30.0
459	-0.790328	224.433242	0.006541	28.2
460	-0.344505	224.193121	0.006192	28.5
461	-0.000000	223.953684	0.000000	28.3
462	-0.000000	223.714927	0.000000	26.4
463	-0.000000	223.476848	0.000000	28.2
464	-0.724444	223.239444	0.007089	26.8
465	-0.720140	223.002710	0.006416	26.8
466	-0.441514	222.766645	0.007170	29.0
467	-0.660077	222.531245	0.006182	27.3
468	-0.651006	222.296508	0.004611	27.4
469	-0.629432	222.062429	0.004794	28.1
470	-0.284310	221.829007	0.003810	27.5
471	-0.544531	221.596238	0.005734	27.1
472	-0.869751	221.364119	0.006303	29.4
473	-0.434070	221.132647	0.005747	29.1
474	-0.000000	220.901820	0.000000	29.0
475	-0.049156	220.671634	0.001669	26.8
476	-0.637147	220.442086	0.006387	28.8
477	-0.461283	220.213174	0.004553	27.3
478	-0.333511	219.984895	0.004207	27.5
479	-0.736048	219.757246	0.004974	27.7
480	-0.707496	219.530224	0.008100	28.2
481	-0.573531	219.303826	0.007721	27.9
482	-0.665503	219.078050	0.005004	28.4
483	-0.000000	218.852893	0.000000	28.8
484	-0.004166	218.628352	0.000537	28.4
485	-0.128711	218.404424	0.000927	27.5
486	-0.649988	218.181106	0.006906	29.2
487	-0.000000	217.958397	0.000000	29.6
488	-0.678386	217.736292	0.005986	29.0
489	-0.250926	217.514790	0.003968	29.2
490	-0.034737	217.293888	0.001790	30.2
491	-0.000015	217.073584	0.000004	29.8
492	-0.603261	216.853873	0.006557	29.2
493	-0.182454	216.634755	0.003215	30.7
494	-0.159093	216.416227	0.001814	29.0
495	-0.000000	216.198285	0.000000	30.5
496	-0.114730	215.980927	0.001788	29.1
497	-0.896054	215.764151	0.007841	30.0
498	-0.217087	215.547955	0.003011	27.7
499	-0.680188	215.332335	0.006908	28.2
500	-0.627916	215.117289	0.005977	29.7
501	-0.668798	214.902815	0.006625	29.9
502	-0.095084	214.688911	0.002247	30.5
503	-0.953446	214.475573	0.005277	30.5
504	-0.816395	214.262800	0.005110	28.1
505	-0.000000	214.050588	0.000000	28.2
506	-0.081929	213.838936	0.001334	29.1
507	-0.158732	213.627842	0.002446	28.2
508	-0.730558	213.417302	0.005966	26.4
509	-0.494302	213.207314	0.006015	30.0
510	-0.640446	212.997877	0.006116	28.6
511	-0.718262	212.788987	0.010120	28.1
512	-0.385112	212.580642	0.004746	27.8
513	-0.034000	212.372841	0.001995	29.4
514	-0.000000	212.165581	0.000000	27.1
515	-0.792951	211.958859	0.005213	27.0
516	-0.961465	211.752673	0.007402	29.6
517	-0.344774	211.547021	0.005927	28.8
518	-0.052882	211.341902	0.002830	29.9
519	-0.000658	211.137311	0.000072	27.9
520	-0.000000	210.933248	0.000000	28.3
521	-0.786348	210.729710	0.006854	28.2
522	-1.039502	210.526695	0.008813	27.4
523	-0.345655	210.324200	0.004419	28.3
524	-0.184294	210.122224	0.003220	28.3
525	-0.260359	209.920765	0.002766	28.8
526	-0.907669	209.719820	0.006127	26.7
527	-0.000013	209.519387	0.000009	29.5
528	-0.206292	209.319463	0.002229	27.0
529	-0.118789	209.120048	0.002109	28.4
530	-0.187724	208.921139	0.003265	27.3
531	-0.625736	208.722733	0.003464	29.5
532	-0.725763	208.524829	0.006120	26.7
533	-0.000000	208.327425	0.000000	28.1
534	-0.688356	208.130518	0.005685	28.4
535	-0.652482	207.934107	0.006693	27.4
536	-0.000000	207.738189	0.000000	27.3
537	-0.000000	207.542762	0.000000	27.5
538	-0.000761	207.347825	0.000022	27.1
539	-0.000000	207.153376	0.000000	28.5
540	-0.648076	206.959412	0.006249	27.2
541	-0.000000	206.765932	0.000000	28.3
542	-0.483076	206.572933	0.003922	27.1
543	-0.799956	206.380414	0.005743	28.8
544	-0.021529	206.188373	0.000476	28.4
545	-0.430546	205.996807	0.004571	27.5
546	-0.533811	205.805716	0.006283	27.6
547	-0.523557	205.615096	0.005824	27.7
548	-0.000000	205.424946	0.000000	28.9
549	-0.523398	205.235265	0.005298	27.1
550	-0.774667	205.046050	0.007691	32.4
551	-0.734972	204.857299	0.005232	27.4
552	-0.594210	204.669011	0.005023	28.9
553	-0.838541	204.481184	0.007168	28.5
554	-0.499349	204.293816	0.008176	29.1
555	-0.803268	204.106905	0.007856	28.4
556	-0.945095	203.920449	0.007330	27.3
557	-0.418927	203.734447	0.006327	29.3
558	-0.000000	203.548896	0.000000	27.4
559	-0.786357	203.363795	0.008034	30.1
560	-0.912554	203.179143	0.006906	28.9
561	-0.693958	202.994937	0.008060	29.1
562	-0.000000	202.811176	0.000000	29.9
563	-0.645266	202.627857	0.004407	29.5
564	-0.257733	202.444980	0.003873	28.8
565	-0.876789	202.262543	0.006991	27.4
566	-0.109497	202.080543	0.001818	27.4
567	-0.747714	201.898979	0.006327	28.7
568	-0.371231	201.717849	0.003525	30.7
569	-0.682989	201.537153	0.005357	28.3
570	-0.533724	201.356887	0.005081	28.0
571	-0.006014	201.177050	0.001072	28.2
572	-0.000000	200.997642	0.000000	28.4
573	-0.885351	200.818659	0.006906	26.6
574	-0.535003	200.640100	0.006680	29.5
575	-0.424923	200.461965	0.007039	28.8
576	-0.000000	200.284250	0.000000	27.9
577	-0.644776	200.106955	0.006821	28.0
578	-0.821018	199.930078	0.005832	27.6
579	-0.000388	199.753617	0.000008	26.1
580	-0.008292	199.577571	0.000374	28.1
581	-0.004373	199.401938	0.000257	28.1
582	-0.682691	199.226717	0.004945	27.6
583	-0.785627	199.051905	0.006629	28.4
584	-0.253793	198.877502	0.005845	28.1
585	-0.000000	198.703506	0.000000	27.0
586	-0.418041	198.529916	0.005612	28.1
587	-0.514243	198.356729	0.006342	28.5
588	-0.435055	198.183944	0.006462	29.6
589	-0.264453	198.011560	0.002774	28.4
590	-0.427412	197.839576	0.006153	28.2
591	-0.138839	197.667989	0.002677	29.5
592	-0.000000	197.496798	0.000000	27.4
593	-0.666854	197.326002	0.007781	27.8
594	-0.000208	197.155600	0.000116	28.4
595	-0.507891	196.985589	0.004689	27.8
596	-0.230521	196.815969	0.002479	26.7
597	-0.498674	196.646738	0.006953	28.3
598	-0.738684	196.477894	0.005098	27.8
599	-0.000000	196.309436	0.000000	28.2
600	-0.001379	196.141363	0.000050	26.2
601	-0.887700	195.973673	0.006666	30.2
602	-0.993749	195.806365	0.007746	32.5
603	-0.000000	195.639437	0.000000	28.1
604	-0.364020	195.472888	0.003586	33.6
605	-0.875554	195.306717	0.007685	29.4
606	-0.039193	195.140922	0.000509	27.1
607	-0.000000	194.975501	0.000000	27.3
608	-0.000000	194.810454	0.000000	25.9
609	-0.759942	194.645779	0.005243	28.0
610	-0.913521	194.481475	0.007839	27.8
611	-0.570977	194.317540	0.006356	28.5
612	-0.574905	194.153973	0.004242	28.5
613	-0.145618	193.990773	0.002611	28.5
614	-0.000000	193.827938	0.000000	27.6
615	-0.000000	193.665467	0.000000	27.4
616	-0.000000	193.503358	0.000000	27.6
617	-0.825114	193.341611	0.005611	28.8
618	-0.070527	193.180224	0.002929	27.2
619	-0.284965	193.019196	0.006036	28.5
620	-0.308458	192.858525	0.002962	29.3
621	-0.288525	192.698210	0.003881	28.2
622	-0.825354	192.538251	0.006934	29.8
623	-0.004401	192.378644	0.000056	27.3
624	-0.593453	192.219391	0.006040	29.1
625	-0.744348	192.060488	0.007613	28.3
626	-0.586402	191.901935	0.009816	29.5
627	-0.432111	191.743730	0.005660	28.7
628	-0.130638	191.585873	0.002340	28.5
629	-0.631387	191.428362	0.006632	27.4
630	-0.730873	191.271196	0.005521	27.8
631	-0.000000	191.114374	0.000000	26.9
632	-0.974624	190.957893	0.007966	28.6
633	-0.720522	190.801755	0.007081	28.2
634	-0.501797	190.645956	0.007321	27.6
635	-0.903562	190.490495	0.007338	29.0
636	-0.030718	190.335373	0.000243	28.4
637	-0.617300	190.180587	0.006237	29.2
638	-0.596075	190.026136	0.005573	29.1
639	-0.000000	189.872019	0.000000	29.0
640	-0.000000	189.718235	0.000000	27.8
641	-0.675742	189.564782	0.005841	28.4
642	-0.045651	189.411661	0.000654	31.2
643	-0.639298	189.258868	0.007448	28.0
644	-0.402202	189.106404	0.003846	28.1
645	-0.144940	188.954267	0.002204	27.1
646	-0.828486	188.802456	0.005646	28.1
647	-0.727421	188.650969	0.004936	26.9
648	-0.732868	188.499807	0.006225	27.7
649	-0.000000	188.348967	0.000000	28.1
650	-0.224675	188.198448	0.002955	27.0
651	-0.254362	188.048250	0.004224	27.9
652	-0.768487	187.898371	0.004678	27.4
653	-0.062450	187.748810	0.002412	28.1
654	-0.515969	187.599566	0.006855	26.8
655	-0.000000	187.450638	0.000000	27.8
656	-0.612803	187.302025	0.004835	27.5
657	-0.000000	187.153725	0.000000	28.2
658	-0.830160	187.005739	0.007256	27.2
659	-0.654988	186.858064	0.007874	29.7
660	-0.802800	186.710699	0.008559	29.3
661	-0.371296	186.563645	0.004813	28.3
662	-0.000000	186.416898	0.000000	28.2
663	-0.000000	186.270459	0.000000	28.4
664	-0.728057	186.124326	0.004736	28.9
665	-0.479271	185.978499	0.005258	26.3
666	-0.901409	185.832976	0.005904	28.6
667	-0.560808	185.687756	0.006414	27.3
668	-0.846476	185.542838	0.006813	27.1
669	-0.798099	185.398222	0.006236	29.0
670	-0.934461	185.253906	0.007461	27.5
671	-0.000000	185.109889	0.000000	27.6
672	-0.709712	184.966170	0.005726	28.8
673	-0.000000	184.822748	0.000000	28.0
674	-0.000000	184.679623	0.000000	28.6
675	-0.380928	184.536792	0.005341	26.9
676	-0.569637	184.394256	0.006382	29.3
677	-0.358800	184.252013	0.003526	27.7
678	-0.000000	184.110062	0.000000	29.4
679	-0.736010	183.968403	0.005452	30.9
680	-0.928082	183.827034	0.007826	29.9
681	-0.355200	183.685954	0.004716	28.7
682	-0.496683	183.545163	0.004297	29.2
683	-0.023572	183.404658	0.000707	25.9
684	-0.110503	183.264441	0.002439	28.3
685	-0.604926	183.124509	0.005914	27.7
686	-0.404055	182.984861	0.006370	28.0
687	-0.636747	182.845497	0.007596	28.1
688	-0.000000	182.706416	0.000000	27.1
689	-0.000000	182.567616	0.000000	27.8
690	-0.000000	182.429098	0.000000	28.2
691	-0.462857	182.290859	0.004850	28.3
692	-0.356436	182.152899	0.002772	26.9
693	-0.620998	182.015217	0.008391	28.3
694	-0.471324	181.877813	0.005272	27.9
695	-0.000000	181.740684	0.000000	29.5
696	-0.459205	181.603832	0.004767	27.1
697	-0.000000	181.467253	0.000000	29.5
698	-0.256537	181.330948	0.003382	28.7
699	-0.262628	181.194916	0.003551	26.2
700	-0.652415	181.059155	0.007194	28.2
701	-0.000000	180.923666	0.000000	28.6
702	-0.964309	180.788446	0.007970	29.5
703	-0.000000	180.653496	0.000000	26.9
704	-0.780161	180.518814	0.008496	30.0
705	-0.201879	180.384399	0.003113	30.0
706	-0.161848	180.250251	0.003797	29.1
707	-0.845668	180.116369	0.008224	27.2
708	-0.839660	179.982752	0.004991	28.0
709	-0.483888	179.849398	0.007074	28.1
710	-0.633423	179.716308	0.006172	29.8
711	-0.693680	179.583480	0.006298	29.4
712	-0.646916	179.450913	0.007299	29.2
713	-0.611610	179.318607	0.005848	29.8
714	-0.638659	179.186561	0.007763	30.4
715	-0.561939	179.054774	0.004193	33.7
716	-0.840559	178.923245	0.005189	30.2
717	-0.141348	178.791973	0.003203	32.3
718	-0.630989	178.660958	0.007844	27.4
719	-0.551711	178.530199	0.005689	29.5
720	-0.969735	178.399694	0.007673	30.3
721	-0.000000	178.269444	0.000000	29.9
722	-0.454809	178.139447	0.005372	32.0
723	-0.467667	178.009702	0.006391	31.4
724	-0.043531	177.880209	0.000951	28.1
725	-0.335020	177.750967	0.003966	29.2
726	-0.596057	177.621975	0.005892	28.9
727	-0.602103	177.493232	0.003968	29.8
728	-0.202549	177.364738	0.003313	27.7
729	-0.570288	177.236492	0.007978	28.7
730	-0.907036	177.108492	0.004944	27.4
731	-0.843087	176.980739	0.009195	27.4
732	-0.048985	176.853231	0.001534	27.4
733	-0.671834	176.725968	0.006887	29.9
734	-0.431660	176.598949	0.004639	28.5
735	-0.099076	176.472173	0.002650	29.1
736	-0.608717	176.345639	0.006227	28.3
737	-0.264544	176.219348	0.003533	29.3
738	-0.000000	176.093296	0.000000	28.0
739	-0.447060	175.967486	0.005915	27.2
740	-0.197501	175.841914	0.003081	28.8
741	-0.697061	175.716581	0.005762	27.7
742	-0.000000	175.591486	0.000000	27.8
743	-0.410668	175.466629	0.005281	27.5
744	-0.768582	175.342008	0.005573	27.1
745	-0.000000	175.217622	0.000000	26.8
746	-0.647275	175.093472	0.008250	27.8
747	-0.296471	174.969556	0.003118	28.1
748	-0.881356	174.845873	0.006478	28.6
749	-0.908989	174.722423	0.007362	28.4
750	-0.854289	174.599206	0.005431	28.5
751	-0.013928	174.476220	0.000745	28.3
752	-0.624249	174.353464	0.006862	28.7
753	-0.072936	174.230939	0.001143	26.4
754	-0.451308	174.108643	0.003211	29.2
755	-0.136281	173.986576	0.003150	26.1
756	-0.823133	173.864737	0.005356	27.7
757	-0.067387	173.743124	0.002453	28.0
758	-0.297060	173.621739	0.003895	26.4
759	-0.000000	173.500579	0.000000	29.5
760	-0.225537	173.379645	0.003761	27.7
761	-0.000000	173.258935	0.000000	28.0
762	-0.853824	173.138449	0.007894	28.0
763	-0.049234	173.018186	0.000991	28.9
764	-0.458637	172.898146	0.007167	30.7
765	-0.422417	172.778327	0.004521	31.6
766	-0.817768	172.658730	0.008180	28.0
767	-0.037403	172.539353	0.000417	29.4
768	-0.563258	172.420196	0.004915	27.5
769	-0.000000	172.301258	0.000000	29.0
770	-0.538746	172.182539	0.005519	27.9
771	-0.298620	172.064037	0.002876	27.7
772	-0.404164	171.945753	0.005551	27.4
773	-0.802615	171.827686	0.007622	27.6
774	-0.596159	171.709834	0.007136	26.0
775	-0.000000	171.592198	0.000000	28.2
776	-0.773436	171.474776	0.004672	26.9
777	-0.066230	171.357568	0.003431	29.0
778	-0.372364	171.240574	0.005054	28.7
779	-0.000000	171.123793	0.000000	28.2
780	-0.688406	171.007223	0.006546	29.0
781	-0.650496	170.890865	0.007019	28.6
782	-0.004184	170.774718	0.000083	28.5
783	-0.000000	170.658782	0.000000	29.3
784	-0.425287	170.543055	0.006704	26.8
785	-0.013633	170.427537	0.001721	30.2
786	-0.026612	170.312227	0.000842	27.4
787	-0.793381	170.197125	0.007327	29.1
788	-0.069676	170.082231	0.002412	27.4
789	-0.766159	169.967543	0.006263	29.0
790	-0.806735	169.853061	0.009004	30.2
791	-0.137030	169.738784	0.002033	25.7
792	-0.920975	169.624713	0.007962	28.4
793	-0.000000	169.510845	0.000000	27.6
794	-0.271518	169.397181	0.004034	27.1
795	-0.378297	169.283720	0.003170	27.5
796	-0.530805	169.170462	0.004976	27.6
797	-0.000000	169.057405	0.000000	27.9
798	-0.731922	168.944549	0.004949	27.9
799	-0.000000	168.831895	0.000000	29.8
800	-0.702828	168.719440	0.005282	29.5
801	-0.000000	168.607185	0.000000	27.3
802	-0.035043	168.495129	0.000401	28.4
803	-0.416742	168.383271	0.004858	28.9
804	-0.007964	168.271611	0.000673	29.0
805	-0.807648	168.160148	0.005400	26.5
806	-0.673135	168.048882	0.006340	29.6
807	-0.633160	167.937812	0.005710	27.8
808	-0.848704	167.826938	0.006405	27.2
809	-0.664139	167.716258	0.005864	27.2
810	-0.335211	167.605773	0.003883	26.2
811	-0.772622	167.495482	0.006963	27.4
812	-0.707667	167.385384	0.007228	28.7
813	-0.051439	167.275479	0.001674	27.7
814	-0.659873	167.165766	0.005289	28.0
815	-0.830035	167.056245	0.006631	27.1
816	-0.110649	166.946915	0.000997	28.3
817	-0.000000	166.837776	0.000000	28.0
818	-0.878833	166.728826	0.007116	29.7
819	-0.000000	166.620067	0.000000	27.7
820	-0.855771	166.511496	0.005188	30.0
821	-0.000000	166.403113	0.000000	28.8
822	-0.000000	166.294919	0.000000	28.9
823	-0.589832	166.186912	0.005511	27.9
824	-0.887379	166.079091	0.005916	27.5
825	-0.418880	165.971458	0.003207	27.4
826	-0.468126	165.864009	0.005600	26.7
827	-0.021823	165.756747	0.000253	28.9
828	-0.774105	165.649669	0.005539	26.8
829	-0.171217	165.542775	0.002361	28.5
830	-0.000000	165.436065	0.000000	28.9
831	-0.401949	165.329538	0.005895	26.8
832	-0.998763	165.223194	0.009919	28.1
833	-0.004852	165.117032	0.000079	27.8
834	-0.543063	165.011052	0.006774	29.1
835	-0.915311	164.905253	0.008670	27.2
836	-0.000000	164.799635	0.000000	29.5
837	-0.793774	164.694197	0.007301	28.1
838	-0.793555	164.588939	0.006548	29.4
839	-0.211980	164.483859	0.003701	27.5
840	-0.001198	164.378959	0.000032	29.8
841	-0.767545	164.274237	0.006750	27.9
842	-0.041596	164.169692	0.001842	29.0
843	-0.379689	164.065325	0.004932	27.7
844	-0.588384	163.961135	0.006250	29.9
845	-0.617828	163.857120	0.006732	27.6
846	-0.799933	163.753282	0.006515	28.0
847	-0.150874	163.649619	0.002370	28.3
848	-0.000002	163.546130	0.000003	29.2
849	-0.752623	163.442816	0.004178	27.6
850	-0.276664	163.339676	0.003624	27.9
851	-0.783596	163.236709	0.005068	28.1
852	-0.642503	163.133915	0.005888	27.6
853	-0.000000	163.031294	0.000000	27.0
854	-0.000000	162.928844	0.000000	28.2
855	-0.000000	162.826566	0.000000	27.2
856	-0.000000	162.724459	0.000000	27.2
857	-0.000000	162.622523	0.000000	28.2
858	-0.885984	162.520757	0.005256	27.8
859	-0.324943	162.419160	0.004598	26.9
860	-0.659391	162.317733	0.008858	29.1
861	-0.855253	162.216474	0.006369	28.7
862	-0.000000	162.115383	0.000000	30.0
863	-0.642345	162.014461	0.005015	28.8
864	-0.000000	161.913705	0.000000	32.3
865	-0.000000	161.813117	0.000000	32.7
866	-0.000000	161.712695	0.000000	28.3
867	-0.450672	161.612439	0.007140	29.3
868	-0.798639	161.512349	0.005833	27.8
869	-0.775209	161.412424	0.007215	26.8
870	-0.000000	161.312663	0.000000	29.8
871	-0.000141	161.213067	0.000025	27.8
872	-0.329885	161.113635	0.004749	28.3
873	-0.530319	161.014366	0.005075	27.5
874	-0.663425	160.915260	0.004981	27.5
875	-0.000000	160.816316	0.000000	27.8
876	-0.886049	160.717535	0.007143	25.7
877	-0.719203	160.618915	0.005601	29.1
878	-0.811132	160.520456	0.007869	28.5
879	-0.522647	160.422158	0.005155	27.4
880	-0.545423	160.324021	0.006338	28.1
881	-0.998378	160.226043	0.008457	28.0
882	-0.863409	160.128225	0.006170	25.9
883	-0.010240	160.030566	0.000114	29.1
884	-0.016076	159.933066	0.001526	27.4
885	-0.183940	159.835723	0.004157	27.1
886	-0.476120	159.738539	0.006780	28.6
887	-0.564011	159.641512	0.005763	27.8
888	-0.775013	159.544642	0.005932	28.2
889	-0.800896	159.447929	0.004803	28.2
890	-0.687622	159.351372	0.004223	28.6
891	-0.361308	159.254971	0.005466	28.3
892	-0.138649	159.158725	0.002563	27.3
893	-0.270900	159.062634	0.004239	29.8
894	-0.379986	158.966697	0.004642	28.3
895	-0.000025	158.870915	0.000042	28.0
896	-0.410072	158.775286	0.003902	27.9
897	-0.710371	158.679811	0.005761	29.0
898	-0.000000	158.584489	0.000000	27.4
899	-0.004049	158.489319	0.000235	27.9
900	-0.870607	158.394302	0.006653	30.6
901	-0.000000	158.299436	0.000000	29.3
902	-0.531042	158.204721	0.005805	28.4
903	-0.815330	158.110158	0.009039	28.2
904	-0.915199	158.015745	0.007296	28.7
905	-0.657012	157.921482	0.008349	29.1
906	-0.128283	157.827369	0.002705	28.8
907	-0.424818	157.733406	0.004037	27.1
908	-0.185250	157.639591	0.002869	29.6
909	-0.503300	157.545925	0.005372	29.3
910	-0.317812	157.452408	0.004833	29.4
911	-0.657219	157.359038	0.006976	28.7
912	-0.668602	157.265816	0.007404	28.1
913	-0.773869	157.172741	0.005223	27.8
914	-0.393384	157.079813	0.004395	27.9
915	-0.000001	156.987031	0.000000	26.5
916	-0.464562	156.894395	0.004491	29.9
917	-0.442499	156.801904	0.004273	28.2
918	-0.325343	156.709559	0.004868	27.7
919	-0.024304	156.617359	0.000254	28.6
920	-0.753055	156.525304	0.004120	28.9
921	-0.779239	156.433392	0.005909	29.0
922	-0.201470	156.341624	0.003876	26.5
923	-0.507084	156.250000	0.005959	29.7
924	-0.328757	156.158519	0.003428	30.6
925	-0.413253	156.067180	0.004760	28.2
926	-0.021172	155.975984	0.002785	27.6
927	-0.000000	155.884930	0.000000	29.7
928	-0.752442	155.794017	0.004732	28.2
929	-0.912418	155.703246	0.006321	29.9
930	-0.376939	155.612615	0.004314	26.9
931	-0.496351	155.522125	0.004079	29.9
932	-0.805182	155.431775	0.007738	28.7
933	-0.780253	155.341565	0.007288	27.3
934	-0.791214	155.251495	0.005022	28.9
935	-0.512082	155.161563	0.005699	28.0
936	-0.950926	155.071771	0.008586	27.3
937	-0.714394	154.982117	0.006337	29.6
938	-0.636588	154.892601	0.005612	29.2
939	-0.815976	154.803222	0.005229	30.2
940	-0.376009	154.713981	0.005080	29.8
941	-0.000000	154.624878	0.000000	30.3
942	-0.881339	154.535910	0.005206	29.2
943	-0.000027	154.447080	0.000034	27.6
944	-0.287973	154.358385	0.003706	28.2
945	-0.497101	154.269826	0.006867	26.6
946	-0.151033	154.181402	0.002021	27.8
947	-0.477760	154.093114	0.004117	27.5
948	-0.729919	154.004960	0.007395	26.8
949	-0.279484	153.916940	0.004460	29.1
950	-0.000000	153.829054	0.000000	28.2
951	-0.000000	153.741303	0.000000	28.2
952	-0.275207	153.653684	0.004795	28.9
953	-0.801575	153.566198	0.005216	28.4
954	-0.056210	153.478846	0.002800	28.1
955	-0.785055	153.391625	0.006265	28.4
956	-0.000000	153.304537	0.000000	26.8
957	-0.729211	153.217580	0.005429	28.8
958	-0.000000	153.130755	0.000000	28.0
959	-0.616783	153.044061	0.003892	26.8
960	-0.000000	152.957498	0.000000	29.3
961	-0.856348	152.871065	0.007183	27.8
962	-0.480211	152.784762	0.006569	27.9
963	-0.764009	152.698589	0.004841	26.8
964	-0.574867	152.612545	0.005865	29.3
965	-0.658935	152.526631	0.006400	28.2
966	-0.740950	152.440845	0.008609	27.7
967	-0.000000	152.355188	0.000000	30.0
968	-0.456927	152.269660	0.003677	27.7
969	-0.428619	152.184259	0.004876	28.0
970	-0.329482	152.098986	0.004408	28.9
971	-0.000000	152.013840	0.000000	27.9
972	-0.567700	151.928821	0.006175	27.8
973	-1.029330	151.843928	0.007069	28.1
974	-0.739784	151.759163	0.007465	28.8
975	-0.000000	151.674523	0.000000	30.9
976	-0.592817	151.590009	0.006459	30.0
977	-0.807371	151.505620	0.006742	28.8
978	-0.022059	151.421357	0.001281	27.5
979	-0.719377	151.337218	0.005347	30.5
980	-0.000000	151.253204	0.000000	28.9
981	-0.302228	151.169314	0.005243	27.3
982	-0.000000	151.085549	0.000000	27.5
983	-0.249762	151.001907	0.003000	27.8
984	-0.648727	150.918388	0.006998	28.4
985	-0.743783	150.834992	0.006430	27.1
986	-0.000000	150.751719	0.000000	27.1
987	-0.671014	150.668569	0.006934	27.5
988	-0.768500	150.585541	0.008385	27.8
989	-0.607191	150.502634	0.005600	26.8
990	-0.573117	150.419849	0.005906	28.8
991	-0.000000	150.337186	0.000000	28.5
992	-0.000000	150.254644	0.000000	29.0
993	-0.000000	150.172222	0.000000	29.5
994	-0.703271	150.089921	0.006016	26.8
995	-0.318049	150.007740	0.002740	28.7
996	-0.318944	149.925679	0.003401	26.6
997	-0.690420	149.843737	0.005056	28.8
998	-0.150368	149.761915	0.003152	27.0
999	-0.001110	149.680212	0.000036	28.1
1000	-0.699058	149.598627	0.005478	28.6
1001	-0.872238	149.517161	0.007361	26.3
1002	-0.000000	149.435814	0.000000	29.0
1003	-0.000000	149.354584	0.000000	27.5
1004	-0.315928	149.273472	0.004592	29.5
1005	-0.903905	149.192477	0.006334	27.8
1006	-0.692803	149.111599	0.007042	28.4
1007	-0.887425	149.030838	0.007335	28.6
1008	-0.523702	148.950194	0.007224	27.7
1009	-0.873400	148.869666	0.006319	28.9
1010	-0.000000	148.789253	0.000000	28.8
1011	-0.656075	148.708957	0.008133	27.6
1012	-0.206219	148.628776	0.003215	37.3
1013	-0.000000	148.548710	0.000000	27.7
1014	-0.806898	148.468759	0.005120	28.7
1015	-0.815274	148.388923	0.006217	28.3
1016	-0.000000	148.309201	0.000000	26.6
1017	-0.554494	148.229594	0.006696	29.0
1018	-0.801916	148.150100	0.005110	28.4
1019	-0.000000	148.070719	0.000000	27.3
1020	-0.045926	147.991452	0.001522	26.6
1021	-0.085486	147.912298	0.000512	28.4
1022	-0.285795	147.833257	0.004768	27.1
1023	-0.749937	147.754329	0.004665	27.9
1024	-0.801304	147.675512	0.004380	28.2
1025	-0.005221	147.596808	0.000126	28.6
1026	-0.526901	147.518216	0.006762	29.3
1027	-0.868069	147.439735	0.008135	27.5
1028	-0.666160	147.361365	0.004870	30.6
1029	-0.941893	147.283106	0.006266	27.6
1030	-0.818287	147.204958	0.007592	29.5
1031	-0.000182	147.126920	0.000023	27.5
1032	-0.000000	147.048993	0.000000	28.5
1033	-0.001608	146.971175	0.000050	27.7
1034	-0.229386	146.893468	0.003229	26.9
1035	-0.000000	146.815869	0.000000	28.6
1036	-0.820522	146.738380	0.005826	27.8
1037	-0.861118	146.661000	0.006654	27.4
1038	-0.380322	146.583729	0.003859	28.2
1039	-0.816868	146.506566	0.005806	27.9
1040	-0.007888	146.429511	0.000031	27.9
1041	-0.516017	146.352565	0.006761	27.5
1042	-0.464293	146.275726	0.004805	27.9
1043	-0.417487	146.198994	0.005698	26.4
1044	-0.789088	146.122370	0.008856	27.9
1045	-0.000000	146.045853	0.000000	29.1
1046	-0.923222	145.969442	0.005717	29.7
1047	-0.534026	145.893139	0.005350	27.8
1048	-0.000000	145.816941	0.000000	29.4
1049	-0.717575	145.740849	0.004583	30.1
1050	-0.222910	145.664863	0.005225	30.0
1051	-0.295556	145.588983	0.004274	27.3
1052	-0.906969	145.513208	0.008948	28.2
1053	-0.956871	145.437538	0.005582	26.9
1054	-0.000000	145.361973	0.000000	27.5
1055	-0.004165	145.286513	0.000078	28.0
1056	-0.000000	145.211157	0.000000	30.0
1057	-0.685702	145.135905	0.005682	28.2
1058	-0.675041	145.060757	0.005956	31.0
1059	-0.000000	144.985712	0.000000	26.9
1060	-0.449342	144.910771	0.004485	29.7
1061	-0.339704	144.835934	0.004724	26.7
1062	-0.026776	144.761199	0.003871	28.2
1063	-0.419687	144.686567	0.002395	28.1
1064	-0.504322	144.612037	0.004929	28.6
1065	-0.709991	144.537610	0.007045	26.6
1066	-0.000000	144.463285	0.000000	27.8
1067	-0.241924	144.389062	0.003243	28.8
1068	-0.667101	144.314940	0.005885	28.5
1069	-0.620767	144.240920	0.007805	27.2
1070	-0.222363	144.167001	0.003806	29.2
1071	-0.000000	144.093182	0.000000	28.4
1072	-0.597899	144.019465	0.007922	28.1
1073	-0.465005	143.945848	0.005389	28.5
1074	-0.000000	143.872331	0.000000	28.6
1075	-0.488145	143.798914	0.005367	28.9
1076	-0.043412	143.725597	0.001254	27.3
1077	-0.807386	143.652380	0.004702	29.2
1078	-0.516323	143.579262	0.003570	28.1
1079	-0.511532	143.506243	0.007912	28.9
1080	-0.935717	143.433323	0.007586	28.9
1081	-0.000000	143.360502	0.000000	29.3
1082	-0.077589	143.287780	0.001728	29.4
1083	-0.352807	143.215155	0.004731	28.3
1084	-0.767602	143.142629	0.006382	29.1
1085	-0.773890	143.070201	0.005211	27.4
1086	-0.501914	142.997870	0.004922	31.9
1087	-0.000000	142.925637	0.000000	28.6
1088	-0.538704	142.853501	0.009222	28.8
1089	-0.713284	142.781462	0.004447	28.1
1090	-0.336270	142.709519	0.003294	28.2
1091	-0.313088	142.637674	0.004648	27.4
1092	-0.000000	142.565924	0.000000	27.3
1093	-0.000000	142.494271	0.000000	29.2
1094	-0.000000	142.422714	0.000000	28.5
1095	-0.217527	142.351252	0.002338	30.1
1096	-0.225721	142.279886	0.003617	28.8
1097	-0.000061	142.208616	0.000003	29.2
1098	-0.794714	142.137440	0.007781	29.3
1099	-1.007262	142.066360	0.009314	26.4
1100	-0.990938	141.995374	0.010348	28.5
1101	-0.595081	141.924483	0.005868	27.3
1102	-0.720060	141.853685	0.005764	28.4
1103	-0.018963	141.782983	0.001434	27.5
1104	-0.933235	141.712373	0.008359	28.1
1105	-0.000000	141.641858	0.000000	27.6
1106	-0.389849	141.571436	0.004709	28.0
1107	-0.000000	141.501108	0.000000	27.5
1108	-0.007139	141.430872	0.001572	30.1
1109	-0.085845	141.360730	0.002286	27.2
1110	-0.001659	141.290680	0.000057	27.9
1111	-0.366472	141.220722	0.003848	29.1
1112	-0.036818	141.150857	0.000652	29.3
1113	-0.828792	141.081084	0.005670	27.2
1114	-0.613485	141.011403	0.007268	29.0
1115	-0.000000	140.941813	0.000000	29.2
1116	-0.000000	140.872315	0.000000	30.0
1117	-0.936870	140.802909	0.006544	26.7
1118	-1.041598	140.733593	0.007067	27.9
1119	-0.135299	140.664369	0.002201	30.8
1120	-0.000000	140.595235	0.000000	30.2
1121	-0.000000	140.526192	0.000000	28.2
1122	-0.000000	140.457239	0.000000	31.4
1123	-0.000000	140.388376	0.000000	29.6
1124	-0.743409	140.319603	0.005338	28.8
1125	-0.463286	140.250920	0.007945	28.0
1126	-0.823888	140.182326	0.007034	30.1
1127	-0.000000	140.113822	0.000000	27.5
1128	-0.000000	140.045407	0.000000	30.5
1129	-0.473148	139.977081	0.005916	27.8
1130	-0.000000	139.908844	0.000000	28.6
1131	-0.597829	139.840696	0.003550	28.1
1132	-0.000000	139.772635	0.000000	28.0
1133	-0.611089	139.704664	0.007245	27.6
1134	-0.000000	139.636780	0.000000	26.7
1135	-0.736813	139.568984	0.005491	29.2
1136	-0.732746	139.501276	0.008042	26.7
1137	-0.467703	139.433655	0.006924	28.2
1138	-0.929845	139.366122	0.010355	27.9
1139	-0.000000	139.298676	0.000000	27.0
1140	-0.575193	139.231317	0.007304	27.8
1141	-0.775056	139.164045	0.005260	27.1
1142	-0.710854	139.096859	0.006245	28.5
1143	-0.597761	139.029760	0.007423	27.3
1144	-0.000000	138.962747	0.000000	28.5
1145	-0.291354	138.895820	0.001962	28.9
1146	-0.883047	138.828978	0.005527	28.4
1147	-0.053588	138.762223	0.001929	27.7
1148	-0.000000	138.695553	0.000000	29.3
1149	-0.000000	138.628969	0.000000	26.7
1150	-0.724491	138.562469	0.007138	27.7
1151	-0.606943	138.496055	0.004309	29.2
1152	-0.766106	138.429725	0.007415	28.9
1153	-0.694790	138.363481	0.008678	28.3
1154	-0.872240	138.297320	0.007003	27.4
1155	-0.858793	138.231244	0.006249	28.4
1156	-0.714000	138.165252	0.006646	27.4
1157	-0.905348	138.099344	0.007580	28.3
1158	-0.511304	138.033520	0.006652	27.9
1159	-0.643394	137.967779	0.005982	28.8
1160	-0.000000	137.902122	0.000000	29.0
1161	-0.419717	137.836548	0.003522	29.0
1162	-0.896153	137.771057	0.005266	28.6
1163	-0.784274	137.705649	0.005331	29.1
1164	-0.491469	137.640324	0.005420	28.2
1165	-0.373026	137.575081	0.003110	29.0
1166	-0.358962	137.509921	0.004406	27.9
1167	-0.000000	137.444842	0.000000	29.1
1168	-0.749370	137.379846	0.004448	29.8
1169	-0.462422	137.314932	0.006002	28.3
1170	-0.501866	137.250100	0.006973	27.9
1171	-0.468453	137.185349	0.004880	27.4
1172	-0.872266	137.120680	0.006524	28.0
1173	-0.000000	137.056092	0.000000	26.9
1174	-0.498544	136.991585	0.004729	28.5
1175	-0.464118	136.927158	0.004365	27.1
1176	-0.350115	136.862813	0.004084	27.8
1177	-0.479714	136.798548	0.005473	27.0
1178	-0.633287	136.734363	0.004578	27.7
1179	-0.956018	136.670259	0.007642	28.3
1180	-0.080143	136.606235	0.001794	28.7
1181	-0.730025	136.542291	0.007650	27.3
1182	-0.056165	136.478426	0.002187	29.1
1183	-0.000937	136.414641	0.000258	28.2
1184	-0.690104	136.350936	0.003743	29.0
1185	-0.773425	136.287310	0.005853	28.8
1186	-0.333114	136.223763	0.003035	28.8
1187	-0.601914	136.160295	0.006199	28.8
1188	-0.214559	136.096905	0.003510	29.1
1189	-0.604366	136.033594	0.004476	29.3
1190	-0.000000	135.970362	0.000000	26.8
1191	-0.704875	135.907208	0.006714	29.4
1192	-0.650588	135.844133	0.003738	27.3
1193	-0.966001	135.781135	0.006926	27.1
1194	-0.572586	135.718215	0.004628	28.2
1195	-0.126034	135.655373	0.003322	27.4
1196	-0.356454	135.592608	0.004409	28.7
1197	-0.061793	135.529921	0.002822	28.1
1198	-0.000000	135.467311	0.000000	27.5
1199	-0.001524	135.404778	0.000050	26.6
1200	-0.776509	135.342322	0.005673	28.0
1201	-0.518567	135.279942	0.005467	27.9
1202	-0.014144	135.217640	0.000177	28.5
1203	-0.305366	135.155413	0.002644	28.2
1204	-0.017437	135.093263	0.000584	28.4
1205	-0.115090	135.031190	0.001148	27.6
1206	-0.702477	134.969192	0.007209	27.6
1207	-0.897384	134.907270	0.006360	27.1
1208	-0.630259	134.845424	0.005192	29.4
1209	-0.135266	134.783653	0.002465	27.3
1210	-0.888499	134.721958	0.005885	28.4
1211	-0.082899	134.660338	0.002151	30.5
1212	-0.796706	134.598793	0.005445	31.3
1213	-0.941515	134.537323	0.007152	30.4
1214	-0.762529	134.475927	0.006568	29.6
1215	-0.587202	134.414607	0.005254	28.2
1216	-0.656541	134.353361	0.008973	32.0
1217	-0.851932	134.292189	0.008827	33.1
1218	-0.776472	134.231092	0.005136	33.8
1219	-0.255115	134.170068	0.001568	30.0
1220	-0.858446	134.109119	0.007438	32.5
1221	-0.788959	134.048243	0.005282	32.9
1222	-0.488015	133.987441	0.005505	33.2
1223	-0.854543	133.926713	0.007468	29.6
1224	-0.401637	133.866057	0.004135	29.3
1225	-0.001206	133.805475	0.000160	28.2
1226	-0.243225	133.744966	0.003628	30.6
1227	-0.000000	133.684530	0.000000	29.2
1228	-0.856778	133.624167	0.007060	33.6
1229	-0.000000	133.563877	0.000000	34.4
1230	-0.540884	133.503658	0.006242	31.2
1231	-0.325193	133.443513	0.004827	30.8
1232	-0.725737	133.383439	0.006564	31.4
1233	-0.668233	133.323437	0.006641	29.5
1234	-0.831114	133.263508	0.006610	32.3
1235	-0.000000	133.203650	0.000000	29.1
1236	-0.700013	133.143864	0.006352	30.0
1237	-0.861390	133.084149	0.006420	28.6
1238	-0.000000	133.024506	0.000000	29.1
1239	-0.721505	132.964934	0.004752	28.5
1240	-0.778063	132.905433	0.006581	29.0
1241	-0.744569	132.846003	0.005614	28.5
1242	-0.000000	132.786643	0.000000	28.8
1243	-0.792548	132.727355	0.005408	30.4
1244	-0.627687	132.668137	0.004581	27.5
1245	-0.179935	132.608989	0.002855	28.7
1246	-0.572101	132.549912	0.005260	26.5
1247	-0.429641	132.490904	0.003285	28.2
1248	-0.600499	132.431967	0.006547	28.8
1249	-0.000000	132.373100	0.000000	29.3
1250	-0.928463	132.314302	0.006705	30.7
1251	-0.481495	132.255574	0.005913	28.0
1252	-0.673161	132.196916	0.004184	30.1
1253	-0.603638	132.138326	0.005742	29.7
1254	-0.599428	132.079806	0.006501	28.4
1255	-0.000000	132.021355	0.000000	26.7
1256	-0.702914	131.962973	0.004894	28.3
1257	-0.512916	131.904660	0.006083	26.9
1258	-0.339604	131.846415	0.005654	27.8
1259	-0.715511	131.788239	0.007223	27.6
1260	-0.662434	131.730131	0.008131	30.4
1261	-0.000379	131.672092	0.000028	29.2
1262	-0.627433	131.614121	0.008598	30.7
1263	-0.893949	131.556217	0.006687	28.5
1264	-0.334631	131.498382	0.003510	28.1
1265	-0.345291	131.440614	0.006444	29.4
1266	-0.838755	131.382914	0.007222	27.9
1267	-0.787016	131.325282	0.004696	27.0
1268	-0.000000	131.267717	0.000000	28.8
1269	-0.699571	131.210219	0.005640	27.1
1270	-0.517686	131.152788	0.007081	27.6
1271	-0.000038	131.095424	0.000003	27.9
1272	-0.030034	131.038127	0.003041	28.5
1273	-0.105489	130.980897	0.001815	29.9
1274	-0.010887	130.923733	0.001135	27.6
1275	-0.682527	130.866636	0.004605	30.7
1276	-0.145204	130.809605	0.001711	29.9
1277	-0.378073	130.752641	0.004621	28.7
1278	-0.000000	130.695742	0.000000	26.5
1279	-0.000000	130.638910	0.000000	28.7
1280	-0.620864	130.582143	0.006249	27.6
1281	-0.829438	130.525442	0.005356	26.6
1282	-0.470128	130.468807	0.004186	28.8
1283	-0.740750	130.412237	0.005340	27.6
1284	-0.000000	130.355733	0.000000	28.4
1285	-0.000000	130.299294	0.000000	27.4
1286	-0.412027	130.242920	0.005299	27.2
1287	-1.056615	130.186611	0.008365	29.7
1288	-0.021630	130.130366	0.001355	26.7
1289	-0.000000	130.074187	0.000000	29.4
1290	-0.000000	130.018072	0.000000	28.9
1291	-0.137103	129.962022	0.001889	28.5
1292	-0.212707	129.906036	0.004960	28.0
1293	-0.000000	129.850114	0.000000	28.2
1294	-0.025502	129.794257	0.001309	27.5
1295	-0.776403	129.738463	0.005697	27.8
1296	-0.781183	129.682734	0.007553	28.3
1297	-0.093795	129.627068	0.002326	27.4
1298	-0.371335	129.571466	0.005346	27.7
1299	-0.302784	129.515927	0.004182	27.9
1300	-0.153466	129.460452	0.002534	27.1
1301	-0.051515	129.405040	0.001865	27.4
1302	-0.761982	129.349692	0.009565	26.5
1303	-0.842762	129.294406	0.006617	28.9
1304	-0.838011	129.239183	0.005223	30.1
1305	-0.735133	129.184024	0.006012	29.4
1306	-0.032510	129.128927	0.001358	28.0
1307	-0.723719	129.073892	0.004675	28.9
1308	-0.512953	129.018921	0.005932	28.9
1309	-0.603002	128.964011	0.007410	28.4
1310	-0.730064	128.909164	0.006719	32.7
1311	-0.683247	128.854379	0.005785	30.8
1312	-0.034099	128.799656	0.001031	30.3
1313	-0.000000	128.744995	0.000000	28.4
1314	-0.000000	128.690396	0.000000	28.4
1315	-0.506989	128.635858	0.004616	29.6
1316	-0.204611	128.581382	0.004304	31.4
1317	-0.616339	128.526968	0.006742	31.7
1318	-0.691449	128.472615	0.005411	31.5
1319	-0.002169	128.418323	0.000048	32.1
1320	-0.774131	128.364092	0.006293	30.3
1321	-0.431962	128.309922	0.004399	33.5
1322	-0.073362	128.255814	0.000969	30.6
1323	-0.653788	128.201766	0.004792	31.4
1324	-0.008270	128.147778	0.000085	28.4
1325	-0.257036	128.093852	0.002874	31.1
1326	-0.633962	128.039985	0.005652	30.1
1327	-0.000000	127.986180	0.000000	30.5
1328	-0.447700	127.932434	0.006110	28.6
1329	-0.547016	127.878749	0.005844	28.9
1330	-0.000155	127.825123	0.000004	28.9
1331	-0.000000	127.771558	0.000000	28.4
1332	-0.000000	127.718052	0.000000	27.6
1333	-0.000000	127.664606	0.000000	27.7
1334	-0.094355	127.611220	0.001442	30.3
1335	-0.396980	127.557893	0.003643	29.0
1336	-0.797738	127.504625	0.006264	28.8
1337	-0.000000	127.451417	0.000000	27.0
1338	-0.703098	127.398268	0.006819	29.7
1339	-0.231716	127.345178	0.002756	31.3
1340	-0.000000	127.292147	0.000000	30.2
1341	-0.356095	127.239175	0.003424	32.3
1342	-0.619708	127.186261	0.006789	31.2
1343	-0.915377	127.133407	0.006320	32.7
1344	-0.000000	127.080610	0.000000	31.4
1345	-0.432436	127.027872	0.004167	31.1
1346	-0.709834	126.975193	0.005864	28.9
1347	-0.525857	126.922572	0.007278	32.9
1348	-0.164639	126.870008	0.002647	29.5
1349	-0.821957	126.817503	0.006595	29.5
1350	-0.979176	126.765056	0.008492	28.9
1351	-0.776924	126.712667	0.006088	28.6
1352	-0.539136	126.660335	0.006079	28.3
1353	-0.436538	126.608061	0.006073	29.1
1354	-0.203745	126.555844	0.003936	28.7
1355	-0.004300	126.503685	0.000000	30.3
1356	-0.100673	126.451583	0.002276	31.9
1357	-0.561472	126.399538	0.004617	30.8
1358	-0.000000	126.347550	0.000000	30.7
1359	-0.594287	126.295619	0.006054	29.6
1360	-0.639831	126.243745	0.007601	35.8
1361	-0.000000	126.191928	0.000000	33.4
1362	-0.000000	126.140168	0.000000	28.6
1363	-0.707251	126.088464	0.006992	32.3
1364	-0.682886	126.036817	0.006956	31.1
1365	-0.000000	125.985226	0.000000	26.9
1366	-0.086322	125.933691	0.002106	29.6
1367	-0.001233	125.882212	0.000139	28.0
1368	-0.007196	125.830790	0.000103	29.4
1369	-0.743470	125.779423	0.004721	28.9
1370	-0.000000	125.728113	0.000000	28.5
1371	-0.000473	125.676858	0.000040	29.0
1372	-0.864442	125.625659	0.005937	29.7
1373	-0.035998	125.574515	0.001426	27.7
1374	-0.661107	125.523427	0.005575	30.9
1375	-0.526254	125.472394	0.004785	29.2
1376	-0.876361	125.421417	0.007211	30.8
1377	-0.545802	125.370495	0.006301	29.3
1378	-0.763632	125.319628	0.004983	31.1
1379	-0.000000	125.268815	0.000000	30.1
1380	-0.134685	125.218058	0.002486	32.7
1381	-0.777107	125.167356	0.006100	30.4
1382	-0.097585	125.116708	0.002086	32.9
1383	-0.525113	125.066115	0.005663	30.8
1384	-0.405743	125.015576	0.002614	33.0
1385	-0.766717	124.965092	0.005041	32.2
1386	-0.710439	124.914662	0.005622	30.9
1387	-0.255933	124.864287	0.004197	29.9
1388	-0.453723	124.813965	0.004967	27.6
1389	-0.013293	124.763698	0.001246	29.1
1390	-0.244267	124.713485	0.003356	29.7
1391	-0.694777	124.663325	0.006990	31.3
1392	-0.000000	124.613219	0.000000	28.9
1393	-0.497498	124.563167	0.006159	29.0
1394	-0.696962	124.513168	0.005000	28.1
1395	-0.590465	124.463223	0.006113	30.1
1396	-0.136549	124.413332	0.002597	28.6
1397	-0.000000	124.363493	0.000000	28.5
1398	-0.463773	124.313708	0.004500	29.3
1399	-0.963463	124.263976	0.007559	29.8
1400	-0.785369	124.214297	0.004473	28.4
1401	-0.000000	124.164671	0.000000	28.0
1402	-0.828942	124.115097	0.006030	30.2
1403	-0.388618	124.065577	0.003849	30.4
1404	-0.000000	124.016109	0.000000	30.5
1405	-0.509365	123.966693	0.004883	32.4
1406	-0.838509	123.917330	0.006951	29.6
1407	-0.542765	123.868020	0.006726	28.5
1408	-0.000000	123.818762	0.000000	28.1
1409	-0.706122	123.769556	0.006560	29.5
1410	-0.483324	123.720402	0.004083	33.6
1411	-0.747895	123.671300	0.006724	32.8
1412	-0.397017	123.622250	0.004271	32.0
1413	-0.000000	123.573252	0.000000	30.5
1414	-0.000000	123.524305	0.000000	33.1
1415	-0.068342	123.475411	0.001771	31.2
1416	-0.445743	123.426568	0.005795	27.8
1417	-0.468825	123.377776	0.005934	29.1
1418	-0.657891	123.329036	0.005318	31.1
1419	-0.581486	123.280347	0.007123	31.1
1420	-0.001870	123.231709	0.000507	30.4
1421	-0.794462	123.183122	0.005558	29.3
1422	-0.000000	123.134587	0.000000	28.9
1423	-0.000000	123.086102	0.000000	29.2
1424	-0.166405	123.037669	0.001896	29.3
1425	-0.721314	122.989286	0.005716	28.2
1426	-0.847338	122.940954	0.008206	27.0
1427	-0.844782	122.892672	0.008484	27.5
1428	-0.818730	122.844441	0.007015	28.4
1429	-0.338473	122.796261	0.003579	27.6
1430	-0.675315	122.748130	0.004997	28.8
1431	-0.792868	122.700050	0.005879	28.9
1432	-0.825825	122.652021	0.007345	28.0
1433	-0.000000	122.604041	0.000000	28.7
1434	-0.808258	122.556111	0.005409	27.8
1435	-0.716350	122.508232	0.004893	28.9
1436	-0.889628	122.460402	0.005631	27.2
1437	-0.224781	122.412622	0.002139	28.0
1438	-0.000000	122.364891	0.000000	27.5
1439	-0.384396	122.317210	0.004608	28.1
1440	-0.000000	122.269579	0.000000	25.5
1441	-0.000000	122.221997	0.000000	28.1
1442	-0.001076	122.174465	0.000039	27.3
1443	-0.444109	122.126981	0.005379	28.0
1444	-0.576119	122.079547	0.005087	28.5
1445	-0.426923	122.032162	0.006808	29.6
1446	-0.053631	121.984826	0.002702	29.6
1447	-0.455510	121.937539	0.004956	29.2
1448	-0.000000	121.890301	0.000000	29.7
1449	-0.000918	121.843112	0.000527	28.9
1450	-0.084211	121.795971	0.002405	27.6
1451	-0.293774	121.748879	0.004437	27.9
1452	-0.614245	121.701835	0.005669	28.5
1453	-0.820626	121.654840	0.007673	28.8
1454	-0.028472	121.607893	0.000190	28.3
1455	-0.064935	121.560994	0.001913	32.4
1456	-0.000000	121.514144	0.000000	27.8
1457	-0.000039	121.467342	0.000004	28.7
1458	-0.818104	121.420588	0.006341	28.8
1459	-0.434547	121.373882	0.006399	28.8
1460	-0.922891	121.327223	0.008447	28.3
1461	-0.536158	121.280613	0.003717	27.8
1462	-0.000000	121.234050	0.000000	29.1
1463	-0.618276	121.187535	0.004478	27.7
1464	-0.000000	121.141067	0.000000	28.2
1465	-0.566230	121.094647	0.006171	27.6
1466	-0.694371	121.048274	0.005585	27.7
1467	-0.419751	121.001949	0.007408	27.9
1468	-0.455668	120.955671	0.003783	29.1
1469	-0.689434	120.909440	0.004613	26.4
1470	-0.000000	120.863256	0.000000	29.3
1471	-0.000000	120.817119	0.000000	27.1
1472	-0.880362	120.771029	0.008939	28.0
1473	-0.796366	120.724986	0.006608	28.1
1474	-0.628557	120.678990	0.005398	28.1
1475	-0.000000	120.633040	0.000000	25.7
1476	-0.403077	120.587137	0.004187	29.6
1477	-0.014403	120.541281	0.000368	29.8
1478	-0.870556	120.495471	0.007308	28.1
1479	-0.911337	120.449707	0.006611	27.4
1480	-0.710997	120.403990	0.006015	29.0
1481	-0.514126	120.358319	0.004495	27.9
1482	-0.414173	120.312694	0.005233	26.6
1483	-0.695214	120.267115	0.005843	28.6
1484	-0.000000	120.221582	0.000000	27.7
1485	-0.757433	120.176096	0.007562	30.2
1486	-0.716444	120.130655	0.005347	25.9
1487	-0.850514	120.085260	0.006173	29.3
1488	-0.770615	120.039910	0.005399	28.0
1489	-1.060305	119.994606	0.007787	27.0
1490	-0.741723	119.949348	0.006464	29.6
1491	-0.138198	119.904135	0.003037	29.0
1492	-0.835378	119.858968	0.006762	29.8
1493	-0.371250	119.813846	0.006492	26.5
1494	-0.702515	119.768769	0.005660	29.1
1495	-0.491113	119.723738	0.004424	28.1
1496	-0.844050	119.678752	0.005223	29.7
1497	-0.371493	119.633810	0.004907	28.5
1498	-0.006096	119.588914	0.000186	28.4
1499	-0.721898	119.544062	0.007052	28.2
1500	-0.417647	119.499256	0.005898	28.3
1501	-0.926273	119.454494	0.007214	25.9
1502	-0.008687	119.409777	0.000064	28.9
1503	-0.815333	119.365104	0.005832	27.5
1504	-0.779568	119.320476	0.007092	26.8
1505	-1.012293	119.275893	0.006291	28.9
1506	-0.390302	119.231353	0.006592	26.9
1507	-0.943466	119.186859	0.008117	28.0
1508	-0.760240	119.142408	0.007071	28.4
1509	-0.545473	119.098002	0.004094	27.8
1510	-0.000000	119.053639	0.000000	27.4
1511	-0.061137	119.009321	0.001796	26.0
1512	-0.792269	118.965047	0.005670	28.6
1513	-0.033078	118.920816	0.002651	26.7
1514	-0.734539	118.876630	0.005208	28.3
1515	-0.866414	118.832487	0.005944	29.3
1516	-0.804233	118.788388	0.004748	29.3
1517	-0.110683	118.744332	0.002215	28.1
1518	-0.120692	118.700320	0.003540	28.9
1519	-0.000000	118.656352	0.000000	28.5
1520	-0.305636	118.612427	0.003863	27.4
1521	-0.000000	118.568545	0.000000	28.2
1522	-0.005945	118.524706	0.000098	27.3
1523	-0.000076	118.480911	0.000004	29.5
1524	-0.782782	118.437159	0.007183	27.7
1525	-0.000000	118.393450	0.000000	28.3
1526	-0.025224	118.349784	0.001280	27.0
1527	-1.013982	118.306160	0.010056	27.5
1528	-0.231226	118.262580	0.004122	29.0
1529	-0.788454	118.219042	0.005985	30.5
1530	-0.000000	118.175548	0.000000	28.8
1531	-0.683980	118.132095	0.006896	29.1
1532	-0.006583	118.088686	0.000155	28.6
1533	-0.003074	118.045319	0.000063	28.0
1534	-0.972905	118.001994	0.008015	29.2
1535	-0.000508	117.958712	0.000035	29.3
1536	-0.460080	117.915472	0.004422	28.6
1537	-0.942572	117.872274	0.007031	27.9
1538	-0.368215	117.829118	0.006607	28.8
1539	-0.000003	117.786005	0.000000	28.9
1540	-0.867188	117.742933	0.006915	28.0
1541	-0.158282	117.699904	0.001699	27.7
1542	-0.923551	117.656916	0.006730	29.3
1543	-0.514677	117.613971	0.004411	26.0
1544	-0.384940	117.571067	0.004253	28.9
1545	-0.000000	117.528205	0.000000	27.8
1546	-0.695824	117.485384	0.006042	27.3
1547	-0.743916	117.442605	0.006790	26.9
1548	-0.427725	117.399867	0.004120	29.0
1549	-0.772859	117.357171	0.005460	28.2
1550	-0.000000	117.314517	0.000000	29.1
1551	-0.005385	117.271903	0.000079	28.3
1552	-0.819947	117.229331	0.007353	28.5
1553	-0.004512	117.186800	0.000183	27.0
1554	-0.830160	117.144311	0.007134	29.1
1555	-0.309415	117.101862	0.004084	28.3
1556	-0.731050	117.059454	0.006666	26.2
1557	-0.000000	117.017087	0.000000	28.2
1558	-0.741331	116.974762	0.005724	30.2
1559	-0.658295	116.932476	0.007349	28.4
1560	-0.860134	116.890232	0.006772	28.5
1561	-0.000000	116.848028	0.000000	27.8
1562	-0.761608	116.805865	0.004854	29.9
1563	-0.004040	116.763743	0.000111	28.4
1564	-0.407809	116.721661	0.005845	27.9
1565	-0.001051	116.679619	0.000077	28.6
1566	-0.611688	116.637618	0.006349	31.2
1567	-0.816490	116.595657	0.005059	28.7
1568	-0.288189	116.553736	0.003771	27.0
1569	-0.956189	116.511855	0.006019	29.0
1570	-0.679123	116.470015	0.006933	29.4
1571	-0.694080	116.428214	0.006095	29.4
1572	-0.000001	116.386454	0.000000	27.0
1573	-0.871112	116.344733	0.006126	29.7
1574	-0.000000	116.303052	0.000000	28.9
1575	-0.693078	116.261412	0.004299	27.9
1576	-0.588793	116.219810	0.004820	30.1
1577	-0.375149	116.178249	0.003292	29.2
1578	-0.971797	116.136727	0.006412	29.2
1579	-0.012391	116.095245	0.000777	28.5
1580	-0.561590	116.053802	0.005987	28.0
1581	-0.495516	116.012398	0.005714	28.2
1582	-0.782568	115.971034	0.007614	27.5
1583	-0.000000	115.929710	0.000000	28.5
1584	-0.000000	115.888424	0.000000	26.8
1585	-0.000000	115.847178	0.000000	28.9
1586	-0.493617	115.805970	0.005026	28.0
1587	-0.159994	115.764802	0.001750	28.9
1588	-0.506574	115.723673	0.004853	28.5
1589	-0.026704	115.682583	0.002060	28.7
1590	-0.246294	115.641532	0.002181	27.0
1591	-0.003610	115.600519	0.000352	28.7
1592	-0.000000	115.559546	0.000000	29.3
1593	-0.702543	115.518610	0.006859	28.9
1594	-0.000000	115.477714	0.000000	28.5
1595	-0.249928	115.436856	0.003764	28.1
1596	-0.177955	115.396037	0.003582	28.1
1597	-0.849131	115.355256	0.007650	27.7
1598	-0.660370	115.314514	0.006876	26.8
1599	-0.412792	115.273810	0.004395	29.2
1600	-0.354585	115.233144	0.004717	28.4
1601	-0.414592	115.192517	0.004739	27.0
1602	-0.892389	115.151927	0.007595	33.3
1603	-0.663781	115.111376	0.005261	28.7
1604	-0.000000	115.070863	0.000000	29.9
1605	-0.694594	115.030388	0.006193	28.4
1606	-0.650034	114.989951	0.006813	28.1
1607	-0.858837	114.949551	0.005955	27.5
1608	-0.196435	114.909190	0.002342	31.1
1609	-1.021276	114.868866	0.009471	27.7
1610	-0.539796	114.828580	0.005971	29.3
1611	-0.782757	114.788332	0.005470	29.0
1612	-0.578322	114.748121	0.004488	27.8
1613	-0.713358	114.707948	0.008185	27.4
1614	-0.744106	114.667812	0.006045	28.2
1615	-0.804495	114.627714	0.007608	28.6
1616	-0.477288	114.587653	0.003752	29.6
1617	-0.772857	114.547629	0.008315	26.8
1618	-0.168254	114.507643	0.003269	29.8
1619	-0.400128	114.467693	0.004582	28.5
1620	-0.902210	114.427781	0.007648	27.7
1621	-0.523459	114.387907	0.005907	25.8
1622	-0.955236	114.348069	0.006469	28.7
1623	-1.017872	114.308268	0.010043	27.8
1624	-0.000000	114.268504	0.000000	28.2
1625	-0.878590	114.228777	0.008699	26.5
1626	-0.862064	114.189086	0.005609	28.6
1627	-0.709925	114.149433	0.005202	27.3
1628	-0.009108	114.109816	0.000398	27.3
1629	-0.883285	114.070235	0.007871	29.1
1630	-0.706782	114.030692	0.006085	26.6
1631	-0.706361	113.991185	0.006704	27.8
1632	-0.924626	113.951714	0.006418	29.0
1633	-0.563392	113.912280	0.004859	27.9
1634	-0.000000	113.872882	0.000000	29.0
1635	-0.387095	113.833521	0.004496	28.6
1636	-0.485525	113.794195	0.006361	28.8
1637	-0.817771	113.754906	0.005726	27.2
1638	-0.000046	113.715653	0.000004	27.8
1639	-0.875696	113.676437	0.006850	32.0
1640	-0.862544	113.637256	0.006230	27.9
1641	-0.826303	113.598111	0.007713	27.7
1642	-0.783549	113.559002	0.007648	25.6
1643	-0.453113	113.519929	0.006499	28.9
1644	-0.707522	113.480892	0.006927	26.7
1645	-0.000635	113.441891	0.000023	27.9
1646	-0.000000	113.402925	0.000000	28.5
1647	-0.884373	113.363995	0.006502	27.6
1648	-0.811955	113.325101	0.006341	27.8
1649	-0.027508	113.286242	0.001643	27.9
1650	-0.406386	113.247419	0.004335	28.2
1651	-0.000000	113.208631	0.000000	28.2
1652	-0.570501	113.169879	0.004719	28.1
1653	-0.806363	113.131162	0.004508	28.9
1654	-0.645913	113.092480	0.005183	28.9
1655	-0.648127	113.053833	0.007541	29.1
1656	-0.000000	113.015222	0.000000	28.7
1657	-0.000000	112.976646	0.000000	28.0
1658	-0.614071	112.938105	0.004774	26.1
1659	-0.024818	112.899599	0.000914	28.5
1660	-0.942490	112.861128	0.005248	27.9
1661	-0.855809	112.822692	0.006442	28.5
1662	-0.000000	112.784291	0.000000	27.3
1663	-0.576405	112.745924	0.007623	28.5
1664	-0.241839	112.707593	0.004277	27.8
1665	-0.436801	112.669296	0.007302	27.4
1666	-0.830593	112.631034	0.005116	28.1
1667	-0.104186	112.592806	0.002443	27.4
1668	-0.650613	112.554613	0.007351	28.6
1669	-0.781060	112.516455	0.006136	27.2
1670	-0.789802	112.478331	0.004818	29.3
1671	-0.567533	112.440241	0.006420	29.9
1672	-0.394120	112.402186	0.004536	29.3
1673	-0.850146	112.364165	0.009185	29.0
1674	-0.468265	112.326179	0.006564	31.3
1675	-0.236691	112.288227	0.004398	30.3
1676	-0.362753	112.250309	0.004051	28.7
1677	-0.877057	112.212425	0.008610	28.6
1678	-0.540643	112.174575	0.004310	29.2
1679	-0.855544	112.136759	0.005323	29.0
1680	-0.000000	112.098977	0.000000	27.4
1681	-0.807678	112.061229	0.005719	27.7
1682	-0.775815	112.023515	0.005546	26.9
1683	-0.431069	111.985834	0.005478	28.4
1684	-0.890921	111.948188	0.006262	28.2
1685	-0.943407	111.910575	0.007673	27.6
1686	-0.142818	111.872996	0.002481	28.0
1687	-0.000000	111.835450	0.000000	27.7
1688	-0.465717	111.797939	0.004717	26.9
1689	-0.507702	111.760460	0.006126	28.7
1690	-0.693426	111.723015	0.007156	26.6
1691	-0.056266	111.685604	0.003884	29.7
1692	-0.000000	111.648226	0.000000	28.4
1693	-0.780423	111.610881	0.005887	29.6
1694	-0.647797	111.573570	0.005428	27.9
1695	-0.603904	111.536292	0.005648	29.8
1696	-0.115534	111.499047	0.001285	28.6
1697	-0.000000	111.461835	0.000000	27.8
1698	-0.738819	111.424656	0.003944	28.1
1699	-0.553677	111.387510	0.006653	28.7
1700	-0.930980	111.350398	0.009384	28.4
1701	-0.575561	111.313318	0.005124	27.7
1702	-0.000000	111.276271	0.000000	28.2
1703	-0.000000	111.239257	0.000000	27.8
1704	-0.695255	111.202276	0.006237	27.1
1705	-0.997842	111.165328	0.007340	27.0
1706	-0.166351	111.128412	0.002036	29.5
1707	-0.058650	111.091529	0.002198	28.2
1708	-0.000000	111.054679	0.000000	27.8
1709	-0.582476	111.017861	0.006627	27.7
1710	-0.677751	110.981076	0.006549	27.7
1711	-0.000003	110.944323	0.000000	25.8
1712	-0.046998	110.907603	0.000878	28.4
1713	-0.826434	110.870915	0.007202	29.0
1714	-1.014043	110.834259	0.006807	27.7
1715	-0.000000	110.797636	0.000000	28.0
1716	-0.759181	110.761045	0.005440	28.1
1717	-0.510440	110.724486	0.005494	29.2
1718	-0.600738	110.687959	0.005126	28.4
1719	-0.862851	110.651465	0.005111	29.2
1720	-0.000000	110.615002	0.000000	29.3
1721	-0.741566	110.578572	0.005673	27.7
1722	-0.831636	110.542173	0.006521	27.8
1723	-0.000000	110.505807	0.000000	26.8
1724	-0.078199	110.469472	0.001731	29.1
1725	-0.543591	110.433169	0.004427	27.7
1726	-0.676984	110.396898	0.005961	27.8
1727	-0.844128	110.360659	0.009287	27.5
1728	-0.010388	110.324451	0.000270	28.5
1729	-0.711148	110.288276	0.005638	26.5
1730	-0.841682	110.252131	0.006220	28.7
1731	-0.577939	110.216019	0.004896	28.2
1732	-0.777956	110.179937	0.007288	28.6
1733	-0.717215	110.143888	0.006116	27.8
1734	-0.872059	110.107869	0.006276	28.9
1735	-0.377833	110.071882	0.004609	26.4
1736	-0.410020	110.035927	0.004587	27.7
1737	-0.812991	110.000003	0.008272	27.4
1738	-0.798465	109.964110	0.006740	28.0
1739	-0.719495	109.928248	0.006032	26.2
1740	-0.781249	109.892417	0.007677	28.0
1741	-0.012491	109.856618	0.000153	26.5
1742	-0.915841	109.820850	0.007253	29.1
1743	-0.807996	109.785112	0.006177	29.6
1744	-0.000000	109.749406	0.000000	28.6
1745	-0.000000	109.713730	0.000000	26.9
1746	-0.000000	109.678086	0.000000	29.0
1747	-0.344899	109.642472	0.005688	28.3
1748	-0.522629	109.606890	0.006040	27.7
1749	-0.311818	109.571337	0.003183	28.2
1750	-0.894933	109.535816	0.007106	28.9
1751	-0.941481	109.500326	0.007363	29.0
1752	-0.446965	109.464866	0.005021	28.9
1753	-0.000000	109.429436	0.000000	29.9
1754	-0.000000	109.394038	0.000000	30.3
1755	-0.951381	109.358669	0.006189	29.9
1756	-0.802852	109.323331	0.005668	28.9
1757	-0.088371	109.288024	0.001239	26.3
1758	-0.112287	109.252747	0.003228	29.2
1759	-0.692654	109.217501	0.004638	28.5
1760	-0.914919	109.182284	0.008585	30.8
1761	-0.000000	109.147098	0.000000	26.8
1762	-0.785844	109.111942	0.005639	29.2
1763	-0.798445	109.076817	0.008457	31.3
1764	-0.000000	109.041721	0.000000	29.2
1765	-0.922491	109.006656	0.007174	27.6
1766	-0.859325	108.971620	0.006829	29.4
1767	-0.094290	108.936615	0.001377	28.2
1768	-0.389934	108.901640	0.003702	29.5
1769	-0.763797	108.866694	0.006192	27.6
1770	-0.555198	108.831779	0.003622	28.6
1771	-0.826339	108.796893	0.006754	27.7
1772	-0.060414	108.762037	0.001043	27.9
1773	-0.007452	108.727211	0.000166	25.7
1774	-0.955998	108.692415	0.006993	28.3
1775	-0.003185	108.657648	0.000701	27.3
1776	-0.458643	108.622911	0.005108	29.2
1777	-0.883245	108.588203	0.006377	28.1
1778	-0.209151	108.553525	0.003724	30.5
1779	-0.000000	108.518877	0.000000	30.3
1780	-0.009038	108.484258	0.000181	27.5
1781	-0.000000	108.449668	0.000000	28.3
1782	-0.700121	108.415108	0.006017	27.8
1783	-0.193939	108.380578	0.002632	27.6
1784	-0.795081	108.346076	0.007315	27.2
1785	-0.000000	108.311604	0.000000	28.6
1786	-0.477875	108.277161	0.006035	27.2
1787	-0.569352	108.242747	0.004708	29.0
1788	-0.196462	108.208363	0.002742	28.0
1789	-0.680565	108.174007	0.004396	28.6
1790	-0.775968	108.139681	0.004220	26.9
1791	-0.367395	108.105383	0.006589	29.7
1792	-0.044111	108.071115	0.001336	27.1
1793	-0.916632	108.036875	0.006548	28.3
1794	-0.544129	108.002665	0.005894	29.4
1795	-0.000014	107.968483	0.000002	28.4
1796	-0.016555	107.934330	0.000360	28.4
1797	-0.003435	107.900206	0.000069	26.9
1798	-0.613905	107.866111	0.006002	29.1
1799	-0.362514	107.832044	0.003808	28.1
1800	-0.983253	107.798007	0.008258	26.9
1801	-0.000000	107.763997	0.000000	29.3
1802	-0.000000	107.730017	0.000000	29.5
1803	-0.907112	107.696065	0.006663	28.9
1804	-0.763196	107.662141	0.003964	27.3
1805	-0.672433	107.628246	0.006600	30.2
1806	-0.524494	107.594379	0.006209	29.1
1807	-0.873509	107.560541	0.006665	29.3
1808	-0.829529	107.526731	0.005312	28.3
1809	-0.000000	107.492949	0.000000	27.1
1810	-0.000000	107.459196	0.000000	29.8
1811	-0.000000	107.425471	0.000000	27.0
1812	-0.000000	107.391774	0.000000	27.5
1813	-0.774091	107.358106	0.005499	29.5
1814	-0.477370	107.324465	0.005171	27.8
1815	-0.246111	107.290853	0.004486	27.8
1816	-0.460296	107.257268	0.004958	26.7
1817	-0.818455	107.223712	0.006242	28.3
1818	-0.884791	107.190184	0.006924	27.1
1819	-0.000000	107.156683	0.000000	28.5
1820	-0.434872	107.123211	0.005807	28.0
1821	-0.000078	107.089766	0.000004	27.7
1822	-0.427709	107.056349	0.004280	28.3
1823	-0.036584	107.022960	0.001180	32.3
1824	-0.407542	106.989599	0.003941	29.3
1825	-0.000000	106.956265	0.000000	28.8
1826	-0.687964	106.922960	0.007069	28.6
1827	-0.631433	106.889681	0.005999	29.3
1828	-0.747225	106.856431	0.005254	28.1
1829	-0.000630	106.823208	0.000104	27.9
1830	-0.513219	106.790012	0.006014	28.2
1831	-0.406105	106.756844	0.004574	29.8
1832	-0.363704	106.723703	0.004124	32.0
1833	-0.597080	106.690590	0.007394	29.8
1834	-0.000000	106.657505	0.000000	29.0
1835	-0.641340	106.624446	0.005027	28.1
1836	-0.513044	106.591415	0.004412	28.8
1837	-0.429974	106.558411	0.005843	29.3
1838	-0.211879	106.525435	0.004241	30.8
1839	-0.027431	106.492485	0.002154	27.6
1840	-0.844947	106.459563	0.006943	29.3
1841	-0.649674	106.426668	0.006188	29.3
1842	-0.624379	106.393800	0.006016	30.2
1843	-0.891347	106.360959	0.006369	29.6
1844	-0.882716	106.328145	0.006818	28.3
1845	-0.713584	106.295358	0.006521	31.1
1846	-0.028925	106.262598	0.001033	29.5
1847	-0.780955	106.229865	0.007225	29.7
1848	-0.012832	106.197158	0.000323	29.4
1849	-0.000000	106.164479	0.000000	27.8
1850	-0.027747	106.131826	0.001693	27.4
1851	-0.511783	106.099201	0.006252	27.4
1852	-0.589744	106.066602	0.006494	28.0
1853	-0.554306	106.034029	0.006362	26.8
1854	-0.471867	106.001483	0.005255	28.6
1855	-0.615919	105.968964	0.005076	26.6
1856	-0.779982	105.936472	0.006223	28.2
1857	-0.890875	105.904006	0.005286	28.9
1858	-0.890154	105.871566	0.006595	27.8
1859	-0.000212	105.839153	0.000010	28.1
1860	-0.000000	105.806767	0.000000	28.4
1861	-0.106803	105.774407	0.001324	28.4
1862	-0.414408	105.742073	0.004921	27.2
1863	-0.000000	105.709766	0.000000	28.8
1864	-0.054521	105.677485	0.002815	29.0
1865	-0.376672	105.645230	0.006911	28.9
1866	-0.147045	105.613001	0.003252	28.1
1867	-0.537628	105.580799	0.005016	28.5
1868	-0.000000	105.548623	0.000000	27.8
1869	-0.686258	105.516473	0.005467	28.1
1870	-0.729468	105.484349	0.007249	26.9
1871	-0.842888	105.452251	0.006266	30.5
1872	-0.768191	105.420179	0.005890	27.7
1873	-0.879315	105.388133	0.006475	27.4
1874	-0.829724	105.356113	0.007966	27.8
1875	-0.007270	105.324119	0.000164	29.3
1876	-0.000202	105.292151	0.000010	25.9
1877	-0.000000	105.260209	0.000000	28.2
1878	-0.162733	105.228293	0.003686	27.9
1879	-0.786458	105.196402	0.006352	26.9
1880	-0.962925	105.164537	0.006450	28.3
1881	-0.837593	105.132698	0.005536	28.6
1882	-0.699004	105.100885	0.004812	27.9
1883	-0.666317	105.069097	0.005574	25.7
1884	-0.583546	105.037335	0.005757	29.7
1885	-0.770366	105.005598	0.004944	29.0
1886	-0.047458	104.973887	0.001385	27.0
1887	-0.699736	104.942202	0.005975	29.7
1888	-0.351176	104.910542	0.003237	30.1
1889	-0.573374	104.878907	0.006918	29.4
1890	-0.000000	104.847298	0.000000	27.8
1891	-0.302775	104.815715	0.003322	28.5
1892	-0.723734	104.784156	0.004801	28.8
1893	-0.668045	104.752623	0.005292	27.3
1894	-0.354930	104.721116	0.003862	28.0
1895	-0.000003	104.689633	0.000008	27.3
1896	-0.889314	104.658176	0.007291	28.3
1897	-0.351677	104.626744	0.004134	27.2
1898	-0.000056	104.595337	0.000003	28.1
1899	-0.690188	104.563955	0.006819	27.8
1900	-0.776544	104.532599	0.008289	26.5
1901	-0.404481	104.501267	0.004473	28.2
1902	-0.847963	104.469960	0.008549	27.8
1903	-0.997484	104.438679	0.007148	27.2
1904	-1.132931	104.407422	0.008944	28.3
1905	-0.466650	104.376191	0.005921	28.7
1906	-0.092950	104.344984	0.001392	29.3
1907	-0.538676	104.313802	0.004613	28.8
1908	-0.644388	104.282645	0.006693	29.5
1909	-0.628250	104.251513	0.006258	29.5
1910	-0.000000	104.220405	0.000000	27.7
1911	-0.000000	104.189323	0.000000	29.2
1912	-0.279303	104.158265	0.004234	27.5
1913	-0.000000	104.127231	0.000000	30.4
1914	-0.000000	104.096222	0.000000	28.7
1915	-0.000000	104.065238	0.000000	28.1
1916	-0.409576	104.034279	0.005238	28.5
1917	-0.369174	104.003344	0.004140	29.1
1918	-0.000000	103.972433	0.000000	28.7
1919	-0.002260	103.941547	0.000062	28.0
1920	-0.039472	103.910686	0.000933	28.5
1921	-0.000000	103.879849	0.000000	31.3
1922	-0.506445	103.849036	0.005948	30.3
1923	-0.693445	103.818248	0.006963	27.2
1924	-0.156274	103.787484	0.002428	27.9
1925	-0.696483	103.756744	0.005935	27.6
1926	-0.000000	103.726029	0.000000	27.7
1927	-0.063941	103.695338	0.001409	27.9
1928	-0.624416	103.664671	0.004090	28.1
1929	-0.773475	103.634028	0.005457	27.1
1930	-1.090843	103.603409	0.008627	28.8
1931	-1.004432	103.572814	0.006650	29.3
1932	-0.006270	103.542244	0.000134	31.7
1933	-0.017511	103.511698	0.000185	29.3
1934	-0.000000	103.481175	0.000000	28.9
1935	-0.237072	103.450677	0.004506	28.7
1936	-0.658375	103.420202	0.004772	28.0
1937	-0.000000	103.389752	0.000000	29.3
1938	-0.385068	103.359325	0.004838	25.8
1939	-0.000000	103.328922	0.000000	28.6
1940	-0.004360	103.298543	0.000196	28.8
1941	-0.884009	103.268188	0.005663	29.3
1942	-0.890499	103.237857	0.004731	30.1
1943	-0.047785	103.207549	0.001937	27.3
1944	-0.936009	103.177265	0.005162	30.2
1945	-0.489147	103.147005	0.003639	29.0
1946	-0.047400	103.116768	0.001064	29.1
1947	-0.004129	103.086556	0.000000	27.6
1948	-0.200494	103.056366	0.002415	27.7
1949	-0.000000	103.026200	0.000000	27.0
1950	-0.679223	102.996058	0.005394	27.7
1951	-0.576648	102.965939	0.006078	27.3
1952	-0.477470	102.935844	0.006612	28.2
1953	-0.000000	102.905772	0.000000	29.2
1954	-0.551145	102.875724	0.006049	28.9
1955	-0.608896	102.845699	0.007912	29.2
1956	-0.521971	102.815697	0.003206	27.4
1957	-0.394317	102.785719	0.004950	29.9
1958	-0.758162	102.755764	0.007173	28.5
1959	-0.000000	102.725832	0.000000	30.0
1960	-0.944310	102.695924	0.007913	29.2
1961	-0.003248	102.666038	0.000053	29.2
1962	-0.989106	102.636176	0.007761	28.1
1963	-0.592226	102.606337	0.005632	28.3
1964	-0.836118	102.576521	0.005952	28.1
1965	-0.030707	102.546728	0.000274	26.2
1966	-0.277912	102.516959	0.004181	28.9
1967	-0.779496	102.487212	0.007403	27.6
1968	-0.000000	102.457488	0.000000	29.4
1969	-0.813318	102.427788	0.005254	29.0
1970	-0.683410	102.398110	0.005862	28.4
1971	-0.000000	102.368455	0.000000	28.5
1972	-0.774993	102.338823	0.005509	26.7
1973	-0.614311	102.309214	0.006743	29.1
1974	-0.736975	102.279628	0.006740	28.3
1975	-0.001641	102.250064	0.000036	28.5
1976	-0.572282	102.220524	0.007830	28.9
1977	-0.735120	102.191006	0.004291	28.9
1978	-0.969116	102.161511	0.005465	29.7
1979	-0.000000	102.132038	0.000000	27.5
1980	-0.000054	102.102588	0.000004	28.7
1981	-0.394504	102.073161	0.005902	28.6
1982	-0.000000	102.043757	0.000000	27.3
1983	-0.976301	102.014375	0.006314	27.0
1984	-0.000000	101.985015	0.000000	29.1
1985	-0.006603	101.955678	0.000138	27.1
1986	-0.797200	101.926364	0.007225	27.7
1987	-0.000000	101.897072	0.000000	26.6
1988	-0.006518	101.867802	0.001246	28.7
1989	-0.167586	101.838555	0.001126	27.8
1990	-0.035852	101.809330	0.000383	28.2
1991	-0.000112	101.780128	0.000003	29.3
1992	-1.133529	101.750948	0.008851	28.2
1993	-0.000000	101.721790	0.000000	29.4
1994	-0.008590	101.692654	0.000541	28.6
1995	-0.784424	101.663541	0.005321	29.8
1996	-0.736172	101.634450	0.006504	26.9
1997	-0.000000	101.605381	0.000000	27.6
1998	-0.764236	101.576335	0.005755	28.0
1999	-0.000000	101.547310	0.000000	27.2
