1:ItNr	2:Metric	3:StepSize	4:||Gradient||	Time[ms]
0	-0.717802	627.201626	0.016441	639.4
1	-0.989031	623.504937	0.024536	3.6
2	-0.863589	619.865785	0.024855	3.6
3	-0.570220	616.282728	0.051145	3.5
4	-0.000000	612.754375	0.000000	3.9
5	-0.325113	609.279381	0.005394	3.7
6	-0.659186	605.856447	0.015184	3.9
7	-0.000000	602.484317	0.000000	3.5
8	-0.000000	599.161779	0.000000	3.5
9	-0.626350	595.887656	0.020354	3.9
10	-0.000000	592.660813	0.000000	4.0
11	-0.417130	589.480151	0.010874	3.7
12	-0.771514	586.344606	0.010788	3.7
13	-0.239456	583.253145	0.003536	4.3
14	-0.000000	580.204771	0.000000	4.4
15	-0.671096	577.198517	0.022149	4.0
16	-0.702894	574.233444	0.022378	4.6
17	-0.810307	571.308645	0.020169	4.9
18	-0.785338	568.423237	0.025384	4.1
19	-0.418217	565.576365	0.014163	5.0
20	-0.000000	562.767201	0.000000	4.8
21	-0.915960	559.994938	0.012021	3.7
22	-0.518571	557.258797	0.008524	3.7
23	-0.037097	554.558018	0.001972	5.0
24	-1.044650	551.891865	0.015888	4.4
25	-0.901220	549.259621	0.019765	4.4
26	-0.649389	546.660592	0.024287	4.8
27	-0.640108	544.094102	0.020531	4.4
28	-0.505711	541.559494	0.004893	3.8
29	-0.354464	539.056129	0.011389	4.6
30	-0.000000	536.583387	0.000000	4.0
31	-0.631375	534.140663	0.012647	4.2
32	-0.000000	531.727370	0.000000	4.6
33	-0.091288	529.342935	0.003760	4.7
34	-0.974132	526.986802	0.009975	4.6
35	-0.261505	524.658430	0.007075	4.0
36	-0.226447	522.357290	0.002004	5.0
37	-0.000000	520.082868	0.000000	4.6
38	-0.011256	517.834665	0.000801	4.8
39	-0.893649	515.612193	0.012597	3.9
40	-0.750775	513.414976	0.012805	5.2
41	-0.288056	511.242551	0.008969	4.0
42	-0.979945	509.094468	0.031569	4.6
43	-0.817646	506.970285	0.031543	4.6
44	-0.000000	504.869574	0.000000	4.3
45	-0.461466	502.791916	0.018046	4.5
46	-0.293227	500.736903	0.002644	4.2
47	-0.952275	498.704137	0.035034	4.5
48	-0.125163	496.693228	0.005607	4.4
49	-0.000000	494.703798	0.000000	3.9
50	-0.000000	492.735476	0.000000	4.1
51	-0.000000	490.787900	0.000000	3.9
52	-0.394388	488.860718	0.027186	4.5
53	-0.297765	486.953585	0.007717	4.0
54	-0.830962	485.066164	0.018648	4.6
55	-0.199722	483.198126	0.003364	4.6
56	-0.877647	481.349149	0.009565	4.0
57	-0.311658	479.518920	0.007563	3.9
58	-0.730703	477.707132	0.035719	4.5
59	-0.487759	475.913485	0.006127	4.6
60	-0.933648	474.137684	0.023431	4.2
61	-0.450010	472.379445	0.019672	5.0
62	-0.000000	470.638485	0.000000	5.3
63	-0.281219	468.914531	0.003202	4.6
64	-0.667061	467.207315	0.009890	4.6
65	-0.782471	465.516573	0.027056	5.7
66	-0.000000	463.842050	0.000000	4.1
67	-0.934060	462.183494	0.010923	4.9
68	-0.515038	460.540658	0.015422	5.0
69	-0.656775	458.913303	0.013864	4.1
70	-0.505124	457.301192	0.006379	4.1
71	-0.264165	455.704096	0.007640	4.9
72	-0.000000	454.121787	0.000000	4.3
73	-0.959579	452.554045	0.027809	4.1
74	-0.488091	451.000653	0.025276	4.2
75	-0.709735	449.461399	0.010716	4.8
76	-0.000042	447.936075	0.000003	4.2
77	-0.820448	446.424477	0.016036	4.1
78	-0.023898	444.926406	0.000287	4.7
79	-0.650029	443.441666	0.007547	4.4
80	-0.801555	441.970065	0.012225	4.4
81	-0.598210	440.511415	0.018402	4.6
82	-0.526654	439.065533	0.027898	4.9
83	-0.639984	437.632238	0.008949	4.2
84	-0.461097	436.211351	0.009985	4.5
85	-0.000000	434.802701	0.000000	4.3
86	-0.819687	433.406117	0.011641	4.3
87	-0.086226	432.021430	0.002976	4.2
88	-0.000042	430.648479	0.000038	5.0
89	-0.000000	429.287101	0.000000	5.0
90	-0.845794	427.937140	0.018623	4.2
91	-0.153633	426.598440	0.001075	4.3
92	-0.588324	425.270849	0.013073	4.9
93	-0.099901	423.954220	0.002350	4.3
94	-0.584226	422.648404	0.011644	4.6
95	-0.069350	421.353259	0.002397	4.3
96	-0.064265	420.068643	0.002565	4.5
97	-0.031084	418.794419	0.000719	4.9
98	-0.000000	417.530451	0.000000	4.7
99	-0.493718	416.276604	0.008688	5.1
100	-0.933238	415.032748	0.014869	5.1
101	-0.953340	413.798754	0.011291	4.2
102	-0.000000	412.574495	0.000000	5.0
103	-0.621089	411.359849	0.012651	4.6
104	-0.833577	410.154691	0.037374	4.2
105	-0.613318	408.958904	0.008951	4.2
106	-0.578870	407.772368	0.008243	5.3
107	-0.614824	406.594968	0.007770	4.4
108	-0.951931	405.426590	0.007977	4.8
109	-0.000005	404.267122	0.000000	5.1
110	-0.515550	403.116456	0.007027	4.5
111	-0.968222	401.974481	0.011794	4.2
112	-0.000000	400.841093	0.000000	5.2
113	-0.756148	399.716187	0.023198	4.4
114	-0.064259	398.599660	0.004114	4.2
115	-0.000000	397.491411	0.000000	4.2
116	-0.000000	396.391342	0.000000	4.6
117	-0.222346	395.299353	0.002970	4.4
118	-0.752310	394.215350	0.018228	4.2
119	-0.117905	393.139238	0.005457	4.8
120	-0.789848	392.070924	0.019005	4.2
121	-0.742660	391.010316	0.014427	5.2
122	-0.000650	389.957325	0.000058	5.1
123	-0.866841	388.911862	0.022997	4.4
124	-0.479183	387.873839	0.008279	4.6
125	-0.877362	386.843173	0.008493	4.3
126	-0.000000	385.819777	0.000000	4.7
127	-0.751313	384.803569	0.019007	4.3
128	-0.711009	383.794468	0.021022	4.5
129	-0.729520	382.792393	0.011473	5.0
130	-0.961486	381.797264	0.044560	4.3
131	-0.229246	380.809005	0.006871	4.7
132	-0.814981	379.827537	0.010127	5.5
133	-0.005758	378.852786	0.000466	4.3
134	-0.821037	377.884678	0.030567	5.2
135	-0.532202	376.923138	0.008682	5.1
136	-0.775758	375.968095	0.010625	5.6
137	-0.555541	375.019479	0.007820	4.7
138	-0.637055	374.077218	0.008621	5.6
139	-0.750490	373.141244	0.014315	5.9
140	-0.095430	372.211489	0.001508	5.1
141	-0.854521	371.287887	0.017184	6.2
142	-0.538040	370.370370	0.014039	7.4
143	-0.327327	369.458876	0.004046	5.7
144	-0.000000	368.553338	0.000000	5.7
145	-0.972609	367.653696	0.010766	5.3
146	-0.739574	366.759885	0.035894	5.8
147	-0.500627	365.871846	0.015474	5.1
148	-0.000565	364.989518	0.000013	6.0
149	-0.497501	364.112841	0.026040	4.9
150	-0.000000	363.241757	0.000000	5.1
151	-0.411857	362.376208	0.008260	6.0
152	-0.027032	361.516137	0.000769	5.9
153	-0.501243	360.661488	0.006816	5.1
154	-0.616582	359.812206	0.011646	5.7
155	-0.098330	358.968236	0.002985	4.8
156	-0.467054	358.129524	0.011637	5.2
157	-0.463910	357.296018	0.010243	5.1
158	-0.000000	356.467665	0.000000	4.9
159	-0.697594	355.644414	0.007096	5.4
160	-0.866854	354.826213	0.013093	4.9
161	-0.853501	354.013012	0.025446	4.6
162	-0.000000	353.204763	0.000000	4.6
163	-0.715359	352.401415	0.005959	4.4
164	-0.000000	351.602922	0.000000	4.6
165	-0.000000	350.809235	0.000000	4.3
166	-0.455260	350.020308	0.012425	4.7
167	-0.866540	349.236095	0.013188	4.9
168	-0.748299	348.456550	0.011355	4.3
169	-0.000000	347.681627	0.000000	4.7
170	-0.712059	346.911283	0.023412	4.9
171	-0.702614	346.145474	0.011173	4.5
172	-0.320008	345.384157	0.003057	4.8
173	-1.015581	344.627288	0.043375	4.2
174	-0.905352	343.874826	0.026852	4.7
175	-0.001194	343.126729	0.000356	4.6
176	-1.000981	342.382957	0.014094	4.2
177	-0.000000	341.643469	0.000000	4.8
178	-0.154386	340.908224	0.004258	6.5
179	-0.595715	340.177184	0.007962	4.3
180	-0.668211	339.450309	0.018266	4.9
181	-0.000000	338.727561	0.000000	4.5
182	-0.082465	338.008902	0.002540	4.3
183	-0.844848	337.294295	0.008123	4.2
184	-0.518137	336.583703	0.018582	5.4
185	-0.870964	335.877089	0.015435	4.4
186	-0.349323	335.174416	0.005999	4.4
187	-0.763046	334.475651	0.039672	4.9
188	-0.728243	333.780756	0.005372	4.2
189	-0.000186	333.089698	0.000013	4.2
190	-0.000000	332.402443	0.000000	3.9
191	-0.724608	331.718955	0.022934	5.1
192	-0.597215	331.039203	0.005824	4.3
193	-0.772699	330.363153	0.007680	4.1
194	-0.350201	329.690771	0.002064	5.5
195	-0.000000	329.022027	0.000000	4.3
196	-0.995635	328.356888	0.025785	4.3
197	-0.000000	327.695322	0.000000	4.8
198	-0.558498	327.037299	0.012963	4.9
199	-0.000000	326.382787	0.000000	4.3
200	-0.266422	325.731758	0.008518	4.7
201	-0.000000	325.084179	0.000000	4.7
202	-1.040165	324.440023	0.029909	4.3
203	-0.899070	323.799258	0.031187	4.5
204	-0.927538	323.161858	0.015329	5.0
205	-0.001028	322.527792	0.000111	4.3
206	-0.509278	321.897034	0.006395	4.7
207	-0.010454	321.269554	0.001677	4.4
208	-0.430439	320.645325	0.006175	4.8
209	-0.051587	320.024320	0.002037	4.3
210	-0.389352	319.406512	0.007081	4.8
211	-0.680956	318.791875	0.012184	4.9
212	-1.012910	318.180381	0.009084	4.3
213	-0.000000	317.572005	0.000000	4.1
214	-0.637527	316.966721	0.015184	4.8
215	-0.000000	316.364504	0.000000	4.3
216	-0.000000	315.765329	0.000000	4.6
217	-0.000000	315.169170	0.000000	4.1
218	-0.978703	314.576003	0.031688	4.7
219	-0.959773	313.985804	0.024208	4.5
220	-0.881277	313.398548	0.011952	4.1
221	-0.000000	312.814213	0.000000	4.7
222	-0.620700	312.232773	0.007067	4.7
223	-0.956950	311.654207	0.010724	4.1
224	-0.478261	311.078491	0.018238	4.0
225	-0.000000	310.505602	0.000000	5.1
226	-0.000000	309.935518	0.000000	4.7
227	-0.803437	309.368217	0.010528	4.7
228	-0.836227	308.803676	0.016069	5.1
229	-0.000000	308.241874	0.000000	4.7
230	-0.443580	307.682789	0.006423	4.2
231	-0.141455	307.126400	0.004503	4.8
232	-0.000000	306.572687	0.000000	4.6
233	-0.000000	306.021627	0.000000	4.2
234	-0.384255	305.473201	0.005574	4.2
235	-0.447005	304.927388	0.008384	5.2
236	-0.534398	304.384168	0.007730	4.5
237	-0.000000	303.843521	0.000000	4.3
238	-0.718005	303.305427	0.010745	6.2
239	-0.946411	302.769867	0.009036	4.4
240	-0.821204	302.236821	0.013511	4.2
241	-0.000000	301.706270	0.000000	4.7
242	-0.931562	301.178196	0.022827	4.5
243	-0.000000	300.652580	0.000000	4.3
244	-0.622858	300.129402	0.016344	4.2
245	-0.844654	299.608645	0.021094	4.7
246	-0.131320	299.090291	0.002138	5.7
247	-0.687112	298.574321	0.011936	4.3
248	-0.870202	298.060718	0.012304	5.1
249	-0.907550	297.549465	0.020841	5.1
250	-0.641115	297.040543	0.005583	4.8
251	-0.648565	296.533936	0.012059	5.1
252	-0.000000	296.029626	0.000000	5.2
253	-0.670668	295.527597	0.003846	4.3
254	-0.468812	295.027832	0.007686	5.1
255	-0.049541	294.530315	0.002830	5.0
256	-0.342086	294.035028	0.004650	4.6
257	-0.828544	293.541956	0.011855	5.1
258	-0.000000	293.051083	0.000000	4.9
259	-0.494997	292.562393	0.005786	4.2
260	-0.000000	292.075870	0.000000	4.3
261	-0.962681	291.591498	0.019685	5.0
262	-0.000000	291.109263	0.000000	4.6
263	-1.038222	290.629149	0.028669	5.0
264	-0.000232	290.151140	0.000030	6.8
265	-0.591839	289.675222	0.010437	4.9
266	-0.136536	289.201380	0.003257	4.8
267	-0.000000	288.729600	0.000000	5.2
268	-0.000000	288.259866	0.000000	4.4
269	-0.769449	287.792165	0.010692	4.7
270	-0.000000	287.326481	0.000000	5.7
271	-0.826241	286.862802	0.012970	4.8
272	-0.002267	286.401113	0.000086	4.4
273	-0.132920	285.941400	0.004809	5.7
274	-0.000000	285.483649	0.000000	5.2
275	-0.645452	285.027847	0.022670	5.2
276	-0.721853	284.573981	0.008670	5.2
277	-0.548286	284.122037	0.008014	4.9
278	-0.902490	283.672002	0.007037	5.4
279	-0.320060	283.223863	0.003705	5.4
280	-0.869996	282.777607	0.022081	4.9
281	-0.000000	282.333221	0.000000	4.8
282	-0.699847	281.890692	0.009345	5.3
283	-0.591095	281.450008	0.006305	5.4
284	-0.896945	281.011157	0.014860	5.4
285	-0.888779	280.574125	0.022919	5.5
286	-0.790084	280.138901	0.009796	5.0
287	-0.236560	279.705473	0.008261	5.4
288	-0.468200	279.273829	0.007036	5.8
289	-0.000000	278.843956	0.000000	5.1
290	-0.790680	278.415844	0.010429	5.3
291	-0.175331	277.989479	0.008224	5.3
292	-0.218667	277.564851	0.004708	4.9
293	-0.277248	277.141949	0.005165	4.6
294	-0.912083	276.720761	0.017404	4.4
295	-0.893973	276.301275	0.019640	5.2
296	-1.117220	275.883480	0.016583	4.2
297	-0.021979	275.467366	0.000681	4.2
298	-0.000000	275.052922	0.000000	5.4
299	-0.221938	274.640136	0.002825	5.1
300	-0.796160	274.228998	0.033654	4.3
301	-0.407235	273.819497	0.012284	5.3
302	-0.000000	273.411623	0.000000	4.7
303	-0.512569	273.005365	0.012581	4.2
304	-0.546558	272.600712	0.006699	5.1
305	-0.000000	272.197655	0.000000	4.4
306	-0.008289	271.796184	0.000473	4.4
307	-0.323962	271.396287	0.006262	5.2
308	-0.518921	270.997956	0.005422	4.4
309	-0.789782	270.601180	0.026898	4.2
310	-0.000004	270.205949	0.000003	5.2
311	-0.674912	269.812254	0.010102	4.5
312	-0.725402	269.420085	0.009016	4.3
313	-0.901508	269.029432	0.021504	4.8
314	-0.486439	268.640287	0.004394	4.9
315	-0.858012	268.252638	0.019747	4.3
316	-0.000000	267.866478	0.000000	4.7
317	-0.130803	267.481796	0.005220	4.8
318	-0.000187	267.098584	0.000021	4.4
319	-0.000000	266.716833	0.000000	5.0
320	-0.474812	266.336533	0.006867	4.7
321	-0.766444	265.957676	0.008229	4.9
322	-0.000000	265.580253	0.000000	5.1
323	-0.706751	265.204254	0.011137	4.5
324	-0.241681	264.829672	0.004641	4.8
325	-0.897058	264.456497	0.019994	4.7
326	-0.374074	264.084721	0.004351	4.3
327	-0.224844	263.714335	0.002202	4.8
328	-0.600930	263.345332	0.008736	4.8
329	-0.592206	262.977702	0.007738	4.2
330	-0.450447	262.611438	0.006368	4.3
331	-0.535360	262.246531	0.006953	5.1
332	-0.504831	261.882973	0.005959	4.5
333	-1.060920	261.520756	0.010167	4.3
334	-0.787185	261.159871	0.006373	5.4
335	-0.646240	260.800312	0.018327	4.3
336	-0.000000	260.442070	0.000000	4.5
337	-0.379991	260.085137	0.008166	5.2
338	-1.039228	259.729505	0.023460	4.9
339	-0.000000	259.375167	0.000000	4.9
340	-0.287934	259.022116	0.004790	7.3
341	-0.786896	258.670343	0.011172	5.6
342	-0.024455	258.319841	0.000917	4.7
343	-0.634039	257.970602	0.013495	5.4
344	-0.941513	257.622620	0.015257	4.9
345	-0.032925	257.275887	0.000434	4.5
346	-1.024505	256.930396	0.050011	5.1
347	-0.304106	256.586139	0.007856	4.4
348	-0.861027	256.243109	0.009976	4.1
349	-0.285020	255.901300	0.006214	5.1
350	-0.589903	255.560703	0.018077	4.8
351	-0.602775	255.221313	0.007512	4.7
352	-0.511399	254.883122	0.006852	4.2
353	-0.691872	254.546124	0.005812	4.7
354	-0.558874	254.210311	0.020614	4.2
355	-0.456490	253.875677	0.005636	5.2
356	-0.100438	253.542215	0.001253	4.7
357	-0.886876	253.209918	0.009955	4.3
358	-0.003040	252.878781	0.000120	4.6
359	-0.694732	252.548795	0.008476	4.1
360	-0.389239	252.219956	0.006412	4.7
361	-0.651136	251.892255	0.008386	4.3
362	-0.615890	251.565688	0.004604	4.3
363	-0.000000	251.240247	0.000000	4.9
364	-0.061773	250.915926	0.002298	4.6
365	-0.000045	250.592720	0.000007	5.2
366	-0.908498	250.270621	0.011513	4.9
367	-0.554930	249.949624	0.009876	4.8
368	-0.549041	249.629723	0.011283	4.4
369	-0.000171	249.310911	0.000029	4.2
370	-0.000000	248.993182	0.000000	5.1
371	-1.086173	248.676531	0.027625	4.3
372	-0.758392	248.360952	0.010800	4.2
373	-0.000000	248.046438	0.000000	5.2
374	-0.000127	247.732984	0.000023	4.3
375	-0.915969	247.420584	0.013956	4.8
376	-0.644942	247.109233	0.007265	5.3
377	-0.024662	246.798924	0.002352	4.6
378	-0.000000	246.489652	0.000000	4.2
379	-0.000000	246.181412	0.000000	4.6
380	-0.000000	245.874197	0.000000	4.8
381	-0.205199	245.568002	0.004354	4.4
382	-0.001520	245.262822	0.000016	4.5
383	-0.657140	244.958652	0.006277	5.1
384	-0.251772	244.655485	0.002593	4.2
385	-0.275601	244.353317	0.004658	4.4
386	-0.010436	244.052142	0.000280	4.9
387	-0.199021	243.751955	0.004937	4.5
388	-0.519257	243.452750	0.008945	4.6
389	-0.468808	243.154523	0.004300	5.3
390	-0.963635	242.857268	0.015003	5.9
391	-1.093294	242.560980	0.014718	5.2
392	-0.461247	242.265654	0.003488	5.8
393	-0.000000	241.971285	0.000000	5.0
394	-0.732998	241.677868	0.010315	5.0
395	-0.721330	241.385397	0.024993	5.4
396	-0.498395	241.093869	0.007135	4.9
397	-0.933271	240.803278	0.013471	5.0
398	-0.000842	240.513619	0.000110	5.0
399	-0.456915	240.224887	0.006127	5.4
400	-0.000000	239.937077	0.000000	5.1
401	-0.433293	239.650186	0.007935	5.1
402	-0.000000	239.364207	0.000000	5.1
403	-0.822422	239.079136	0.016978	4.9
404	-0.617335	238.794969	0.011069	4.8
405	-0.000035	238.511701	0.000005	4.7
406	-1.022401	238.229327	0.010834	4.8
407	-0.979445	237.947843	0.008812	4.5
408	-1.010109	237.667244	0.024643	5.6
409	-0.009462	237.387526	0.000106	5.2
410	-0.000000	237.108684	0.000000	5.0
411	-0.713857	236.830714	0.007997	5.9
412	-0.142914	236.553610	0.003899	5.0
413	-0.000000	236.277370	0.000000	4.9
414	-0.000000	236.001989	0.000000	5.1
415	-0.000000	235.727461	0.000000	4.4
416	-0.541154	235.453784	0.006966	4.3
417	-0.660524	235.180952	0.007366	6.0
418	-0.318093	234.908962	0.006195	4.9
419	-0.574121	234.637809	0.007638	4.2
420	-0.214200	234.367488	0.004349	5.2
421	-0.000000	234.097997	0.000000	4.3
422	-0.693750	233.829331	0.007093	4.2
423	-0.933063	233.561485	0.034009	4.6
424	-0.068267	233.294456	0.001304	4.9
425	-0.203908	233.028239	0.005007	4.2
426	-0.541345	232.762831	0.008399	4.9
427	-0.877882	232.498228	0.012574	5.3
428	-0.154936	232.234425	0.003351	4.4
429	-0.532649	231.971419	0.005855	4.9
430	-0.612141	231.709205	0.003810	4.9
431	-0.612264	231.447781	0.007512	4.8
432	-1.047983	231.187141	0.023447	4.7
433	-0.767308	230.927283	0.016242	4.4
434	-0.000000	230.668202	0.000000	4.5
435	-0.000000	230.409895	0.000000	4.4
436	-0.000000	230.152358	0.000000	4.2
437	-0.000000	229.895587	0.000000	4.6
438	-0.061864	229.639578	0.001694	4.1
439	-0.646250	229.384329	0.006594	4.6
440	-0.738542	229.129834	0.007632	4.3
441	-0.843811	228.876091	0.009310	4.5
442	-0.976322	228.623096	0.033148	4.7
443	-1.022746	228.370846	0.019717	4.4
444	-0.327690	228.119336	0.003458	4.9
445	-0.000000	227.868563	0.000000	4.8
446	-0.021645	227.618525	0.001173	4.2
447	-0.916924	227.369216	0.011140	4.9
448	-0.804587	227.120635	0.013269	5.1
449	-1.030390	226.872777	0.024186	4.6
450	-0.198547	226.625638	0.003503	4.2
451	-0.222735	226.379217	0.005798	4.9
452	-0.472052	226.133509	0.007488	4.3
453	-0.632332	225.888510	0.024783	4.2
454	-0.994657	225.644218	0.030907	4.9
455	-0.000000	225.400630	0.000000	5.5
456	-0.904160	225.157741	0.012566	4.7
457	-0.507337	224.915549	0.007568	5.5
458	-0.000000	224.674051	0.000000	4.6
459	-0.000000	224.433242	0.000000	3.9
460	-0.030221	224.193121	0.001162	4.1
461	-0.000000	223.953684	0.000000	4.8
462	-0.631483	223.714927	0.006420	4.1
463	-0.012663	223.476848	0.000649	4.2
464	-0.118598	223.239444	0.003198	4.8
465	-0.695784	223.002710	0.013705	4.2
466	-0.180598	222.766645	0.001694	4.1
467	-0.378708	222.531245	0.005346	4.0
468	-0.650336	222.296508	0.006390	4.8
469	-0.908663	222.062429	0.024489	4.3
470	-0.000000	221.829007	0.000000	4.1
471	-0.218278	221.596238	0.003851	5.2
472	-0.934405	221.364119	0.013358	4.4
473	-0.145506	221.132647	0.005816	4.2
474	-0.264532	220.901820	0.004197	5.3
475	-0.937847	220.671634	0.019771	4.7
476	-0.957638	220.442086	0.018639	4.3
477	-0.210831	220.213174	0.006277	4.7
478	-0.158585	219.984895	0.000975	4.9
479	-0.745929	219.757246	0.006806	4.3
480	-0.273392	219.530224	0.003911	4.9
481	-0.339208	219.303826	0.002127	4.4
482	-0.395743	219.078050	0.005196	4.7
483	-0.000000	218.852893	0.000000	4.6
484	-1.038718	218.628352	0.009257	4.3
485	-1.066569	218.404424	0.012650	4.8
486	-0.066402	218.181106	0.001704	4.5
487	-0.675723	217.958397	0.006632	4.7
488	-0.000000	217.736292	0.000000	4.8
489	-0.000103	217.514790	0.000066	4.5
490	-0.000000	217.293888	0.000000	4.7
491	-0.000000	217.073584	0.000000	4.2
492	-0.017243	216.853873	0.000372	5.1
493	-0.520016	216.634755	0.007885	5.3
494	-0.874118	216.416227	0.010598	4.6
495	-0.578886	216.198285	0.004303	4.8
496	-0.000000	215.980927	0.000000	5.0
497	-0.063509	215.764151	0.000720	4.5
498	-0.547783	215.547955	0.006277	4.8
499	-0.739359	215.332335	0.009403	5.2
500	-0.000000	215.117289	0.000000	4.4
501	-0.000000	214.902815	0.000000	4.1
502	-0.991579	214.688911	0.009731	4.9
503	-0.862844	214.475573	0.031261	4.6
504	-0.498190	214.262800	0.005844	4.3
505	-0.661451	214.050588	0.007975	5.4
506	-0.284939	213.838936	0.005124	4.4
507	-0.394575	213.627842	0.004194	4.2
508	-0.063332	213.417302	0.001422	5.2
509	-0.000000	213.207314	0.000000	4.4
510	-0.041187	212.997877	0.001898	4.3
511	-0.977945	212.788987	0.006272	4.3
512	-0.039124	212.580642	0.000674	4.9
513	-0.000000	212.372841	0.000000	4.2
514	-0.513232	212.165581	0.006783	4.3
515	-0.336707	211.958859	0.003718	5.7
516	-0.000008	211.752673	0.000004	5.1
517	-1.121325	211.547021	0.015854	4.2
518	-0.513902	211.341902	0.008238	5.2
519	-1.097988	211.137311	0.015002	4.4
520	-0.803943	210.933248	0.031608	4.3
521	-0.783619	210.729710	0.008474	4.6
522	-0.410668	210.526695	0.004422	4.9
523	-0.952682	210.324200	0.011981	4.5
524	-0.000000	210.122224	0.000000	4.5
525	-0.000000	209.920765	0.000000	5.0
526	-0.000000	209.719820	0.000000	4.5
527	-0.444222	209.519387	0.005714	4.5
528	-0.606152	209.319463	0.009507	4.5
529	-0.983262	209.120048	0.021876	4.5
530	-0.528714	208.921139	0.009972	4.8
531	-0.753671	208.722733	0.005432	4.3
532	-1.041199	208.524829	0.011509	4.9
533	-0.997844	208.327425	0.014538	4.7
534	-0.000000	208.130518	0.000000	4.3
535	-1.078549	207.934107	0.020215	4.7
536	-0.914305	207.738189	0.009240	5.1
537	-0.959428	207.542762	0.023443	4.4
538	-0.869542	207.347825	0.011378	5.2
539	-0.606140	207.153376	0.010371	6.0
540	-0.001502	206.959412	0.000035	5.1
541	-0.529247	206.765932	0.004763	4.7
542	-0.627344	206.572933	0.008050	5.9
543	-0.985460	206.380414	0.018421	6.2
544	-0.498304	206.188373	0.005071	6.0
545	-0.008793	205.996807	0.000597	5.5
546	-0.006139	205.805716	0.000661	5.6
547	-0.712028	205.615096	0.010768	6.9
548	-1.016248	205.424946	0.014714	5.5
549	-0.033909	205.235265	0.001621	5.8
550	-0.914594	205.046050	0.011761	4.9
551	-0.592846	204.857299	0.003868	5.3
552	-0.952684	204.669011	0.010539	5.7
553	-0.370203	204.481184	0.007660	4.6
554	-0.000000	204.293816	0.000000	5.0
555	-0.873109	204.106905	0.009239	5.5
556	-0.602750	203.920449	0.009238	5.1
557	-0.748269	203.734447	0.010631	6.4
558	-1.056698	203.548896	0.012952	5.9
559	-0.736725	203.363795	0.010397	5.8
560	-0.372345	203.179143	0.004315	5.3
561	-0.117561	202.994937	0.005248	5.0
562	-0.990782	202.811176	0.008802	6.0
563	-0.000000	202.627857	0.000000	5.4
564	-0.402364	202.444980	0.008417	5.9
565	-0.498489	202.262543	0.013586	4.3
566	-0.000000	202.080543	0.000000	4.2
567	-0.911823	201.898979	0.018954	5.0
568	-0.540922	201.717849	0.008263	4.4
569	-0.814209	201.537153	0.009227	4.2
570	-0.513774	201.356887	0.005731	4.7
571	-0.686640	201.177050	0.010780	4.9
572	-0.207088	200.997642	0.002440	4.3
573	-0.126658	200.818659	0.002508	4.2
574	-0.673060	200.640100	0.006525	5.1
575	-0.000000	200.461965	0.000000	3.7
576	-0.651156	200.284250	0.012945	4.4
577	-0.695614	200.106955	0.009269	5.3
578	-0.622042	199.930078	0.007265	4.3
579	-0.616095	199.753617	0.004457	4.4
580	-0.702768	199.577571	0.004336	5.2
581	-0.677032	199.401938	0.006437	4.5
582	-0.626674	199.226717	0.006121	4.2
583	-0.566198	199.051905	0.026476	5.1
584	-0.831035	198.877502	0.014335	5.0
585	-0.368111	198.703506	0.007548	4.6
586	-0.501597	198.529916	0.003488	5.1
587	-0.018661	198.356729	0.000721	4.9
588	-1.077355	198.183944	0.012094	4.8
589	-0.000000	198.011560	0.000000	4.8
590	-0.000000	197.839576	0.000000	5.2
591	-0.517354	197.667989	0.007154	5.0
592	-1.071210	197.496798	0.019306	5.1
593	-0.000001	197.326002	0.000000	5.2
594	-0.980477	197.155600	0.013531	4.8
595	-0.484764	196.985589	0.004082	4.6
596	-1.080557	196.815969	0.029524	5.3
597	-0.000000	196.646738	0.000000	5.1
598	-0.000000	196.477894	0.000000	4.7
599	-0.464076	196.309436	0.005028	5.3
600	-0.000000	196.141363	0.000000	5.5
601	-0.000000	195.973673	0.000000	5.0
602	-0.000053	195.806365	0.000032	5.1
603	-0.000000	195.639437	0.000000	5.1
604	-0.749388	195.472888	0.016074	5.2
605	-0.002144	195.306717	0.000034	5.4
606	-0.159983	195.140922	0.002873	5.3
607	-0.956954	194.975501	0.020629	4.6
608	-0.000000	194.810454	0.000000	5.4
609	-0.946204	194.645779	0.011938	4.6
610	-0.000896	194.481475	0.000127	5.0
611	-0.003051	194.317540	0.000721	5.7
612	-1.102654	194.153973	0.014232	4.8
613	-0.627319	193.990773	0.006152	4.7
614	-0.644575	193.827938	0.010181	5.7
615	-0.002164	193.665467	0.000258	4.7
616	-0.594832	193.503358	0.007512	4.2
617	-0.976050	193.341611	0.012133	5.3
618	-0.000000	193.180224	0.000000	4.2
619	-0.000054	193.019196	0.000011	4.0
620	-0.585301	192.858525	0.007995	5.1
621	-1.022613	192.698210	0.008403	4.1
622	-0.000001	192.538251	0.000000	4.0
623	-0.957314	192.378644	0.008323	4.5
624	-0.123977	192.219391	0.002313	4.6
625	-0.854404	192.060488	0.013255	4.1
626	-0.661171	191.901935	0.012255	4.4
627	-0.614442	191.743730	0.004231	4.7
628	-0.523010	191.585873	0.016040	4.5
629	-0.725146	191.428362	0.010693	4.3
630	-0.120166	191.271196	0.003346	4.1
631	-1.082461	191.114374	0.024153	4.9
632	-0.000441	190.957893	0.000009	4.9
633	-0.661369	190.801755	0.008291	4.9
634	-1.149492	190.645956	0.020541	5.1
635	-0.903970	190.490495	0.007758	5.7
636	-0.857788	190.335373	0.004406	4.9
637	-0.000000	190.180587	0.000000	5.4
638	-1.026747	190.026136	0.018552	5.3
639	-0.640457	189.872019	0.010527	5.3
640	-0.610066	189.718235	0.006022	5.1
641	-0.849969	189.564782	0.020367	5.5
642	-0.617389	189.411661	0.006235	4.4
643	-0.993655	189.258868	0.027186	5.4
644	-0.812087	189.106404	0.005152	5.0
645	-1.051953	188.954267	0.018334	5.0
646	-0.081021	188.802456	0.003056	5.5
647	-0.556007	188.650969	0.012982	4.6
648	-1.012776	188.499807	0.011473	5.3
649	-0.746382	188.348967	0.005463	5.7
650	-0.496287	188.198448	0.004961	5.1
651	-0.065991	188.048250	0.003167	4.8
652	-1.082478	187.898371	0.015836	5.4
653	-0.000002	187.748810	0.000000	4.7
654	-0.991069	187.599566	0.016704	4.8
655	-0.535801	187.450638	0.010495	5.5
656	-0.698096	187.302025	0.011685	4.9
657	-0.813470	187.153725	0.010752	4.8
658	-0.348516	187.005739	0.003846	5.2
659	-0.016503	186.858064	0.001178	4.6
660	-0.404497	186.710699	0.006792	5.6
661	-0.002159	186.563645	0.000038	5.3
662	-0.000000	186.416898	0.000000	4.2
663	-0.282983	186.270459	0.006208	4.7
664	-0.637329	186.124326	0.007863	5.0
665	-0.033265	185.978499	0.001780	4.5
666	-0.884232	185.832976	0.010572	4.7
667	-0.710937	185.687756	0.008503	4.6
668	-0.893807	185.542838	0.012085	4.5
669	-0.000017	185.398222	0.000011	4.6
670	-0.919245	185.253906	0.029531	4.2
671	-0.502492	185.109889	0.005915	4.9
672	-0.353281	184.966170	0.008184	4.4
673	-0.821368	184.822748	0.016713	4.7
674	-0.000000	184.679623	0.000000	4.7
675	-0.000003	184.536792	0.000000	4.6
676	-0.950891	184.394256	0.012768	5.2
677	-0.666150	184.252013	0.022678	4.3
678	-0.873053	184.110062	0.016997	5.1
679	-0.000000	183.968403	0.000000	4.8
680	-0.000000	183.827034	0.000000	4.3
681	-0.796679	183.685954	0.006033	5.0
682	-0.000000	183.545163	0.000000	4.3
683	-0.752719	183.404658	0.013250	4.3
684	-0.234434	183.264441	0.006224	4.4
685	-0.000000	183.124509	0.000000	5.3
686	-0.652580	182.984861	0.006759	4.4
687	-0.863965	182.845497	0.007966	4.2
688	-0.571888	182.706416	0.008261	5.1
689	-0.296982	182.567616	0.006287	4.6
690	-0.000000	182.429098	0.000000	4.2
691	-0.000130	182.290859	0.000004	5.2
692	-0.595772	182.152899	0.007357	4.4
693	-0.816150	182.015217	0.016375	4.2
694	-0.758358	181.877813	0.009498	4.2
695	-0.863653	181.740684	0.007480	5.5
696	-0.908585	181.603832	0.022822	4.4
697	-0.235267	181.467253	0.003312	4.3
698	-0.730520	181.330948	0.006670	5.1
699	-0.433156	181.194916	0.003630	4.4
700	-0.000000	181.059155	0.000000	4.3
701	-0.000000	180.923666	0.000000	5.4
702	-0.329332	180.788446	0.011719	4.9
703	-0.060602	180.653496	0.001408	4.2
704	-1.143607	180.518814	0.010329	6.2
705	-0.884549	180.384399	0.007668	5.5
706	-0.984536	180.250251	0.010788	5.8
707	-0.107247	180.116369	0.002129	5.6
708	-0.000000	179.982752	0.000000	5.5
709	-0.810468	179.849398	0.021386	6.3
710	-0.000000	179.716308	0.000000	6.0
711	-0.000000	179.583480	0.000000	4.9
712	-0.000000	179.450913	0.000000	6.2
713	-1.008526	179.318607	0.013033	6.1
714	-0.247822	179.186561	0.003215	6.0
715	-0.000000	179.054774	0.000000	5.2
716	-1.054877	178.923245	0.035048	5.3
717	-0.580076	178.791973	0.004380	5.9
718	-0.000000	178.660958	0.000000	5.9
719	-0.496879	178.530199	0.006014	6.5
720	-0.708813	178.399694	0.006797	5.2
721	-0.977202	178.269444	0.014052	5.6
722	-0.902150	178.139447	0.005511	5.3
723	-0.000000	178.009702	0.000000	4.4
724	-1.025924	177.880209	0.011463	5.6
725	-0.413575	177.750967	0.007071	5.0
726	-0.679543	177.621975	0.011333	4.3
727	-0.000000	177.493232	0.000000	5.3
728	-0.683762	177.364738	0.012935	4.4
729	-0.742750	177.236492	0.007439	4.3
730	-0.918844	177.108492	0.012029	4.9
731	-0.368774	176.980739	0.012315	4.6
732	-0.484126	176.853231	0.009680	4.3
733	-0.914645	176.725968	0.013406	4.2
734	-0.496492	176.598949	0.004934	5.8
735	-0.513044	176.472173	0.006975	4.7
736	-0.505167	176.345639	0.005044	4.8
737	-1.082579	176.219348	0.008092	5.2
738	-0.563927	176.093296	0.002369	4.3
739	-0.442573	175.967486	0.004779	4.2
740	-0.392992	175.841914	0.009445	5.2
741	-0.855850	175.716581	0.006431	5.7
742	-0.413715	175.591486	0.005349	5.4
743	-0.605371	175.466629	0.009766	6.6
744	-0.000000	175.342008	0.000000	4.6
745	-0.000000	175.217622	0.000000	4.8
746	-0.002080	175.093472	0.000243	4.8
747	-0.731043	174.969556	0.010060	4.3
748	-1.154474	174.845873	0.013255	4.7
749	-0.648510	174.722423	0.005834	4.8
750	-0.284618	174.599206	0.005080	4.4
751	-0.000000	174.476220	0.000000	4.8
752	-1.174025	174.353464	0.016559	4.2
753	-0.266705	174.230939	0.005695	4.8
754	-0.543445	174.108643	0.008315	4.9
755	-0.199873	173.986576	0.003605	5.0
756	-0.916997	173.864737	0.012006	4.8
757	-0.803221	173.743124	0.005206	4.6
758	-0.728695	173.621739	0.006368	4.4
759	-0.000013	173.500579	0.000002	4.6
760	-0.532579	173.379645	0.005478	6.1
761	-0.743488	173.258935	0.008044	5.4
762	-1.050701	173.138449	0.014027	5.1
763	-0.000000	173.018186	0.000000	5.6
764	-0.774923	172.898146	0.023269	4.3
765	-0.736867	172.778327	0.012873	4.6
766	-0.002894	172.658730	0.000541	5.0
767	-0.788143	172.539353	0.009654	4.2
768	-1.047949	172.420196	0.028327	4.7
769	-0.342123	172.301258	0.002522	5.0
770	-0.035711	172.182539	0.001462	4.3
771	-0.330437	172.064037	0.002236	4.1
772	-0.952573	171.945753	0.010275	5.5
773	-0.082577	171.827686	0.001830	4.8
774	-1.047948	171.709834	0.033936	4.9
775	-0.128333	171.592198	0.003053	5.5
776	-0.972862	171.474776	0.007269	5.3
777	-0.803835	171.357568	0.008951	5.1
778	-1.007109	171.240574	0.005792	5.1
779	-0.000000	171.123793	0.000000	4.6
780	-0.032768	171.007223	0.002083	5.5
781	-0.751307	170.890865	0.007891	4.9
782	-0.555397	170.774718	0.004386	5.5
783	-0.312350	170.658782	0.006530	4.8
784	-0.000000	170.543055	0.000000	5.6
785	-0.971028	170.427537	0.004795	4.6
786	-0.000000	170.312227	0.000000	4.8
787	-0.000000	170.197125	0.000000	5.1
788	-0.852777	170.082231	0.019421	4.7
789	-0.000000	169.967543	0.000000	4.6
790	-1.018459	169.853061	0.027200	5.5
791	-0.047025	169.738784	0.001952	4.7
792	-0.225263	169.624713	0.006243	4.5
793	-0.000000	169.510845	0.000000	4.8
794	-0.728579	169.397181	0.006491	4.7
795	-1.005319	169.283720	0.007198	4.3
796	-0.408325	169.170462	0.006080	4.2
797	-0.594178	169.057405	0.005224	4.8
798	-1.057349	168.944549	0.007942	4.4
799	-0.000000	168.831895	0.000000	4.1
800	-0.440279	168.719440	0.004469	5.0
801	-0.961749	168.607185	0.016524	4.3
802	-0.507109	168.495129	0.007853	4.4
803	-0.939039	168.383271	0.014526	5.0
804	-0.765585	168.271611	0.027043	4.4
805	-0.934734	168.160148	0.007092	4.2
806	-0.000000	168.048882	0.000000	4.4
807	-0.000091	167.937812	0.000011	4.7
808	-0.988868	167.826938	0.008205	4.3
809	-0.699638	167.716258	0.008115	4.2
810	-0.000000	167.605773	0.000000	4.9
811	-1.128182	167.495482	0.015960	4.3
812	-0.959132	167.385384	0.009399	4.5
813	-0.000000	167.275479	0.000000	4.9
814	-0.355369	167.165766	0.006644	4.3
815	-0.768736	167.056245	0.012347	4.2
816	-0.419984	166.946915	0.006183	4.2
817	-0.000000	166.837776	0.000000	4.3
818	-0.000001	166.728826	0.000000	4.3
819	-0.445654	166.620067	0.009366	4.4
820	-0.122577	166.511496	0.003652	4.6
821	-0.000000	166.403113	0.000000	4.0
822	-0.382393	166.294919	0.003323	5.2
823	-0.803638	166.186912	0.008760	4.0
824	-0.995881	166.079091	0.036222	4.6
825	-0.325908	165.971458	0.009619	4.8
826	-0.414081	165.864009	0.006550	4.2
827	-0.678818	165.756747	0.011319	4.6
828	-0.477376	165.649669	0.003006	4.8
829	-0.731918	165.542775	0.004289	4.2
830	-0.849190	165.436065	0.009216	4.1
831	-0.576018	165.329538	0.010370	4.8
832	-0.710174	165.223194	0.010440	4.3
833	-0.146406	165.117032	0.003338	4.2
834	-1.058090	165.011052	0.018853	4.7
835	-0.632648	164.905253	0.003507	4.8
836	-0.955374	164.799635	0.010259	4.2
837	-0.116944	164.694197	0.001506	4.2
838	-0.797983	164.588939	0.008003	5.1
839	-0.178699	164.483859	0.002923	4.2
840	-0.000000	164.378959	0.000000	4.6
841	-0.000000	164.274237	0.000000	6.1
842	-0.400647	164.169692	0.008152	4.5
843	-0.546265	164.065325	0.008978	4.3
844	-1.020815	163.961135	0.014842	5.0
845	-0.000005	163.857120	0.000000	5.0
846	-0.725026	163.753282	0.007202	5.2
847	-0.451994	163.649619	0.006195	5.5
848	-0.044194	163.546130	0.002131	5.4
849	-0.162551	163.442816	0.002514	5.5
850	-0.000000	163.339676	0.000000	5.4
851	-1.137402	163.236709	0.013211	4.6
852	-0.000000	163.133915	0.000000	5.4
853	-0.000000	163.031294	0.000000	5.2
854	-0.000000	162.928844	0.000000	5.0
855	-0.012756	162.826566	0.000348	4.9
856	-0.968209	162.724459	0.013012	5.4
857	-0.518548	162.622523	0.011206	5.3
858	-0.601633	162.520757	0.008963	4.6
859	-0.000037	162.419160	0.000008	4.8
860	-1.001596	162.317733	0.007443	4.8
861	-0.001688	162.216474	0.000101	4.9
862	-0.605012	162.115383	0.008953	5.0
863	-0.571352	162.014461	0.005231	5.2
864	-0.000059	161.913705	0.000002	4.7
865	-0.746016	161.813117	0.019492	4.6
866	-0.000000	161.712695	0.000000	5.2
867	-0.924848	161.612439	0.010597	5.4
868	-1.080726	161.512349	0.019164	5.4
869	-0.000000	161.412424	0.000000	5.1
870	-0.160198	161.312663	0.003138	4.7
871	-0.000000	161.213067	0.000000	5.2
872	-0.000000	161.113635	0.000000	5.0
873	-0.010811	161.014366	0.000711	5.0
874	-0.000000	160.915260	0.000000	4.9
875	-0.365537	160.816316	0.003810	4.9
876	-0.923667	160.717535	0.008024	4.7
877	-0.611937	160.618915	0.012930	4.2
878	-0.002068	160.520456	0.000096	4.2
879	-1.135884	160.422158	0.014655	5.4
880	-0.000000	160.324021	0.000000	4.8
881	-0.001233	160.226043	0.000066	5.1
882	-0.000000	160.128225	0.000000	5.9
883	-0.445875	160.030566	0.006228	4.3
884	-0.000000	159.933066	0.000000	4.6
885	-0.000004	159.835723	0.000001	5.2
886	-0.993575	159.738539	0.009253	4.6
887	-0.099140	159.641512	0.004046	4.4
888	-0.797212	159.544642	0.009580	5.4
889	-0.619000	159.447929	0.005630	5.1
890	-1.060785	159.351372	0.024665	4.3
891	-0.274040	159.254971	0.004124	5.0
892	-0.000000	159.158725	0.000000	4.3
893	-0.420649	159.062634	0.004675	4.2
894	-0.936588	158.966697	0.011585	4.8
895	-0.705163	158.870915	0.009710	5.5
896	-0.851022	158.775286	0.011682	4.3
897	-0.835316	158.679811	0.009051	4.7
898	-0.706919	158.584489	0.013322	4.8
899	-0.329814	158.489319	0.004945	4.4
900	-0.000001	158.394302	0.000000	5.2
901	-0.596644	158.299436	0.007644	5.4
902	-0.757751	158.204721	0.005982	5.4
903	-0.000000	158.110158	0.000000	5.4
904	-0.000000	158.015745	0.000000	5.8
905	-0.860803	157.921482	0.009225	6.5
906	-0.000000	157.827369	0.000000	5.8
907	-0.000000	157.733406	0.000000	5.3
908	-0.175572	157.639591	0.003782	6.7
909	-0.833896	157.545925	0.007542	5.5
910	-0.116433	157.452408	0.003507	5.7
911	-1.029040	157.359038	0.014017	5.0
912	-0.515335	157.265816	0.005375	5.3
913	-1.159559	157.172741	0.018831	5.4
914	-0.891521	157.079813	0.024395	4.4
915	-0.580789	156.987031	0.008908	5.7
916	-0.000028	156.894395	0.000024	5.5
917	-1.017136	156.801904	0.012207	5.0
918	-1.043696	156.709559	0.031925	5.2
919	-0.310376	156.617359	0.005324	5.4
920	-0.680498	156.525304	0.007735	5.0
921	-0.766789	156.433392	0.006704	5.3
922	-1.055933	156.341624	0.043231	5.7
923	-0.944291	156.250000	0.009402	5.5
924	-1.098832	156.158519	0.009487	5.7
925	-0.690239	156.067180	0.013857	5.4
926	-1.043361	155.975984	0.009182	5.3
927	-0.943873	155.884930	0.008195	6.2
928	-0.481466	155.794017	0.004475	4.9
929	-0.846951	155.703246	0.011490	5.7
930	-0.636268	155.612615	0.005648	5.4
931	-0.346561	155.522125	0.002084	4.5
932	-0.000000	155.431775	0.000000	4.7
933	-0.955194	155.341565	0.032626	4.9
934	-0.888995	155.251495	0.007857	5.1
935	-0.584305	155.161563	0.009202	4.9
936	-0.000000	155.071771	0.000000	5.7
937	-0.029978	154.982117	0.000618	4.7
938	-0.000171	154.892601	0.000034	5.1
939	-0.595566	154.803222	0.007116	6.4
940	-0.000000	154.713981	0.000000	5.4
941	-0.305257	154.624878	0.003022	5.3
942	-0.855613	154.535910	0.013078	6.3
943	-0.579683	154.447080	0.004020	6.0
944	-1.149201	154.358385	0.015202	5.2
945	-0.006954	154.269826	0.000250	6.5
946	-0.000000	154.181402	0.000000	5.5
947	-0.696636	154.093114	0.005512	5.6
948	-0.941055	154.004960	0.006415	4.7
949	-1.037375	153.916940	0.016247	4.8
950	-0.007592	153.829054	0.000062	5.5
951	-0.975854	153.741303	0.015605	5.1
952	-0.871883	153.653684	0.007192	4.7
953	-0.815995	153.566198	0.007508	5.2
954	-0.052226	153.478846	0.000670	5.2
955	-0.035475	153.391625	0.000992	5.1
956	-0.866294	153.304537	0.012773	5.3
957	-1.036820	153.217580	0.011389	5.0
958	-0.749400	153.130755	0.014509	4.7
959	-0.212877	153.044061	0.003388	5.1
960	-0.003339	152.957498	0.000291	4.4
961	-0.757846	152.871065	0.006704	4.4
962	-1.126777	152.784762	0.010115	4.2
963	-0.738769	152.698589	0.006020	5.2
964	-1.127041	152.612545	0.016968	4.2
965	-0.043684	152.526631	0.001157	4.3
966	-0.685292	152.440845	0.014399	5.6
967	-0.617279	152.355188	0.011049	4.6
968	-0.429989	152.269660	0.006324	4.2
969	-0.947925	152.184259	0.038702	5.4
970	-0.387892	152.098986	0.008162	5.5
971	-0.847012	152.013840	0.008020	4.9
972	-0.000000	151.928821	0.000000	4.8
973	-0.752846	151.843928	0.006367	4.2
974	-0.943832	151.759163	0.014821	4.8
975	-0.565461	151.674523	0.005679	5.0
976	-0.851877	151.590009	0.012227	4.4
977	-1.039693	151.505620	0.012893	4.6
978	-0.533703	151.421357	0.007739	5.0
979	-0.000000	151.337218	0.000000	4.5
980	-0.651474	151.253204	0.009460	4.9
981	-0.772785	151.169314	0.008071	4.3
982	-0.527952	151.085549	0.007279	4.6
983	-1.141429	151.001907	0.013415	4.4
984	-0.905924	150.918388	0.007118	4.6
985	-0.414420	150.834992	0.005309	4.7
986	-0.000953	150.751719	0.000239	4.7
987	-0.525549	150.668569	0.004129	4.3
988	-0.943311	150.585541	0.035487	4.9
989	-0.826895	150.502634	0.011988	4.3
990	-0.676195	150.419849	0.003990	4.4
991	-0.631038	150.337186	0.004572	4.1
992	-0.097191	150.254644	0.003693	4.4
993	-0.518918	150.172222	0.004432	4.5
994	-1.001981	150.089921	0.009024	4.1
995	-0.008178	150.007740	0.000365	4.4
996	-1.058046	149.925679	0.015377	4.7
997	-0.000000	149.843737	0.000000	4.1
998	-0.962371	149.761915	0.021309	4.0
999	-0.709623	149.680212	0.007460	4.7
1000	-1.102096	149.598627	0.008609	4.2
1001	-0.002222	149.517161	0.000039	4.1
1002	-0.504657	149.435814	0.007404	4.2
1003	-0.785317	149.354584	0.008484	5.2
1004	-0.735808	149.273472	0.011589	4.2
1005	-0.796647	149.192477	0.008359	4.4
1006	-1.092258	149.111599	0.017284	5.2
1007	-0.000000	149.030838	0.000000	4.4
1008	-0.747085	148.950194	0.005611	4.2
1009	-0.000000	148.869666	0.000000	5.5
1010	-0.740903	148.789253	0.007870	5.4
1011	-0.844091	148.708957	0.014945	5.4
1012	-0.590942	148.628776	0.004063	5.7
1013	-0.296118	148.548710	0.003210	5.1
1014	-0.000000	148.468759	0.000000	4.7
1015	-0.000000	148.388923	0.000000	4.9
1016	-1.024438	148.309201	0.008715	4.3
1017	-0.707236	148.229594	0.004078	4.3
1018	-0.718421	148.150100	0.006265	5.2
1019	-0.415058	148.070719	0.007180	5.5
1020	-0.740972	147.991452	0.005322	5.3
1021	-1.141999	147.912298	0.024911	5.0
1022	-0.000000	147.833257	0.000000	4.5
1023	-0.769854	147.754329	0.010359	5.0
1024	-0.977207	147.675512	0.008994	4.5
1025	-0.939917	147.596808	0.011467	5.4
1026	-0.098096	147.518216	0.003532	5.2
1027	-0.505529	147.439735	0.005889	6.1
1028	-0.000000	147.361365	0.000000	5.0
1029	-0.674421	147.283106	0.005364	5.3
1030	-0.738950	147.204958	0.006690	5.6
1031	-0.390744	147.126920	0.003931	4.5
1032	-0.243984	147.048993	0.004075	5.3
1033	-0.923306	146.971175	0.006237	5.3
1034	-0.539475	146.893468	0.011425	4.5
1035	-0.847466	146.815869	0.008053	4.8
1036	-1.233321	146.738380	0.012851	4.7
1037	-0.979331	146.661000	0.023501	4.9
1038	-0.889201	146.583729	0.005757	5.1
1039	-0.868577	146.506566	0.006207	4.6
1040	-0.000000	146.429511	0.000000	5.0
1041	-0.229631	146.352565	0.004488	4.8
1042	-0.397656	146.275726	0.005103	4.5
1043	-0.000000	146.198994	0.000000	5.6
1044	-0.000000	146.122370	0.000000	5.3
1045	-0.877024	146.045853	0.008592	5.1
1046	-0.021029	145.969442	0.000153	5.4
1047	-0.000118	145.893139	0.000009	4.4
1048	-0.001366	145.816941	0.000026	4.3
1049	-0.537648	145.740849	0.005601	6.2
1050	-0.367731	145.664863	0.006554	4.5
1051	-0.855380	145.588983	0.006158	4.3
1052	-0.712424	145.513208	0.015545	4.9
1053	-0.627388	145.437538	0.013469	4.3
1054	-0.505998	145.361973	0.005840	4.2
1055	-0.000000	145.286513	0.000000	4.9
1056	-0.000000	145.211157	0.000000	4.5
1057	-0.000000	145.135905	0.000000	4.5
1058	-0.754912	145.060757	0.019988	4.3
1059	-0.000000	144.985712	0.000000	4.8
1060	-0.805583	144.910771	0.007947	4.3
1061	-0.586485	144.835934	0.005580	4.4
1062	-0.388276	144.761199	0.006090	4.8
1063	-0.000000	144.686567	0.000000	4.9
1064	-0.000000	144.612037	0.000000	4.3
1065	-0.000000	144.537610	0.000000	4.8
1066	-0.562734	144.463285	0.005170	4.8
1067	-0.802317	144.389062	0.008539	4.4
1068	-0.674461	144.314940	0.006432	4.2
1069	-0.283475	144.240920	0.004769	5.0
1070	-0.834054	144.167001	0.022128	4.7
1071	-0.895550	144.093182	0.007264	4.3
1072	-0.611008	144.019465	0.006621	5.3
1073	-0.657502	143.945848	0.027769	4.4
1074	-1.023297	143.872331	0.009810	4.2
1075	-0.665096	143.798914	0.032147	5.4
1076	-0.263720	143.725597	0.004508	4.4
1077	-0.972195	143.652380	0.017323	4.3
1078	-1.126959	143.579262	0.016476	4.4
1079	-0.998847	143.506243	0.012974	5.5
1080	-1.069107	143.433323	0.006927	4.4
1081	-0.813694	143.360502	0.007883	4.3
1082	-0.872546	143.287780	0.011531	5.0
1083	-0.502859	143.215155	0.003145	4.5
1084	-0.248376	143.142629	0.006245	4.2
1085	-0.664540	143.070201	0.011186	5.1
1086	-0.000000	142.997870	0.000000	4.4
1087	-0.604201	142.925637	0.005323	4.6
1088	-0.863871	142.853501	0.010679	4.9
1089	-0.495274	142.781462	0.004344	4.7
1090	-0.181617	142.709519	0.003778	4.2
1091	-0.607428	142.637674	0.005996	4.9
1092	-0.760264	142.565924	0.007517	4.8
1093	-0.858321	142.494271	0.009679	4.5
1094	-0.758445	142.422714	0.009375	4.5
1095	-0.414653	142.351252	0.003923	4.8
1096	-0.812519	142.279886	0.005594	4.5
1097	-0.684653	142.208616	0.008213	5.0
1098	-0.000000	142.137440	0.000000	4.3
1099	-0.091910	142.066360	0.000854	4.6
1100	-0.868135	141.995374	0.007059	4.8
1101	-0.000000	141.924483	0.000000	4.6
1102	-0.906444	141.853685	0.010197	4.8
1103	-0.942706	141.782983	0.008013	4.6
1104	-0.194375	141.712373	0.001910	4.1
1105	-0.241435	141.641858	0.002233	4.1
1106	-1.005396	141.571436	0.010799	4.6
1107	-0.544764	141.501108	0.004589	4.6
1108	-0.948744	141.430872	0.013579	4.1
1109	-0.302220	141.360730	0.003284	4.5
1110	-0.000000	141.290680	0.000000	4.7
1111	-0.600052	141.220722	0.009233	4.1
1112	-0.775139	141.150857	0.018580	4.3
1113	-0.427932	141.081084	0.005394	6.7
1114	-0.248545	141.011403	0.003092	4.3
1115	-0.000000	140.941813	0.000000	4.5
1116	-0.132444	140.872315	0.004336	5.3
1117	-0.000000	140.802909	0.000000	4.8
1118	-0.029440	140.733593	0.001075	4.2
1119	-0.000000	140.664369	0.000000	5.7
1120	-0.000000	140.595235	0.000000	5.2
1121	-0.000000	140.526192	0.000000	5.8
1122	-1.126423	140.457239	0.017585	5.4
1123	-0.565040	140.388376	0.007820	4.7
1124	-0.000000	140.319603	0.000000	5.2
1125	-0.753549	140.250920	0.006396	5.0
1126	-0.929284	140.182326	0.025407	4.4
1127	-0.144879	140.113822	0.005553	5.3
1128	-0.098221	140.045407	0.002040	5.4
1129	-0.181864	139.977081	0.003768	4.6
1130	-0.000000	139.908844	0.000000	5.1
1131	-0.038970	139.840696	0.000835	5.0
1132	-0.107805	139.772635	0.002578	5.0
1133	-0.091569	139.704664	0.001674	4.6
1134	-1.051818	139.636780	0.027860	5.8
1135	-0.189596	139.568984	0.006353	5.2
1136	-0.000000	139.501276	0.000000	4.9
1137	-0.000000	139.433655	0.000000	5.5
1138	-0.049858	139.366122	0.002316	5.3
1139	-0.000000	139.298676	0.000000	5.5
1140	-0.665746	139.231317	0.003946	5.9
1141	-0.263276	139.164045	0.004315	5.8
1142	-0.360212	139.096859	0.006104	5.7
1143	-0.547008	139.029760	0.004272	6.1
1144	-1.020177	138.962747	0.028835	5.0
1145	-0.719212	138.895820	0.008718	5.4
1146	-0.000000	138.828978	0.000000	4.8
1147	-1.071423	138.762223	0.010088	4.6
1148	-1.046654	138.695553	0.010945	4.3
1149	-0.802386	138.628969	0.009035	4.9
1150	-0.000370	138.562469	0.000006	4.8
1151	-0.000000	138.496055	0.000000	4.0
1152	-0.005588	138.429725	0.000415	4.2
1153	-1.121486	138.363481	0.020602	5.1
1154	-0.062449	138.297320	0.002264	4.2
1155	-0.332414	138.231244	0.003523	4.2
1156	-0.745623	138.165252	0.012943	5.3
1157	-0.000072	138.099344	0.000031	4.3
1158	-0.326845	138.033520	0.001597	4.2
1159	-0.447006	137.967779	0.004456	4.3
1160	-0.000000	137.902122	0.000000	4.5
1161	-0.745001	137.836548	0.007500	4.2
1162	-0.192554	137.771057	0.003874	4.2
1163	-0.605992	137.705649	0.008206	4.8
1164	-0.815073	137.640324	0.026767	4.4
1165	-0.935090	137.575081	0.016375	4.2
1166	-0.817170	137.509921	0.010896	5.2
1167	-0.487643	137.444842	0.006462	4.3
1168	-0.745963	137.379846	0.010346	4.2
1169	-0.041229	137.314932	0.002096	5.9
1170	-0.000000	137.250100	0.000000	4.3
1171	-1.180375	137.185349	0.017623	4.2
1172	-0.950405	137.120680	0.009705	4.6
1173	-0.000000	137.056092	0.000000	4.6
1174	-0.874365	136.991585	0.011072	4.2
1175	-0.806917	136.927158	0.008433	4.7
1176	-0.950394	136.862813	0.009230	4.7
1177	-0.606323	136.798548	0.006976	4.5
1178	-0.923354	136.734363	0.005456	4.9
1179	-0.689615	136.670259	0.010704	4.4
1180	-0.502094	136.606235	0.006695	4.7
1181	-0.000000	136.542291	0.000000	4.8
1182	-1.053811	136.478426	0.012839	4.2
1183	-0.217854	136.414641	0.004183	4.8
1184	-0.504711	136.350936	0.005612	4.4
1185	-0.087395	136.287310	0.003012	4.6
1186	-0.004347	136.223763	0.000030	4.2
1187	-0.304063	136.160295	0.008464	4.8
1188	-0.811571	136.096905	0.006826	4.7
1189	-0.039409	136.033594	0.001218	4.4
1190	-0.313109	135.970362	0.005413	4.9
1191	-0.466449	135.907208	0.001835	4.9
1192	-0.352280	135.844133	0.004363	4.2
1193	-0.802833	135.781135	0.010084	4.4
1194	-0.000000	135.718215	0.000000	4.8
1195	-0.287319	135.655373	0.005003	4.3
1196	-0.679130	135.592608	0.005196	4.2
1197	-0.000000	135.529921	0.000000	5.7
1198	-0.020999	135.467311	0.001092	4.3
1199	-0.820152	135.404778	0.010951	4.2
1200	-0.726838	135.342322	0.006318	5.1
1201	-0.622103	135.279942	0.014303	4.7
1202	-0.018088	135.217640	0.000576	4.2
1203	-0.113747	135.155413	0.003724	4.2
1204	-0.605581	135.093263	0.012321	5.1
1205	-0.259327	135.031190	0.005765	4.3
1206	-0.414578	134.969192	0.004358	4.2
1207	-0.612516	134.907270	0.018088	5.5
1208	-0.216999	134.845424	0.004277	4.3
1209	-0.755750	134.783653	0.004744	4.3
1210	-0.000000	134.721958	0.000000	5.1
1211	-0.000000	134.660338	0.000000	5.1
1212	-0.623548	134.598793	0.005035	4.6
1213	-0.569831	134.537323	0.009906	4.9
1214	-0.866935	134.475927	0.010807	5.0
1215	-0.257767	134.414607	0.006883	4.5
1216	-0.000000	134.353361	0.000000	4.3
1217	-0.939247	134.292189	0.015937	4.9
1218	-0.759287	134.231092	0.011868	4.3
1219	-0.637205	134.170068	0.004396	4.6
1220	-0.000000	134.109119	0.000000	4.6
1221	-0.620087	134.048243	0.006064	4.6
1222	-0.000000	133.987441	0.000000	4.9
1223	-0.620899	133.926713	0.004172	5.1
1224	-0.750200	133.866057	0.012380	4.8
1225	-0.634907	133.805475	0.013014	5.5
1226	-1.194196	133.744966	0.014071	4.2
1227	-0.016432	133.684530	0.000102	4.8
1228	-0.883433	133.624167	0.006056	4.7
1229	-0.537450	133.563877	0.004210	5.2
1230	-0.000000	133.503658	0.000000	5.0
1231	-0.895425	133.443513	0.006018	5.6
1232	-0.547080	133.383439	0.004443	4.7
1233	-0.598205	133.323437	0.006331	5.3
1234	-0.398061	133.263508	0.014973	5.3
1235	-0.971752	133.203650	0.018769	4.7
1236	-0.723530	133.143864	0.006297	5.2
1237	-0.840194	133.084149	0.021234	5.6
1238	-0.561783	133.024506	0.006672	5.2
1239	-0.902061	132.964934	0.005798	5.7
1240	-0.681221	132.905433	0.007102	5.0
1241	-1.121772	132.846003	0.008943	4.3
1242	-0.180917	132.786643	0.003570	5.6
1243	-0.843783	132.727355	0.016795	5.1
1244	-0.000000	132.668137	0.000000	5.1
1245	-0.736587	132.608989	0.006410	5.1
1246	-0.000000	132.549912	0.000000	5.1
1247	-0.871487	132.490904	0.011983	5.2
1248	-0.000001	132.431967	0.000000	4.9
1249	-0.491861	132.373100	0.004818	4.5
1250	-0.000000	132.314302	0.000000	4.7
1251	-0.869891	132.255574	0.005492	5.4
1252	-0.013972	132.196916	0.000767	5.7
1253	-0.917842	132.138326	0.012299	5.1
1254	-0.360399	132.079806	0.002741	5.0
1255	-0.000000	132.021355	0.000000	5.7
1256	-0.000000	131.962973	0.000000	4.5
1257	-0.075366	131.904660	0.001609	4.8
1258	-0.737552	131.846415	0.009016	4.8
1259	-0.255946	131.788239	0.002096	4.3
1260	-0.571275	131.730131	0.005396	4.8
1261	-0.668403	131.672092	0.008701	4.8
1262	-0.081285	131.614121	0.002488	4.5
1263	-0.230358	131.556217	0.004692	4.2
1264	-0.688326	131.498382	0.004572	5.0
1265	-0.233270	131.440614	0.004804	4.3
1266	-1.035895	131.382914	0.019202	4.3
1267	-0.809095	131.325282	0.010265	5.4
1268	-0.000000	131.267717	0.000000	4.8
1269	-0.225716	131.210219	0.004941	4.2
1270	-0.488113	131.152788	0.006427	5.0
1271	-0.452660	131.095424	0.004302	4.3
1272	-0.502999	131.038127	0.004980	4.4
1273	-0.058263	130.980897	0.001121	4.0
1274	-0.733458	130.923733	0.007106	4.6
1275	-0.713407	130.866636	0.006835	4.2
1276	-0.359570	130.809605	0.003367	4.3
1277	-0.759041	130.752641	0.018099	4.9
1278	-0.151147	130.695742	0.003376	4.5
1279	-0.453732	130.638910	0.004434	4.1
1280	-1.036059	130.582143	0.013394	5.3
1281	-0.000000	130.525442	0.000000	4.1
1282	-0.471838	130.468807	0.004866	4.3
1283	-0.000000	130.412237	0.000000	4.6
1284	-0.939828	130.355733	0.008881	4.9
1285	-0.043420	130.299294	0.002461	4.3
1286	-0.000000	130.242920	0.000000	5.0
1287	-0.000000	130.186611	0.000000	4.7
1288	-0.857866	130.130366	0.006239	4.5
1289	-0.941588	130.074187	0.006902	5.3
1290	-0.974900	130.018072	0.014066	4.9
1291	-0.864268	129.962022	0.012072	4.6
1292	-0.000000	129.906036	0.000000	4.6
1293	-0.626616	129.850114	0.004760	4.2
1294	-0.000000	129.794257	0.000000	5.0
1295	-1.027797	129.738463	0.008000	4.6
1296	-0.000000	129.682734	0.000000	4.3
1297	-1.046992	129.627068	0.034287	5.0
1298	-0.296956	129.571466	0.001841	4.9
1299	-0.273516	129.515927	0.006264	4.6
1300	-0.000023	129.460452	0.000001	4.9
1301	-0.000000	129.405040	0.000000	4.9
1302	-0.796928	129.349692	0.008042	4.3
1303	-0.796467	129.294406	0.005506	4.1
1304	-0.154312	129.239183	0.005227	5.1
1305	-0.866382	129.184024	0.009031	4.2
1306	-0.617042	129.128927	0.006614	4.1
1307	-0.849458	129.073892	0.013212	4.7
1308	-0.000000	129.018921	0.000000	4.7
1309	-0.000000	128.964011	0.000000	4.0
1310	-0.002050	128.909164	0.000188	4.1
1311	-0.008150	128.854379	0.001108	5.0
1312	-0.309979	128.799656	0.004161	4.1
1313	-0.106617	128.744995	0.003478	4.1
1314	-0.844969	128.690396	0.010420	4.2
1315	-0.950385	128.635858	0.012428	5.0
1316	-0.869066	128.581382	0.006151	5.2
1317	-0.893942	128.526968	0.006651	5.4
1318	-0.000000	128.472615	0.000000	4.7
1319	-0.887217	128.418323	0.026270	4.1
1320	-0.927263	128.364092	0.004865	4.8
1321	-0.798581	128.309922	0.008099	4.6
1322	-0.766402	128.255814	0.009856	4.3
1323	-1.012721	128.201766	0.006697	4.7
1324	-1.072673	128.147778	0.024144	4.9
1325	-0.004447	128.093852	0.000531	4.4
1326	-0.622229	128.039985	0.004039	4.9
1327	-0.655200	127.986180	0.004610	4.5
1328	-0.928062	127.932434	0.009007	4.6
1329	-0.094625	127.878749	0.004344	4.6
1330	-0.000007	127.825123	0.000000	4.0
1331	-0.000000	127.771558	0.000000	4.6
1332	-0.000000	127.718052	0.000000	4.3
1333	-1.036141	127.664606	0.005602	4.7
1334	-0.140171	127.611220	0.004280	4.3
1335	-0.661669	127.557893	0.010749	4.5
1336	-0.000532	127.504625	0.000022	4.6
1337	-0.766478	127.451417	0.010925	4.6
1338	-0.000000	127.398268	0.000000	4.9
1339	-0.862668	127.345178	0.011980	5.4
1340	-0.018883	127.292147	0.001331	4.3
1341	-0.519280	127.239175	0.004824	5.0
1342	-0.201906	127.186261	0.006712	6.6
1343	-0.952934	127.133407	0.009543	4.7
1344	-0.792536	127.080610	0.007125	5.9
1345	-0.923009	127.027872	0.005580	7.9
1346	-1.100194	126.975193	0.013903	7.5
1347	-0.512658	126.922572	0.005946	6.7
1348	-0.528469	126.870008	0.005689	5.6
1349	-0.016819	126.817503	0.000304	4.3
1350	-0.706199	126.765056	0.008183	4.8
1351	-0.568717	126.712667	0.007139	5.4
1352	-0.663854	126.660335	0.017076	5.3
1353	-0.000000	126.608061	0.000000	4.7
1354	-0.017505	126.555844	0.000141	5.5
1355	-0.779283	126.503685	0.021361	4.9
1356	-0.000000	126.451583	0.000000	5.1
1357	-0.672756	126.399538	0.007480	5.7
1358	-0.547886	126.347550	0.009350	5.3
1359	-0.221856	126.295619	0.004126	5.3
1360	-0.500113	126.243745	0.007704	5.7
1361	-0.031044	126.191928	0.001525	5.3
1362	-0.412980	126.140168	0.005238	5.8
1363	-0.590819	126.088464	0.004517	5.5
1364	-0.000000	126.036817	0.000000	4.8
1365	-0.000000	125.985226	0.000000	4.9
1366	-0.754308	125.933691	0.007088	5.8
1367	-0.116732	125.882212	0.001366	5.2
1368	-0.762124	125.830790	0.006086	5.7
1369	-0.737371	125.779423	0.005179	5.0
1370	-0.089848	125.728113	0.002561	5.2
1371	-0.307766	125.676858	0.010155	4.9
1372	-0.522850	125.625659	0.009967	5.2
1373	-0.963270	125.574515	0.010676	4.8
1374	-0.321281	125.523427	0.001995	5.2
1375	-0.538807	125.472394	0.007813	4.9
1376	-0.003160	125.421417	0.000378	4.7
1377	-0.006240	125.370495	0.000234	4.5
1378	-1.043991	125.319628	0.005155	4.3
1379	-0.996877	125.268815	0.025876	5.0
1380	-1.007259	125.218058	0.010751	4.2
1381	-0.511569	125.167356	0.005328	4.3
1382	-0.637245	125.116708	0.005474	5.3
1383	-0.520841	125.066115	0.005024	4.5
1384	-0.132990	125.015576	0.006409	4.2
1385	-0.000000	124.965092	0.000000	4.4
1386	-0.870792	124.914662	0.008164	5.0
1387	-0.157641	124.864287	0.004412	4.4
1388	-0.634078	124.813965	0.006495	4.2
1389	-0.966904	124.763698	0.008705	5.5
1390	-0.663379	124.713485	0.012402	4.8
1391	-0.828812	124.663325	0.008096	4.3
1392	-0.530170	124.613219	0.006008	5.3
1393	-0.000000	124.563167	0.000000	4.5
1394	-0.000000	124.513168	0.000000	4.2
1395	-1.043624	124.463223	0.010386	4.9
1396	-0.000002	124.413332	0.000000	5.1
1397	-0.714324	124.363493	0.008843	4.4
1398	-0.819209	124.313708	0.008017	4.5
1399	-0.764203	124.263976	0.006856	5.4
1400	-0.633172	124.214297	0.008392	4.8
1401	-0.279803	124.164671	0.004739	4.9
1402	-0.000000	124.115097	0.000000	4.7
1403	-0.583180	124.065577	0.004465	5.2
1404	-0.840520	124.016109	0.006489	4.4
1405	-0.752931	123.966693	0.017346	5.0
1406	-0.929654	123.917330	0.003655	6.1
1407	-0.036023	123.868020	0.000982	4.8
1408	-0.000000	123.818762	0.000000	4.8
1409	-0.646241	123.769556	0.006998	4.7
1410	-0.734913	123.720402	0.005677	4.3
1411	-0.696690	123.671300	0.005372	4.7
1412	-0.675791	123.622250	0.005754	4.7
1413	-0.022035	123.573252	0.001388	4.5
1414	-0.870086	123.524305	0.005653	5.0
1415	-1.154330	123.475411	0.010685	5.4
1416	-0.916403	123.426568	0.013880	4.8
1417	-0.000000	123.377776	0.000000	4.2
1418	-0.076915	123.329036	0.003205	5.0
1419	-0.092274	123.280347	0.002384	4.2
1420	-0.122617	123.231709	0.002700	4.3
1421	-0.494422	123.183122	0.003847	5.2
1422	-0.000000	123.134587	0.000000	4.5
1423	-0.700378	123.086102	0.005948	4.2
1424	-0.961399	123.037669	0.009070	4.2
1425	-0.893753	122.989286	0.012514	5.1
1426	-0.000000	122.940954	0.000000	4.4
1427	-0.736719	122.892672	0.002694	4.2
1428	-0.508241	122.844441	0.004558	5.1
1429	-0.615694	122.796261	0.008959	4.6
1430	-0.000000	122.748130	0.000000	4.2
1431	-0.335393	122.700050	0.003093	4.8
1432	-0.992838	122.652021	0.010757	4.6
1433	-0.559585	122.604041	0.005636	4.3
1434	-0.666576	122.556111	0.005866	4.6
1435	-0.000000	122.508232	0.000000	4.6
1436	-0.378830	122.460402	0.007488	4.4
1437	-0.408448	122.412622	0.006526	4.8
1438	-0.791657	122.364891	0.012393	4.4
1439	-1.057369	122.317210	0.013896	4.7
1440	-0.001204	122.269579	0.000039	4.3
1441	-0.530132	122.221997	0.005177	5.1
1442	-0.000000	122.174465	0.000000	4.7
1443	-0.000000	122.126981	0.000000	4.3
1444	-0.883227	122.079547	0.008677	4.5
1445	-0.079099	122.032162	0.002869	4.8
1446	-0.622505	121.984826	0.004642	4.5
1447	-0.745832	121.937539	0.007238	4.7
1448	-0.744824	121.890301	0.008975	4.2
1449	-0.006454	121.843112	0.000124	4.8
1450	-1.000949	121.795971	0.030020	4.7
1451	-0.609085	121.748879	0.004650	4.5
1452	-0.593818	121.701835	0.006527	4.9
1453	-0.819619	121.654840	0.007949	4.9
1454	-0.009040	121.607893	0.000656	4.4
1455	-0.788545	121.560994	0.006941	5.5
1456	-0.806503	121.514144	0.014163	5.0
1457	-0.935456	121.467342	0.008892	4.9
1458	-0.000000	121.420588	0.000000	4.8
1459	-0.517370	121.373882	0.006319	5.6
1460	-0.644346	121.327223	0.004132	4.5
1461	-0.849103	121.280613	0.011684	4.8
1462	-0.000036	121.234050	0.000025	5.3
1463	-0.000000	121.187535	0.000000	4.9
1464	-1.072618	121.141067	0.012477	4.6
1465	-0.581637	121.094647	0.007624	5.8
1466	-1.004453	121.048274	0.016735	4.9
1467	-0.583175	121.001949	0.004144	5.0
1468	-0.306941	120.955671	0.004389	6.0
1469	-0.888974	120.909440	0.013462	5.4
1470	-0.000000	120.863256	0.000000	4.7
1471	-0.000102	120.817119	0.000001	5.3
1472	-0.000000	120.771029	0.000000	5.1
1473	-0.076739	120.724986	0.003559	5.1
1474	-0.000000	120.678990	0.000000	5.7
1475	-1.007923	120.633040	0.009728	4.9
1476	-0.782915	120.587137	0.007048	5.4
1477	-0.437857	120.541281	0.004006	5.2
1478	-0.178610	120.495471	0.005590	4.4
1479	-0.000721	120.449707	0.000112	4.5
1480	-0.780811	120.403990	0.007650	5.0
1481	-0.301981	120.358319	0.005327	5.1
1482	-0.607909	120.312694	0.008248	5.2
1483	-0.000000	120.267115	0.000000	5.5
1484	-0.099588	120.221582	0.001618	4.4
1485	-1.046826	120.176096	0.019019	4.8
1486	-0.536986	120.130655	0.007512	4.4
1487	-0.100796	120.085260	0.003898	4.7
1488	-0.185698	120.039910	0.005021	4.6
1489	-0.903510	119.994606	0.012526	4.3
1490	-0.083575	119.949348	0.001921	5.0
1491	-0.482659	119.904135	0.006046	4.7
1492	-0.316504	119.858968	0.004332	4.2
1493	-1.040595	119.813846	0.014036	4.8
1494	-0.583410	119.768769	0.005642	4.9
1495	-0.419427	119.723738	0.003581	4.4
1496	-0.919583	119.678752	0.008774	4.2
1497	-0.961989	119.633810	0.007992	4.9
1498	-1.034797	119.588914	0.012115	4.6
1499	-0.453043	119.544062	0.004807	4.7
1500	-1.005951	119.499256	0.011083	5.1
1501	-1.129921	119.454494	0.009905	5.4
1502	-0.000004	119.409777	0.000002	4.2
1503	-0.843734	119.365104	0.007482	5.3
1504	-0.864381	119.320476	0.010468	4.5
1505	-0.929033	119.275893	0.006019	4.7
1506	-0.679260	119.231353	0.007200	5.9
1507	-1.075077	119.186859	0.011478	4.5
1508	-0.836061	119.142408	0.009529	4.4
1509	-0.000000	119.098002	0.000000	6.2
1510	-0.951915	119.053639	0.014484	5.2
1511	-0.549388	119.009321	0.007878	5.0
1512	-0.558558	118.965047	0.006005	6.1
1513	-0.018824	118.920816	0.000556	5.2
1514	-0.000000	118.876630	0.000000	4.4
1515	-0.799325	118.832487	0.008082	5.8
1516	-0.759651	118.788388	0.005975	4.9
1517	-1.035971	118.744332	0.013738	5.9
1518	-0.000000	118.700320	0.000000	5.3
1519	-0.000000	118.656352	0.000000	4.5
1520	-1.090183	118.612427	0.007222	5.4
1521	-0.441954	118.568545	0.005365	5.0
1522	-1.022859	118.524706	0.004959	5.0
1523	-0.807452	118.480911	0.005658	5.5
1524	-0.004376	118.437159	0.000038	5.1
1525	-1.102151	118.393450	0.008257	5.6
1526	-0.760897	118.349784	0.005443	5.2
1527	-1.087144	118.306160	0.010614	5.5
1528	-0.315774	118.262580	0.006230	5.3
1529	-0.484197	118.219042	0.011384	5.1
1530	-0.805263	118.175548	0.007475	5.4
1531	-0.573912	118.132095	0.005924	5.8
1532	-0.184913	118.088686	0.002922	4.5
1533	-0.324385	118.045319	0.003517	5.4
1534	-0.212175	118.001994	0.002468	5.9
1535	-0.000000	117.958712	0.000000	4.8
1536	-0.912213	117.915472	0.007473	5.4
1537	-0.337253	117.872274	0.003307	4.9
1538	-0.813447	117.829118	0.011004	4.4
1539	-0.000000	117.786005	0.000000	5.8
1540	-0.046233	117.742933	0.001592	5.8
1541	-1.109483	117.699904	0.007188	4.5
1542	-0.000000	117.656916	0.000000	7.0
1543	-0.972337	117.613971	0.011590	4.7
1544	-0.000000	117.571067	0.000000	5.3
1545	-0.779907	117.528205	0.008942	4.9
1546	-0.849364	117.485384	0.006723	4.2
1547	-0.030562	117.442605	0.001377	4.1
1548	-0.965076	117.399867	0.008013	5.3
1549	-0.000008	117.357171	0.000003	4.3
1550	-0.116430	117.314517	0.003174	4.4
1551	-0.353047	117.271903	0.007286	5.1
1552	-0.000000	117.229331	0.000000	5.1
1553	-0.712792	117.186800	0.009786	4.8
1554	-0.537249	117.144311	0.004315	6.2
1555	-0.893187	117.101862	0.010361	5.5
1556	-0.955785	117.059454	0.008587	5.6
1557	-0.832249	117.017087	0.006901	6.0
1558	-0.393277	116.974762	0.004709	4.6
1559	-0.576411	116.932476	0.004113	5.4
1560	-0.396354	116.890232	0.005964	4.8
1561	-0.192740	116.848028	0.003104	4.6
1562	-0.847284	116.805865	0.004196	5.8
1563	-0.000000	116.763743	0.000000	4.9
1564	-1.087018	116.721661	0.010372	5.2
1565	-0.249297	116.679619	0.002635	4.7
1566	-0.508536	116.637618	0.006419	4.8
1567	-0.791481	116.595657	0.006187	5.5
1568	-1.034277	116.553736	0.009327	5.4
1569	-0.000000	116.511855	0.000000	4.7
1570	-0.859121	116.470015	0.007163	5.8
1571	-0.696116	116.428214	0.005030	5.1
1572	-1.048538	116.386454	0.017950	4.9
1573	-0.995224	116.344733	0.008196	5.6
1574	-0.930849	116.303052	0.006978	5.1
1575	-0.100505	116.261412	0.004181	4.4
1576	-0.861779	116.219810	0.005900	4.9
1577	-0.790303	116.178249	0.011503	5.2
1578	-0.072655	116.136727	0.003892	4.8
1579	-0.525579	116.095245	0.010711	5.9
1580	-0.337561	116.053802	0.009662	4.5
1581	-0.945726	116.012398	0.006914	4.5
1582	-1.133811	115.971034	0.016766	5.6
1583	-1.026063	115.929710	0.009629	4.5
1584	-0.973869	115.888424	0.014409	4.2
1585	-0.824917	115.847178	0.007101	4.3
1586	-0.000000	115.805970	0.000000	4.2
1587	-0.000000	115.764802	0.000000	4.5
1588	-1.024982	115.723673	0.010079	4.2
1589	-0.016783	115.682583	0.002372	5.1
1590	-1.131688	115.641532	0.008629	4.4
1591	-0.000000	115.600519	0.000000	4.2
1592	-0.700408	115.559546	0.008873	5.0
1593	-0.989568	115.518610	0.014581	4.5
1594	-1.127938	115.477714	0.009929	4.2
1595	-1.145133	115.436856	0.008803	5.0
1596	-1.003518	115.396037	0.012028	4.8
1597	-1.071403	115.355256	0.008352	4.4
1598	-0.990623	115.314514	0.014868	4.6
1599	-0.040037	115.273810	0.002188	4.9
1600	-0.744794	115.233144	0.007719	4.3
1601	-0.904431	115.192517	0.010431	4.6
1602	-0.054211	115.151927	0.001558	4.4
1603	-0.513526	115.111376	0.018791	4.8
1604	-0.000551	115.070863	0.000039	4.3
1605	-0.927600	115.030388	0.007865	5.2
1606	-0.396784	114.989951	0.004334	5.0
1607	-0.702364	114.949551	0.009445	4.3
1608	-0.916440	114.909190	0.005448	5.2
1609	-0.000000	114.868866	0.000000	4.9
1610	-0.724402	114.828580	0.008097	4.3
1611	-1.058612	114.788332	0.010164	4.7
1612	-1.052552	114.748121	0.007891	4.4
1613	-0.972607	114.707948	0.012258	4.4
1614	-0.493112	114.667812	0.007739	4.8
1615	-0.536704	114.627714	0.005610	4.2
1616	-0.822611	114.587653	0.014178	4.7
1617	-0.612904	114.547629	0.006658	5.0
1618	-0.809638	114.507643	0.009803	5.1
1619	-0.991293	114.467693	0.006127	5.8
1620	-0.000000	114.427781	0.000000	5.1
1621	-0.153512	114.387907	0.002647	4.6
1622	-0.881063	114.348069	0.007833	5.4
1623	-0.731126	114.308268	0.009303	4.6
1624	-0.885189	114.268504	0.008741	4.7
1625	-0.564438	114.228777	0.005929	6.0
1626	-0.063618	114.189086	0.000988	4.4
1627	-0.768076	114.149433	0.008355	4.6
1628	-0.511216	114.109816	0.005915	5.4
1629	-0.459422	114.070235	0.004947	5.1
1630	-0.146859	114.030692	0.005419	5.5
1631	-0.500901	113.991185	0.005052	6.1
1632	-0.001455	113.951714	0.000172	4.5
1633	-0.000000	113.912280	0.000000	4.6
1634	-0.996095	113.872882	0.007574	5.7
1635	-0.726968	113.833521	0.006096	4.4
1636	-0.328343	113.794195	0.004284	4.6
1637	-0.566627	113.754906	0.003968	6.4
1638	-0.000000	113.715653	0.000000	4.8
1639	-1.009298	113.676437	0.007911	5.2
1640	-0.000000	113.637256	0.000000	5.7
1641	-0.078992	113.598111	0.002231	4.8
1642	-0.000000	113.559002	0.000000	5.1
1643	-0.000000	113.519929	0.000000	5.0
1644	-0.944505	113.480892	0.008477	4.9
1645	-0.576666	113.441891	0.005486	5.4
1646	-0.615505	113.402925	0.009196	4.8
1647	-0.337430	113.363995	0.006500	4.4
1648	-0.842835	113.325101	0.007256	4.7
1649	-0.752278	113.286242	0.006427	4.4
1650	-0.082927	113.247419	0.003687	4.7
1651	-0.209094	113.208631	0.005874	4.7
1652	-0.812609	113.169879	0.005530	4.2
1653	-0.946988	113.131162	0.007147	4.9
1654	-0.815921	113.092480	0.006320	4.5
1655	-0.627386	113.053833	0.006578	4.8
1656	-0.045501	113.015222	0.001065	4.3
1657	-0.000000	112.976646	0.000000	4.6
1658	-0.078441	112.938105	0.001694	4.7
1659	-0.986969	112.899599	0.007961	4.2
1660	-0.354904	112.861128	0.001350	5.0
1661	-0.532069	112.822692	0.005471	4.6
1662	-0.000000	112.784291	0.000000	4.2
1663	-0.227540	112.745924	0.004588	4.7
1664	-0.000000	112.707593	0.000000	4.8
1665	-0.932091	112.669296	0.014609	4.4
1666	-0.377279	112.631034	0.004849	4.2
1667	-0.917807	112.592806	0.007800	5.1
1668	-0.887344	112.554613	0.011435	4.9
1669	-0.000000	112.516455	0.000000	4.5
1670	-1.075903	112.478331	0.009309	5.3
1671	-0.652504	112.440241	0.008813	4.2
1672	-0.859166	112.402186	0.006847	4.1
1673	-0.000000	112.364165	0.000000	4.4
1674	-0.894538	112.326179	0.004421	6.2
1675	-0.948441	112.288227	0.024682	5.1
1676	-0.000000	112.250309	0.000000	4.4
1677	-0.688108	112.212425	0.010110	4.3
1678	-1.006993	112.174575	0.008420	4.6
1679	-0.895151	112.136759	0.006324	5.1
1680	-1.005644	112.098977	0.007522	4.7
1681	-0.014397	112.061229	0.000952	4.6
1682	-0.967179	112.023515	0.010206	5.2
1683	-0.055688	111.985834	0.002640	4.8
1684	-1.014748	111.948188	0.011220	4.9
1685	-1.180688	111.910575	0.009011	5.2
1686	-0.962858	111.872996	0.005699	4.5
1687	-0.583120	111.835450	0.015978	5.0
1688	-0.209210	111.797939	0.006337	4.8
1689	-0.017193	111.760460	0.001365	4.7
1690	-0.660287	111.723015	0.012262	4.8
1691	-0.584252	111.685604	0.006130	5.5
1692	-0.000000	111.648226	0.000000	4.8
1693	-0.735779	111.610881	0.006026	4.9
1694	-0.953152	111.573570	0.009061	4.3
1695	-1.071785	111.536292	0.008402	4.9
1696	-0.566621	111.499047	0.004376	5.2
1697	-1.119881	111.461835	0.029876	4.9
1698	-0.637759	111.424656	0.004151	5.7
1699	-0.646433	111.387510	0.020385	5.8
1700	-0.000000	111.350398	0.000000	5.5
1701	-0.000000	111.313318	0.000000	5.5
1702	-0.311883	111.276271	0.005582	5.2
1703	-0.481301	111.239257	0.011776	4.8
1704	-0.915573	111.202276	0.003700	5.4
1705	-0.931710	111.165328	0.003512	4.8
1706	-0.960476	111.128412	0.008110	4.8
1707	-0.000002	111.091529	0.000001	5.6
1708	-0.721267	111.054679	0.005355	5.1
1709	-0.580328	111.017861	0.006874	4.2
1710	-0.578052	110.981076	0.006121	5.1
1711	-0.000000	110.944323	0.000000	4.5
1712	-0.618436	110.907603	0.012314	4.4
1713	-0.000000	110.870915	0.000000	5.0
1714	-0.856178	110.834259	0.010024	4.7
1715	-0.879777	110.797636	0.005006	4.2
1716	-0.462786	110.761045	0.006007	4.6
1717	-0.970568	110.724486	0.008088	5.0
1718	-0.756137	110.687959	0.011417	4.5
1719	-0.054439	110.651465	0.001427	4.4
1720	-0.000000	110.615002	0.000000	4.8
1721	-0.489360	110.578572	0.007251	4.4
1722	-0.562088	110.542173	0.008753	4.8
1723	-0.658514	110.505807	0.007948	5.1
1724	-0.000000	110.469472	0.000000	4.8
1725	-0.338033	110.433169	0.004914	4.6
1726	-0.796596	110.396898	0.007281	4.4
1727	-0.019430	110.360659	0.000541	4.8
1728	-0.731983	110.324451	0.013073	4.8
1729	-0.932808	110.288276	0.017462	4.3
1730	-0.784178	110.252131	0.006955	4.9
1731	-0.334632	110.216019	0.004206	4.7
1732	-0.680462	110.179937	0.004920	4.5
1733	-1.016058	110.143888	0.011895	4.3
1734	-0.017143	110.107869	0.000195	5.1
1735	-1.105363	110.071882	0.009315	4.3
1736	-0.052037	110.035927	0.001560	4.3
1737	-0.875410	110.000003	0.008842	5.0
1738	-0.910407	109.964110	0.008794	5.3
1739	-0.445821	109.928248	0.009979	4.8
1740	-0.000000	109.892417	0.000000	5.8
1741	-0.000000	109.856618	0.000000	4.6
1742	-0.956753	109.820850	0.013445	4.6
1743	-0.451565	109.785112	0.005360	5.5
1744	-0.021142	109.749406	0.000595	5.7
1745	-0.469797	109.713730	0.004568	4.3
1746	-0.002780	109.678086	0.000063	5.2
1747	-0.655848	109.642472	0.006896	4.5
1748	-0.139719	109.606890	0.002697	4.4
1749	-0.989468	109.571337	0.006654	5.0
1750	-0.553175	109.535816	0.006715	4.8
1751	-0.000000	109.500326	0.000000	4.2
1752	-0.466480	109.464866	0.008903	5.3
1753	-0.021206	109.429436	0.001309	4.7
1754	-0.870598	109.394038	0.008844	4.2
1755	-0.825997	109.358669	0.006133	4.3
1756	-0.186257	109.323331	0.004373	4.9
1757	-0.918635	109.288024	0.006286	4.5
1758	-0.000000	109.252747	0.000000	4.6
1759	-0.230692	109.217501	0.005518	5.1
1760	-0.766241	109.182284	0.011217	5.0
1761	-0.000000	109.147098	0.000000	5.2
1762	-0.257867	109.111942	0.002599	6.1
1763	-0.623503	109.076817	0.005695	5.7
1764	-0.849972	109.041721	0.004733	5.2
1765	-0.000000	109.006656	0.000000	5.5
1766	-0.964492	108.971620	0.008616	4.9
1767	-0.484391	108.936615	0.004650	4.9
1768	-0.728843	108.901640	0.008448	5.8
1769	-0.634196	108.866694	0.014617	5.5
1770	-0.988868	108.831779	0.007316	5.5
1771	-0.447086	108.796893	0.006248	5.1
1772	-0.542102	108.762037	0.011181	5.7
1773	-0.247819	108.727211	0.004304	5.2
1774	-0.210085	108.692415	0.003080	6.0
1775	-0.831120	108.657648	0.006856	5.5
1776	-0.000000	108.622911	0.000000	4.8
1777	-0.688558	108.588203	0.006553	5.7
1778	-0.708816	108.553525	0.004258	4.5
1779	-1.144445	108.518877	0.021139	5.0
1780	-0.000000	108.484258	0.000000	5.6
1781	-0.965428	108.449668	0.006171	4.4
1782	-0.543426	108.415108	0.006735	4.8
1783	-0.655167	108.380578	0.004112	6.0
1784	-0.134412	108.346076	0.003657	5.3
1785	-0.895975	108.311604	0.006135	5.3
1786	-0.529359	108.277161	0.002830	5.9
1787	-0.936690	108.242747	0.006910	5.1
1788	-0.000450	108.208363	0.000013	5.0
1789	-0.211197	108.174007	0.001802	4.7
1790	-0.534130	108.139681	0.007528	4.3
1791	-0.212854	108.105383	0.002717	4.9
1792	-0.960942	108.071115	0.006201	4.9
1793	-0.857276	108.036875	0.017774	4.5
1794	-0.847335	108.002665	0.007558	4.8
1795	-1.160233	107.968483	0.016782	5.5
1796	-0.924776	107.934330	0.011940	4.5
1797	-0.693422	107.900206	0.011985	5.0
1798	-1.065929	107.866111	0.009627	4.4
1799	-0.610235	107.832044	0.006394	4.5
1800	-0.552921	107.798007	0.005178	4.2
1801	-0.634853	107.763997	0.004222	4.7
1802	-0.930641	107.730017	0.006487	5.0
1803	-0.343069	107.696065	0.005175	4.5
1804	-0.886363	107.662141	0.007105	4.8
1805	-0.000000	107.628246	0.000000	4.9
1806	-0.736684	107.594379	0.007143	4.5
1807	-0.990289	107.560541	0.005524	4.7
1808	-0.000000	107.526731	0.000000	4.2
1809	-0.000000	107.492949	0.000000	4.5
1810	-0.770861	107.459196	0.009603	4.8
1811	-0.000000	107.425471	0.000000	4.3
1812	-0.694105	107.391774	0.007864	4.8
1813	-0.876781	107.358106	0.006515	4.8
1814	-0.972796	107.324465	0.006765	4.3
1815	-0.745258	107.290853	0.019493	4.2
1816	-1.110468	107.257268	0.023222	5.2
1817	-0.000000	107.223712	0.000000	4.3
1818	-0.694177	107.190184	0.005723	4.2
1819	-0.617732	107.156683	0.006636	5.3
1820	-0.000000	107.123211	0.000000	4.3
1821	-0.198992	107.089766	0.003160	4.3
1822	-0.000000	107.056349	0.000000	4.6
1823	-0.845388	107.022960	0.010120	4.6
1824	-0.243645	106.989599	0.004668	4.2
1825	-0.031702	106.956265	0.001106	4.2
1826	-0.960303	106.922960	0.007709	5.4
1827	-0.000000	106.889681	0.000000	4.4
1828	-0.000000	106.856431	0.000000	4.2
1829	-0.862249	106.823208	0.005988	5.1
1830	-0.582767	106.790012	0.005026	4.4
1831	-0.061365	106.756844	0.001635	4.6
1832	-1.041388	106.723703	0.010627	5.2
1833	-0.000000	106.690590	0.000000	4.5
1834	-1.078234	106.657505	0.007826	4.3
1835	-0.198085	106.624446	0.003747	4.6
1836	-0.857910	106.591415	0.012876	4.8
1837	-0.000000	106.558411	0.000000	4.2
1838	-0.875835	106.525435	0.011908	4.8
1839	-0.586070	106.492485	0.006161	5.7
1840	-0.202393	106.459563	0.005672	4.5
1841	-0.106609	106.426668	0.002730	5.1
1842	-0.975922	106.393800	0.006814	5.1
1843	-0.493887	106.360959	0.005523	5.3
1844	-0.752327	106.328145	0.006774	5.5
1845	-0.560816	106.295358	0.005501	5.5
1846	-0.901947	106.262598	0.007730	4.4
1847	-0.667744	106.229865	0.006113	6.2
1848	-0.604731	106.197158	0.010639	5.5
1849	-0.000000	106.164479	0.000000	4.5
1850	-0.000000	106.131826	0.000000	5.0
1851	-0.825321	106.099201	0.005188	5.3
1852	-0.405047	106.066602	0.004185	5.2
1853	-0.577996	106.034029	0.007269	5.3
1854	-0.392481	106.001483	0.004661	5.7
1855	-1.027615	105.968964	0.013125	4.8
1856	-0.385516	105.936472	0.003840	4.9
1857	-1.021075	105.904006	0.027441	5.0
1858	-0.899929	105.871566	0.007201	5.5
1859	-0.527203	105.839153	0.004700	5.0
1860	-0.182033	105.806767	0.003570	5.5
1861	-0.000000	105.774407	0.000000	5.6
1862	-0.898051	105.742073	0.009263	4.8
1863	-0.459175	105.709766	0.008854	5.7
1864	-0.484652	105.677485	0.006609	6.1
1865	-0.703304	105.645230	0.003185	4.9
1866	-0.000000	105.613001	0.000000	6.6
1867	-0.000000	105.580799	0.000000	4.8
1868	-1.001114	105.548623	0.010310	4.7
1869	-0.011034	105.516473	0.000675	5.2
1870	-0.000000	105.484349	0.000000	4.4
1871	-0.000000	105.452251	0.000000	4.2
1872	-0.000000	105.420179	0.000000	5.3
1873	-1.054389	105.388133	0.007625	5.3
1874	-0.121938	105.356113	0.001913	4.6
1875	-0.948907	105.324119	0.014437	4.7
1876	-0.000000	105.292151	0.000000	4.1
1877	-1.163847	105.260209	0.009540	4.2
1878	-0.000000	105.228293	0.000000	4.7
1879	-0.522092	105.196402	0.005820	4.3
1880	-0.000475	105.164537	0.000051	4.0
1881	-0.779100	105.132698	0.007601	4.2
1882	-0.757246	105.100885	0.005415	4.5
1883	-0.934156	105.069097	0.006400	4.1
1884	-0.000000	105.037335	0.000000	4.4
1885	-0.736492	105.005598	0.018209	4.7
1886	-0.000000	104.973887	0.000000	4.2
1887	-0.683179	104.942202	0.009327	4.8
1888	-0.534538	104.910542	0.007243	4.2
1889	-0.185357	104.878907	0.001942	4.6
1890	-0.784484	104.847298	0.006357	4.7
1891	-0.816331	104.815715	0.005759	4.5
1892	-0.002480	104.784156	0.000239	5.7
1893	-0.001556	104.752623	0.000024	4.8
1894	-0.549467	104.721116	0.005967	4.3
1895	-0.746339	104.689633	0.006163	4.7
1896	-0.345260	104.658176	0.004566	4.7
1897	-0.000000	104.626744	0.000000	4.2
1898	-0.000000	104.595337	0.000000	4.2
1899	-1.039409	104.563955	0.010414	5.2
1900	-0.123116	104.532599	0.002233	4.3
1901	-0.767268	104.501267	0.011733	4.2
1902	-0.027554	104.469960	0.001547	5.1
1903	-0.399440	104.438679	0.005000	4.5
1904	-1.107067	104.407422	0.021330	4.5
1905	-0.133585	104.376191	0.004947	4.5
1906	-0.000000	104.344984	0.000000	4.7
1907	-0.800595	104.313802	0.007212	4.3
1908	-0.715823	104.282645	0.006401	4.6
1909	-0.002399	104.251513	0.000286	4.4
1910	-0.893358	104.220405	0.009773	4.5
1911	-0.976301	104.189323	0.013057	4.3
1912	-0.467240	104.158265	0.005413	5.0
1913	-0.000000	104.127231	0.000000	4.3
1914	-0.000000	104.096222	0.000000	4.5
1915	-0.000000	104.065238	0.000000	6.0
1916	-0.054056	104.034279	0.001196	4.6
1917	-0.899103	104.003344	0.007534	6.3
1918	-1.098045	103.972433	0.008309	4.4
1919	-0.400598	103.941547	0.004809	4.6
1920	-0.127804	103.910686	0.002515	4.8
1921	-0.893004	103.879849	0.007094	4.2
1922	-0.000000	103.849036	0.000000	4.8
1923	-0.730103	103.818248	0.013121	4.8
1924	-0.768139	103.787484	0.011658	5.0
1925	-0.994726	103.756744	0.007391	5.0
1926	-0.311954	103.726029	0.004607	5.0
1927	-0.811227	103.695338	0.012468	4.3
1928	-0.000000	103.664671	0.000000	4.4
1929	-0.434994	103.634028	0.008549	5.1
1930	-0.720752	103.603409	0.008657	4.3
1931	-0.701472	103.572814	0.006288	4.1
1932	-0.000000	103.542244	0.000000	5.2
1933	-0.000000	103.511698	0.000000	4.8
1934	-0.973177	103.481175	0.010234	5.1
1935	-1.012289	103.450677	0.015079	5.4
1936	-0.611187	103.420202	0.006190	4.8
1937	-0.583173	103.389752	0.005893	4.4
1938	-0.712195	103.359325	0.013801	5.8
1939	-0.309831	103.328922	0.003234	6.0
1940	-0.035925	103.298543	0.000557	9.4
1941	-0.655158	103.268188	0.007282	7.4
1942	-0.000000	103.237857	0.000000	5.0
1943	-1.049282	103.207549	0.009310	5.1
1944	-0.835692	103.177265	0.006531	4.9
1945	-0.000000	103.147005	0.000000	4.7
1946	-0.000000	103.116768	0.000000	5.3
1947	-0.884699	103.086556	0.005155	5.2
1948	-1.002673	103.056366	0.005895	4.5
1949	-1.009059	103.026200	0.008051	5.3
1950	-0.086208	102.996058	0.001627	4.2
1951	-0.000000	102.965939	0.000000	4.8
1952	-0.000000	102.935844	0.000000	4.5
1953	-0.488362	102.905772	0.007494	4.9
1954	-0.152021	102.875724	0.002501	4.7
1955	-0.673692	102.845699	0.009670	4.6
1956	-0.361124	102.815697	0.005173	4.9
1957	-0.956122	102.785719	0.005658	5.1
1958	-0.445632	102.755764	0.004280	4.8
1959	-0.567689	102.725832	0.003574	5.2
1960	-0.868280	102.695924	0.005297	5.1
1961	-0.419082	102.666038	0.007474	5.4
1962	-0.023017	102.636176	0.000360	5.7
1963	-0.702786	102.606337	0.006380	4.8
1964	-0.970672	102.576521	0.012364	4.3
1965	-0.989062	102.546728	0.007463	4.7
1966	-0.931574	102.516959	0.005967	4.5
1967	-0.822275	102.487212	0.006449	4.5
1968	-0.293498	102.457488	0.005920	4.2
1969	-0.797374	102.427788	0.007501	4.8
1970	-0.000000	102.398110	0.000000	5.2
1971	-0.000000	102.368455	0.000000	5.0
1972	-0.834002	102.338823	0.008718	4.8
1973	-0.031148	102.309214	0.000976	4.6
1974	-0.638217	102.279628	0.006203	4.3
1975	-0.000000	102.250064	0.000000	4.6
1976	-0.049487	102.220524	0.000799	4.9
1977	-0.000000	102.191006	0.000000	4.3
1978	-0.214648	102.161511	0.003514	4.1
1979	-1.061160	102.132038	0.018386	5.3
1980	-0.906650	102.102588	0.020557	4.3
1981	-0.855726	102.073161	0.006358	4.3
1982	-0.934624	102.043757	0.005632	5.1
1983	-0.000000	102.014375	0.000000	4.4
1984	-0.918529	101.985015	0.006232	4.3
1985	-0.045306	101.955678	0.001738	5.3
1986	-0.461389	101.926364	0.005115	4.6
1987	-1.025849	101.897072	0.011350	4.5
1988	-0.860978	101.867802	0.006020	5.8
1989	-0.000082	101.838555	0.000004	4.4
1990	-0.000000	101.809330	0.000000	4.3
1991	-0.000000	101.780128	0.000000	5.2
1992	-0.000000	101.750948	0.000000	4.8
1993	-0.000002	101.721790	0.000000	4.3
1994	-0.463955	101.692654	0.004124	4.8
1995	-0.539592	101.663541	0.004779	4.8
1996	-0.952435	101.634450	0.007111	4.5
1997	-0.000377	101.605381	0.000061	4.7
1998	-0.517030	101.576335	0.005163	4.4
1999	-0.054623	101.547310	0.001680	4.6
