1:ItNr	2:Metric	3:StepSize	4:||Gradient||	Time[ms]
0	-0.000000	627.201626	0.000000	988.2
1	-0.981437	623.504937	0.007328	33.0
2	-0.793427	619.865785	0.006239	31.1
3	-0.328065	616.282728	0.005255	34.6
4	-0.417435	612.754375	0.006146	32.9
5	-0.000000	609.279381	0.000000	33.1
6	-0.000000	605.856447	0.000000	30.7
7	-0.665571	602.484317	0.003985	32.4
8	-0.563804	599.161779	0.004498	34.1
9	-0.000148	595.887656	0.000016	31.1
10	-0.823998	592.660813	0.008879	31.3
11	-0.000000	589.480151	0.000000	29.9
12	-0.450249	586.344606	0.006695	34.3
13	-0.000000	583.253145	0.000000	31.6
14	-0.650417	580.204771	0.006125	32.6
15	-0.277303	577.198517	0.004400	30.8
16	-0.326507	574.233444	0.004067	31.1
17	-0.471677	571.308645	0.006582	31.4
18	-0.001308	568.423237	0.000031	30.2
19	-0.632210	565.576365	0.008969	30.3
20	-0.000000	562.767201	0.000000	32.1
21	-0.820228	559.994938	0.007072	30.4
22	-0.746830	557.258797	0.007056	30.8
23	-0.850877	554.558018	0.006444	30.3
24	-0.625989	551.891865	0.004572	30.0
25	-0.818341	549.259621	0.008069	31.5
26	-0.497221	546.660592	0.006836	29.9
27	-0.000000	544.094102	0.000000	31.0
28	-0.378747	541.559494	0.006298	30.4
29	-0.144671	539.056129	0.002194	31.0
30	-0.259402	536.583387	0.005671	30.4
31	-0.590402	534.140663	0.006740	31.1
32	-0.030555	531.727370	0.000730	30.3
33	-0.054642	529.342935	0.001107	30.2
34	-0.464792	526.986802	0.005692	31.8
35	-0.714950	524.658430	0.005737	33.4
36	-0.004100	522.357290	0.000081	29.9
37	-0.516003	520.082868	0.006616	30.8
38	-0.409427	517.834665	0.005827	32.5
39	-1.073838	515.612193	0.012382	32.3
40	-0.946401	513.414976	0.008520	30.9
41	-0.425496	511.242551	0.006637	33.4
42	-0.428058	509.094468	0.005152	31.1
43	-0.000449	506.970285	0.000013	31.3
44	-0.665363	504.869574	0.006241	30.5
45	-0.599715	502.791916	0.006593	31.9
46	-0.694962	500.736903	0.005169	31.6
47	-0.000000	498.704137	0.000000	29.7
48	-0.571382	496.693228	0.006216	29.2
49	-0.516836	494.703798	0.005459	30.9
50	-0.000000	492.735476	0.000000	31.9
51	-0.000753	490.787900	0.000041	31.8
52	-0.088939	488.860718	0.002198	30.1
53	-0.412442	486.953585	0.005310	32.7
54	-0.764798	485.066164	0.008019	30.0
55	-0.693167	483.198126	0.005777	31.1
56	-0.000000	481.349149	0.000000	29.6
57	-0.000000	479.518920	0.000000	32.7
58	-0.000000	477.707132	0.000000	32.5
59	-0.333058	475.913485	0.004389	31.3
60	-0.000000	474.137684	0.000000	30.2
61	-0.000000	472.379445	0.000000	30.1
62	-0.464234	470.638485	0.006239	31.2
63	-0.000000	468.914531	0.000000	29.6
64	-0.524113	467.207315	0.005115	30.0
65	-0.893488	465.516573	0.008136	33.9
66	-0.671897	463.842050	0.006993	31.0
67	-0.735504	462.183494	0.010644	31.8
68	-0.858958	460.540658	0.006348	31.0
69	-0.006650	458.913303	0.000133	31.3
70	-0.555535	457.301192	0.004393	32.0
71	-0.673367	455.704096	0.006270	31.1
72	-0.848670	454.121787	0.012657	30.6
73	-0.155737	452.554045	0.003002	30.1
74	-0.630967	451.000653	0.006538	30.6
75	-0.600402	449.461399	0.006078	30.7
76	-0.132839	447.936075	0.001916	31.9
77	-0.000000	446.424477	0.000000	31.0
78	-0.105291	444.926406	0.000901	31.3
79	-0.025153	443.441666	0.001076	30.8
80	-0.000000	441.970065	0.000000	33.8
81	-0.000000	440.511415	0.000000	30.7
82	-0.191504	439.065533	0.003037	33.0
83	-0.348865	437.632238	0.005450	30.5
84	-0.773669	436.211351	0.005355	34.1
85	-0.000000	434.802701	0.000000	31.2
86	-0.183679	433.406117	0.003035	30.7
87	-0.404896	432.021430	0.006050	30.5
88	-0.000000	430.648479	0.000000	29.2
89	-0.018519	429.287101	0.000811	30.6
90	-0.440230	427.937140	0.006236	31.1
91	-0.835061	426.598440	0.007284	30.6
92	-0.747552	425.270849	0.005512	31.3
93	-0.000000	423.954220	0.000000	32.1
94	-0.000000	422.648404	0.000000	31.6
95	-0.628860	421.353259	0.009234	29.1
96	-0.329077	420.068643	0.003552	31.0
97	-0.052385	418.794419	0.001137	30.4
98	-0.339593	417.530451	0.004844	31.3
99	-0.055240	416.276604	0.001577	30.6
100	-0.000019	415.032748	0.000004	32.2
101	-0.540973	413.798754	0.006411	29.9
102	-0.457332	412.574495	0.007408	32.1
103	-0.834708	411.359849	0.007495	30.2
104	-0.481854	410.154691	0.005760	31.4
105	-0.827871	408.958904	0.006752	30.8
106	-0.027871	407.772368	0.001781	34.3
107	-0.790748	406.594968	0.006981	31.4
108	-0.559052	405.426590	0.004785	31.0
109	-0.000000	404.267122	0.000000	31.3
110	-0.000000	403.116456	0.000000	33.2
111	-0.449843	401.974481	0.005910	31.0
112	-0.322823	400.841093	0.004163	35.2
113	-0.634565	399.716187	0.004921	31.0
114	-0.324064	398.599660	0.003883	31.0
115	-0.900141	397.491411	0.009675	30.0
116	-0.239537	396.391342	0.003484	31.0
117	-0.000000	395.299353	0.000000	32.0
118	-0.000000	394.215350	0.000000	32.7
119	-0.196134	393.139238	0.003746	29.4
120	-0.743022	392.070924	0.005287	31.5
121	-0.114493	391.010316	0.003219	31.7
122	-0.842631	389.957325	0.008533	31.8
123	-0.000000	388.911862	0.000000	31.1
124	-0.000000	387.873839	0.000000	32.9
125	-0.000000	386.843173	0.000000	30.7
126	-0.000000	385.819777	0.000000	33.7
127	-0.186788	384.803569	0.003218	30.8
128	-0.664884	383.794468	0.008323	32.8
129	-0.726289	382.792393	0.005491	30.9
130	-0.015297	381.797264	0.000662	31.0
131	-0.000000	380.809005	0.000000	30.9
132	-0.000000	379.827537	0.000000	30.7
133	-0.843947	378.852786	0.006529	30.7
134	-0.801914	377.884678	0.006310	32.3
135	-0.054644	376.923138	0.001636	31.4
136	-0.942306	375.968095	0.009806	31.0
137	-0.573932	375.019479	0.007363	31.5
138	-0.733361	374.077218	0.004601	31.0
139	-0.211398	373.141244	0.003863	30.8
140	-0.594045	372.211489	0.006835	30.9
141	-0.028047	371.287887	0.000443	33.5
142	-0.925267	370.370370	0.007616	30.7
143	-0.827034	369.458876	0.006125	31.4
144	-0.010332	368.553338	0.000375	32.0
145	-0.449403	367.653696	0.007226	32.0
146	-0.484937	366.759885	0.010678	30.3
147	-0.040000	365.871846	0.000804	31.1
148	-0.830415	364.989518	0.007210	31.5
149	-0.420821	364.112841	0.006214	32.1
150	-0.369691	363.241757	0.003941	32.3
151	-0.000000	362.376208	0.000000	29.7
152	-0.524671	361.516137	0.005843	30.9
153	-0.237622	360.661488	0.003969	29.7
154	-0.000000	359.812206	0.000000	30.8
155	-0.000021	358.968236	0.000002	29.8
156	-0.392843	358.129524	0.006396	31.0
157	-0.651496	357.296018	0.004601	30.8
158	-0.662041	356.467665	0.006286	30.7
159	-0.431029	355.644414	0.003856	28.9
160	-0.560617	354.826213	0.006049	34.5
161	-0.000000	354.013012	0.000000	28.7
162	-0.000007	353.204763	0.000010	31.7
163	-0.000000	352.401415	0.000000	32.3
164	-0.000000	351.602922	0.000000	31.1
165	-0.862981	350.809235	0.008751	30.9
166	-0.758180	350.020308	0.006519	33.1
167	-0.000000	349.236095	0.000000	30.6
168	-0.000000	348.456550	0.000000	30.7
169	-0.628077	347.681627	0.007320	31.8
170	-0.963556	346.911283	0.009387	33.4
171	-0.000000	346.145474	0.000000	31.6
172	-0.872234	345.384157	0.007333	32.5
173	-0.000000	344.627288	0.000000	30.1
174	-0.522522	343.874826	0.006454	31.0
175	-0.766104	343.126729	0.005951	30.5
176	-0.498295	342.382957	0.005485	30.1
177	-0.592435	341.643469	0.003841	29.9
178	-0.064874	340.908224	0.002765	31.4
179	-0.000000	340.177184	0.000000	33.1
180	-0.915364	339.450309	0.010228	31.1
181	-0.536476	338.727561	0.006253	31.6
182	-0.512042	338.008902	0.006097	28.9
183	-0.574981	337.294295	0.006364	31.0
184	-0.792662	336.583703	0.006157	30.0
185	-0.288723	335.877089	0.003442	31.9
186	-0.669770	335.174416	0.004868	30.6
187	-0.385956	334.475651	0.004607	30.6
188	-0.000000	333.780756	0.000000	29.7
189	-0.604349	333.089698	0.007221	30.6
190	-0.000000	332.402443	0.000000	30.6
191	-0.943442	331.718955	0.008211	31.5
192	-0.665782	331.039203	0.006818	31.8
193	-0.814410	330.363153	0.005560	31.4
194	-0.000000	329.690771	0.000000	32.2
195	-0.863849	329.022027	0.007122	33.5
196	-0.000000	328.356888	0.000000	31.8
197	-0.412759	327.695322	0.006589	39.2
198	-0.778393	327.037299	0.005753	30.4
199	-0.548834	326.382787	0.006452	30.8
200	-0.719890	325.731758	0.011812	33.3
201	-0.055774	325.084179	0.001278	32.2
202	-0.778447	324.440023	0.004560	32.0
203	-0.907787	323.799258	0.010806	32.4
204	-0.123996	323.161858	0.002348	34.0
205	-0.884471	322.527792	0.007889	30.9
206	-0.981836	321.897034	0.011665	33.2
207	-0.683955	321.269554	0.007929	32.3
208	-0.706054	320.645325	0.010051	33.2
209	-0.471563	320.024320	0.005017	32.2
210	-0.475778	319.406512	0.005541	32.6
211	-0.154930	318.791875	0.001452	31.6
212	-0.217914	318.180381	0.004938	35.3
213	-0.021887	317.572005	0.000285	34.8
214	-0.000000	316.966721	0.000000	32.2
215	-0.859595	316.364504	0.008166	35.1
216	-0.423796	315.765329	0.006367	32.2
217	-0.670315	315.169170	0.005122	32.5
218	-0.582072	314.576003	0.006784	30.7
219	-0.540852	313.985804	0.008122	33.0
220	-0.765295	313.398548	0.010201	36.0
221	-1.162344	312.814213	0.010224	32.3
222	-0.142642	312.232773	0.002393	32.8
223	-0.000441	311.654207	0.000031	33.0
224	-0.000000	311.078491	0.000000	31.0
225	-0.000000	310.505602	0.000000	33.3
226	-0.298906	309.935518	0.003720	31.3
227	-0.000000	309.368217	0.000000	33.1
228	-0.060577	308.803676	0.001891	35.2
229	-0.000000	308.241874	0.000000	34.3
230	-0.203136	307.682789	0.004553	34.3
231	-0.961994	307.126400	0.007799	33.8
232	-0.849092	306.572687	0.007850	31.8
233	-0.943692	306.021627	0.008294	29.7
234	-0.365830	305.473201	0.006001	32.3
235	-0.835370	304.927388	0.008091	33.5
236	-0.777818	304.384168	0.009294	31.0
237	-0.477834	303.843521	0.004825	31.9
238	-0.914140	303.305427	0.008238	30.5
239	-0.447408	302.769867	0.006734	31.8
240	-0.164110	302.236821	0.003221	31.3
241	-0.244160	301.706270	0.003997	32.3
242	-0.966264	301.178196	0.009537	32.9
243	-0.666941	300.652580	0.005275	33.0
244	-0.000000	300.129402	0.000000	31.2
245	-0.600921	299.608645	0.005212	30.4
246	-0.446139	299.090291	0.003461	32.3
247	-0.458687	298.574321	0.006006	31.3
248	-0.423023	298.060718	0.005522	31.7
249	-0.012903	297.549465	0.000214	30.7
250	-0.957516	297.040543	0.009605	30.1
251	-0.769987	296.533936	0.006970	31.2
252	-0.698310	296.029626	0.009214	31.6
253	-0.061842	295.527597	0.002463	32.5
254	-0.755851	295.027832	0.007926	31.2
255	-0.000000	294.530315	0.000000	32.8
256	-0.000000	294.035028	0.000000	33.1
257	-0.000000	293.541956	0.000000	32.2
258	-0.000000	293.051083	0.000000	31.5
259	-0.202493	292.562393	0.002938	35.2
260	-0.420361	292.075870	0.004838	31.3
261	-0.568902	291.591498	0.006735	32.5
262	-0.947339	291.109263	0.008346	31.6
263	-0.968854	290.629149	0.009471	30.9
264	-0.508329	290.151140	0.004580	31.1
265	-0.000595	289.675222	0.000262	35.7
266	-0.212472	289.201380	0.003582	31.3
267	-0.816442	288.729600	0.006731	32.5
268	-0.635339	288.259866	0.006812	30.9
269	-0.836662	287.792165	0.005818	31.7
270	-0.000000	287.326481	0.000000	34.0
271	-0.000000	286.862802	0.000000	33.6
272	-0.334734	286.401113	0.005071	29.6
273	-1.080822	285.941400	0.008840	32.2
274	-0.000000	285.483649	0.000000	30.5
275	-0.000000	285.027847	0.000000	32.9
276	-0.510657	284.573981	0.004042	32.6
277	-0.228670	284.122037	0.003343	31.8
278	-0.000000	283.672002	0.000000	31.0
279	-1.014647	283.223863	0.008250	30.8
280	-0.938885	282.777607	0.006775	31.0
281	-0.342850	282.333221	0.003722	32.2
282	-0.880167	281.890692	0.007994	34.7
283	-0.670521	281.450008	0.006057	33.1
284	-0.429596	281.011157	0.002863	33.3
285	-0.723664	280.574125	0.007196	34.6
286	-0.050183	280.138901	0.001462	34.3
287	-0.025898	279.705473	0.000735	30.2
288	-0.738114	279.273829	0.006120	32.0
289	-0.000000	278.843956	0.000000	36.0
290	-0.066214	278.415844	0.001138	32.1
291	-0.517382	277.989479	0.006240	32.2
292	-1.033329	277.564851	0.009023	33.5
293	-0.656580	277.141949	0.007002	33.7
294	-0.000000	276.720761	0.000000	33.7
295	-0.000000	276.301275	0.000000	33.2
296	-0.466853	275.883480	0.005513	32.8
297	-0.695197	275.467366	0.004473	33.9
298	-0.428158	275.052922	0.005647	31.6
299	-0.682602	274.640136	0.005822	30.3
300	-0.362694	274.228998	0.002621	31.5
301	-0.061462	273.819497	0.003023	30.6
302	-0.035872	273.411623	0.001063	32.0
303	-0.622812	273.005365	0.006834	32.5
304	-0.580079	272.600712	0.007015	32.9
305	-0.252379	272.197655	0.004227	32.0
306	-0.724775	271.796184	0.007856	32.3
307	-0.799056	271.396287	0.005760	32.4
308	-0.195457	270.997956	0.003041	34.5
309	-0.870649	270.601180	0.007488	35.3
310	-0.325364	270.205949	0.003263	31.2
311	-0.558023	269.812254	0.007646	32.8
312	-0.141920	269.420085	0.002299	34.1
313	-0.636800	269.029432	0.003797	31.4
314	-0.969434	268.640287	0.007726	34.7
315	-0.704646	268.252638	0.006053	30.8
316	-0.857229	267.866478	0.007673	32.7
317	-0.000000	267.481796	0.000000	36.2
318	-0.274340	267.098584	0.004217	32.6
319	-0.781455	266.716833	0.005298	32.2
320	-0.631236	266.336533	0.010739	31.1
321	-0.901539	265.957676	0.008733	31.1
322	-0.471950	265.580253	0.008037	34.5
323	-0.576271	265.204254	0.006378	31.8
324	-0.242761	264.829672	0.003671	31.7
325	-0.000000	264.456497	0.000000	30.3
326	-0.000000	264.084721	0.000000	31.1
327	-0.295049	263.714335	0.003561	29.6
328	-0.933539	263.345332	0.007840	32.3
329	-0.596121	262.977702	0.006435	32.3
330	-0.514272	262.611438	0.004158	31.1
331	-0.813364	262.246531	0.005773	31.8
332	-0.000000	261.882973	0.000000	31.4
333	-0.436059	261.520756	0.005260	30.9
334	-1.144615	261.159871	0.011282	32.0
335	-0.566213	260.800312	0.004657	31.8
336	-0.467270	260.442070	0.005096	31.5
337	-0.685780	260.085137	0.006230	33.4
338	-0.830374	259.729505	0.010089	32.4
339	-0.678344	259.375167	0.006315	30.9
340	-0.674941	259.022116	0.006774	31.8
341	-0.002019	258.670343	0.000092	32.8
342	-0.539524	258.319841	0.004729	33.4
343	-0.616723	257.970602	0.008090	32.3
344	-0.706215	257.622620	0.006692	31.7
345	-0.005072	257.275887	0.000107	29.9
346	-0.921054	256.930396	0.011774	30.8
347	-0.228687	256.586139	0.002752	32.4
348	-0.483087	256.243109	0.005361	30.2
349	-0.692003	255.901300	0.006790	31.2
350	-0.607958	255.560703	0.005136	33.3
351	-0.031688	255.221313	0.000851	31.3
352	-0.000000	254.883122	0.000000	31.5
353	-0.086569	254.546124	0.001822	31.8
354	-0.201469	254.210311	0.003272	30.3
355	-0.008698	253.875677	0.000241	31.2
356	-0.403025	253.542215	0.005045	31.5
357	-0.680769	253.209918	0.008044	30.6
358	-0.826252	252.878781	0.005038	31.9
359	-0.678899	252.548795	0.006637	33.6
360	-0.160969	252.219956	0.003126	31.1
361	-0.689281	251.892255	0.007217	31.1
362	-0.264899	251.565688	0.003755	29.5
363	-0.048645	251.240247	0.002456	33.2
364	-0.362973	250.915926	0.004918	30.6
365	-0.644926	250.592720	0.009521	30.6
366	-0.003343	250.270621	0.000340	28.2
367	-0.869911	249.949624	0.008333	30.3
368	-0.400726	249.629723	0.004520	29.8
369	-0.218284	249.310911	0.003825	32.0
370	-0.797572	248.993182	0.007869	32.8
371	-0.357334	248.676531	0.002680	32.5
372	-0.915922	248.360952	0.007126	31.7
373	-0.444546	248.046438	0.004933	31.1
374	-0.846532	247.732984	0.008083	33.5
375	-1.022666	247.420584	0.009446	30.1
376	-0.771754	247.109233	0.007339	31.0
377	-0.000000	246.798924	0.000000	32.6
378	-0.598241	246.489652	0.007080	32.6
379	-0.000000	246.181412	0.000000	29.5
380	-0.588008	245.874197	0.008464	31.3
381	-0.723732	245.568002	0.004626	30.4
382	-0.000000	245.262822	0.000000	29.8
383	-0.462666	244.958652	0.004835	31.1
384	-0.620019	244.655485	0.005563	31.8
385	-0.790012	244.353317	0.005993	31.5
386	-0.268939	244.052142	0.005455	29.3
387	-0.514496	243.751955	0.005154	33.7
388	-0.834840	243.452750	0.009779	29.7
389	-0.000000	243.154523	0.000000	33.6
390	-0.721933	242.857268	0.007704	30.7
391	-0.512588	242.560980	0.005558	35.4
392	-0.114819	242.265654	0.002375	31.3
393	-0.848618	241.971285	0.005671	31.1
394	-0.721705	241.677868	0.007778	31.1
395	-0.505257	241.385397	0.005282	32.2
396	-0.334801	241.093869	0.003624	31.5
397	-0.000000	240.803278	0.000000	30.9
398	-0.591243	240.513619	0.005345	30.2
399	-0.556499	240.224887	0.007427	32.1
400	-0.026245	239.937077	0.000747	31.2
401	-0.842574	239.650186	0.006499	30.2
402	-0.894307	239.364207	0.007078	30.3
403	-0.005337	239.079136	0.001871	32.4
404	-0.000000	238.794969	0.000000	30.1
405	-0.000000	238.511701	0.000000	31.1
406	-0.000000	238.229327	0.000000	31.4
407	-0.759632	237.947843	0.006800	31.9
408	-0.000000	237.667244	0.000000	31.8
409	-0.012916	237.387526	0.001976	28.7
410	-0.000000	237.108684	0.000000	31.0
411	-0.000000	236.830714	0.000000	31.7
412	-0.000000	236.553610	0.000000	31.5
413	-0.808195	236.277370	0.006696	32.8
414	-0.013649	236.001989	0.000931	31.9
415	-0.895478	235.727461	0.008125	31.7
416	-0.641895	235.453784	0.005919	33.3
417	-0.000000	235.180952	0.000000	32.2
418	-0.789668	234.908962	0.008029	32.7
419	-0.550825	234.637809	0.007096	32.9
420	-0.008592	234.367488	0.000000	31.7
421	-0.893407	234.097997	0.006917	32.4
422	-0.000000	233.829331	0.000000	32.4
423	-0.000000	233.561485	0.000000	30.6
424	-0.830832	233.294456	0.005960	31.2
425	-0.433743	233.028239	0.004906	30.6
426	-0.917017	232.762831	0.010001	30.6
427	-0.554021	232.498228	0.006610	32.5
428	-0.000000	232.234425	0.000000	31.7
429	-0.396580	231.971419	0.007258	32.7
430	-0.036927	231.709205	0.001330	33.0
431	-0.858544	231.447781	0.007786	31.9
432	-0.000000	231.187141	0.000000	31.5
433	-0.000000	230.927283	0.000000	32.2
434	-0.843842	230.668202	0.007503	33.4
435	-0.775144	230.409895	0.010550	29.4
436	-0.570833	230.152358	0.005726	35.2
437	-0.889338	229.895587	0.009461	30.2
438	-0.421727	229.639578	0.005224	31.8
439	-0.897619	229.384329	0.007206	32.4
440	-0.519328	229.129834	0.006222	30.8
441	-0.659949	228.876091	0.005864	31.8
442	-0.858743	228.623096	0.005323	32.2
443	-0.044779	228.370846	0.001099	31.7
444	-0.367064	228.119336	0.003692	33.4
445	-0.236794	227.868563	0.002186	29.7
446	-0.585712	227.618525	0.004711	30.6
447	-0.000194	227.369216	0.000010	30.3
448	-0.737284	227.120635	0.006169	33.7
449	-0.765663	226.872777	0.005887	29.9
450	-0.552896	226.625638	0.005799	31.0
451	-0.067723	226.379217	0.001014	31.7
452	-0.330787	226.133509	0.006345	32.1
453	-0.000000	225.888510	0.000000	33.4
454	-0.319742	225.644218	0.004190	33.5
455	-0.900116	225.400630	0.008882	32.7
456	-0.449180	225.157741	0.006352	31.6
457	-0.621305	224.915549	0.004919	31.1
458	-0.000000	224.674051	0.000000	31.3
459	-0.817929	224.433242	0.005718	29.6
460	-0.349154	224.193121	0.006007	29.7
461	-0.000000	223.953684	0.000000	29.9
462	-0.000000	223.714927	0.000000	31.4
463	-0.000000	223.476848	0.000000	30.9
464	-0.779752	223.239444	0.008227	30.6
465	-0.710111	223.002710	0.006661	30.2
466	-0.486072	222.766645	0.006891	30.4
467	-0.656456	222.531245	0.006644	29.2
468	-0.683272	222.296508	0.005131	38.5
469	-0.615733	222.062429	0.004621	31.6
470	-0.274757	221.829007	0.003401	30.8
471	-0.519252	221.596238	0.005656	29.9
472	-0.797632	221.364119	0.006408	32.8
473	-0.468484	221.132647	0.006124	30.0
474	-0.000000	220.901820	0.000000	32.1
475	-0.050227	220.671634	0.001257	32.4
476	-0.665597	220.442086	0.006596	32.0
477	-0.436879	220.213174	0.005014	31.0
478	-0.337832	219.984895	0.004855	31.1
479	-0.724423	219.757246	0.004688	29.9
480	-0.659557	219.530224	0.007662	32.7
481	-0.593325	219.303826	0.007378	30.0
482	-0.678818	219.078050	0.004471	30.5
483	-0.000000	218.852893	0.000000	31.4
484	-0.007761	218.628352	0.000040	31.6
485	-0.131278	218.404424	0.001824	30.9
486	-0.691289	218.181106	0.007640	30.7
487	-0.000000	217.958397	0.000000	29.6
488	-0.725738	217.736292	0.006148	32.8
489	-0.292387	217.514790	0.004370	28.9
490	-0.039762	217.293888	0.001902	31.2
491	-0.000028	217.073584	0.000004	30.4
492	-0.531391	216.853873	0.005899	31.8
493	-0.203693	216.634755	0.004141	30.9
494	-0.154820	216.416227	0.002296	30.6
495	-0.000000	216.198285	0.000000	29.8
496	-0.121183	215.980927	0.001484	30.6
497	-0.904955	215.764151	0.007136	31.8
498	-0.238460	215.547955	0.003167	29.8
499	-0.719069	215.332335	0.006977	30.7
500	-0.600506	215.117289	0.005714	30.7
501	-0.679886	214.902815	0.006780	33.0
502	-0.098294	214.688911	0.002873	29.7
503	-0.937770	214.475573	0.005242	28.3
504	-0.855888	214.262800	0.005655	31.6
505	-0.000000	214.050588	0.000000	30.1
506	-0.084420	213.838936	0.001463	31.5
507	-0.167519	213.627842	0.003071	32.5
508	-0.710039	213.417302	0.006566	31.3
509	-0.540581	213.207314	0.005680	29.8
510	-0.707275	212.997877	0.006105	32.8
511	-0.752618	212.788987	0.009114	30.4
512	-0.357480	212.580642	0.004780	30.8
513	-0.042260	212.372841	0.001151	28.8
514	-0.000000	212.165581	0.000000	30.3
515	-0.788885	211.958859	0.005665	30.6
516	-0.963990	211.752673	0.006985	31.9
517	-0.356317	211.547021	0.006770	30.6
518	-0.053513	211.341902	0.003267	31.2
519	-0.000929	211.137311	0.000020	29.1
520	-0.000000	210.933248	0.000000	31.8
521	-0.823762	210.729710	0.006303	28.9
522	-1.075553	210.526695	0.007227	31.9
523	-0.325175	210.324200	0.003878	31.6
524	-0.181065	210.122224	0.002834	31.3
525	-0.246340	209.920765	0.003006	30.0
526	-0.862922	209.719820	0.007667	31.1
527	-0.000004	209.519387	0.000003	27.3
528	-0.198221	209.319463	0.002937	30.6
529	-0.130110	209.120048	0.002120	29.2
530	-0.181446	208.921139	0.003995	32.2
531	-0.669888	208.722733	0.004384	29.8
532	-0.731279	208.524829	0.006553	29.7
533	-0.000000	208.327425	0.000000	30.9
534	-0.718837	208.130518	0.006257	30.0
535	-0.699214	207.934107	0.006596	30.8
536	-0.000000	207.738189	0.000000	30.2
537	-0.000000	207.542762	0.000000	32.6
538	-0.001015	207.347825	0.000096	31.6
539	-0.000000	207.153376	0.000000	33.2
540	-0.627773	206.959412	0.006419	31.3
541	-0.000000	206.765932	0.000000	30.5
542	-0.485764	206.572933	0.003705	30.2
543	-0.868278	206.380414	0.005258	30.1
544	-0.022722	206.188373	0.000350	31.8
545	-0.440198	205.996807	0.004817	30.2
546	-0.595152	205.805716	0.006921	31.4
547	-0.532804	205.615096	0.006268	32.2
548	-0.000000	205.424946	0.000000	29.1
549	-0.532400	205.235265	0.005169	31.3
550	-0.770796	205.046050	0.007178	29.0
551	-0.776965	204.857299	0.005916	30.3
552	-0.627285	204.669011	0.006052	30.9
553	-0.887122	204.481184	0.008273	30.8
554	-0.478443	204.293816	0.008387	29.7
555	-0.874139	204.106905	0.008432	31.4
556	-0.929248	203.920449	0.007182	30.2
557	-0.453537	203.734447	0.005733	31.1
558	-0.000000	203.548896	0.000000	29.3
559	-0.785436	203.363795	0.006456	30.5
560	-0.950441	203.179143	0.006942	31.4
561	-0.690933	202.994937	0.007338	31.0
562	-0.000000	202.811176	0.000000	29.8
563	-0.643853	202.627857	0.005223	33.6
564	-0.265297	202.444980	0.003611	31.7
565	-0.894958	202.262543	0.006776	29.0
566	-0.111388	202.080543	0.002431	31.2
567	-0.765313	201.898979	0.006303	31.2
568	-0.399030	201.717849	0.003813	32.2
569	-0.682346	201.537153	0.004158	32.8
570	-0.463360	201.356887	0.005537	32.3
571	-0.006752	201.177050	0.001100	30.8
572	-0.000000	200.997642	0.000000	30.0
573	-0.896658	200.818659	0.005220	30.3
574	-0.522560	200.640100	0.007476	36.7
575	-0.434325	200.461965	0.006605	30.1
576	-0.000000	200.284250	0.000000	32.0
577	-0.641367	200.106955	0.006902	29.4
578	-0.835309	199.930078	0.006243	32.6
579	-0.000746	199.753617	0.000062	30.6
580	-0.009575	199.577571	0.000306	34.0
581	-0.004922	199.401938	0.000361	34.1
582	-0.728795	199.226717	0.004952	31.1
583	-0.851165	199.051905	0.006152	32.6
584	-0.253747	198.877502	0.005083	30.1
585	-0.000000	198.703506	0.000000	31.0
586	-0.431432	198.529916	0.006669	33.4
587	-0.522842	198.356729	0.006794	31.9
588	-0.453038	198.183944	0.007142	32.5
589	-0.229706	198.011560	0.002333	30.0
590	-0.435526	197.839576	0.006617	30.8
591	-0.154894	197.667989	0.002734	31.2
592	-0.000000	197.496798	0.000000	29.5
593	-0.708361	197.326002	0.008744	34.7
594	-0.000215	197.155600	0.000063	30.4
595	-0.525974	196.985589	0.005934	36.6
596	-0.208759	196.815969	0.002892	31.2
597	-0.475652	196.646738	0.006781	30.2
598	-0.729886	196.477894	0.004753	32.5
599	-0.000000	196.309436	0.000000	30.0
600	-0.001996	196.141363	0.000046	30.4
601	-0.912527	195.973673	0.007522	32.5
602	-0.977347	195.806365	0.008349	32.5
603	-0.000000	195.639437	0.000000	33.7
604	-0.329670	195.472888	0.004428	32.4
605	-0.907099	195.306717	0.009437	33.3
606	-0.036085	195.140922	0.000748	32.0
607	-0.000000	194.975501	0.000000	32.7
608	-0.000000	194.810454	0.000000	31.9
609	-0.788793	194.645779	0.004749	31.1
610	-0.975173	194.481475	0.008416	33.3
611	-0.569292	194.317540	0.005730	30.5
612	-0.579689	194.153973	0.004484	31.6
613	-0.155593	193.990773	0.003406	29.6
614	-0.000000	193.827938	0.000000	30.2
615	-0.000000	193.665467	0.000000	31.0
616	-0.000000	193.503358	0.000000	30.3
617	-0.859129	193.341611	0.007290	32.4
618	-0.072927	193.180224	0.002655	30.6
619	-0.281520	193.019196	0.005487	31.3
620	-0.298494	192.858525	0.002766	31.3
621	-0.301636	192.698210	0.003154	31.8
622	-0.844387	192.538251	0.007438	30.9
623	-0.004319	192.378644	0.000090	29.6
624	-0.615118	192.219391	0.005489	30.3
625	-0.788342	192.060488	0.007637	31.5
626	-0.608265	191.901935	0.008840	30.6
627	-0.472223	191.743730	0.005492	30.3
628	-0.127949	191.585873	0.002653	31.0
629	-0.662999	191.428362	0.006318	30.6
630	-0.711480	191.271196	0.005581	30.8
631	-0.000000	191.114374	0.000000	29.2
632	-0.977244	190.957893	0.007954	32.7
633	-0.735187	190.801755	0.008207	31.7
634	-0.405756	190.645956	0.006026	31.8
635	-0.949690	190.490495	0.007403	31.4
636	-0.028234	190.335373	0.000228	32.2
637	-0.639179	190.180587	0.006344	31.3
638	-0.582969	190.026136	0.005678	34.1
639	-0.000000	189.872019	0.000000	33.0
640	-0.000000	189.718235	0.000000	33.6
641	-0.716869	189.564782	0.006140	32.5
642	-0.041627	189.411661	0.000829	30.6
643	-0.666390	189.258868	0.008390	30.9
644	-0.400275	189.106404	0.003367	29.3
645	-0.148052	188.954267	0.002221	32.9
646	-0.854441	188.802456	0.006128	30.4
647	-0.768069	188.650969	0.005112	30.4
648	-0.796521	188.499807	0.006516	30.8
649	-0.000000	188.348967	0.000000	32.3
650	-0.253577	188.198448	0.003967	33.4
651	-0.260770	188.048250	0.004269	33.8
652	-0.742725	187.898371	0.005700	33.1
653	-0.067566	187.748810	0.002851	31.1
654	-0.556821	187.599566	0.006573	31.2
655	-0.000000	187.450638	0.000000	30.8
656	-0.636983	187.302025	0.005657	31.7
657	-0.000000	187.153725	0.000000	32.4
658	-0.815739	187.005739	0.008163	30.0
659	-0.693469	186.858064	0.008059	34.9
660	-0.847877	186.710699	0.006961	31.5
661	-0.355356	186.563645	0.003636	29.8
662	-0.000000	186.416898	0.000000	30.5
663	-0.000000	186.270459	0.000000	32.0
664	-0.725951	186.124326	0.004567	31.3
665	-0.520589	185.978499	0.005951	30.3
666	-0.947215	185.832976	0.006287	32.9
667	-0.637879	185.687756	0.007390	30.6
668	-0.837402	185.542838	0.006642	31.0
669	-0.843514	185.398222	0.005452	29.2
670	-0.986712	185.253906	0.009557	30.8
671	-0.000000	185.109889	0.000000	30.5
672	-0.694323	184.966170	0.005098	31.1
673	-0.000000	184.822748	0.000000	30.7
674	-0.000000	184.679623	0.000000	30.9
675	-0.339670	184.536792	0.006078	30.5
676	-0.568449	184.394256	0.007447	30.8
677	-0.343680	184.252013	0.002982	28.6
678	-0.000000	184.110062	0.000000	29.8
679	-0.726781	183.968403	0.005434	30.3
680	-0.907363	183.827034	0.008602	31.1
681	-0.377186	183.685954	0.004427	30.1
682	-0.484840	183.545163	0.004074	28.0
683	-0.023596	183.404658	0.000808	30.6
684	-0.128035	183.264441	0.002016	31.4
685	-0.566213	183.124509	0.006180	32.7
686	-0.417953	182.984861	0.006842	30.7
687	-0.688900	182.845497	0.007912	31.7
688	-0.000000	182.706416	0.000000	30.4
689	-0.000000	182.567616	0.000000	32.0
690	-0.000000	182.429098	0.000000	28.5
691	-0.479819	182.290859	0.004744	31.4
692	-0.355551	182.152899	0.003539	29.9
693	-0.646515	182.015217	0.008955	30.9
694	-0.479101	181.877813	0.005032	31.1
695	-0.000000	181.740684	0.000000	30.1
696	-0.421496	181.603832	0.004521	29.2
697	-0.000000	181.467253	0.000000	30.2
698	-0.258792	181.330948	0.003184	29.3
699	-0.257648	181.194916	0.002413	30.9
700	-0.683720	181.059155	0.008780	32.0
701	-0.000000	180.923666	0.000000	33.0
702	-1.009451	180.788446	0.008245	31.6
703	-0.000000	180.653496	0.000000	30.5
704	-0.819243	180.518814	0.007426	31.2
705	-0.208207	180.384399	0.003834	29.0
706	-0.166054	180.250251	0.002692	30.6
707	-0.886661	180.116369	0.008611	29.6
708	-0.882340	179.982752	0.005993	31.3
709	-0.500159	179.849398	0.006650	29.8
710	-0.655373	179.716308	0.006443	31.1
711	-0.694500	179.583480	0.007159	28.8
712	-0.712196	179.450913	0.008215	33.5
713	-0.611535	179.318607	0.005657	28.7
714	-0.642316	179.186561	0.009228	30.9
715	-0.517488	179.054774	0.003700	31.4
716	-0.838256	178.923245	0.006216	30.3
717	-0.148465	178.791973	0.003687	29.3
718	-0.680196	178.660958	0.008573	31.9
719	-0.576298	178.530199	0.005842	29.2
720	-0.957110	178.399694	0.008093	30.5
721	-0.000000	178.269444	0.000000	31.8
722	-0.476464	178.139447	0.006562	29.5
723	-0.475393	178.009702	0.006461	30.5
724	-0.047061	177.880209	0.000913	30.3
725	-0.342225	177.750967	0.004765	29.5
726	-0.560991	177.621975	0.006376	30.8
727	-0.619227	177.493232	0.004075	30.9
728	-0.218133	177.364738	0.003221	32.5
729	-0.680267	177.236492	0.008552	31.6
730	-0.930450	177.108492	0.006025	33.3
731	-0.845201	176.980739	0.007926	32.6
732	-0.053829	176.853231	0.001961	30.8
733	-0.690365	176.725968	0.006641	32.9
734	-0.455148	176.598949	0.005458	30.4
735	-0.102209	176.472173	0.002807	31.5
736	-0.624183	176.345639	0.006756	30.5
737	-0.249383	176.219348	0.002975	32.9
738	-0.000000	176.093296	0.000000	30.3
739	-0.417157	175.967486	0.005112	29.3
740	-0.209329	175.841914	0.002709	29.0
741	-0.714287	175.716581	0.006447	32.0
742	-0.000000	175.591486	0.000000	29.9
743	-0.412689	175.466629	0.005186	30.5
744	-0.763408	175.342008	0.005978	29.7
745	-0.000000	175.217622	0.000000	29.7
746	-0.704210	175.093472	0.008866	30.2
747	-0.304415	174.969556	0.003512	31.2
748	-0.866341	174.845873	0.006780	32.4
749	-0.961419	174.722423	0.008535	30.4
750	-0.881203	174.599206	0.005340	32.4
751	-0.014187	174.476220	0.000654	30.9
752	-0.648768	174.353464	0.006714	29.3
753	-0.069553	174.230939	0.001114	28.9
754	-0.460199	174.108643	0.003242	30.1
755	-0.145067	173.986576	0.003115	29.2
756	-0.839907	173.864737	0.006348	33.6
757	-0.074889	173.743124	0.002708	31.1
758	-0.319270	173.621739	0.004552	30.8
759	-0.000000	173.500579	0.000000	29.0
760	-0.233108	173.379645	0.004274	30.7
761	-0.000000	173.258935	0.000000	30.3
762	-0.876265	173.138449	0.007469	33.8
763	-0.048862	173.018186	0.000868	30.8
764	-0.500215	172.898146	0.006895	30.6
765	-0.434551	172.778327	0.004061	31.2
766	-0.836662	172.658730	0.008608	32.3
767	-0.048871	172.539353	0.000424	30.6
768	-0.571790	172.420196	0.006137	29.9
769	-0.000000	172.301258	0.000000	31.2
770	-0.572645	172.182539	0.006186	31.5
771	-0.329039	172.064037	0.002930	30.9
772	-0.412401	171.945753	0.005167	31.4
773	-0.798332	171.827686	0.006983	31.3
774	-0.646192	171.709834	0.006956	31.7
775	-0.000000	171.592198	0.000000	31.8
776	-0.777835	171.474776	0.005427	30.9
777	-0.075155	171.357568	0.003049	31.4
778	-0.369051	171.240574	0.004801	32.9
779	-0.000000	171.123793	0.000000	32.2
780	-0.727326	171.007223	0.007164	31.1
781	-0.670443	170.890865	0.008882	32.7
782	-0.005987	170.774718	0.000086	30.2
783	-0.000000	170.658782	0.000000	31.7
784	-0.422387	170.543055	0.007078	31.7
785	-0.016154	170.427537	0.001740	32.7
786	-0.026675	170.312227	0.000833	38.3
787	-0.807618	170.197125	0.007162	38.0
788	-0.071787	170.082231	0.002254	34.5
789	-0.773095	169.967543	0.005485	31.1
790	-0.862860	169.853061	0.007632	30.6
791	-0.132729	169.738784	0.003733	31.0
792	-0.863528	169.624713	0.007383	31.8
793	-0.000000	169.510845	0.000000	31.5
794	-0.269065	169.397181	0.003418	29.1
795	-0.388370	169.283720	0.003795	31.8
796	-0.547627	169.170462	0.004210	31.2
797	-0.000000	169.057405	0.000000	31.6
798	-0.779318	168.944549	0.004355	31.3
799	-0.000000	168.831895	0.000000	33.8
800	-0.778974	168.719440	0.005545	30.3
801	-0.000000	168.607185	0.000000	32.9
802	-0.025462	168.495129	0.000234	31.2
803	-0.390408	168.383271	0.005081	31.5
804	-0.008187	168.271611	0.000764	30.2
805	-0.831876	168.160148	0.006122	31.0
806	-0.598970	168.048882	0.006070	28.6
807	-0.672578	167.937812	0.005428	30.5
808	-0.900486	167.826938	0.006641	30.6
809	-0.647245	167.716258	0.005895	30.6
810	-0.345957	167.605773	0.004259	32.4
811	-0.754944	167.495482	0.007449	31.4
812	-0.664723	167.385384	0.006266	32.2
813	-0.051808	167.275479	0.001164	28.5
814	-0.636691	167.165766	0.005013	30.6
815	-0.832042	167.056245	0.007377	30.1
816	-0.116285	166.946915	0.001472	32.9
817	-0.000000	166.837776	0.000000	31.5
818	-0.925573	166.728826	0.007839	31.1
819	-0.000000	166.620067	0.000000	28.6
820	-0.872535	166.511496	0.005942	30.1
821	-0.000000	166.403113	0.000000	29.7
822	-0.000000	166.294919	0.000000	30.4
823	-0.633373	166.186912	0.005464	31.3
824	-0.882725	166.079091	0.006633	31.6
825	-0.464758	165.971458	0.004889	33.5
826	-0.468491	165.864009	0.005158	32.6
827	-0.026338	165.756747	0.000228	30.4
828	-0.816095	165.649669	0.004795	32.7
829	-0.171658	165.542775	0.002725	30.9
830	-0.000000	165.436065	0.000000	30.5
831	-0.387534	165.329538	0.006840	31.2
832	-0.983949	165.223194	0.007534	30.4
833	-0.005917	165.117032	0.000113	30.3
834	-0.637120	165.011052	0.008232	31.1
835	-0.950039	164.905253	0.008052	30.7
836	-0.000000	164.799635	0.000000	30.0
837	-0.853219	164.694197	0.007721	29.5
838	-0.830193	164.588939	0.006894	30.5
839	-0.207723	164.483859	0.003245	31.6
840	-0.001731	164.378959	0.000038	32.0
841	-0.785725	164.274237	0.006081	30.9
842	-0.041563	164.169692	0.001871	31.0
843	-0.396488	164.065325	0.005566	33.7
844	-0.611638	163.961135	0.006968	32.7
845	-0.657744	163.857120	0.006306	33.5
846	-0.755386	163.753282	0.007996	32.7
847	-0.185795	163.649619	0.002002	31.3
848	-0.000048	163.546130	0.000003	31.6
849	-0.779443	163.442816	0.004540	30.7
850	-0.279805	163.339676	0.003662	33.1
851	-0.789092	163.236709	0.005523	31.4
852	-0.646464	163.133915	0.006718	31.2
853	-0.000000	163.031294	0.000000	30.6
854	-0.000000	162.928844	0.000000	29.0
855	-0.000000	162.826566	0.000000	31.2
856	-0.000000	162.724459	0.000000	31.7
857	-0.000000	162.622523	0.000000	33.1
858	-0.888711	162.520757	0.005526	32.6
859	-0.350036	162.419160	0.005306	32.3
860	-0.692164	162.317733	0.010921	32.2
861	-0.892971	162.216474	0.006459	33.1
862	-0.000000	162.115383	0.000000	30.9
863	-0.690140	162.014461	0.004997	31.8
864	-0.000000	161.913705	0.000000	33.4
865	-0.000000	161.813117	0.000000	39.6
866	-0.000000	161.712695	0.000000	35.0
867	-0.475361	161.612439	0.006946	28.5
868	-0.869814	161.512349	0.007025	31.1
869	-0.754563	161.412424	0.007134	31.6
870	-0.000000	161.312663	0.000000	31.4
871	-0.000090	161.213067	0.000032	30.9
872	-0.295841	161.113635	0.004968	30.6
873	-0.547156	161.014366	0.006102	28.7
874	-0.644370	160.915260	0.005032	32.1
875	-0.000000	160.816316	0.000000	29.8
876	-0.925312	160.717535	0.007319	31.1
877	-0.701665	160.618915	0.005816	33.5
878	-0.802196	160.520456	0.007664	32.1
879	-0.523485	160.422158	0.004685	31.9
880	-0.560064	160.324021	0.006864	33.3
881	-1.047814	160.226043	0.007777	31.2
882	-0.880430	160.128225	0.006249	30.6
883	-0.013795	160.030566	0.000180	29.1
884	-0.016362	159.933066	0.001180	30.3
885	-0.176178	159.835723	0.004169	32.5
886	-0.535154	159.738539	0.007242	30.6
887	-0.583658	159.641512	0.006974	31.8
888	-0.740699	159.544642	0.005165	32.0
889	-0.812998	159.447929	0.004670	30.5
890	-0.748844	159.351372	0.004577	31.3
891	-0.380709	159.254971	0.005155	31.8
892	-0.142728	159.158725	0.003666	31.3
893	-0.271827	159.062634	0.002864	30.6
894	-0.371074	158.966697	0.004743	31.9
895	-0.000002	158.870915	0.000004	31.0
896	-0.422008	158.775286	0.004872	35.4
897	-0.711056	158.679811	0.005648	29.4
898	-0.000000	158.584489	0.000000	33.4
899	-0.004018	158.489319	0.000150	30.7
900	-0.858378	158.394302	0.007039	31.5
901	-0.000000	158.299436	0.000000	31.8
902	-0.551238	158.204721	0.005931	30.6
903	-0.829783	158.110158	0.010451	30.4
904	-0.938780	158.015745	0.007154	33.3
905	-0.699682	157.921482	0.007213	30.1
906	-0.135383	157.827369	0.002159	29.1
907	-0.409179	157.733406	0.003646	31.6
908	-0.191303	157.639591	0.002646	30.2
909	-0.578986	157.545925	0.006608	32.9
910	-0.316092	157.452408	0.004655	31.2
911	-0.703623	157.359038	0.007522	31.8
912	-0.659085	157.265816	0.007594	31.4
913	-0.812238	157.172741	0.005756	33.2
914	-0.377660	157.079813	0.004255	32.7
915	-0.000002	156.987031	0.000000	34.7
916	-0.500656	156.894395	0.004916	32.3
917	-0.450413	156.801904	0.004489	32.7
918	-0.310014	156.709559	0.004866	31.9
919	-0.029114	156.617359	0.000274	34.3
920	-0.743201	156.525304	0.005102	32.6
921	-0.808177	156.433392	0.006760	30.5
922	-0.205829	156.341624	0.003733	31.0
923	-0.525512	156.250000	0.004623	31.7
924	-0.334301	156.158519	0.003403	33.3
925	-0.441772	156.067180	0.004728	30.0
926	-0.020688	155.975984	0.001924	31.1
927	-0.000000	155.884930	0.000000	29.5
928	-0.713408	155.794017	0.004637	30.6
929	-0.942835	155.703246	0.006674	30.1
930	-0.429955	155.612615	0.004914	30.5
931	-0.525199	155.522125	0.004925	30.3
932	-0.855861	155.431775	0.008177	30.1
933	-0.831659	155.341565	0.006674	29.9
934	-0.797104	155.251495	0.004740	29.9
935	-0.550282	155.161563	0.005353	31.1
936	-0.993973	155.071771	0.008648	32.9
937	-0.725352	154.982117	0.008484	30.7
938	-0.641432	154.892601	0.006445	31.5
939	-0.846196	154.803222	0.005535	31.3
940	-0.349345	154.713981	0.004584	30.9
941	-0.000000	154.624878	0.000000	30.1
942	-0.871525	154.535910	0.005443	30.9
943	-0.000078	154.447080	0.000031	30.3
944	-0.314968	154.358385	0.004085	31.0
945	-0.472265	154.269826	0.007086	31.8
946	-0.137026	154.181402	0.001964	30.2
947	-0.509221	154.093114	0.005307	29.7
948	-0.709381	154.004960	0.006260	31.3
949	-0.271883	153.916940	0.003432	32.6
950	-0.000000	153.829054	0.000000	30.7
951	-0.000000	153.741303	0.000000	29.7
952	-0.278665	153.653684	0.004348	32.6
953	-0.834083	153.566198	0.005288	30.6
954	-0.057502	153.478846	0.002929	30.7
955	-0.832457	153.391625	0.006600	31.3
956	-0.000000	153.304537	0.000000	32.6
957	-0.686746	153.217580	0.005484	32.0
958	-0.000000	153.130755	0.000000	30.8
959	-0.667995	153.044061	0.004767	32.4
960	-0.000000	152.957498	0.000000	30.2
961	-0.885466	152.871065	0.006781	32.4
962	-0.548331	152.784762	0.006999	31.7
963	-0.784497	152.698589	0.005350	31.4
964	-0.536839	152.612545	0.006020	31.4
965	-0.665680	152.526631	0.006886	30.6
966	-0.795743	152.440845	0.009103	30.6
967	-0.000000	152.355188	0.000000	30.6
968	-0.471333	152.269660	0.004407	30.3
969	-0.400106	152.184259	0.004848	31.0
970	-0.295872	152.098986	0.004435	29.9
971	-0.000000	152.013840	0.000000	31.4
972	-0.555083	151.928821	0.005934	29.0
973	-1.072009	151.843928	0.007706	30.5
974	-0.728295	151.759163	0.007811	29.8
975	-0.000000	151.674523	0.000000	31.7
976	-0.604554	151.590009	0.005738	30.3
977	-0.804824	151.505620	0.007111	31.6
978	-0.023194	151.421357	0.001241	29.2
979	-0.767429	151.337218	0.005033	29.6
980	-0.000000	151.253204	0.000000	29.6
981	-0.311501	151.169314	0.005576	31.3
982	-0.000000	151.085549	0.000000	31.0
983	-0.259172	151.001907	0.004817	30.7
984	-0.655294	150.918388	0.006476	30.5
985	-0.758821	150.834992	0.005808	31.3
986	-0.000000	150.751719	0.000000	28.8
987	-0.667460	150.668569	0.006573	30.6
988	-0.769905	150.585541	0.007744	33.3
989	-0.610479	150.502634	0.005949	29.4
990	-0.578720	150.419849	0.006439	31.0
991	-0.000000	150.337186	0.000000	29.4
992	-0.000000	150.254644	0.000000	32.6
993	-0.000000	150.172222	0.000000	29.0
994	-0.735948	150.089921	0.007019	30.5
995	-0.312981	150.007740	0.002601	29.7
996	-0.327800	149.925679	0.003090	31.5
997	-0.718699	149.843737	0.005654	32.1
998	-0.149135	149.761915	0.002621	32.0
999	-0.000950	149.680212	0.000031	32.4
1000	-0.735400	149.598627	0.006358	32.5
1001	-0.899925	149.517161	0.007043	28.3
1002	-0.000000	149.435814	0.000000	30.0
1003	-0.000000	149.354584	0.000000	29.3
1004	-0.329062	149.273472	0.005220	31.2
1005	-0.881360	149.192477	0.006149	31.0
1006	-0.732618	149.111599	0.006660	30.0
1007	-0.886439	149.030838	0.006456	29.6
1008	-0.573714	148.950194	0.008042	30.3
1009	-0.893637	148.869666	0.006175	30.0
1010	-0.000000	148.789253	0.000000	31.2
1011	-0.720801	148.708957	0.007504	31.4
1012	-0.209012	148.628776	0.003840	31.8
1013	-0.000000	148.548710	0.000000	31.5
1014	-0.819129	148.468759	0.005116	29.9
1015	-0.824962	148.388923	0.005394	29.7
1016	-0.000000	148.309201	0.000000	30.7
1017	-0.614949	148.229594	0.006152	30.1
1018	-0.819934	148.150100	0.005258	31.3
1019	-0.000000	148.070719	0.000000	29.5
1020	-0.046753	147.991452	0.000542	30.4
1021	-0.058363	147.912298	0.000302	32.4
1022	-0.310124	147.833257	0.005109	29.0
1023	-0.677057	147.754329	0.003949	30.8
1024	-0.802177	147.675512	0.005371	32.2
1025	-0.006745	147.596808	0.000096	29.9
1026	-0.606327	147.518216	0.006518	30.5
1027	-0.900738	147.439735	0.008406	29.7
1028	-0.694572	147.361365	0.005565	31.3
1029	-0.906639	147.283106	0.007840	31.4
1030	-0.859528	147.204958	0.007588	29.7
1031	-0.000167	147.126920	0.000018	31.8
1032	-0.000000	147.048993	0.000000	30.2
1033	-0.001852	146.971175	0.000064	30.7
1034	-0.200521	146.893468	0.003352	30.6
1035	-0.000000	146.815869	0.000000	29.4
1036	-0.850136	146.738380	0.006014	31.3
1037	-0.878261	146.661000	0.006419	29.5
1038	-0.343843	146.583729	0.002502	30.2
1039	-0.788480	146.506566	0.004975	30.5
1040	-0.007898	146.429511	0.000055	30.4
1041	-0.528515	146.352565	0.006910	30.1
1042	-0.462915	146.275726	0.005041	31.3
1043	-0.461757	146.198994	0.006293	30.8
1044	-0.828778	146.122370	0.008437	30.3
1045	-0.000000	146.045853	0.000000	31.1
1046	-0.941722	145.969442	0.006722	33.2
1047	-0.548664	145.893139	0.005284	31.3
1048	-0.000000	145.816941	0.000000	30.4
1049	-0.679033	145.740849	0.004401	31.7
1050	-0.220746	145.664863	0.003843	30.9
1051	-0.307588	145.588983	0.004206	30.4
1052	-0.988560	145.513208	0.008802	32.0
1053	-0.979968	145.437538	0.006037	29.2
1054	-0.000000	145.361973	0.000000	30.2
1055	-0.006168	145.286513	0.000140	30.7
1056	-0.000000	145.211157	0.000000	31.5
1057	-0.691401	145.135905	0.007838	31.9
1058	-0.687508	145.060757	0.005686	30.2
1059	-0.000000	144.985712	0.000000	28.1
1060	-0.467555	144.910771	0.004193	29.6
1061	-0.298022	144.835934	0.004296	30.0
1062	-0.027308	144.761199	0.003293	30.8
1063	-0.376760	144.686567	0.002577	32.7
1064	-0.532081	144.612037	0.005686	30.6
1065	-0.744856	144.537610	0.007984	29.7
1066	-0.000000	144.463285	0.000000	28.3
1067	-0.270467	144.389062	0.003480	29.2
1068	-0.641714	144.314940	0.005240	31.1
1069	-0.627123	144.240920	0.008499	30.6
1070	-0.217967	144.167001	0.003096	28.7
1071	-0.000000	144.093182	0.000000	28.3
1072	-0.675856	144.019465	0.008897	29.8
1073	-0.400846	143.945848	0.005469	29.0
1074	-0.000000	143.872331	0.000000	28.9
1075	-0.512554	143.798914	0.006906	29.8
1076	-0.042119	143.725597	0.000778	28.9
1077	-0.801722	143.652380	0.005271	29.7
1078	-0.505687	143.579262	0.005366	30.4
1079	-0.557358	143.506243	0.006551	30.4
1080	-0.895406	143.433323	0.007045	30.8
1081	-0.000000	143.360502	0.000000	29.5
1082	-0.090882	143.287780	0.002365	34.6
1083	-0.378762	143.215155	0.005035	29.8
1084	-0.802522	143.142629	0.007475	30.2
1085	-0.741231	143.070201	0.004735	31.7
1086	-0.483149	142.997870	0.005607	31.3
1087	-0.000000	142.925637	0.000000	33.2
1088	-0.579603	142.853501	0.009801	31.2
1089	-0.712508	142.781462	0.004871	31.3
1090	-0.353968	142.709519	0.003359	29.1
1091	-0.321403	142.637674	0.005312	31.0
1092	-0.000000	142.565924	0.000000	28.6
1093	-0.000000	142.494271	0.000000	30.1
1094	-0.000000	142.422714	0.000000	32.0
1095	-0.233640	142.351252	0.002567	30.4
1096	-0.228361	142.279886	0.003686	31.9
1097	-0.000113	142.208616	0.000007	29.2
1098	-0.835558	142.137440	0.008793	33.1
1099	-1.079812	142.066360	0.008839	28.7
1100	-1.069094	141.995374	0.010761	30.3
1101	-0.614746	141.924483	0.005346	30.4
1102	-0.720155	141.853685	0.005521	30.9
1103	-0.020923	141.782983	0.001264	29.7
1104	-0.930533	141.712373	0.008269	31.6
1105	-0.000000	141.641858	0.000000	30.8
1106	-0.390074	141.571436	0.005081	30.4
1107	-0.000000	141.501108	0.000000	31.5
1108	-0.008198	141.430872	0.000650	29.2
1109	-0.087113	141.360730	0.002944	31.9
1110	-0.000977	141.290680	0.000028	31.8
1111	-0.340232	141.220722	0.004577	32.0
1112	-0.034059	141.150857	0.000977	29.5
1113	-0.834211	141.081084	0.006333	30.4
1114	-0.621649	141.011403	0.006350	29.2
1115	-0.000000	140.941813	0.000000	30.9
1116	-0.000000	140.872315	0.000000	31.4
1117	-0.933827	140.802909	0.007454	31.3
1118	-1.114125	140.733593	0.008157	31.3
1119	-0.131150	140.664369	0.002478	31.7
1120	-0.000000	140.595235	0.000000	32.1
1121	-0.000000	140.526192	0.000000	30.6
1122	-0.000000	140.457239	0.000000	29.1
1123	-0.000000	140.388376	0.000000	32.4
1124	-0.770743	140.319603	0.006364	30.3
1125	-0.462703	140.250920	0.006331	30.5
1126	-0.848728	140.182326	0.007017	30.1
1127	-0.000000	140.113822	0.000000	30.3
1128	-0.000000	140.045407	0.000000	28.1
1129	-0.420338	139.977081	0.005748	30.4
1130	-0.000000	139.908844	0.000000	28.6
1131	-0.576815	139.840696	0.003445	31.3
1132	-0.000000	139.772635	0.000000	30.0
1133	-0.671328	139.704664	0.007600	30.7
1134	-0.000000	139.636780	0.000000	29.3
1135	-0.776599	139.568984	0.006120	30.2
1136	-0.727384	139.501276	0.008639	29.7
1137	-0.494202	139.433655	0.007780	32.0
1138	-0.953032	139.366122	0.010039	30.5
1139	-0.000000	139.298676	0.000000	31.2
1140	-0.601650	139.231317	0.007368	28.4
1141	-0.770417	139.164045	0.006806	30.4
1142	-0.726823	139.096859	0.006427	29.4
1143	-0.623833	139.029760	0.006614	30.6
1144	-0.000000	138.962747	0.000000	31.1
1145	-0.258270	138.895820	0.001798	32.2
1146	-0.883983	138.828978	0.006126	29.7
1147	-0.065103	138.762223	0.001409	31.0
1148	-0.000000	138.695553	0.000000	28.5
1149	-0.000000	138.628969	0.000000	30.8
1150	-0.768391	138.562469	0.007867	29.2
1151	-0.639944	138.496055	0.004445	31.6
1152	-0.816944	138.429725	0.007929	31.6
1153	-0.720328	138.363481	0.007218	30.8
1154	-0.913370	138.297320	0.007552	27.9
1155	-0.895256	138.231244	0.005870	30.2
1156	-0.756212	138.165252	0.006494	30.6
1157	-0.990730	138.099344	0.008365	30.0
1158	-0.554082	138.033520	0.007940	29.7
1159	-0.666539	137.967779	0.006576	30.3
1160	-0.000000	137.902122	0.000000	29.7
1161	-0.431310	137.836548	0.004233	29.6
1162	-0.941167	137.771057	0.006468	30.5
1163	-0.754900	137.705649	0.005074	30.6
1164	-0.491445	137.640324	0.006295	29.0
1165	-0.362417	137.575081	0.003379	28.6
1166	-0.361747	137.509921	0.004912	29.9
1167	-0.000000	137.444842	0.000000	31.7
1168	-0.790239	137.379846	0.004071	32.7
1169	-0.483528	137.314932	0.006370	31.2
1170	-0.554289	137.250100	0.007187	30.7
1171	-0.457034	137.185349	0.003735	29.8
1172	-0.880133	137.120680	0.006108	29.8
1173	-0.000000	137.056092	0.000000	30.6
1174	-0.490768	136.991585	0.004251	30.2
1175	-0.445695	136.927158	0.004974	30.7
1176	-0.305014	136.862813	0.004339	31.4
1177	-0.533523	136.798548	0.004137	30.5
1178	-0.617564	136.734363	0.004404	30.6
1179	-1.000236	136.670259	0.006955	28.6
1180	-0.090210	136.606235	0.001964	31.0
1181	-0.786425	136.542291	0.007841	29.5
1182	-0.057922	136.478426	0.002148	31.8
1183	-0.000993	136.414641	0.000308	30.1
1184	-0.672913	136.350936	0.003526	30.2
1185	-0.800904	136.287310	0.005984	32.2
1186	-0.323896	136.223763	0.002594	29.9
1187	-0.583455	136.160295	0.005850	30.0
1188	-0.217378	136.096905	0.003375	29.6
1189	-0.594078	136.033594	0.004366	32.0
1190	-0.000000	135.970362	0.000000	30.8
1191	-0.741426	135.907208	0.007533	29.7
1192	-0.668814	135.844133	0.004478	30.9
1193	-1.008529	135.781135	0.007281	27.9
1194	-0.556334	135.718215	0.005380	29.7
1195	-0.123882	135.655373	0.003419	30.4
1196	-0.372778	135.592608	0.005089	29.2
1197	-0.061997	135.529921	0.001317	31.5
1198	-0.000000	135.467311	0.000000	31.4
1199	-0.000891	135.404778	0.000024	29.4
1200	-0.793943	135.342322	0.005234	31.0
1201	-0.530909	135.279942	0.005073	30.6
1202	-0.015090	135.217640	0.000327	29.4
1203	-0.325710	135.155413	0.003240	32.2
1204	-0.018635	135.093263	0.001035	29.2
1205	-0.119196	135.031190	0.002353	30.0
1206	-0.732017	134.969192	0.007527	28.6
1207	-0.905480	134.907270	0.006855	30.9
1208	-0.616882	134.845424	0.007114	31.4
1209	-0.122642	134.783653	0.001719	29.8
1210	-0.901879	134.721958	0.005824	30.6
1211	-0.075041	134.660338	0.001911	29.8
1212	-0.829732	134.598793	0.006430	29.2
1213	-0.967445	134.537323	0.007041	30.9
1214	-0.776408	134.475927	0.006659	30.9
1215	-0.586049	134.414607	0.005785	31.2
1216	-0.739636	134.353361	0.008738	31.0
1217	-0.832384	134.292189	0.007640	31.1
1218	-0.830569	134.231092	0.005651	29.7
1219	-0.236191	134.170068	0.001706	32.1
1220	-0.879595	134.109119	0.007515	32.9
1221	-0.821336	134.048243	0.005658	38.0
1222	-0.476897	133.987441	0.005038	31.0
1223	-0.877899	133.926713	0.006853	30.7
1224	-0.391225	133.866057	0.005044	30.1
1225	-0.000781	133.805475	0.000050	31.1
1226	-0.250106	133.744966	0.003790	30.8
1227	-0.000000	133.684530	0.000000	30.9
1228	-0.899699	133.624167	0.006361	31.6
1229	-0.000000	133.563877	0.000000	30.4
1230	-0.563024	133.503658	0.006590	30.2
1231	-0.339244	133.443513	0.005660	29.9
1232	-0.742007	133.383439	0.006867	30.5
1233	-0.661394	133.323437	0.006122	30.4
1234	-0.881055	133.263508	0.007112	31.5
1235	-0.000000	133.203650	0.000000	31.4
1236	-0.700371	133.143864	0.004841	30.6
1237	-0.765254	133.084149	0.006039	30.2
1238	-0.000000	133.024506	0.000000	28.8
1239	-0.734800	132.964934	0.005751	31.8
1240	-0.818393	132.905433	0.007367	30.3
1241	-0.771284	132.846003	0.005432	30.5
1242	-0.000000	132.786643	0.000000	31.6
1243	-0.829942	132.727355	0.005361	34.2
1244	-0.630719	132.668137	0.004848	30.3
1245	-0.185344	132.608989	0.003512	30.0
1246	-0.573435	132.549912	0.005827	32.5
1247	-0.442144	132.490904	0.004593	30.8
1248	-0.618268	132.431967	0.007496	28.6
1249	-0.000000	132.373100	0.000000	30.7
1250	-0.891717	132.314302	0.007359	30.7
1251	-0.555161	132.255574	0.006599	32.3
1252	-0.694270	132.196916	0.006855	29.9
1253	-0.604759	132.138326	0.005772	32.2
1254	-0.666112	132.079806	0.006571	30.5
1255	-0.000000	132.021355	0.000000	30.6
1256	-0.702360	131.962973	0.006517	28.8
1257	-0.542651	131.904660	0.005774	30.0
1258	-0.351009	131.846415	0.005578	30.6
1259	-0.786682	131.788239	0.007296	30.2
1260	-0.658100	131.730131	0.007547	29.3
1261	-0.000551	131.672092	0.000027	30.1
1262	-0.639116	131.614121	0.007055	27.9
1263	-0.938475	131.556217	0.007135	31.6
1264	-0.357706	131.498382	0.003209	31.4
1265	-0.324712	131.440614	0.006133	30.4
1266	-0.833931	131.382914	0.006646	29.7
1267	-0.802379	131.325282	0.005825	29.4
1268	-0.000000	131.267717	0.000000	29.9
1269	-0.756488	131.210219	0.006124	29.1
1270	-0.554396	131.152788	0.007603	29.5
1271	-0.000062	131.095424	0.000003	28.5
1272	-0.027960	131.038127	0.002811	29.9
1273	-0.106030	130.980897	0.001933	29.5
1274	-0.010753	130.923733	0.001121	29.4
1275	-0.660006	130.866636	0.005497	29.1
1276	-0.156437	130.809605	0.002346	29.1
1277	-0.382548	130.752641	0.006903	28.3
1278	-0.000000	130.695742	0.000000	30.2
1279	-0.000000	130.638910	0.000000	31.4
1280	-0.591408	130.582143	0.006497	28.9
1281	-0.880760	130.525442	0.004529	30.7
1282	-0.470096	130.468807	0.003258	29.1
1283	-0.769029	130.412237	0.005128	31.6
1284	-0.000000	130.355733	0.000000	30.2
1285	-0.000000	130.299294	0.000000	30.4
1286	-0.382739	130.242920	0.004851	29.7
1287	-1.057778	130.186611	0.008108	30.1
1288	-0.022712	130.130366	0.001013	28.8
1289	-0.000000	130.074187	0.000000	29.7
1290	-0.000000	130.018072	0.000000	29.9
1291	-0.146955	129.962022	0.001746	29.2
1292	-0.219910	129.906036	0.004591	28.7
1293	-0.000000	129.850114	0.000000	28.9
1294	-0.026722	129.794257	0.000992	28.1
1295	-0.803516	129.738463	0.006658	30.6
1296	-0.804038	129.682734	0.007678	29.2
1297	-0.108317	129.627068	0.002619	29.8
1298	-0.378593	129.571466	0.005264	28.3
1299	-0.285252	129.515927	0.004481	30.6
1300	-0.148523	129.460452	0.001817	30.3
1301	-0.052608	129.405040	0.001516	29.1
1302	-0.789421	129.349692	0.007747	30.1
1303	-0.888344	129.294406	0.007237	29.8
1304	-0.923335	129.239183	0.006942	29.5
1305	-0.772922	129.184024	0.005950	30.4
1306	-0.032916	129.128927	0.001652	29.8
1307	-0.692260	129.073892	0.003639	30.0
1308	-0.502360	129.018921	0.006129	29.1
1309	-0.611734	128.964011	0.007451	30.2
1310	-0.679592	128.909164	0.005759	30.0
1311	-0.724026	128.854379	0.006310	30.0
1312	-0.036123	128.799656	0.000893	30.0
1313	-0.000000	128.744995	0.000000	29.7
1314	-0.000000	128.690396	0.000000	27.9
1315	-0.514890	128.635858	0.004739	30.5
1316	-0.203600	128.581382	0.003338	29.4
1317	-0.689530	128.526968	0.007057	29.9
1318	-0.728188	128.472615	0.006938	27.8
1319	-0.002855	128.418323	0.000075	29.7
1320	-0.767925	128.364092	0.006910	30.1
1321	-0.439144	128.309922	0.004918	30.6
1322	-0.070820	128.255814	0.001087	29.8
1323	-0.650727	128.201766	0.007069	31.4
1324	-0.008336	128.147778	0.000089	32.2
1325	-0.256197	128.093852	0.002425	30.5
1326	-0.682616	128.039985	0.006363	31.1
1327	-0.000000	127.986180	0.000000	31.2
1328	-0.453138	127.932434	0.005807	31.5
1329	-0.630166	127.878749	0.006990	31.0
1330	-0.000206	127.825123	0.000012	32.9
1331	-0.000000	127.771558	0.000000	32.8
1332	-0.000000	127.718052	0.000000	31.1
1333	-0.000000	127.664606	0.000000	30.8
1334	-0.090460	127.611220	0.002143	29.6
1335	-0.433107	127.557893	0.004001	31.1
1336	-0.823796	127.504625	0.006296	32.7
1337	-0.000000	127.451417	0.000000	35.0
1338	-0.738029	127.398268	0.008446	36.4
1339	-0.174779	127.345178	0.001624	32.2
1340	-0.000000	127.292147	0.000000	32.6
1341	-0.356287	127.239175	0.002788	29.6
1342	-0.594000	127.186261	0.007406	32.1
1343	-0.898506	127.133407	0.006363	30.7
1344	-0.000000	127.080610	0.000000	33.8
1345	-0.466803	127.027872	0.004687	30.8
1346	-0.735837	126.975193	0.006592	30.7
1347	-0.618594	126.922572	0.007252	32.2
1348	-0.191932	126.870008	0.002670	31.7
1349	-0.845367	126.817503	0.006313	30.5
1350	-1.003954	126.765056	0.008917	30.2
1351	-0.775594	126.712667	0.005228	28.2
1352	-0.545283	126.660335	0.005969	29.3
1353	-0.416706	126.608061	0.006737	29.5
1354	-0.207557	126.555844	0.003315	29.2
1355	-0.004300	126.503685	0.000000	30.7
1356	-0.113800	126.451583	0.002567	27.6
1357	-0.523939	126.399538	0.005757	30.1
1358	-0.000000	126.347550	0.000000	29.3
1359	-0.531622	126.295619	0.006774	29.6
1360	-0.662754	126.243745	0.007216	30.5
1361	-0.000000	126.191928	0.000000	29.3
1362	-0.000000	126.140168	0.000000	29.2
1363	-0.795677	126.088464	0.007675	29.9
1364	-0.741398	126.036817	0.008173	29.3
1365	-0.000000	125.985226	0.000000	28.3
1366	-0.093153	125.933691	0.002642	29.9
1367	-0.001000	125.882212	0.000048	29.2
1368	-0.009058	125.830790	0.000172	29.7
1369	-0.729281	125.779423	0.005865	29.4
1370	-0.000000	125.728113	0.000000	32.4
1371	-0.000739	125.676858	0.000028	29.5
1372	-0.874826	125.625659	0.006835	30.1
1373	-0.036611	125.574515	0.001347	29.0
1374	-0.665170	125.523427	0.006156	30.4
1375	-0.533609	125.472394	0.004558	28.9
1376	-0.853766	125.421417	0.006976	30.4
1377	-0.561208	125.370495	0.005361	29.5
1378	-0.826653	125.319628	0.006107	31.0
1379	-0.000000	125.268815	0.000000	30.0
1380	-0.143973	125.218058	0.002126	29.3
1381	-0.832470	125.167356	0.006068	28.4
1382	-0.115007	125.116708	0.002019	29.9
1383	-0.582569	125.066115	0.007699	31.5
1384	-0.375415	125.015576	0.002830	30.1
1385	-0.759605	124.965092	0.006362	30.2
1386	-0.765319	124.914662	0.005369	28.9
1387	-0.249206	124.864287	0.003188	29.5
1388	-0.467974	124.813965	0.004633	29.2
1389	-0.014040	124.763698	0.001033	30.0
1390	-0.229031	124.713485	0.003428	30.9
1391	-0.785602	124.663325	0.007962	29.6
1392	-0.000000	124.613219	0.000000	30.1
1393	-0.547452	124.563167	0.006651	31.3
1394	-0.654089	124.513168	0.004900	28.7
1395	-0.639701	124.463223	0.006642	31.3
1396	-0.142646	124.413332	0.002565	29.6
1397	-0.000000	124.363493	0.000000	30.6
1398	-0.453066	124.313708	0.005669	29.5
1399	-1.002155	124.263976	0.006898	30.9
1400	-0.796741	124.214297	0.004457	28.3
1401	-0.000000	124.164671	0.000000	31.3
1402	-0.880792	124.115097	0.005074	30.9
1403	-0.358566	124.065577	0.003823	30.2
1404	-0.000000	124.016109	0.000000	29.2
1405	-0.498856	123.966693	0.004007	30.3
1406	-0.869788	123.917330	0.007437	31.0
1407	-0.570871	123.868020	0.007132	29.4
1408	-0.000000	123.818762	0.000000	29.8
1409	-0.729746	123.769556	0.006554	29.6
1410	-0.508166	123.720402	0.005095	30.0
1411	-0.779275	123.671300	0.006638	29.8
1412	-0.381236	123.622250	0.004339	29.7
1413	-0.000000	123.573252	0.000000	30.2
1414	-0.000000	123.524305	0.000000	30.3
1415	-0.064971	123.475411	0.002298	30.0
1416	-0.434151	123.426568	0.005588	30.3
1417	-0.471173	123.377776	0.006045	30.4
1418	-0.667021	123.329036	0.006226	30.0
1419	-0.530671	123.280347	0.006285	30.0
1420	-0.001760	123.231709	0.000209	30.0
1421	-0.811797	123.183122	0.005725	29.5
1422	-0.000000	123.134587	0.000000	29.0
1423	-0.000000	123.086102	0.000000	30.2
1424	-0.160269	123.037669	0.001755	29.3
1425	-0.708621	122.989286	0.006541	30.0
1426	-0.812539	122.940954	0.008240	30.2
1427	-0.874877	122.892672	0.008368	28.0
1428	-0.835001	122.844441	0.007751	29.6
1429	-0.347561	122.796261	0.005061	30.0
1430	-0.695454	122.748130	0.004548	29.3
1431	-0.777767	122.700050	0.006086	27.7
1432	-0.813285	122.652021	0.007557	28.2
1433	-0.000000	122.604041	0.000000	29.3
1434	-0.810886	122.556111	0.005187	29.3
1435	-0.719889	122.508232	0.006161	29.7
1436	-0.854697	122.460402	0.005385	30.4
1437	-0.227055	122.412622	0.002792	30.2
1438	-0.000000	122.364891	0.000000	30.4
1439	-0.346534	122.317210	0.004306	30.5
1440	-0.000000	122.269579	0.000000	29.6
1441	-0.000000	122.221997	0.000000	29.9
1442	-0.001348	122.174465	0.000055	29.5
1443	-0.429497	122.126981	0.005480	28.4
1444	-0.591784	122.079547	0.005882	31.3
1445	-0.476650	122.032162	0.007262	29.5
1446	-0.055646	121.984826	0.002414	30.6
1447	-0.436208	121.937539	0.005047	27.8
1448	-0.000000	121.890301	0.000000	30.2
1449	-0.000983	121.843112	0.000688	30.1
1450	-0.086059	121.795971	0.003611	30.3
1451	-0.314712	121.748879	0.004487	30.1
1452	-0.613846	121.701835	0.005152	30.3
1453	-0.835485	121.654840	0.007389	28.8
1454	-0.034315	121.607893	0.000259	29.8
1455	-0.071631	121.560994	0.001156	30.1
1456	-0.000000	121.514144	0.000000	29.9
1457	-0.000069	121.467342	0.000008	28.5
1458	-0.845023	121.420588	0.006598	29.4
1459	-0.432036	121.373882	0.005678	30.4
1460	-0.931201	121.327223	0.007980	30.6
1461	-0.520021	121.280613	0.003225	31.2
1462	-0.000000	121.234050	0.000000	30.2
1463	-0.659929	121.187535	0.004413	30.4
1464	-0.000000	121.141067	0.000000	27.9
1465	-0.653964	121.094647	0.008007	29.2
1466	-0.652230	121.048274	0.005715	30.5
1467	-0.441711	121.001949	0.007280	30.2
1468	-0.456788	120.955671	0.004090	28.2
1469	-0.690536	120.909440	0.005649	28.9
1470	-0.000000	120.863256	0.000000	29.6
1471	-0.000000	120.817119	0.000000	30.0
1472	-0.904624	120.771029	0.009210	29.6
1473	-0.787626	120.724986	0.005488	29.1
1474	-0.669362	120.678990	0.006836	29.8
1475	-0.000000	120.633040	0.000000	29.8
1476	-0.416004	120.587137	0.004406	29.9
1477	-0.015542	120.541281	0.000529	29.6
1478	-0.840203	120.495471	0.007372	31.3
1479	-0.869486	120.449707	0.006704	28.7
1480	-0.759928	120.403990	0.005728	30.3
1481	-0.484564	120.358319	0.004838	30.4
1482	-0.421880	120.312694	0.005016	29.7
1483	-0.610412	120.267115	0.005726	30.4
1484	-0.000000	120.221582	0.000000	30.4
1485	-0.801946	120.176096	0.007565	29.3
1486	-0.681823	120.130655	0.005081	30.3
1487	-0.872845	120.085260	0.006322	31.1
1488	-0.715224	120.039910	0.005787	30.1
1489	-1.074587	119.994606	0.007062	30.2
1490	-0.771154	119.949348	0.007259	31.5
1491	-0.129420	119.904135	0.003730	30.2
1492	-0.812303	119.858968	0.006472	29.7
1493	-0.394413	119.813846	0.005603	29.9
1494	-0.715101	119.768769	0.007379	30.2
1495	-0.546136	119.723738	0.004951	32.6
1496	-0.839590	119.678752	0.005180	30.9
1497	-0.294653	119.633810	0.004351	31.3
1498	-0.005632	119.588914	0.000109	30.5
1499	-0.749350	119.544062	0.006612	30.5
1500	-0.420570	119.499256	0.005069	31.0
1501	-0.946193	119.454494	0.006351	31.0
1502	-0.010031	119.409777	0.000148	29.7
1503	-0.874605	119.365104	0.006065	31.8
1504	-0.835785	119.320476	0.007372	30.6
1505	-0.961519	119.275893	0.006593	31.8
1506	-0.353169	119.231353	0.006338	31.9
1507	-0.997370	119.186859	0.009500	31.2
1508	-0.725142	119.142408	0.007101	28.5
1509	-0.526185	119.098002	0.003680	30.1
1510	-0.000000	119.053639	0.000000	30.6
1511	-0.073291	119.009321	0.001221	31.9
1512	-0.827663	118.965047	0.005993	30.3
1513	-0.035039	118.920816	0.003011	31.9
1514	-0.765703	118.876630	0.005059	31.0
1515	-0.885310	118.832487	0.006681	33.1
1516	-0.765158	118.788388	0.004411	31.1
1517	-0.113561	118.744332	0.002192	30.4
1518	-0.130202	118.700320	0.003361	30.2
1519	-0.000000	118.656352	0.000000	30.2
1520	-0.315695	118.612427	0.004553	30.1
1521	-0.000000	118.568545	0.000000	28.7
1522	-0.006910	118.524706	0.000120	28.5
1523	-0.000110	118.480911	0.000003	29.9
1524	-0.852554	118.437159	0.007866	28.3
1525	-0.000000	118.393450	0.000000	30.0
1526	-0.024552	118.349784	0.002379	28.0
1527	-1.044734	118.306160	0.010481	29.7
1528	-0.236950	118.262580	0.005016	29.3
1529	-0.830398	118.219042	0.006158	30.2
1530	-0.000000	118.175548	0.000000	28.9
1531	-0.655099	118.132095	0.006442	30.7
1532	-0.007867	118.088686	0.000178	29.9
1533	-0.003199	118.045319	0.000093	30.7
1534	-1.069871	118.001994	0.008019	29.1
1535	-0.000521	117.958712	0.000013	30.1
1536	-0.510137	117.915472	0.004770	29.1
1537	-0.920470	117.872274	0.007356	28.1
1538	-0.370759	117.829118	0.006058	28.9
1539	-0.000011	117.786005	0.000003	30.3
1540	-0.870978	117.742933	0.006810	30.2
1541	-0.145318	117.699904	0.002195	30.9
1542	-0.922470	117.656916	0.007362	30.4
1543	-0.529117	117.613971	0.005457	30.4
1544	-0.388138	117.571067	0.004073	30.7
1545	-0.000000	117.528205	0.000000	30.0
1546	-0.731207	117.485384	0.007528	31.9
1547	-0.713515	117.442605	0.006206	32.5
1548	-0.416966	117.399867	0.003052	31.2
1549	-0.791651	117.357171	0.005845	31.8
1550	-0.000000	117.314517	0.000000	29.7
1551	-0.006889	117.271903	0.000096	27.9
1552	-0.891422	117.229331	0.007373	32.1
1553	-0.005537	117.186800	0.000083	29.3
1554	-0.853466	117.144311	0.007335	30.0
1555	-0.331100	117.101862	0.004833	29.1
1556	-0.734951	117.059454	0.004979	29.2
1557	-0.000000	117.017087	0.000000	28.8
1558	-0.746368	116.974762	0.006218	29.6
1559	-0.702364	116.932476	0.008497	30.1
1560	-0.875334	116.890232	0.006685	30.1
1561	-0.000000	116.848028	0.000000	28.8
1562	-0.787986	116.805865	0.006194	28.9
1563	-0.004340	116.763743	0.000064	30.2
1564	-0.491643	116.721661	0.007112	31.1
1565	-0.001004	116.679619	0.000053	30.2
1566	-0.699386	116.637618	0.006971	30.6
1567	-0.845294	116.595657	0.005048	30.2
1568	-0.301259	116.553736	0.003902	29.0
1569	-0.990793	116.511855	0.006650	30.4
1570	-0.717703	116.470015	0.006499	30.2
1571	-0.742832	116.428214	0.005949	29.1
1572	-0.000002	116.386454	0.000000	29.6
1573	-0.889935	116.344733	0.006327	28.7
1574	-0.000000	116.303052	0.000000	30.2
1575	-0.700634	116.261412	0.004480	30.0
1576	-0.643950	116.219810	0.005171	32.1
1577	-0.378283	116.178249	0.005019	30.0
1578	-0.966515	116.136727	0.007354	28.9
1579	-0.009986	116.095245	0.000220	29.3
1580	-0.583066	116.053802	0.006146	30.9
1581	-0.507269	116.012398	0.005172	29.6
1582	-0.845657	115.971034	0.007460	30.6
1583	-0.000000	115.929710	0.000000	29.3
1584	-0.000000	115.888424	0.000000	29.7
1585	-0.000000	115.847178	0.000000	29.5
1586	-0.469923	115.805970	0.004689	29.8
1587	-0.143397	115.764802	0.002079	30.2
1588	-0.512021	115.723673	0.005103	28.7
1589	-0.026684	115.682583	0.002155	30.1
1590	-0.248476	115.641532	0.002968	30.6
1591	-0.003763	115.600519	0.000211	31.0
1592	-0.000001	115.559546	0.000000	30.8
1593	-0.730808	115.518610	0.007157	30.6
1594	-0.000000	115.477714	0.000000	30.6
1595	-0.244755	115.436856	0.003994	30.4
1596	-0.181679	115.396037	0.003653	28.7
1597	-0.867689	115.355256	0.006332	30.7
1598	-0.685607	115.314514	0.007389	29.4
1599	-0.410459	115.273810	0.004789	31.6
1600	-0.371552	115.233144	0.003907	30.6
1601	-0.416350	115.192517	0.005408	29.2
1602	-0.895111	115.151927	0.006113	31.6
1603	-0.658642	115.111376	0.005493	33.5
1604	-0.000000	115.070863	0.000000	30.2
1605	-0.698750	115.030388	0.007887	32.0
1606	-0.685959	114.989951	0.007515	30.7
1607	-0.877671	114.949551	0.005174	32.4
1608	-0.195101	114.909190	0.003052	32.2
1609	-1.075649	114.868866	0.010012	31.9
1610	-0.591304	114.828580	0.006488	31.5
1611	-0.823736	114.788332	0.005122	31.1
1612	-0.500022	114.748121	0.003223	29.7
1613	-0.783245	114.707948	0.008123	31.4
1614	-0.710368	114.667812	0.005055	30.2
1615	-0.761361	114.627714	0.007326	31.6
1616	-0.485261	114.587653	0.004303	31.8
1617	-0.796961	114.547629	0.008548	32.4
1618	-0.170734	114.507643	0.002767	31.6
1619	-0.344763	114.467693	0.004278	31.1
1620	-0.922639	114.427781	0.007547	30.5
1621	-0.513946	114.387907	0.007305	31.2
1622	-0.949415	114.348069	0.007492	28.7
1623	-1.057976	114.308268	0.008251	30.4
1624	-0.000000	114.268504	0.000000	30.2
1625	-0.901123	114.228777	0.009834	30.4
1626	-0.908466	114.189086	0.006081	29.5
1627	-0.710350	114.149433	0.005402	31.0
1628	-0.006040	114.109816	0.000122	31.3
1629	-0.960192	114.070235	0.007764	30.0
1630	-0.722995	114.030692	0.004867	30.6
1631	-0.697660	113.991185	0.006677	29.8
1632	-0.897556	113.951714	0.006122	32.2
1633	-0.528929	113.912280	0.004643	30.7
1634	-0.000000	113.872882	0.000000	31.5
1635	-0.397472	113.833521	0.004905	30.2
1636	-0.481477	113.794195	0.006149	30.1
1637	-0.815072	113.754906	0.004996	29.5
1638	-0.000061	113.715653	0.000002	30.7
1639	-0.917263	113.676437	0.008091	30.7
1640	-0.894360	113.637256	0.006884	29.7
1641	-0.863085	113.598111	0.007289	30.6
1642	-0.758724	113.559002	0.007661	30.1
1643	-0.472982	113.519929	0.006499	29.9
1644	-0.674047	113.480892	0.007099	30.0
1645	-0.000559	113.441891	0.000075	30.8
1646	-0.000000	113.402925	0.000000	29.3
1647	-0.913313	113.363995	0.006822	29.9
1648	-0.851949	113.325101	0.007185	29.5
1649	-0.031491	113.286242	0.001779	30.7
1650	-0.424390	113.247419	0.004920	30.6
1651	-0.000000	113.208631	0.000000	29.7
1652	-0.588355	113.169879	0.005121	28.7
1653	-0.845826	113.131162	0.005957	30.2
1654	-0.657134	113.092480	0.004302	27.6
1655	-0.703553	113.053833	0.007700	30.3
1656	-0.000000	113.015222	0.000000	29.3
1657	-0.000000	112.976646	0.000000	30.0
1658	-0.642863	112.938105	0.006054	30.6
1659	-0.025503	112.899599	0.000883	29.2
1660	-0.900378	112.861128	0.005729	30.2
1661	-0.878297	112.822692	0.006727	30.7
1662	-0.000000	112.784291	0.000000	30.1
1663	-0.663582	112.745924	0.006360	29.7
1664	-0.253302	112.707593	0.004752	29.8
1665	-0.548571	112.669296	0.007957	28.5
1666	-0.877445	112.631034	0.004699	29.9
1667	-0.119583	112.592806	0.002046	29.7
1668	-0.710888	112.554613	0.006599	30.2
1669	-0.791619	112.516455	0.007218	28.3
1670	-0.771080	112.478331	0.005479	30.7
1671	-0.633996	112.440241	0.007069	29.9
1672	-0.376285	112.402186	0.004542	28.8
1673	-0.874864	112.364165	0.009143	29.0
1674	-0.473189	112.326179	0.006840	31.2
1675	-0.249148	112.288227	0.004414	30.0
1676	-0.382975	112.250309	0.003883	30.4
1677	-0.871481	112.212425	0.007037	31.1
1678	-0.508377	112.174575	0.004265	29.5
1679	-0.877510	112.136759	0.005805	29.5
1680	-0.000000	112.098977	0.000000	30.4
1681	-0.838468	112.061229	0.005428	31.1
1682	-0.815870	112.023515	0.005300	29.6
1683	-0.384351	111.985834	0.005395	30.3
1684	-0.920467	111.948188	0.006244	29.4
1685	-0.996150	111.910575	0.010200	29.5
1686	-0.134335	111.872996	0.002195	29.0
1687	-0.000000	111.835450	0.000000	29.5
1688	-0.479840	111.797939	0.005291	31.2
1689	-0.507540	111.760460	0.004994	29.9
1690	-0.722132	111.723015	0.006567	30.2
1691	-0.059566	111.685604	0.003907	29.9
1692	-0.000000	111.648226	0.000000	28.7
1693	-0.763815	111.610881	0.006024	30.0
1694	-0.614594	111.573570	0.005006	30.1
1695	-0.638952	111.536292	0.006903	30.2
1696	-0.113552	111.499047	0.002616	28.0
1697	-0.000000	111.461835	0.000000	30.6
1698	-0.749790	111.424656	0.005213	30.0
1699	-0.573165	111.387510	0.005871	30.5
1700	-0.925823	111.350398	0.009011	29.6
1701	-0.545129	111.313318	0.005300	29.9
1702	-0.000000	111.276271	0.000000	30.9
1703	-0.000000	111.239257	0.000000	29.1
1704	-0.668209	111.202276	0.006269	29.4
1705	-1.043296	111.165328	0.008808	30.0
1706	-0.150425	111.128412	0.001450	28.4
1707	-0.054974	111.091529	0.001255	29.7
1708	-0.000000	111.054679	0.000000	29.6
1709	-0.610616	111.017861	0.006298	29.8
1710	-0.674856	110.981076	0.006355	30.9
1711	-0.000006	110.944323	0.000001	29.2
1712	-0.047352	110.907603	0.000653	27.0
1713	-0.865679	110.870915	0.006670	29.3
1714	-1.028723	110.834259	0.006941	31.1
1715	-0.000000	110.797636	0.000000	29.3
1716	-0.760648	110.761045	0.004818	29.5
1717	-0.521737	110.724486	0.005217	28.4
1718	-0.591540	110.687959	0.005359	30.0
1719	-0.900594	110.651465	0.005702	30.0
1720	-0.000000	110.615002	0.000000	28.6
1721	-0.757497	110.578572	0.005403	28.8
1722	-0.805440	110.542173	0.006656	31.1
1723	-0.000000	110.505807	0.000000	29.0
1724	-0.105768	110.469472	0.002432	31.5
1725	-0.566264	110.433169	0.005538	30.6
1726	-0.669323	110.396898	0.005163	30.0
1727	-0.894506	110.360659	0.008992	28.2
1728	-0.009687	110.324451	0.000139	30.3
1729	-0.687510	110.288276	0.005191	29.0
1730	-0.914552	110.252131	0.005905	30.9
1731	-0.552956	110.216019	0.004894	29.9
1732	-0.834886	110.179937	0.007858	30.3
1733	-0.699677	110.143888	0.005721	30.1
1734	-0.897935	110.107869	0.007321	29.5
1735	-0.398408	110.071882	0.005399	30.3
1736	-0.363596	110.035927	0.005069	29.8
1737	-0.865144	110.000003	0.008644	29.2
1738	-0.837299	109.964110	0.007326	29.8
1739	-0.716339	109.928248	0.005291	32.5
1740	-0.793691	109.892417	0.007539	29.6
1741	-0.016112	109.856618	0.000205	29.2
1742	-0.909046	109.820850	0.008776	29.0
1743	-0.826170	109.785112	0.006415	28.2
1744	-0.000000	109.749406	0.000000	30.0
1745	-0.000000	109.713730	0.000000	29.4
1746	-0.000000	109.678086	0.000000	30.7
1747	-0.367580	109.642472	0.006971	28.2
1748	-0.542553	109.606890	0.006307	29.8
1749	-0.312229	109.571337	0.003817	27.6
1750	-0.954893	109.535816	0.007309	30.4
1751	-1.008816	109.500326	0.009248	28.8
1752	-0.445962	109.464866	0.005473	29.3
1753	-0.000000	109.429436	0.000000	29.1
1754	-0.000000	109.394038	0.000000	29.4
1755	-0.953339	109.358669	0.006827	29.3
1756	-0.821600	109.323331	0.005926	28.1
1757	-0.087742	109.288024	0.001314	29.8
1758	-0.112250	109.252747	0.003303	29.0
1759	-0.691539	109.217501	0.004168	30.6
1760	-0.891290	109.182284	0.007379	29.6
1761	-0.000000	109.147098	0.000000	29.5
1762	-0.862741	109.111942	0.005828	27.2
1763	-0.821710	109.076817	0.008062	29.3
1764	-0.000000	109.041721	0.000000	31.3
1765	-0.919707	109.006656	0.007103	29.4
1766	-0.896663	108.971620	0.007651	28.9
1767	-0.095673	108.936615	0.002795	29.4
1768	-0.390226	108.901640	0.003790	29.5
1769	-0.790235	108.866694	0.006030	29.1
1770	-0.522137	108.831779	0.002984	28.7
1771	-0.868752	108.796893	0.007314	27.9
1772	-0.062201	108.762037	0.000946	28.8
1773	-0.007416	108.727211	0.000087	28.8
1774	-0.975343	108.692415	0.006992	29.3
1775	-0.004439	108.657648	0.000790	28.9
1776	-0.553503	108.622911	0.005658	30.7
1777	-0.891173	108.588203	0.008665	28.5
1778	-0.220629	108.553525	0.002514	29.0
1779	-0.000000	108.518877	0.000000	27.5
1780	-0.005677	108.484258	0.000085	28.7
1781	-0.000000	108.449668	0.000000	30.0
1782	-0.667502	108.415108	0.006548	29.2
1783	-0.199262	108.380578	0.002795	28.6
1784	-0.801135	108.346076	0.007579	28.6
1785	-0.000000	108.311604	0.000000	27.4
1786	-0.497297	108.277161	0.006699	28.5
1787	-0.572718	108.242747	0.005055	28.0
1788	-0.187273	108.208363	0.002155	28.1
1789	-0.682592	108.174007	0.005694	27.8
1790	-0.731066	108.139681	0.005319	28.4
1791	-0.340451	108.105383	0.006036	27.9
1792	-0.041675	108.071115	0.001326	30.2
1793	-0.903548	108.036875	0.006913	29.0
1794	-0.560221	108.002665	0.006593	28.9
1795	-0.000023	107.968483	0.000003	28.7
1796	-0.023430	107.934330	0.000307	29.6
1797	-0.003952	107.900206	0.000128	29.6
1798	-0.613947	107.866111	0.005884	28.6
1799	-0.346254	107.832044	0.004129	28.7
1800	-1.033615	107.798007	0.008996	28.8
1801	-0.000000	107.763997	0.000000	28.6
1802	-0.000000	107.730017	0.000000	27.6
1803	-0.870110	107.696065	0.008403	28.0
1804	-0.762198	107.662141	0.008018	29.2
1805	-0.683173	107.628246	0.006489	28.0
1806	-0.476047	107.594379	0.006134	28.8
1807	-0.943474	107.560541	0.007680	29.6
1808	-0.839171	107.526731	0.006231	29.3
1809	-0.000000	107.492949	0.000000	29.3
1810	-0.000000	107.459196	0.000000	27.3
1811	-0.000000	107.425471	0.000000	29.7
1812	-0.000000	107.391774	0.000000	27.9
1813	-0.796637	107.358106	0.005301	29.7
1814	-0.463638	107.324465	0.005283	28.7
1815	-0.244637	107.290853	0.004086	29.0
1816	-0.467820	107.257268	0.005203	29.7
1817	-0.843515	107.223712	0.005323	29.9
1818	-0.884170	107.190184	0.006603	29.1
1819	-0.000000	107.156683	0.000000	28.4
1820	-0.456665	107.123211	0.006189	28.5
1821	-0.000174	107.089766	0.000007	30.5
1822	-0.448226	107.056349	0.003943	27.7
1823	-0.041720	107.022960	0.000878	27.6
1824	-0.428556	106.989599	0.003663	30.5
1825	-0.000000	106.956265	0.000000	29.8
1826	-0.632332	106.922960	0.006544	31.0
1827	-0.666294	106.889681	0.006555	29.2
1828	-0.775290	106.856431	0.006706	29.7
1829	-0.001099	106.823208	0.000050	30.8
1830	-0.576541	106.790012	0.007125	29.9
1831	-0.377623	106.756844	0.004343	30.0
1832	-0.367258	106.723703	0.004302	30.0
1833	-0.575498	106.690590	0.007650	30.7
1834	-0.000000	106.657505	0.000000	29.3
1835	-0.650851	106.624446	0.005436	29.1
1836	-0.567787	106.591415	0.003729	28.5
1837	-0.423795	106.558411	0.005227	28.3
1838	-0.203017	106.525435	0.003588	27.3
1839	-0.026174	106.492485	0.001814	29.5
1840	-0.823936	106.459563	0.006405	29.4
1841	-0.621339	106.426668	0.005186	28.6
1842	-0.682875	106.393800	0.006638	27.1
1843	-0.951626	106.360959	0.007352	30.0
1844	-0.860823	106.328145	0.006435	29.8
1845	-0.739843	106.295358	0.007765	28.3
1846	-0.034067	106.262598	0.000714	29.7
1847	-0.826922	106.229865	0.006941	29.4
1848	-0.014347	106.197158	0.000264	29.1
1849	-0.000000	106.164479	0.000000	28.1
1850	-0.030642	106.131826	0.001615	28.4
1851	-0.520785	106.099201	0.007549	28.5
1852	-0.667172	106.066602	0.007569	30.2
1853	-0.542682	106.034029	0.007387	29.3
1854	-0.490076	106.001483	0.005455	27.2
1855	-0.619842	105.968964	0.005155	29.0
1856	-0.717934	105.936472	0.005799	29.0
1857	-0.891587	105.904006	0.004945	28.0
1858	-0.936051	105.871566	0.007886	28.7
1859	-0.000233	105.839153	0.000015	29.2
1860	-0.000000	105.806767	0.000000	29.2
1861	-0.108563	105.774407	0.001162	28.1
1862	-0.419332	105.742073	0.004842	27.5
1863	-0.000000	105.709766	0.000000	28.6
1864	-0.055884	105.677485	0.002635	28.6
1865	-0.390803	105.645230	0.006720	27.9
1866	-0.147859	105.613001	0.003963	29.2
1867	-0.557474	105.580799	0.006351	28.8
1868	-0.000000	105.548623	0.000000	28.8
1869	-0.670360	105.516473	0.005104	27.7
1870	-0.708553	105.484349	0.006778	28.1
1871	-0.815964	105.452251	0.005922	28.4
1872	-0.809212	105.420179	0.005766	29.9
1873	-0.893132	105.388133	0.006753	30.0
1874	-0.833926	105.356113	0.007432	29.0
1875	-0.008491	105.324119	0.000165	29.2
1876	-0.000280	105.292151	0.000016	29.0
1877	-0.000000	105.260209	0.000000	29.4
1878	-0.169129	105.228293	0.003629	26.9
1879	-0.834442	105.196402	0.006488	29.8
1880	-0.900490	105.164537	0.007942	31.3
1881	-0.880021	105.132698	0.006195	29.5
1882	-0.700211	105.100885	0.004462	29.3
1883	-0.680823	105.069097	0.006357	29.5
1884	-0.596097	105.037335	0.003893	28.7
1885	-0.790976	105.005598	0.005575	30.4
1886	-0.048263	104.973887	0.001451	30.8
1887	-0.704901	104.942202	0.005770	30.1
1888	-0.336558	104.910542	0.002930	29.4
1889	-0.624722	104.878907	0.007981	30.2
1890	-0.000000	104.847298	0.000000	30.5
1891	-0.292428	104.815715	0.004281	30.5
1892	-0.735834	104.784156	0.005663	30.0
1893	-0.667952	104.752623	0.005798	30.1
1894	-0.349741	104.721116	0.003748	29.5
1895	-0.000001	104.689633	0.000002	29.9
1896	-0.914775	104.658176	0.008348	28.9
1897	-0.352696	104.626744	0.004675	29.7
1898	-0.000097	104.595337	0.000007	30.3
1899	-0.769244	104.563955	0.007322	28.5
1900	-0.810879	104.532599	0.008789	31.4
1901	-0.401841	104.501267	0.006032	31.9
1902	-0.897736	104.469960	0.009477	33.3
1903	-1.022720	104.438679	0.007728	31.7
1904	-1.174249	104.407422	0.008227	31.5
1905	-0.511123	104.376191	0.005278	30.1
1906	-0.101034	104.344984	0.001593	31.4
1907	-0.493356	104.313802	0.003781	29.3
1908	-0.650413	104.282645	0.006525	30.2
1909	-0.662087	104.251513	0.006386	29.2
1910	-0.000000	104.220405	0.000000	31.3
1911	-0.000000	104.189323	0.000000	30.8
1912	-0.295232	104.158265	0.003916	30.7
1913	-0.000000	104.127231	0.000000	29.5
1914	-0.000000	104.096222	0.000000	31.0
1915	-0.000000	104.065238	0.000000	29.5
1916	-0.437990	104.034279	0.004903	29.9
1917	-0.350903	104.003344	0.003615	29.2
1918	-0.000000	103.972433	0.000000	29.2
1919	-0.002850	103.941547	0.000088	29.6
1920	-0.038812	103.910686	0.001385	30.3
1921	-0.000000	103.879849	0.000000	31.0
1922	-0.448299	103.849036	0.006279	29.9
1923	-0.699756	103.818248	0.007575	31.5
1924	-0.164620	103.787484	0.002690	29.9
1925	-0.715402	103.756744	0.005560	29.2
1926	-0.000000	103.726029	0.000000	30.6
1927	-0.062181	103.695338	0.001603	28.9
1928	-0.696822	103.664671	0.003996	29.9
1929	-0.797052	103.634028	0.006126	30.0
1930	-1.156928	103.603409	0.009065	29.0
1931	-1.019437	103.572814	0.008305	28.7
1932	-0.008895	103.542244	0.000238	30.1
1933	-0.024429	103.511698	0.000228	28.5
1934	-0.000000	103.481175	0.000000	30.9
1935	-0.240820	103.450677	0.005739	30.7
1936	-0.671582	103.420202	0.006428	32.2
1937	-0.000000	103.389752	0.000000	29.9
1938	-0.366102	103.359325	0.004973	30.9
1939	-0.000000	103.328922	0.000000	30.3
1940	-0.007351	103.298543	0.000148	31.1
1941	-0.912771	103.268188	0.005483	30.8
1942	-0.900050	103.237857	0.005497	32.0
1943	-0.048483	103.207549	0.002372	31.5
1944	-0.974530	103.177265	0.005530	31.9
1945	-0.461769	103.147005	0.003612	31.5
1946	-0.049005	103.116768	0.001263	31.0
1947	-0.004129	103.086556	0.000005	29.5
1948	-0.178791	103.056366	0.001743	30.5
1949	-0.000000	103.026200	0.000000	33.2
1950	-0.707915	102.996058	0.005146	31.2
1951	-0.576209	102.965939	0.006485	31.3
1952	-0.610863	102.935844	0.007197	32.1
1953	-0.000000	102.905772	0.000000	33.8
1954	-0.579161	102.875724	0.006067	30.3
1955	-0.639996	102.845699	0.007080	32.6
1956	-0.523925	102.815697	0.003883	30.5
1957	-0.368247	102.785719	0.004746	32.1
1958	-0.821281	102.755764	0.007273	29.8
1959	-0.000000	102.725832	0.000000	31.0
1960	-0.962145	102.695924	0.008580	30.5
1961	-0.004695	102.666038	0.000098	30.8
1962	-0.927050	102.636176	0.007848	31.3
1963	-0.610901	102.606337	0.004775	30.6
1964	-0.865120	102.576521	0.006829	31.9
1965	-0.040463	102.546728	0.000347	32.7
1966	-0.288316	102.516959	0.005780	32.4
1967	-0.762306	102.487212	0.006370	29.8
1968	-0.000000	102.457488	0.000000	31.0
1969	-0.859959	102.427788	0.005805	30.1
1970	-0.714351	102.398110	0.005792	30.8
1971	-0.000000	102.368455	0.000000	31.6
1972	-0.828068	102.338823	0.005103	30.2
1973	-0.689545	102.309214	0.007118	31.0
1974	-0.700365	102.279628	0.007475	30.1
1975	-0.002175	102.250064	0.000042	30.5
1976	-0.591307	102.220524	0.006509	28.9
1977	-0.755720	102.191006	0.004967	28.8
1978	-0.981353	102.161511	0.006081	32.6
1979	-0.000000	102.132038	0.000000	31.8
1980	-0.000110	102.102588	0.000006	29.5
1981	-0.446002	102.073161	0.006738	30.4
1982	-0.000000	102.043757	0.000000	28.8
1983	-1.009828	102.014375	0.007856	29.9
1984	-0.000000	101.985015	0.000000	29.8
1985	-0.004818	101.955678	0.000090	29.0
1986	-0.822580	101.926364	0.007061	30.2
1987	-0.000000	101.897072	0.000000	28.5
1988	-0.007249	101.867802	0.000691	30.6
1989	-0.170529	101.838555	0.002010	29.9
1990	-0.026841	101.809330	0.000200	30.1
1991	-0.000162	101.780128	0.000009	29.0
1992	-1.147857	101.750948	0.007314	30.2
1993	-0.000000	101.721790	0.000000	28.4
1994	-0.008648	101.692654	0.000600	30.9
1995	-0.780155	101.663541	0.005745	30.4
1996	-0.738451	101.634450	0.006423	30.2
1997	-0.000000	101.605381	0.000000	27.6
1998	-0.734329	101.576335	0.006952	30.4
1999	-0.000000	101.547310	0.000000	29.9
