1:ItNr	2:Metric	3:StepSize	4:||Gradient||	Time[ms]
0	-0.058986	627.201626	0.001402	672.9
1	-1.479942	623.504937	0.011944	3.9
2	-0.000036	619.865785	0.000006	4.0
3	-0.904240	616.282728	0.009087	4.5
4	-1.437950	612.754375	0.011292	4.1
5	-1.612881	609.279381	0.009290	4.1
6	-0.757799	605.856447	0.018168	4.1
7	-0.020207	602.484317	0.001474	4.3
8	-1.332859	599.161779	0.009128	4.1
9	-0.118896	595.887656	0.001606	4.1
10	-1.208467	592.660813	0.013045	4.3
11	-0.993664	589.480151	0.011076	4.2
12	-1.611510	586.344606	0.012002	4.2
13	-1.495733	583.253145	0.014947	4.4
14	-0.550415	580.204771	0.005630	4.3
15	-1.016842	577.198517	0.019312	4.2
16	-1.378889	574.233444	0.020890	4.4
17	-0.104882	571.308645	0.001369	4.5
18	-0.577715	568.423237	0.010641	4.2
19	-0.897917	565.576365	0.005658	4.2
20	-1.141268	562.767201	0.009333	4.1
21	-0.659306	559.994938	0.016768	4.6
22	-0.933428	557.258797	0.007262	4.2
23	-0.000000	554.558018	0.000000	4.5
24	-0.000136	551.891865	0.000020	4.3
25	-1.117841	549.259621	0.012215	4.4
26	-0.492361	546.660592	0.014114	4.4
27	-0.739174	544.094102	0.004024	4.2
28	-0.000000	541.559494	0.000000	4.5
29	-0.073608	539.056129	0.001187	4.4
30	-1.531019	536.583387	0.011437	4.2
31	-1.611249	534.140663	0.011336	4.3
32	-1.019292	531.727370	0.006139	4.4
33	-0.472258	529.342935	0.004982	4.2
34	-0.000003	526.986802	0.000001	4.3
35	-0.857569	524.658430	0.007168	4.4
36	-0.019292	522.357290	0.001184	4.5
37	-1.255168	520.082868	0.012272	4.2
38	-0.796409	517.834665	0.006093	4.2
39	-1.085172	515.612193	0.022667	4.6
40	-1.523074	513.414976	0.013166	4.3
41	-1.223407	511.242551	0.017720	4.3
42	-0.817799	509.094468	0.009761	4.2
43	-1.345194	506.970285	0.014961	7.0
44	-1.162653	504.869574	0.025083	4.4
45	-0.000000	502.791916	0.000000	5.0
46	-0.084602	500.736903	0.002427	5.2
47	-0.642841	498.704137	0.007311	4.5
48	-0.000060	496.693228	0.000013	4.4
49	-1.392548	494.703798	0.011751	4.5
50	-0.825241	492.735476	0.009145	4.4
51	-0.000000	490.787900	0.000000	4.4
52	-1.223502	488.860718	0.015906	4.7
53	-0.868896	486.953585	0.010046	4.6
54	-1.288693	485.066164	0.014521	5.0
55	-0.011250	483.198126	0.001380	5.2
56	-1.677718	481.349149	0.011768	4.8
57	-1.250060	479.518920	0.010622	4.6
58	-0.149607	477.707132	0.002528	4.7
59	-0.808591	475.913485	0.006244	5.1
60	-0.071582	474.137684	0.000460	5.0
61	-1.259154	472.379445	0.011186	4.7
62	-0.159760	470.638485	0.003649	5.6
63	-1.549672	468.914531	0.006218	4.8
64	-1.093979	467.207315	0.007101	4.7
65	-0.000000	465.516573	0.000000	4.8
66	-1.682168	463.842050	0.007325	4.7
67	-0.847921	462.183494	0.008853	4.6
68	-0.737832	460.540658	0.008325	4.8
69	-1.408721	458.913303	0.009005	4.9
70	-0.623223	457.301192	0.006412	4.5
71	-1.016709	455.704096	0.009843	4.4
72	-1.344669	454.121787	0.008826	4.7
73	-1.122033	452.554045	0.007653	4.5
74	-0.327980	451.000653	0.000638	4.6
75	-1.209043	449.461399	0.015979	5.5
76	-1.303955	447.936075	0.016607	4.5
77	-0.647164	446.424477	0.009662	4.5
78	-0.467417	444.926406	0.002256	5.3
79	-0.428943	443.441666	0.004882	4.5
80	-0.000000	441.970065	0.000000	4.8
81	-0.000000	440.511415	0.000000	5.2
82	-1.761604	439.065533	0.014492	5.0
83	-1.174289	437.632238	0.014348	4.7
84	-1.286048	436.211351	0.012794	4.9
85	-0.000000	434.802701	0.000000	5.0
86	-0.986345	433.406117	0.017349	4.8
87	-1.115729	432.021430	0.008158	5.0
88	-0.988989	430.648479	0.009443	5.2
89	-0.000016	429.287101	0.000004	5.0
90	-0.423793	427.937140	0.015197	5.1
91	-0.114236	426.598440	0.002238	5.1
92	-1.573108	425.270849	0.012002	4.7
93	-0.028779	423.954220	0.001722	4.7
94	-0.866570	422.648404	0.024205	5.4
95	-1.159008	421.353259	0.008098	4.7
96	-0.510247	420.068643	0.004404	5.2
97	-0.405386	418.794419	0.006043	5.0
98	-1.390366	417.530451	0.008785	5.1
99	-0.524796	416.276604	0.002016	4.9
100	-0.987969	415.032748	0.003332	4.8
101	-1.210986	413.798754	0.014041	5.0
102	-1.199665	412.574495	0.008287	5.2
103	-1.211198	411.359849	0.013054	4.8
104	-0.006167	410.154691	0.000105	5.0
105	-1.078133	408.958904	0.014776	4.8
106	-1.021987	407.772368	0.015306	4.8
107	-1.258047	406.594968	0.008044	5.1
108	-1.495767	405.426590	0.006906	5.2
109	-1.389527	404.267122	0.012444	4.9
110	-1.290655	403.116456	0.011309	5.5
111	-1.173169	401.974481	0.013040	4.8
112	-0.232495	400.841093	0.003860	4.9
113	-0.278499	399.716187	0.001892	5.5
114	-1.326562	398.599660	0.018943	5.0
115	-0.676768	397.491411	0.005992	5.0
116	-0.000000	396.391342	0.000000	5.4
117	-1.196093	395.299353	0.017560	4.7
118	-0.646250	394.215350	0.006251	5.4
119	-0.122030	393.139238	0.002268	5.0
120	-0.237057	392.070924	0.002573	5.3
121	-0.375652	391.010316	0.002673	5.1
122	-1.491725	389.957325	0.005819	5.2
123	-0.819194	388.911862	0.007811	4.6
124	-0.003784	387.873839	0.000400	4.7
125	-1.616332	386.843173	0.008060	5.1
126	-1.558237	385.819777	0.027317	4.9
127	-0.000000	384.803569	0.000000	4.8
128	-0.544059	383.794468	0.003563	6.2
129	-0.000006	382.792393	0.000002	4.9
130	-0.491419	381.797264	0.005851	4.7
131	-0.312181	380.809005	0.002580	4.8
132	-0.000000	379.827537	0.000000	5.0
133	-1.034169	378.852786	0.003883	4.8
134	-0.308632	377.884678	0.003534	4.7
135	-0.586255	376.923138	0.006279	4.8
136	-0.995343	375.968095	0.015769	4.9
137	-0.375520	375.019479	0.002783	5.1
138	-0.677749	374.077218	0.006865	5.2
139	-1.133142	373.141244	0.008000	5.0
140	-0.424567	372.211489	0.004526	4.9
141	-1.217229	371.287887	0.020150	5.2
142	-0.818347	370.370370	0.009284	5.2
143	-1.092400	369.458876	0.021257	5.0
144	-1.209284	368.553338	0.012418	5.3
145	-0.002873	367.653696	0.000170	5.0
146	-1.323294	366.759885	0.011920	4.9
147	-0.001153	365.871846	0.000188	4.9
148	-0.022582	364.989518	0.000834	5.2
149	-1.136885	364.112841	0.004032	5.0
150	-1.367088	363.241757	0.017321	4.8
151	-0.682014	362.376208	0.008005	5.9
152	-1.210380	361.516137	0.012860	5.0
153	-0.000006	360.661488	0.000001	7.0
154	-0.705190	359.812206	0.013564	5.2
155	-0.014080	358.968236	0.000441	4.9
156	-1.038876	358.129524	0.022219	5.1
157	-0.659435	357.296018	0.012721	4.9
158	-0.000000	356.467665	0.000000	4.7
159	-1.545876	355.644414	0.018369	4.9
160	-1.424850	354.826213	0.005570	5.0
161	-1.492724	354.013012	0.010850	4.6
162	-0.613037	353.204763	0.005340	4.7
163	-0.116232	352.401415	0.005146	5.0
164	-1.061656	351.602922	0.009639	4.4
165	-0.139356	350.809235	0.002190	4.8
166	-1.387610	350.020308	0.015840	5.1
167	-0.837394	349.236095	0.004497	5.0
168	-0.000000	348.456550	0.000000	4.8
169	-0.204440	347.681627	0.004384	5.0
170	-1.341007	346.911283	0.010485	4.9
171	-0.000000	346.145474	0.000000	5.0
172	-1.494733	345.384157	0.014522	4.8
173	-0.670546	344.627288	0.012608	5.0
174	-0.990772	343.874826	0.022750	4.9
175	-1.324708	343.126729	0.020225	4.8
176	-0.000004	342.382957	0.000001	5.0
177	-0.388933	341.643469	0.012179	4.8
178	-1.243732	340.908224	0.009797	4.7
179	-0.431517	340.177184	0.003356	4.9
180	-1.186806	339.450309	0.011124	5.0
181	-1.532098	338.727561	0.019555	4.8
182	-0.902991	338.008902	0.009008	5.1
183	-0.005146	337.294295	0.000617	4.8
184	-0.851592	336.583703	0.012808	4.8
185	-0.303023	335.877089	0.003355	4.6
186	-0.281060	335.174416	0.002906	5.0
187	-1.421218	334.475651	0.021582	4.7
188	-0.000000	333.780756	0.000000	4.7
189	-1.198907	333.089698	0.009435	5.3
190	-1.447796	332.402443	0.006373	4.9
191	-0.850311	331.718955	0.002446	4.9
192	-0.000014	331.039203	0.000003	6.3
193	-0.568550	330.363153	0.016120	4.9
194	-1.244560	329.690771	0.011884	4.9
195	-0.683165	329.022027	0.008162	5.5
196	-0.067047	328.356888	0.001296	4.9
197	-0.006018	327.695322	0.000645	4.9
198	-0.057170	327.037299	0.001435	5.3
199	-1.227600	326.382787	0.017008	5.0
200	-0.940465	325.731758	0.005569	4.9
201	-0.489515	325.084179	0.003437	5.2
202	-1.269176	324.440023	0.010729	5.0
203	-0.129582	323.799258	0.001703	4.9
204	-0.977458	323.161858	0.006722	5.0
205	-1.356735	322.527792	0.011905	5.0
206	-0.007180	321.897034	0.000335	5.2
207	-0.000000	321.269554	0.000000	4.8
208	-0.001263	320.645325	0.000114	4.9
209	-1.074833	320.024320	0.008750	4.9
210	-0.229121	319.406512	0.002505	4.8
211	-1.436481	318.791875	0.006445	4.9
212	-1.175725	318.180381	0.008980	5.4
213	-0.733461	317.572005	0.005433	4.6
214	-0.221147	316.966721	0.002815	5.1
215	-1.409494	316.364504	0.015798	4.9
216	-0.380813	315.765329	0.003134	4.7
217	-0.000000	315.169170	0.000000	4.9
218	-0.000000	314.576003	0.000000	4.9
219	-1.445064	313.985804	0.018239	4.8
220	-1.357501	313.398548	0.007927	5.1
221	-1.412955	312.814213	0.009565	4.8
222	-0.010518	312.232773	0.000606	4.6
223	-0.000177	311.654207	0.000028	4.6
224	-1.389474	311.078491	0.011016	4.9
225	-0.029173	310.505602	0.000515	4.6
226	-0.000006	309.935518	0.000002	4.4
227	-1.603502	309.368217	0.012442	4.8
228	-0.846214	308.803676	0.016117	4.7
229	-1.538184	308.241874	0.010780	4.7
230	-0.580529	307.682789	0.015710	5.0
231	-1.690643	307.126400	0.006755	5.0
232	-0.312741	306.572687	0.004640	4.7
233	-1.218990	306.021627	0.011029	4.8
234	-0.655379	305.473201	0.006196	5.3
235	-0.547670	304.927388	0.004388	4.7
236	-0.539483	304.384168	0.017816	4.7
237	-0.000000	303.843521	0.000000	5.3
238	-0.000000	303.305427	0.000000	4.9
239	-0.184635	302.769867	0.002970	4.8
240	-1.295120	302.236821	0.016161	5.2
241	-0.016396	301.706270	0.000724	4.7
242	-1.410321	301.178196	0.008342	4.8
243	-0.728420	300.652580	0.010564	5.2
244	-1.150971	300.129402	0.014132	5.0
245	-0.515961	299.608645	0.006665	4.6
246	-0.866853	299.090291	0.004855	5.0
247	-1.522637	298.574321	0.014137	4.9
248	-1.183968	298.060718	0.007475	4.7
249	-0.813142	297.549465	0.003111	5.0
250	-0.101561	297.040543	0.001409	4.9
251	-0.253346	296.533936	0.005507	4.8
252	-1.046545	296.029626	0.008503	4.9
253	-0.410226	295.527597	0.013972	5.0
254	-0.829599	295.027832	0.009645	4.9
255	-0.000029	294.530315	0.000006	5.7
256	-1.456669	294.035028	0.003132	6.7
257	-0.211888	293.541956	0.002648	5.4
258	-0.056875	293.051083	0.001172	5.8
259	-0.898623	292.562393	0.007998	4.8
260	-0.000000	292.075870	0.000000	5.0
261	-1.141155	291.591498	0.005333	4.8
262	-1.315863	291.109263	0.013752	5.1
263	-1.187055	290.629149	0.007932	4.9
264	-1.177476	290.151140	0.009701	5.1
265	-1.388085	289.675222	0.011037	5.3
266	-1.584007	289.201380	0.019734	5.0
267	-0.036513	288.729600	0.000756	4.8
268	-0.885813	288.259866	0.012277	5.2
269	-0.652163	287.792165	0.007134	4.9
270	-0.965435	287.326481	0.011405	4.9
271	-0.648409	286.862802	0.016531	5.4
272	-0.368583	286.401113	0.002125	5.2
273	-0.402511	285.941400	0.017412	4.9
274	-1.074630	285.483649	0.002775	5.1
275	-0.799241	285.027847	0.007500	5.1
276	-0.139348	284.573981	0.001437	4.9
277	-1.542739	284.122037	0.009016	5.0
278	-0.949445	283.672002	0.011350	4.9
279	-0.428368	283.223863	0.002928	4.7
280	-1.467400	282.777607	0.011288	5.1
281	-0.042399	282.333221	0.000975	5.2
282	-0.005274	281.890692	0.000222	4.7
283	-1.296274	281.450008	0.006555	4.7
284	-1.389148	281.011157	0.010659	5.3
285	-1.663944	280.574125	0.004904	4.9
286	-0.309834	280.138901	0.012084	4.6
287	-0.000257	279.705473	0.000030	5.3
288	-0.870144	279.273829	0.016237	4.7
289	-1.282919	278.843956	0.014949	4.7
290	-0.000000	278.415844	0.000000	5.5
291	-0.614650	277.989479	0.007373	4.8
292	-0.620308	277.564851	0.006061	5.5
293	-1.306792	277.141949	0.008255	5.5
294	-1.670156	276.720761	0.013841	4.9
295	-0.103086	276.301275	0.003114	5.1
296	-0.901799	275.883480	0.010025	5.2
297	-0.847995	275.467366	0.004263	4.9
298	-1.083232	275.052922	0.013902	5.4
299	-0.697606	274.640136	0.004976	5.2
300	-1.178742	274.228998	0.021952	4.8
301	-1.229030	273.819497	0.026412	4.9
302	-1.168345	273.411623	0.008530	5.2
303	-1.311384	273.005365	0.014093	5.0
304	-0.054840	272.600712	0.001200	5.0
305	-1.018196	272.197655	0.013964	5.0
306	-1.582572	271.796184	0.010011	5.1
307	-1.474688	271.396287	0.010971	5.9
308	-0.061636	270.997956	0.001389	5.1
309	-1.261658	270.601180	0.006664	5.2
310	-0.000001	270.205949	0.000000	4.8
311	-0.083314	269.812254	0.003190	4.7
312	-0.471152	269.420085	0.007318	5.0
313	-0.218206	269.029432	0.001970	4.7
314	-0.670574	268.640287	0.005278	4.6
315	-1.321561	268.252638	0.011328	5.1
316	-1.025251	267.866478	0.012929	4.8
317	-1.212564	267.481796	0.009965	4.7
318	-1.473809	267.098584	0.013391	5.6
319	-1.066703	266.716833	0.013018	5.0
320	-0.004374	266.336533	0.000405	4.6
321	-0.839375	265.957676	0.005321	5.2
322	-0.000000	265.580253	0.000000	4.7
323	-0.386791	265.204254	0.005306	4.7
324	-0.000000	264.829672	0.000000	5.1
325	-0.603805	264.456497	0.012834	4.9
326	-0.000003	264.084721	0.000001	5.0
327	-1.478669	263.714335	0.012553	4.8
328	-0.469996	263.345332	0.003782	4.9
329	-0.715636	262.977702	0.023311	4.7
330	-0.003041	262.611438	0.000354	4.9
331	-0.744126	262.246531	0.008657	4.7
332	-1.112551	261.882973	0.009719	4.7
333	-0.880294	261.520756	0.006711	4.9
334	-0.000224	261.159871	0.000033	4.9
335	-0.398590	260.800312	0.010458	4.8
336	-0.701115	260.442070	0.013861	5.0
337	-0.783665	260.085137	0.011823	5.3
338	-1.283796	259.729505	0.012140	4.5
339	-1.002164	259.375167	0.011637	5.0
340	-1.405078	259.022116	0.012785	4.6
341	-0.861659	258.670343	0.016740	4.8
342	-0.000000	258.319841	0.000000	4.7
343	-1.433527	257.970602	0.015120	4.7
344	-0.000030	257.622620	0.000006	4.9
345	-1.051244	257.275887	0.016391	5.5
346	-1.351956	256.930396	0.008796	5.5
347	-1.348033	256.586139	0.015503	5.2
348	-0.000000	256.243109	0.000000	7.2
349	-1.565964	255.901300	0.011385	4.8
350	-1.059235	255.560703	0.019970	5.0
351	-1.494837	255.221313	0.005058	4.8
352	-0.579341	254.883122	0.006332	4.7
353	-1.229710	254.546124	0.021769	5.1
354	-1.472604	254.210311	0.015520	4.8
355	-0.012420	253.875677	0.000521	4.7
356	-0.217694	253.542215	0.003060	5.1
357	-1.695246	253.209918	0.007792	5.0
358	-0.598081	252.878781	0.019666	4.9
359	-0.000000	252.548795	0.000000	5.6
360	-0.820166	252.219956	0.005425	4.9
361	-0.711128	251.892255	0.005885	4.8
362	-0.008429	251.565688	0.000285	5.1
363	-1.329940	251.240247	0.017076	5.0
364	-0.349254	250.915926	0.007229	4.8
365	-0.721157	250.592720	0.009007	5.3
366	-0.149144	250.270621	0.002796	5.1
367	-1.460929	249.949624	0.010992	4.9
368	-0.681475	249.629723	0.009425	5.4
369	-1.466871	249.310911	0.009628	5.0
370	-0.000486	248.993182	0.000087	4.7
371	-0.466310	248.676531	0.011928	5.1
372	-0.000000	248.360952	0.000000	5.1
373	-1.134887	248.046438	0.005989	4.9
374	-1.562639	247.732984	0.007360	4.8
375	-1.294037	247.420584	0.013312	5.0
376	-0.740007	247.109233	0.007171	4.7
377	-0.000000	246.798924	0.000000	5.6
378	-1.100825	246.489652	0.009496	5.3
379	-0.000050	246.181412	0.000011	4.6
380	-0.367652	245.874197	0.012150	4.9
381	-1.426853	245.568002	0.009928	4.9
382	-1.793527	245.262822	0.014798	4.8
383	-0.152798	244.958652	0.002257	5.0
384	-1.569462	244.655485	0.008718	5.1
385	-0.860992	244.353317	0.010205	4.9
386	-0.000002	244.052142	0.000000	4.7
387	-0.301693	243.751955	0.003235	4.6
388	-0.014264	243.452750	0.000795	5.0
389	-0.000000	243.154523	0.000000	4.8
390	-0.931399	242.857268	0.021041	4.5
391	-1.523744	242.560980	0.015140	5.0
392	-1.057401	242.265654	0.007096	4.8
393	-0.008842	241.971285	0.000336	4.6
394	-1.362114	241.677868	0.007508	5.1
395	-1.308108	241.385397	0.008912	4.9
396	-1.142636	241.093869	0.009582	4.7
397	-0.000001	240.803278	0.000000	4.9
398	-1.377556	240.513619	0.005424	5.1
399	-0.010670	240.224887	0.000994	4.9
400	-0.141297	239.937077	0.001772	4.8
401	-0.015298	239.650186	0.000420	5.3
402	-0.000000	239.364207	0.000000	4.8
403	-0.361634	239.079136	0.006102	4.3
404	-1.746918	238.794969	0.014982	5.3
405	-1.400281	238.511701	0.012596	4.8
406	-0.402960	238.229327	0.017751	4.7
407	-0.000000	237.947843	0.000000	5.3
408	-0.208273	237.667244	0.002108	4.7
409	-1.528965	237.387526	0.006719	4.7
410	-1.122073	237.108684	0.017223	5.2
411	-0.000000	236.830714	0.000000	4.9
412	-1.594294	236.553610	0.010460	4.8
413	-0.521810	236.277370	0.020886	5.1
414	-1.127117	236.001989	0.011804	4.9
415	-1.621763	235.727461	0.005090	4.7
416	-1.056931	235.453784	0.009856	4.8
417	-0.701811	235.180952	0.006290	5.9
418	-0.540828	234.908962	0.005472	5.3
419	-0.689028	234.637809	0.010796	5.1
420	-0.917349	234.367488	0.007243	5.1
421	-1.006429	234.097997	0.009455	4.9
422	-1.364365	233.829331	0.010534	8.0
423	-1.306780	233.561485	0.007786	5.7
424	-0.586198	233.294456	0.006557	4.7
425	-1.299160	233.028239	0.015541	4.6
426	-0.787249	232.762831	0.020245	4.8
427	-0.000000	232.498228	0.000000	4.8
428	-0.388202	232.234425	0.009443	4.6
429	-1.570881	231.971419	0.007107	4.5
430	-1.183840	231.709205	0.009589	4.9
431	-0.286058	231.447781	0.007584	4.6
432	-1.133614	231.187141	0.012812	4.6
433	-0.090427	230.927283	0.001307	4.8
434	-0.830820	230.668202	0.009364	4.7
435	-0.000000	230.409895	0.000000	4.6
436	-0.035533	230.152358	0.001815	5.1
437	-0.764577	229.895587	0.006073	4.6
438	-1.394725	229.639578	0.015554	4.5
439	-1.014437	229.384329	0.012192	4.7
440	-0.097120	229.129834	0.001931	4.9
441	-1.304037	228.876091	0.007002	4.6
442	-0.000000	228.623096	0.000000	4.4
443	-0.768414	228.370846	0.009797	5.0
444	-0.000594	228.119336	0.000068	4.5
445	-0.000001	227.868563	0.000000	4.5
446	-0.294743	227.618525	0.004105	4.9
447	-1.342916	227.369216	0.008226	4.5
448	-1.243051	227.120635	0.005761	4.5
449	-0.056910	226.872777	0.001282	4.5
450	-0.230656	226.625638	0.004114	4.9
451	-1.081581	226.379217	0.010123	4.6
452	-0.799361	226.133509	0.003611	4.6
453	-0.000000	225.888510	0.000000	4.9
454	-0.036672	225.644218	0.001586	4.5
455	-0.179065	225.400630	0.002162	4.7
456	-1.580238	225.157741	0.016814	4.6
457	-0.561534	224.915549	0.005164	4.7
458	-0.142820	224.674051	0.001592	5.5
459	-1.408265	224.433242	0.012484	5.4
460	-0.621486	224.193121	0.006815	4.6
461	0.000000	223.953684	0.000000	4.8
462	-1.284993	223.714927	0.032625	4.7
463	-0.729936	223.476848	0.017433	5.1
464	-0.961120	223.239444	0.010664	4.8
465	-0.368300	223.002710	0.007582	4.8
466	-1.541649	222.766645	0.009578	5.1
467	-1.161641	222.531245	0.025266	5.1
468	-1.425196	222.296508	0.011245	4.8
469	-1.309219	222.062429	0.007833	5.0
470	-0.912284	221.829007	0.012811	4.9
471	-1.763369	221.596238	0.012932	4.7
472	-0.629203	221.364119	0.004940	4.7
473	-0.502350	221.132647	0.003909	5.1
474	-1.332283	220.901820	0.008312	4.7
475	-0.000000	220.671634	0.000000	4.7
476	-1.413643	220.442086	0.006750	5.1
477	-0.849174	220.213174	0.010405	5.4
478	-0.775503	219.984895	0.008109	4.8
479	-1.400276	219.757246	0.014265	5.4
480	-1.512941	219.530224	0.009575	4.7
481	-0.998069	219.303826	0.006795	4.6
482	-1.455347	219.078050	0.011206	5.1
483	-0.005767	218.852893	0.000523	4.9
484	-1.531426	218.628352	0.010756	4.6
485	-1.320097	218.404424	0.009299	5.0
486	-1.367905	218.181106	0.025931	4.9
487	-1.173459	217.958397	0.006804	4.5
488	-0.032653	217.736292	0.001045	4.7
489	-1.161604	217.514790	0.023166	5.2
490	-0.451800	217.293888	0.017181	4.7
491	-1.402128	217.073584	0.017163	4.8
492	-0.021597	216.853873	0.000536	4.8
493	-0.000001	216.634755	0.000000	4.7
494	-1.212183	216.416227	0.013581	4.8
495	-0.262067	216.198285	0.001773	5.0
496	-0.000000	215.980927	0.000000	4.8
497	-0.746488	215.764151	0.005581	4.8
498	-0.021037	215.547955	0.000574	4.7
499	-0.219522	215.332335	0.004903	4.8
500	-0.885946	215.117289	0.006144	5.2
501	-1.315649	214.902815	0.023947	4.8
502	-1.105499	214.688911	0.009430	5.5
503	-1.230607	214.475573	0.012786	4.9
504	-0.131028	214.262800	0.004984	4.8
505	-1.350451	214.050588	0.009130	5.3
506	-0.600280	213.838936	0.014478	5.2
507	-0.060185	213.627842	0.002122	4.9
508	-0.101920	213.417302	0.002111	5.5
509	-0.853253	213.207314	0.002004	6.7
510	-1.340879	212.997877	0.009486	4.8
511	-0.833130	212.788987	0.022949	5.4
512	-0.106826	212.580642	0.001298	5.2
513	-0.566283	212.372841	0.014184	5.3
514	-0.183101	212.165581	0.003194	5.3
515	-0.000000	211.958859	0.000000	4.6
516	-0.771696	211.752673	0.006732	5.3
517	-1.577431	211.547021	0.010943	5.5
518	-0.803835	211.341902	0.006203	5.6
519	-0.872290	211.137311	0.006976	5.8
520	-1.467715	210.933248	0.014685	7.5
521	-0.150306	210.729710	0.002287	5.9
522	-0.000888	210.526695	0.000114	6.8
523	-1.495445	210.324200	0.005977	5.8
524	-1.642867	210.122224	0.013950	6.3
525	-1.646780	209.920765	0.003808	5.1
526	-0.453098	209.719820	0.008616	5.4
527	-1.327698	209.519387	0.008925	5.2
528	-0.000000	209.319463	0.000000	5.3
529	-1.200420	209.120048	0.009238	5.1
530	-0.480601	208.921139	0.010088	8.1
531	-0.355201	208.722733	0.003452	5.2
532	-1.304605	208.524829	0.009502	5.3
533	-1.318603	208.327425	0.004029	5.9
534	-1.443921	208.130518	0.017727	4.9
535	-0.134117	207.934107	0.001813	5.2
536	-0.000000	207.738189	0.000000	5.8
537	-0.000000	207.542762	0.000000	5.0
538	-0.828280	207.347825	0.009778	5.3
539	-0.147041	207.153376	0.004097	5.4
540	-0.227161	206.959412	0.002732	4.9
541	-0.863944	206.765932	0.008174	5.3
542	-0.057818	206.572933	0.001618	5.1
543	-0.774952	206.380414	0.002687	5.3
544	-0.000000	206.188373	0.000000	6.0
545	-1.557667	205.996807	0.009021	6.2
546	-1.344930	205.805716	0.004790	5.4
547	-0.000000	205.615096	0.000000	4.8
548	-0.508250	205.424946	0.011191	5.4
549	-0.975938	205.235265	0.022410	5.4
550	-1.031195	205.046050	0.017477	5.7
551	-0.845510	204.857299	0.004699	5.6
552	-1.233958	204.669011	0.011303	5.3
553	-1.401817	204.481184	0.021478	6.0
554	-1.484407	204.293816	0.013993	5.9
555	-0.408850	204.106905	0.005839	5.8
556	-0.832220	203.920449	0.009336	5.8
557	-1.291022	203.734447	0.011680	4.9
558	-0.000000	203.548896	0.000000	5.1
559	-0.000000	203.363795	0.000000	5.4
560	-0.654253	203.179143	0.017418	5.0
561	-1.689062	202.994937	0.013374	5.1
562	-1.097090	202.811176	0.006797	5.6
563	-1.237077	202.627857	0.006072	5.3
564	-1.354137	202.444980	0.007147	5.1
565	-0.482284	202.262543	0.005158	5.6
566	-1.478961	202.080543	0.010611	5.2
567	-1.644137	201.898979	0.010483	5.2
568	-0.116563	201.717849	0.002536	5.7
569	-1.223637	201.537153	0.008877	5.6
570	-1.151863	201.356887	0.008903	5.0
571	-1.046441	201.177050	0.013929	5.3
572	-0.067710	200.997642	0.002530	5.2
573	-0.011913	200.818659	0.000481	5.4
574	-1.088327	200.640100	0.009766	5.5
575	-0.000000	200.461965	0.000000	5.2
576	-0.000310	200.284250	0.000039	5.0
577	-0.448332	200.106955	0.016023	5.7
578	-0.941802	199.930078	0.010552	5.9
579	-1.001771	199.753617	0.012421	5.2
580	-0.042725	199.577571	0.000851	5.5
581	-0.000000	199.401938	0.000000	5.1
582	-1.270443	199.226717	0.010632	4.9
583	-1.225395	199.051905	0.009127	5.2
584	-0.182034	198.877502	0.002745	5.0
585	-0.000004	198.703506	0.000001	4.8
586	-1.098989	198.529916	0.005307	4.9
587	-1.756146	198.356729	0.018516	5.0
588	-0.165121	198.183944	0.002161	4.9
589	-1.037329	198.011560	0.008198	5.1
590	-1.732010	197.839576	0.004284	5.1
591	-1.437899	197.667989	0.004667	4.9
592	-0.000000	197.496798	0.000000	5.3
593	-0.011237	197.326002	0.000645	4.7
594	-0.000000	197.155600	0.000000	4.8
595	-0.811915	196.985589	0.005319	5.5
596	0.000000	196.815969	0.000000	5.0
597	-0.423641	196.646738	0.005173	4.9
598	-1.227715	196.477894	0.018369	5.4
599	-0.244038	196.309436	0.003165	5.1
600	-0.359221	196.141363	0.005239	4.9
601	-0.136205	195.973673	0.001157	5.2
602	-0.757213	195.806365	0.002769	5.0
603	-0.886890	195.639437	0.010913	4.6
604	-1.629444	195.472888	0.008729	6.3
605	-1.056990	195.306717	0.004478	4.8
606	-1.513195	195.140922	0.012215	4.7
607	-0.000000	194.975501	0.000000	5.0
608	-1.310248	194.810454	0.009856	4.8
609	-0.588144	194.645779	0.005269	4.7
610	-1.332819	194.481475	0.011288	4.7
611	-0.414371	194.317540	0.003227	5.0
612	-0.000000	194.153973	0.000000	4.6
613	-0.689124	193.990773	0.004246	4.8
614	-0.665764	193.827938	0.005981	5.1
615	-0.795586	193.665467	0.007797	5.1
616	-0.816285	193.503358	0.005153	4.8
617	-0.000000	193.341611	0.000000	4.9
618	-1.270504	193.180224	0.008405	4.9
619	-0.160005	193.019196	0.002427	4.9
620	-1.085702	192.858525	0.010418	4.9
621	-0.777784	192.698210	0.012962	5.0
622	-0.573796	192.538251	0.011128	4.7
623	-1.564005	192.378644	0.011735	4.8
624	-0.000000	192.219391	0.000000	5.1
625	-1.460276	192.060488	0.016571	4.8
626	-1.524546	191.901935	0.012323	4.6
627	-0.000455	191.743730	0.000031	5.1
628	-1.605211	191.585873	0.012711	5.0
629	-0.375707	191.428362	0.005382	4.9
630	-1.424735	191.271196	0.009443	5.3
631	-1.097501	191.114374	0.008002	4.9
632	-0.963951	190.957893	0.012358	4.7
633	-1.000304	190.801755	0.010283	5.3
634	-1.406074	190.645956	0.008696	4.9
635	-0.623389	190.490495	0.009396	4.7
636	-0.568267	190.335373	0.014000	5.4
637	-0.707218	190.180587	0.016521	5.0
638	-0.347310	190.026136	0.003264	4.7
639	-0.819111	189.872019	0.006071	5.7
640	-0.000107	189.718235	0.000015	5.0
641	-0.769378	189.564782	0.003830	4.8
642	-0.000001	189.411661	0.000000	5.3
643	-1.170052	189.258868	0.011943	4.9
644	-0.000454	189.106404	0.000087	4.7
645	-1.779495	188.954267	0.009289	4.9
646	-0.052715	188.802456	0.001583	4.8
647	-1.217841	188.650969	0.012125	4.6
648	-0.102676	188.499807	0.001600	4.9
649	-0.186748	188.348967	0.002807	4.9
650	-1.617042	188.198448	0.018114	5.0
651	-1.522969	188.048250	0.008707	5.1
652	-1.555967	187.898371	0.013968	5.3
653	-0.015260	187.748810	0.001450	5.2
654	-0.733338	187.599566	0.010692	5.0
655	-0.789798	187.450638	0.006913	5.3
656	-0.539859	187.302025	0.019064	5.9
657	-1.127383	187.153725	0.014527	6.2
658	-0.837132	187.005739	0.004094	5.0
659	-0.644844	186.858064	0.019458	5.0
660	-1.025215	186.710699	0.014974	5.0
661	-0.000118	186.563645	0.000018	5.3
662	-1.065877	186.416898	0.018580	4.9
663	-1.537080	186.270459	0.008891	4.7
664	-1.554230	186.124326	0.011522	5.2
665	-1.461277	185.978499	0.008550	5.0
666	-1.248571	185.832976	0.007773	5.0
667	-1.359685	185.687756	0.015480	5.3
668	-1.743645	185.542838	0.009735	4.9
669	-0.001964	185.398222	0.000335	4.9
670	-0.058239	185.253906	0.002380	5.4
671	-0.159232	185.109889	0.002589	5.1
672	-1.445209	184.966170	0.008067	4.8
673	-0.557606	184.822748	0.003888	5.3
674	-0.824691	184.679623	0.012525	4.9
675	-0.000000	184.536792	0.000000	4.8
676	-0.000718	184.394256	0.000123	5.1
677	-0.617855	184.252013	0.014587	4.9
678	-0.007334	184.110062	0.000444	4.7
679	-0.909697	183.968403	0.005765	4.8
680	-1.329128	183.827034	0.012013	5.0
681	-0.175718	183.685954	0.002301	4.8
682	-1.088834	183.545163	0.006848	4.8
683	-0.256525	183.404658	0.002885	4.8
684	-0.868287	183.264441	0.007818	4.6
685	-1.599598	183.124509	0.011269	4.8
686	-1.212989	182.984861	0.009351	5.2
687	-0.133913	182.845497	0.003107	4.7
688	-0.308314	182.706416	0.005215	4.8
689	-0.693035	182.567616	0.005350	4.7
690	-1.293733	182.429098	0.011613	4.9
691	-0.021543	182.290859	0.000626	4.6
692	-0.002126	182.152899	0.000310	6.0
693	-0.606060	182.015217	0.005853	4.9
694	-0.854339	181.877813	0.010425	4.8
695	-1.181601	181.740684	0.010819	4.8
696	-1.168367	181.603832	0.005160	5.0
697	-1.013336	181.467253	0.013471	4.7
698	-0.000331	181.330948	0.000054	4.5
699	-0.836481	181.194916	0.010302	5.2
700	-1.020432	181.059155	0.007464	4.8
701	-0.007779	180.923666	0.000441	5.2
702	-1.369241	180.788446	0.007512	4.8
703	-0.953342	180.653496	0.028543	4.8
704	-1.010457	180.518814	0.005969	4.8
705	-1.159764	180.384399	0.005501	5.0
706	-1.071943	180.250251	0.004491	4.6
707	-0.440137	180.116369	0.001441	4.9
708	-1.532953	179.982752	0.008817	5.1
709	-1.338177	179.849398	0.014505	4.9
710	-1.725028	179.716308	0.006779	4.7
711	-1.030558	179.583480	0.010425	5.0
712	-0.680848	179.450913	0.018653	5.0
713	-1.133710	179.318607	0.015786	4.6
714	-0.000000	179.186561	0.000000	4.9
715	-0.769208	179.054774	0.011155	5.2
716	-0.881722	178.923245	0.005654	5.3
717	-0.148440	178.791973	0.002681	4.7
718	-1.438696	178.660958	0.010194	6.0
719	-0.745662	178.530199	0.007880	4.7
720	-0.926294	178.399694	0.009965	4.7
721	-0.543657	178.269444	0.013836	5.0
722	-0.758921	178.139447	0.006568	4.6
723	-1.272713	178.009702	0.011609	4.8
724	-1.539777	177.880209	0.008150	5.0
725	-1.117620	177.750967	0.008579	4.9
726	-0.835303	177.621975	0.004138	4.7
727	-0.000000	177.493232	0.000000	5.1
728	-0.976395	177.364738	0.009304	4.7
729	-0.057370	177.236492	0.001066	4.7
730	-0.464959	177.108492	0.005012	5.4
731	-0.000016	176.980739	0.000004	5.2
732	-1.337500	176.853231	0.014490	4.7
733	-1.481845	176.725968	0.007477	5.0
734	-0.932413	176.598949	0.008514	5.1
735	-0.451897	176.472173	0.004118	4.7
736	-0.120186	176.345639	0.001877	4.8
737	-0.425951	176.219348	0.011732	5.0
738	-1.417964	176.093296	0.008820	4.9
739	-0.826391	175.967486	0.005413	5.3
740	-0.753328	175.841914	0.006320	5.3
741	-1.029903	175.716581	0.012792	4.8
742	-1.168819	175.591486	0.018084	5.4
743	-0.083051	175.466629	0.002484	5.1
744	-0.225242	175.342008	0.002484	4.9
745	-0.642812	175.217622	0.008246	5.0
746	-1.192487	175.093472	0.009834	5.2
747	-1.570545	174.969556	0.011827	4.8
748	-1.180638	174.845873	0.016438	4.9
749	-1.038023	174.722423	0.009497	5.2
750	-0.991242	174.599206	0.004824	5.0
751	-1.167721	174.476220	0.009951	4.8
752	-1.282917	174.353464	0.012914	4.9
753	-0.000888	174.230939	0.000086	5.0
754	-0.000000	174.108643	0.000000	5.8
755	-1.562455	173.986576	0.012436	5.2
756	-0.533527	173.864737	0.004991	5.1
757	-0.418510	173.743124	0.010550	5.1
758	-1.175177	173.621739	0.009925	5.0
759	-1.127511	173.500579	0.011769	4.9
760	-0.899238	173.379645	0.005841	4.9
761	-0.665052	173.258935	0.008941	4.6
762	-0.169275	173.138449	0.001179	5.1
763	-0.001231	173.018186	0.000112	4.7
764	-1.156197	172.898146	0.006921	4.8
765	-1.347854	172.778327	0.010410	4.9
766	-0.000002	172.658730	0.000000	4.7
767	-1.461776	172.539353	0.008605	4.7
768	-0.012755	172.420196	0.000437	4.6
769	-0.993129	172.301258	0.015126	4.7
770	-1.224141	172.182539	0.013261	4.7
771	-0.000000	172.064037	0.000000	4.7
772	-1.136531	171.945753	0.009040	5.0
773	-1.352776	171.827686	0.009287	4.7
774	-0.435374	171.709834	0.006738	4.7
775	-0.023390	171.592198	0.001368	5.0
776	-1.464863	171.474776	0.008083	4.7
777	-0.597587	171.357568	0.004712	4.7
778	-1.084082	171.240574	0.003252	5.3
779	-0.106878	171.123793	0.002454	4.9
780	-1.105664	171.007223	0.009767	4.8
781	-0.797062	170.890865	0.003734	5.3
782	-1.247522	170.774718	0.003705	4.8
783	-1.574030	170.658782	0.008810	4.8
784	-0.027164	170.543055	0.001123	4.7
785	-0.356827	170.427537	0.005437	5.0
786	-1.382078	170.312227	0.017388	4.6
787	-1.247392	170.197125	0.007209	4.8
788	-0.912793	170.082231	0.015841	4.7
789	-1.360034	169.967543	0.007588	4.6
790	-1.397209	169.853061	0.007357	4.8
791	-1.281494	169.738784	0.008884	4.9
792	-1.328253	169.624713	0.007475	4.8
793	-0.059461	169.510845	0.000443	4.8
794	-1.330737	169.397181	0.014334	4.9
795	-1.302574	169.283720	0.010917	4.9
796	-0.304165	169.170462	0.004518	4.8
797	-1.157342	169.057405	0.012704	4.9
798	-1.088847	168.944549	0.010195	5.2
799	-0.000209	168.831895	0.000029	5.1
800	-1.087637	168.719440	0.009693	4.8
801	-0.530471	168.607185	0.010577	5.3
802	-1.380090	168.495129	0.018039	5.3
803	-1.460080	168.383271	0.016043	4.8
804	-0.568910	168.271611	0.007740	5.2
805	-0.854382	168.160148	0.010857	5.4
806	-0.752792	168.048882	0.009407	4.8
807	-0.154914	167.937812	0.001512	5.2
808	-1.591235	167.826938	0.005971	5.2
809	-1.406723	167.716258	0.010948	4.8
810	-1.364396	167.605773	0.011888	5.1
811	-1.365774	167.495482	0.008487	4.9
812	-1.614147	167.385384	0.007407	4.9
813	-0.000000	167.275479	0.000000	5.4
814	-0.275469	167.165766	0.004621	4.9
815	-0.623767	167.056245	0.005238	4.9
816	-0.857526	166.946915	0.023821	5.2
817	-1.420107	166.837776	0.009897	4.9
818	-1.342168	166.728826	0.011033	4.7
819	-0.793011	166.620067	0.005147	5.1
820	-0.000000	166.511496	0.000000	4.8
821	-0.000015	166.403113	0.000002	4.6
822	-0.000005	166.294919	0.000001	4.9
823	-0.702845	166.186912	0.016563	4.9
824	-0.313684	166.079091	0.009138	4.7
825	-0.822917	165.971458	0.006836	4.8
826	-0.421342	165.864009	0.004766	5.2
827	-1.035238	165.756747	0.008595	4.5
828	-1.246135	165.649669	0.011098	4.9
829	-1.263836	165.542775	0.008167	5.1
830	-0.994959	165.436065	0.010671	4.8
831	-1.502770	165.329538	0.009001	5.1
832	-0.321219	165.223194	0.007240	5.3
833	-1.158245	165.117032	0.022106	4.8
834	-0.545513	165.011052	0.006194	4.9
835	-0.846847	164.905253	0.009990	4.9
836	-1.090972	164.799635	0.004644	4.9
837	-1.412016	164.694197	0.009430	4.8
838	-1.475606	164.588939	0.013537	4.7
839	-1.354406	164.483859	0.009394	5.0
840	-0.002316	164.378959	0.000177	5.1
841	-0.191779	164.274237	0.004008	4.9
842	-0.636267	164.169692	0.017109	4.8
843	-0.810758	164.065325	0.007098	5.0
844	-1.564231	163.961135	0.011329	4.7
845	-0.000866	163.857120	0.000154	5.0
846	-0.000000	163.753282	0.000000	4.8
847	-1.497602	163.649619	0.015323	4.6
848	-1.035904	163.546130	0.007699	4.8
849	-0.900650	163.442816	0.012773	5.2
850	-0.000148	163.339676	0.000031	4.4
851	-0.538676	163.236709	0.006571	4.7
852	-0.000814	163.133915	0.000064	5.2
853	-0.098250	163.031294	0.002666	4.9
854	-1.451958	162.928844	0.002977	4.9
855	-0.000055	162.826566	0.000009	5.2
856	-0.824417	162.724459	0.005727	5.1
857	-1.297648	162.622523	0.007093	4.7
858	-0.000000	162.520757	0.000000	4.9
859	-0.375453	162.419160	0.002851	4.9
860	-0.072407	162.317733	0.002135	5.0
861	-1.215681	162.216474	0.015216	5.3
862	-1.513787	162.115383	0.012398	4.8
863	-1.025816	162.014461	0.004596	5.0
864	-1.345768	161.913705	0.004227	5.9
865	-0.104936	161.813117	0.000747	5.0
866	-1.007239	161.712695	0.011507	5.0
867	-0.000000	161.612439	0.000000	5.3
868	-0.000000	161.512349	0.000000	4.9
869	-0.065127	161.412424	0.001913	5.7
870	-1.088405	161.312663	0.006609	5.3
871	-0.010782	161.213067	0.000227	4.8
872	-1.421383	161.113635	0.027171	4.7
873	-0.778236	161.014366	0.004258	4.7
874	-1.061303	160.915260	0.012894	4.9
875	-1.123143	160.816316	0.014983	4.9
876	-0.755469	160.717535	0.010445	4.6
877	-0.000001	160.618915	0.000000	4.8
878	-0.386508	160.520456	0.003293	5.0
879	-0.000000	160.422158	0.000000	4.8
880	-0.731130	160.324021	0.005975	5.0
881	-0.041328	160.226043	0.002133	4.8
882	-1.299936	160.128225	0.012551	4.7
883	-1.351893	160.030566	0.015878	5.1
884	-0.000089	159.933066	0.000012	6.1
885	-1.714863	159.835723	0.010304	5.3
886	-1.697771	159.738539	0.006250	5.1
887	-1.601190	159.641512	0.007684	5.0
888	-0.131744	159.544642	0.001637	4.6
889	-1.738515	159.447929	0.008776	4.9
890	-1.232593	159.351372	0.011832	5.1
891	-1.194786	159.254971	0.006965	4.9
892	-0.251532	159.158725	0.002370	4.7
893	-0.006439	159.062634	0.000532	5.6
894	-0.000000	158.966697	0.000000	5.0
895	-1.318325	158.870915	0.014434	4.9
896	-0.965186	158.775286	0.013620	5.0
897	-0.310105	158.679811	0.005502	4.7
898	-0.886819	158.584489	0.006310	4.7
899	-0.898035	158.489319	0.005651	5.1
900	-1.399894	158.394302	0.014237	4.7
901	-0.000000	158.299436	0.000000	5.7
902	-1.352742	158.204721	0.016480	5.4
903	-0.877055	158.110158	0.008780	4.8
904	-0.019960	158.015745	0.000751	5.4
905	-1.101024	157.921482	0.007314	5.2
906	-0.280925	157.827369	0.002509	4.9
907	-0.064527	157.733406	0.001394	6.6
908	-0.998320	157.639591	0.008919	5.9
909	-1.171548	157.545925	0.018211	5.3
910	-0.830034	157.452408	0.007462	5.3
911	-1.272147	157.359038	0.005298	5.4
912	-0.000000	157.265816	0.000000	5.5
913	-1.417211	157.172741	0.010828	5.4
914	-0.113939	157.079813	0.001660	5.3
915	-0.000000	156.987031	0.000000	5.0
916	-0.000864	156.894395	0.000089	5.4
917	-1.557487	156.801904	0.010864	5.0
918	-1.501104	156.709559	0.020020	5.2
919	-0.654309	156.617359	0.007151	5.2
920	-1.774432	156.525304	0.010278	5.0
921	-1.157047	156.433392	0.012074	5.0
922	-0.669542	156.341624	0.014280	4.9
923	-0.000000	156.250000	0.000000	5.4
924	-0.943893	156.158519	0.007653	4.8
925	-0.286634	156.067180	0.006385	4.9
926	-0.000000	155.975984	0.000000	5.2
927	-0.873318	155.884930	0.012634	4.9
928	-0.075580	155.794017	0.001177	4.8
929	-0.787823	155.703246	0.006082	5.0
930	-1.564298	155.612615	0.009000	4.4
931	-0.659232	155.522125	0.006616	4.7
932	-0.670341	155.431775	0.004663	5.2
933	-0.000000	155.341565	0.000000	4.7
934	-1.232105	155.251495	0.015965	4.7
935	-1.356017	155.161563	0.016974	5.2
936	-1.254866	155.071771	0.020109	5.0
937	-1.297473	154.982117	0.014884	4.7
938	-1.056117	154.892601	0.009531	6.0
939	-1.537785	154.803222	0.010446	6.0
940	0.000000	154.713981	0.000000	4.7
941	-1.577971	154.624878	0.009567	5.0
942	-1.409488	154.535910	0.010911	4.9
943	-0.000038	154.447080	0.000007	4.9
944	-0.765891	154.358385	0.010014	5.1
945	-1.142061	154.269826	0.020145	4.8
946	-0.000000	154.181402	0.000000	4.9
947	-0.880132	154.093114	0.014005	5.1
948	-0.932169	154.004960	0.008437	4.9
949	-0.000015	153.916940	0.000003	5.1
950	-1.695106	153.829054	0.004452	4.7
951	-0.000000	153.741303	0.000000	4.8
952	-0.680166	153.653684	0.010310	4.9
953	-0.586166	153.566198	0.016922	4.7
954	-0.178950	153.478846	0.003007	5.1
955	-1.280000	153.391625	0.008791	4.8
956	-0.586519	153.304537	0.004573	4.4
957	-1.312104	153.217580	0.019252	5.0
958	-1.603658	153.130755	0.006267	4.8
959	-0.000000	153.044061	0.000000	4.9
960	-1.141541	152.957498	0.014329	5.1
961	-0.000161	152.871065	0.000026	4.8
962	-0.007853	152.784762	0.000377	4.6
963	-0.000002	152.698589	0.000000	4.9
964	-0.888813	152.612545	0.010660	5.0
965	-1.233044	152.526631	0.014359	4.9
966	-1.645139	152.440845	0.014525	4.7
967	-0.670866	152.355188	0.011345	5.0
968	-1.053041	152.269660	0.009515	4.7
969	-0.076000	152.184259	0.003650	4.7
970	-1.436018	152.098986	0.007342	5.1
971	-0.000049	152.013840	0.000011	4.8
972	-0.943345	151.928821	0.004471	4.8
973	-0.503057	151.843928	0.007460	5.2
974	-0.000015	151.759163	0.000003	4.7
975	-1.411856	151.674523	0.006559	4.7
976	-1.509704	151.590009	0.010471	5.1
977	-0.000763	151.505620	0.000029	4.8
978	0.000000	151.421357	0.000000	4.7
979	-1.265638	151.337218	0.010004	5.1
980	-0.051811	151.253204	0.001720	5.0
981	-1.330268	151.169314	0.015861	4.7
982	-1.268313	151.085549	0.004633	5.6
983	-0.895040	151.001907	0.004370	5.0
984	-1.538780	150.918388	0.006556	4.7
985	-0.013728	150.834992	0.000485	5.1
986	-0.000000	150.751719	0.000000	5.2
987	-0.652363	150.668569	0.016221	4.7
988	-1.582787	150.585541	0.009975	4.7
989	-0.908918	150.502634	0.009005	5.1
990	-0.763118	150.419849	0.006010	4.7
991	-1.147331	150.337186	0.005985	4.8
992	-1.373116	150.254644	0.009871	5.1
993	-0.445998	150.172222	0.004464	4.9
994	-1.514920	150.089921	0.011072	4.9
995	-0.952918	150.007740	0.012460	4.9
996	-0.666150	149.925679	0.006513	4.8
997	-0.000019	149.843737	0.000003	4.8
998	-1.474185	149.761915	0.018947	4.7
999	-1.339366	149.680212	0.009072	4.8
1000	-0.864476	149.598627	0.009570	5.1
1001	-0.730561	149.517161	0.011230	4.7
1002	-0.696350	149.435814	0.005159	5.0
1003	-0.000000	149.354584	0.000000	4.9
1004	-1.578582	149.273472	0.013224	4.6
1005	-0.000000	149.192477	0.000000	5.1
1006	-0.000016	149.111599	0.000004	5.2
1007	-0.297856	149.030838	0.002509	4.8
1008	-0.000000	148.950194	0.000000	4.9
1009	-0.858237	148.869666	0.009808	5.3
1010	-1.115640	148.789253	0.007414	4.8
1011	-0.079719	148.708957	0.001292	4.8
1012	-1.098007	148.628776	0.007264	5.6
1013	-0.001719	148.548710	0.000302	4.8
1014	-0.049284	148.468759	0.001002	5.0
1015	-0.000042	148.388923	0.000009	5.2
1016	-1.289672	148.309201	0.013233	4.9
1017	-0.324854	148.229594	0.004061	5.0
1018	-0.465425	148.150100	0.003658	5.3
1019	-1.248801	148.070719	0.011929	4.9
1020	-0.000003	147.991452	0.000001	5.2
1021	-1.209037	147.912298	0.011149	5.3
1022	-0.635208	147.833257	0.011357	4.9
1023	-0.566278	147.754329	0.013077	5.1
1024	-1.335181	147.675512	0.015944	5.2
1025	-1.275662	147.596808	0.013023	4.8
1026	-0.546086	147.518216	0.013280	5.1
1027	-1.268635	147.439735	0.011991	4.9
1028	-0.355382	147.361365	0.005055	5.1
1029	-1.518761	147.283106	0.009644	5.0
1030	-0.030874	147.204958	0.001456	5.5
1031	-0.742493	147.126920	0.009002	5.6
1032	-1.330449	147.048993	0.012221	4.9
1033	-0.807604	146.971175	0.009696	5.2
1034	-1.465602	146.893468	0.011496	5.5
1035	-0.718993	146.815869	0.015526	4.7
1036	-1.393081	146.738380	0.010396	5.2
1037	-0.764541	146.661000	0.014533	5.1
1038	-1.342677	146.583729	0.011335	4.8
1039	-1.613068	146.506566	0.013297	5.3
1040	-0.965197	146.429511	0.006794	4.9
1041	-0.000672	146.352565	0.000115	4.8
1042	-0.000000	146.275726	0.000000	4.9
1043	-1.443058	146.198994	0.007946	4.9
1044	-0.899519	146.122370	0.009152	4.7
1045	-0.883538	146.045853	0.018271	4.7
1046	-1.204351	145.969442	0.013892	5.3
1047	-1.173142	145.893139	0.010355	4.5
1048	-1.565397	145.816941	0.007026	4.7
1049	-1.336829	145.740849	0.011956	5.0
1050	-0.236799	145.664863	0.003634	4.8
1051	-0.877565	145.588983	0.007259	4.7
1052	-1.434567	145.513208	0.007720	5.3
1053	-1.302238	145.437538	0.014150	5.1
1054	-0.892070	145.361973	0.002959	5.0
1055	-0.244521	145.286513	0.003474	5.7
1056	-0.192102	145.211157	0.001373	4.7
1057	-0.185748	145.135905	0.003363	4.7
1058	-0.085420	145.060757	0.001434	4.9
1059	-0.008495	144.985712	0.000842	5.1
1060	-0.002865	144.910771	0.000442	4.7
1061	-0.031156	144.835934	0.001327	4.8
1062	-1.189908	144.761199	0.005359	5.2
1063	-1.361437	144.686567	0.012155	4.6
1064	-1.585324	144.612037	0.010455	4.8
1065	-1.239886	144.537610	0.009708	4.8
1066	-0.089580	144.463285	0.001624	4.8
1067	-1.420652	144.389062	0.022663	5.3
1068	-0.988866	144.314940	0.022500	5.8
1069	-0.738328	144.240920	0.005219	4.9
1070	-0.001537	144.167001	0.000164	4.9
1071	-0.561092	144.093182	0.005507	5.1
1072	-0.577853	144.019465	0.013369	5.0
1073	-1.548190	143.945848	0.007164	4.9
1074	-0.598115	143.872331	0.006091	5.1
1075	-0.000000	143.798914	0.000000	5.1
1076	-0.406883	143.725597	0.001905	6.2
1077	-1.447815	143.652380	0.016341	5.3
1078	-0.023908	143.579262	0.000832	4.7
1079	-0.436754	143.506243	0.007057	5.0
1080	-0.944241	143.433323	0.008957	5.0
1081	-1.621231	143.360502	0.010301	5.2
1082	-0.747266	143.287780	0.004683	5.0
1083	-1.243900	143.215155	0.002559	4.9
1084	-0.131141	143.142629	0.002898	5.2
1085	-1.053296	143.070201	0.007226	4.8
1086	-0.000000	142.997870	0.000000	4.8
1087	-1.076257	142.925637	0.012167	5.2
1088	-1.544526	142.853501	0.006683	4.8
1089	-1.350837	142.781462	0.008824	4.8
1090	-1.391303	142.709519	0.010440	5.5
1091	-1.281106	142.637674	0.012768	4.7
1092	-0.794398	142.565924	0.012056	4.6
1093	-1.616239	142.494271	0.005952	5.1
1094	-0.820521	142.422714	0.006480	4.8
1095	-1.346827	142.351252	0.014559	4.8
1096	-0.974054	142.279886	0.006749	5.3
1097	-0.045597	142.208616	0.001190	5.3
1098	-0.828118	142.137440	0.012315	4.9
1099	-1.390868	142.066360	0.014806	6.0
1100	-0.000000	141.995374	0.000000	4.9
1101	-1.461340	141.924483	0.011100	4.8
1102	-1.298547	141.853685	0.005936	4.9
1103	-1.055396	141.782983	0.016938	4.9
1104	-0.774622	141.712373	0.011060	4.8
1105	-1.800174	141.641858	0.006830	4.9
1106	-0.005988	141.571436	0.000290	5.1
1107	-1.146918	141.501108	0.015501	4.9
1108	-1.205267	141.430872	0.011702	4.7
1109	-1.129414	141.360730	0.013155	5.1
1110	-1.004753	141.290680	0.011283	4.8
1111	-1.119602	141.220722	0.010343	4.7
1112	-0.000000	141.150857	0.000000	4.8
1113	-0.000001	141.081084	0.000000	4.8
1114	-1.250396	141.011403	0.009242	4.6
1115	-0.002933	140.941813	0.000273	5.0
1116	-0.693112	140.872315	0.008468	5.2
1117	-1.336885	140.802909	0.008589	4.8
1118	-1.346760	140.733593	0.019203	4.9
1119	-0.609599	140.664369	0.003468	5.7
1120	-0.006002	140.595235	0.000754	5.3
1121	-1.416741	140.526192	0.006867	4.8
1122	-0.000000	140.457239	0.000000	5.2
1123	-0.500731	140.388376	0.005257	4.7
1124	-0.000000	140.319603	0.000000	4.7
1125	-0.498286	140.250920	0.004772	5.3
1126	-0.006268	140.182326	0.000455	4.8
1127	-0.672058	140.113822	0.010803	4.8
1128	-0.450904	140.045407	0.005761	5.1
1129	-1.030061	139.977081	0.008573	4.9
1130	-0.253189	139.908844	0.003318	4.7
1131	-1.079672	139.840696	0.012388	5.0
1132	-1.059901	139.772635	0.015428	4.7
1133	-0.478803	139.704664	0.004810	4.7
1134	-0.893922	139.636780	0.005860	4.9
1135	-1.294614	139.568984	0.019150	5.0
1136	-0.908120	139.501276	0.007443	4.8
1137	-1.477256	139.433655	0.013529	5.0
1138	-1.542651	139.366122	0.006719	5.2
1139	-1.183936	139.298676	0.016060	4.9
1140	-1.495604	139.231317	0.013579	5.4
1141	-1.041682	139.164045	0.005996	5.0
1142	-1.310485	139.096859	0.009094	5.0
1143	-0.681120	139.029760	0.007931	4.9
1144	-0.000000	138.962747	0.000000	5.3
1145	-1.236086	138.895820	0.011876	5.0
1146	-1.342324	138.828978	0.008266	4.9
1147	-1.060880	138.762223	0.009526	5.2
1148	-1.554904	138.695553	0.013275	5.0
1149	-1.476882	138.628969	0.006049	4.9
1150	-1.389607	138.562469	0.009919	5.2
1151	-1.163723	138.496055	0.005765	5.2
1152	-1.127946	138.429725	0.005527	4.8
1153	-1.510003	138.363481	0.025103	5.3
1154	-0.441250	138.297320	0.005320	5.1
1155	-0.000000	138.231244	0.000000	4.8
1156	-0.000000	138.165252	0.000000	4.9
1157	-0.652730	138.099344	0.005909	4.7
1158	-0.280396	138.033520	0.004580	4.7
1159	-0.128397	137.967779	0.002234	4.7
1160	-0.916136	137.902122	0.004468	5.1
1161	-0.013490	137.836548	0.000540	4.8
1162	-1.603547	137.771057	0.013543	4.7
1163	-1.413216	137.705649	0.016760	5.1
1164	-0.449146	137.640324	0.008952	4.8
1165	-0.872658	137.575081	0.008630	4.8
1166	-1.428795	137.509921	0.007570	5.3
1167	-0.000000	137.444842	0.000000	4.9
1168	-1.213840	137.379846	0.011683	4.7
1169	-0.256870	137.314932	0.002550	5.0
1170	-0.000008	137.250100	0.000002	4.9
1171	-1.625124	137.185349	0.015478	4.8
1172	-0.060601	137.120680	0.002048	5.1
1173	-1.391656	137.056092	0.006848	4.9
1174	-0.533889	136.991585	0.015326	4.9
1175	-1.272573	136.927158	0.008432	6.4
1176	-0.850024	136.862813	0.004545	5.0
1177	-0.524138	136.798548	0.007476	4.7
1178	-0.000000	136.734363	0.000000	4.8
1179	-0.034030	136.670259	0.000944	5.1
1180	-0.780141	136.606235	0.008935	4.7
1181	-0.000000	136.542291	0.000000	4.8
1182	-0.000979	136.478426	0.000084	5.0
1183	-0.000000	136.414641	0.000000	4.8
1184	-1.435163	136.350936	0.010405	5.0
1185	-1.269124	136.287310	0.005504	5.1
1186	-0.769936	136.223763	0.009663	4.8
1187	-0.884565	136.160295	0.009356	4.9
1188	-1.134164	136.096905	0.011131	4.9
1189	-0.000000	136.033594	0.000000	4.9
1190	-0.878570	135.970362	0.013831	4.8
1191	-0.832085	135.907208	0.007098	4.7
1192	-1.177077	135.844133	0.008702	5.0
1193	-1.713064	135.781135	0.024335	5.3
1194	-0.784697	135.718215	0.002108	4.6
1195	-1.388812	135.655373	0.010491	5.3
1196	-1.393903	135.592608	0.011195	4.8
1197	-1.083422	135.529921	0.008951	4.7
1198	-0.000000	135.467311	0.000000	4.9
1199	-0.000000	135.404778	0.000000	4.7
1200	-0.000026	135.342322	0.000005	4.7
1201	-0.007634	135.279942	0.000539	5.3
1202	-0.676008	135.217640	0.009982	4.7
1203	-0.572820	135.155413	0.004202	4.8
1204	-0.135908	135.093263	0.001263	5.0
1205	-0.840775	135.031190	0.015774	5.0
1206	-0.830545	134.969192	0.004146	4.7
1207	-1.493404	134.907270	0.015231	4.8
1208	-1.493539	134.845424	0.008185	5.1
1209	-0.719097	134.783653	0.003695	4.6
1210	-0.021164	134.721958	0.000600	5.4
1211	-0.292839	134.660338	0.004865	4.9
1212	-0.037111	134.598793	0.001428	4.9
1213	-0.002800	134.537323	0.000283	5.3
1214	-1.615464	134.475927	0.013635	5.4
1215	-0.268130	134.414607	0.003814	4.9
1216	-0.663762	134.353361	0.003780	5.8
1217	-1.347869	134.292189	0.008170	5.4
1218	-1.247254	134.231092	0.013773	4.9
1219	-1.214392	134.170068	0.006474	4.9
1220	-0.983208	134.109119	0.008484	5.1
1221	-1.446538	134.048243	0.008031	5.0
1222	-1.365052	133.987441	0.018857	4.9
1223	-1.234357	133.926713	0.012460	5.1
1224	-0.747843	133.866057	0.012150	5.3
1225	-1.320305	133.805475	0.005616	4.9
1226	-0.651507	133.744966	0.003779	5.2
1227	-1.305240	133.684530	0.016174	5.1
1228	-1.081283	133.624167	0.002935	5.1
1229	-1.194301	133.563877	0.014195	5.1
1230	-1.353441	133.503658	0.010798	5.2
1231	-1.196239	133.443513	0.018301	4.9
1232	-0.180011	133.383439	0.003181	4.7
1233	-1.070168	133.323437	0.018328	5.4
1234	-1.591208	133.263508	0.012440	4.7
1235	-0.222622	133.203650	0.004953	4.7
1236	-0.370043	133.143864	0.003393	5.2
1237	-0.045497	133.084149	0.001003	4.8
1238	-0.314977	133.024506	0.003843	4.6
1239	-0.774145	132.964934	0.007419	5.0
1240	-1.091057	132.905433	0.020376	4.9
1241	-0.763809	132.846003	0.004402	4.7
1242	-1.640987	132.786643	0.011041	5.1
1243	-0.070959	132.727355	0.001349	4.8
1244	-0.040646	132.668137	0.000913	4.7
1245	-1.474446	132.608989	0.006050	4.8
1246	-0.735124	132.549912	0.014929	4.7
1247	-0.000000	132.490904	0.000000	4.6
1248	-0.271256	132.431967	0.002243	5.0
1249	-1.610867	132.373100	0.008959	4.8
1250	-1.613438	132.314302	0.013575	4.9
1251	-0.000087	132.255574	0.000009	4.8
1252	-1.290802	132.196916	0.011185	5.2
1253	-0.454335	132.138326	0.003675	4.7
1254	-0.478326	132.079806	0.002394	5.2
1255	-1.183167	132.021355	0.012478	5.0
1256	-1.337411	131.962973	0.015230	4.8
1257	-1.447721	131.904660	0.007371	4.8
1258	-1.626343	131.846415	0.009761	4.8
1259	-1.015711	131.788239	0.012190	4.9
1260	-1.357826	131.730131	0.012438	4.8
1261	-1.442410	131.672092	0.010225	4.8
1262	-0.000000	131.614121	0.000000	4.7
1263	-1.192503	131.556217	0.006969	4.8
1264	-1.014514	131.498382	0.018659	4.6
1265	-1.420104	131.440614	0.010528	5.2
1266	-1.121615	131.382914	0.019787	5.0
1267	-1.507747	131.325282	0.006110	4.7
1268	-1.377117	131.267717	0.015197	4.9
1269	-1.635055	131.210219	0.007123	5.5
1270	-0.091576	131.152788	0.001843	4.8
1271	-1.476239	131.095424	0.010551	5.1
1272	-0.799572	131.038127	0.013055	5.3
1273	-1.160035	130.980897	0.014654	4.9
1274	-1.030923	130.923733	0.007460	5.1
1275	-0.148102	130.866636	0.001720	5.7
1276	-1.248239	130.809605	0.008112	4.9
1277	-0.816093	130.752641	0.008135	5.1
1278	-1.447948	130.695742	0.006298	5.2
1279	-0.600468	130.638910	0.009669	4.9
1280	-1.622560	130.582143	0.016336	5.0
1281	-1.484259	130.525442	0.004450	5.2
1282	-1.534626	130.468807	0.012067	4.9
1283	-1.552040	130.412237	0.011973	5.1
1284	-0.493231	130.355733	0.002878	5.3
1285	-1.588659	130.299294	0.012229	4.8
1286	-1.400278	130.242920	0.011924	5.1
1287	-0.629386	130.186611	0.013574	5.2
1288	-0.017827	130.130366	0.000380	4.9
1289	-0.610333	130.074187	0.006740	5.1
1290	-0.007680	130.018072	0.000208	5.3
1291	-0.922922	129.962022	0.011838	5.0
1292	-0.733363	129.906036	0.010407	6.6
1293	-0.851871	129.850114	0.013320	5.2
1294	-0.267146	129.794257	0.003058	4.6
1295	-0.931233	129.738463	0.014420	4.7
1296	-0.123951	129.682734	0.001540	5.0
1297	-1.363064	129.627068	0.008021	4.9
1298	-1.362077	129.571466	0.014183	4.7
1299	-0.765674	129.515927	0.017489	5.3
1300	-0.708135	129.460452	0.004935	5.3
1301	-0.903097	129.405040	0.017979	5.5
1302	-0.001306	129.349692	0.000223	5.2
1303	-0.000000	129.294406	0.000000	5.0
1304	-0.000488	129.239183	0.000053	5.0
1305	-1.090955	129.184024	0.006489	5.3
1306	-0.226479	129.128927	0.003019	5.2
1307	-0.000000	129.073892	0.000000	5.1
1308	-1.536908	129.018921	0.006361	5.4
1309	-0.338055	128.964011	0.004988	5.0
1310	-1.321650	128.909164	0.010080	4.8
1311	-0.902658	128.854379	0.014299	5.4
1312	-0.000000	128.799656	0.000000	4.7
1313	-1.622342	128.744995	0.016755	4.8
1314	-1.566016	128.690396	0.011492	5.2
1315	-1.346023	128.635858	0.007012	4.8
1316	-0.440059	128.581382	0.002582	4.5
1317	-1.264991	128.526968	0.011535	5.0
1318	-0.074418	128.472615	0.001095	4.8
1319	-1.227122	128.418323	0.010872	4.7
1320	-0.000000	128.364092	0.000000	5.1
1321	-0.000000	128.309922	0.000000	4.8
1322	-1.687242	128.255814	0.006106	4.7
1323	-1.238117	128.201766	0.020189	4.8
1324	-1.516444	128.147778	0.008313	4.9
1325	-1.230679	128.093852	0.012043	4.7
1326	-1.115098	128.039985	0.003781	4.8
1327	-0.970751	127.986180	0.008676	5.1
1328	-1.323937	127.932434	0.011753	4.7
1329	-0.508158	127.878749	0.017640	5.5
1330	-0.466549	127.825123	0.012083	5.0
1331	-0.000000	127.771558	0.000000	4.8
1332	-0.381920	127.718052	0.004338	4.8
1333	-1.027405	127.664606	0.012915	5.2
1334	-0.107561	127.611220	0.001440	4.9
1335	-1.298474	127.557893	0.013034	5.1
1336	-1.414593	127.504625	0.006251	5.0
1337	-1.392511	127.451417	0.012200	4.8
1338	-0.913580	127.398268	0.012910	5.1
1339	-1.052505	127.345178	0.003819	4.9
1340	-0.949177	127.292147	0.004748	5.1
1341	-1.042528	127.239175	0.009507	5.0
1342	-1.508616	127.186261	0.012813	4.9
1343	-0.730572	127.133407	0.017559	4.9
1344	-0.637908	127.080610	0.017277	5.1
1345	-0.372125	127.027872	0.003240	4.9
1346	-0.534223	126.975193	0.006306	5.2
1347	-1.399479	126.922572	0.008124	5.0
1348	-1.468981	126.870008	0.011061	4.9
1349	-0.766669	126.817503	0.006517	5.4
1350	-0.000005	126.765056	0.000001	4.9
1351	-0.000000	126.712667	0.000000	4.9
1352	-0.915533	126.660335	0.006462	5.3
1353	-0.104485	126.608061	0.001704	7.3
1354	-0.000000	126.555844	0.000000	6.0
1355	-0.799216	126.503685	0.012366	4.7
1356	-1.370002	126.451583	0.008564	4.7
1357	-0.662742	126.399538	0.009854	5.1
1358	-1.167684	126.347550	0.014304	4.9
1359	-0.001625	126.295619	0.000211	4.7
1360	-0.774776	126.243745	0.009408	4.7
1361	-0.000092	126.191928	0.000024	4.6
1362	-0.174878	126.140168	0.003407	4.7
1363	-0.955553	126.088464	0.025045	4.6
1364	-0.778734	126.036817	0.006411	5.0
1365	-0.841769	125.985226	0.008166	4.9
1366	-1.636445	125.933691	0.013894	4.8
1367	-0.833839	125.882212	0.009664	5.1
1368	-0.546577	125.830790	0.014057	4.7
1369	-0.000047	125.779423	0.000009	4.8
1370	-1.487550	125.728113	0.017358	4.9
1371	-0.190939	125.676858	0.001719	5.0
1372	-0.000008	125.625659	0.000002	4.8
1373	-0.852907	125.574515	0.005879	4.6
1374	-0.000000	125.523427	0.000000	4.9
1375	-0.588165	125.472394	0.005215	5.6
1376	-1.221629	125.421417	0.010066	5.2
1377	-1.524301	125.370495	0.012565	5.2
1378	-1.566161	125.319628	0.017603	5.0
1379	-0.613818	125.268815	0.015158	4.7
1380	-1.250078	125.218058	0.016464	5.2
1381	-1.109216	125.167356	0.012209	4.8
1382	-1.472587	125.116708	0.014670	4.7
1383	-1.611270	125.066115	0.022134	5.4
1384	-0.000183	125.015576	0.000029	4.7
1385	-1.526358	124.965092	0.010417	4.7
1386	-1.463385	124.914662	0.012858	5.1
1387	-0.680307	124.864287	0.006457	4.8
1388	-0.219987	124.813965	0.002642	4.8
1389	-0.000098	124.763698	0.000014	5.1
1390	-0.445901	124.713485	0.003436	5.0
1391	-1.227696	124.663325	0.012220	4.5
1392	-0.712475	124.613219	0.012549	4.8
1393	-0.467715	124.563167	0.003552	5.2
1394	-1.521066	124.513168	0.017123	5.0
1395	-0.003148	124.463223	0.000218	5.1
1396	-1.663335	124.413332	0.011561	5.1
1397	-1.095805	124.363493	0.010244	4.7
1398	-1.109636	124.313708	0.007399	4.9
1399	-0.732199	124.263976	0.013947	5.6
1400	-0.000000	124.214297	0.000000	4.7
1401	-1.311647	124.164671	0.009896	5.2
1402	-1.272477	124.115097	0.005986	4.9
1403	-1.058363	124.065577	0.013326	4.7
1404	-0.621287	124.016109	0.006342	4.9
1405	-1.287135	123.966693	0.003820	5.2
1406	-1.318608	123.917330	0.009284	4.9
1407	-0.117979	123.868020	0.002120	4.8
1408	-1.480398	123.818762	0.013321	5.0
1409	-1.436351	123.769556	0.007946	5.1
1410	-0.000587	123.720402	0.000090	5.1
1411	-0.705462	123.671300	0.006502	4.9
1412	-1.182083	123.622250	0.009621	5.1
1413	-0.762129	123.573252	0.009431	4.8
1414	-1.530082	123.524305	0.006148	4.9
1415	-0.837564	123.475411	0.014719	5.8
1416	-0.029772	123.426568	0.002165	4.9
1417	-0.336675	123.377776	0.003328	4.7
1418	-0.250111	123.329036	0.002883	5.0
1419	-0.109996	123.280347	0.002019	4.7
1420	-0.407296	123.231709	0.005417	4.4
1421	-1.625530	123.183122	0.005481	5.3
1422	-0.586210	123.134587	0.006917	4.6
1423	-0.133971	123.086102	0.001890	4.6
1424	-0.658885	123.037669	0.008606	5.1
1425	-0.609412	122.989286	0.003037	4.9
1426	-1.606783	122.940954	0.006840	4.7
1427	-1.479854	122.892672	0.005710	4.9
1428	-0.025634	122.844441	0.001585	4.9
1429	-1.229113	122.796261	0.012155	4.8
1430	-0.000000	122.748130	0.000000	4.8
1431	-0.834167	122.700050	0.006174	5.0
1432	-1.268078	122.652021	0.007534	4.7
1433	-0.744273	122.604041	0.011631	4.6
1434	-0.000000	122.556111	0.000000	4.9
1435	-1.415569	122.508232	0.016396	4.7
1436	-0.384428	122.460402	0.003125	4.7
1437	-0.000000	122.412622	0.000000	5.1
1438	-1.127563	122.364891	0.005778	4.9
1439	-0.756207	122.317210	0.014749	4.7
1440	-0.000000	122.269579	0.000000	5.0
1441	-1.414590	122.221997	0.025314	4.8
1442	-0.860831	122.174465	0.004379	5.4
1443	-0.000000	122.126981	0.000000	5.0
1444	-1.462559	122.079547	0.012895	4.9
1445	-1.084283	122.032162	0.008013	4.7
1446	-1.850470	121.984826	0.009875	4.7
1447	-0.007642	121.937539	0.000549	5.0
1448	-0.133883	121.890301	0.002395	4.7
1449	-0.782746	121.843112	0.011165	4.8
1450	-1.153690	121.795971	0.007647	5.0
1451	-0.076991	121.748879	0.001600	4.7
1452	-0.016331	121.701835	0.001172	4.7
1453	-1.468733	121.654840	0.012149	4.9
1454	-1.065935	121.607893	0.004658	4.8
1455	-0.340508	121.560994	0.005814	4.7
1456	-0.980242	121.514144	0.021100	5.0
1457	-0.000124	121.467342	0.000027	5.2
1458	-1.429623	121.420588	0.010738	4.7
1459	-0.000182	121.373882	0.000035	5.1
1460	-1.584764	121.327223	0.015975	5.2
1461	-0.583553	121.280613	0.005211	4.9
1462	-1.483209	121.234050	0.011691	4.8
1463	-1.354865	121.187535	0.016674	5.1
1464	-1.082451	121.141067	0.008461	4.7
1465	-0.995612	121.094647	0.017892	4.8
1466	-0.000000	121.048274	0.000000	5.0
1467	-0.156369	121.001949	0.002168	4.7
1468	-1.231363	120.955671	0.012282	4.7
1469	-0.925279	120.909440	0.010996	5.1
1470	-0.110329	120.863256	0.002178	4.7
1471	-0.978544	120.817119	0.010870	4.8
1472	-1.477731	120.771029	0.016820	5.5
1473	-0.804508	120.724986	0.005658	4.7
1474	-1.442900	120.678990	0.005136	4.7
1475	-0.000000	120.633040	0.000000	5.2
1476	-0.780752	120.587137	0.017905	4.9
1477	-1.355842	120.541281	0.010130	4.7
1478	-1.602118	120.495471	0.013956	6.6
1479	-0.697749	120.449707	0.006437	5.0
1480	-1.082479	120.403990	0.003486	5.0
1481	-1.171755	120.358319	0.012096	5.0
1482	-0.000000	120.312694	0.000000	4.9
1483	-1.587484	120.267115	0.007392	5.4
1484	-0.002915	120.221582	0.000181	5.4
1485	-0.002556	120.176096	0.000364	4.8
1486	-1.310752	120.130655	0.005550	5.0
1487	-1.439060	120.085260	0.013028	5.0
1488	-1.338084	120.039910	0.008173	5.1
1489	-1.511076	119.994606	0.007894	5.0
1490	-1.274953	119.949348	0.011087	5.0
1491	-0.206577	119.904135	0.002927	4.9
1492	-0.000401	119.858968	0.000054	5.1
1493	-0.600599	119.813846	0.004418	4.9
1494	-1.537783	119.768769	0.011716	5.3
1495	-1.159862	119.723738	0.013595	4.9
1496	-1.407891	119.678752	0.014348	4.8
1497	-0.538046	119.633810	0.006520	5.3
1498	-1.264610	119.588914	0.007512	4.9
1499	-0.641646	119.544062	0.006231	4.9
1500	-1.556044	119.499256	0.023899	5.6
1501	-0.004213	119.454494	0.000303	5.0
1502	-1.108921	119.409777	0.008737	5.0
1503	-0.605787	119.365104	0.010926	5.3
1504	-1.103326	119.320476	0.015882	4.7
1505	-0.865981	119.275893	0.011302	4.6
1506	-0.000000	119.231353	0.000000	5.1
1507	-0.767712	119.186859	0.014441	4.7
1508	-1.119680	119.142408	0.008088	4.8
1509	-1.276628	119.098002	0.012145	7.5
1510	-0.000000	119.053639	0.000000	4.8
1511	-1.409583	119.009321	0.012299	4.7
1512	-1.478498	118.965047	0.010063	5.1
1513	-1.051195	118.920816	0.012637	4.7
1514	-0.000000	118.876630	0.000000	4.6
1515	-1.122738	118.832487	0.010550	5.2
1516	-0.509559	118.788388	0.008380	4.9
1517	-0.486734	118.744332	0.009242	4.8
1518	-1.478896	118.700320	0.008731	4.9
1519	-1.213558	118.656352	0.012019	4.9
1520	-1.046958	118.612427	0.009330	4.7
1521	-1.293949	118.568545	0.011524	5.0
1522	-0.039345	118.524706	0.001055	4.9
1523	-1.577762	118.480911	0.002987	4.6
1524	-1.363009	118.437159	0.011661	4.8
1525	-1.376841	118.393450	0.009414	4.8
1526	-1.102602	118.349784	0.005419	4.8
1527	-1.439029	118.306160	0.013966	4.9
1528	-0.547189	118.262580	0.006067	4.7
1529	-1.525753	118.219042	0.004843	4.9
1530	-0.458236	118.175548	0.004849	4.8
1531	-1.579543	118.132095	0.009652	4.8
1532	-1.435633	118.088686	0.004961	5.0
1533	-1.498618	118.045319	0.017286	4.8
1534	-1.230728	118.001994	0.011350	4.7
1535	-0.014363	117.958712	0.000574	4.8
1536	-1.261512	117.915472	0.006955	4.8
1537	-1.152964	117.872274	0.009003	5.3
1538	-0.036069	117.829118	0.001059	5.2
1539	-0.581950	117.786005	0.007356	5.3
1540	-0.879421	117.742933	0.021875	4.7
1541	-1.052428	117.699904	0.006285	5.1
1542	-1.417781	117.656916	0.004270	4.8
1543	-0.257077	117.613971	0.002389	4.7
1544	-1.581418	117.571067	0.005612	5.1
1545	-1.337020	117.528205	0.014723	4.8
1546	-0.479814	117.485384	0.007294	4.7
1547	-1.558749	117.442605	0.008825	5.1
1548	-0.000404	117.399867	0.000086	6.8
1549	-1.346979	117.357171	0.012951	5.6
1550	-1.107685	117.314517	0.012128	4.8
1551	-0.674519	117.271903	0.008661	4.8
1552	-1.007079	117.229331	0.015747	4.9
1553	-0.004529	117.186800	0.000279	5.1
1554	-1.455068	117.144311	0.007016	4.7
1555	-0.040741	117.101862	0.001510	5.5
1556	-1.325858	117.059454	0.012785	5.0
1557	-1.434994	117.017087	0.012199	4.6
1558	-0.857103	116.974762	0.010756	4.8
1559	-0.239449	116.932476	0.002355	5.1
1560	-0.433188	116.890232	0.010236	4.6
1561	-0.722828	116.848028	0.006019	4.8
1562	-0.000014	116.805865	0.000003	5.1
1563	-0.252609	116.763743	0.003002	4.7
1564	-0.254060	116.721661	0.002385	4.8
1565	-0.241310	116.679619	0.002141	5.1
1566	-0.801450	116.637618	0.008811	5.0
1567	-0.528173	116.595657	0.014832	4.7
1568	-1.502220	116.553736	0.008589	5.2
1569	-1.428441	116.511855	0.022678	4.8
1570	-1.576347	116.470015	0.020757	4.9
1571	-0.000000	116.428214	0.000000	4.9
1572	-1.316990	116.386454	0.009673	4.8
1573	-0.727903	116.344733	0.006390	4.8
1574	-1.022472	116.303052	0.008791	4.8
1575	-1.426900	116.261412	0.012633	5.0
1576	-0.082959	116.219810	0.001950	4.8
1577	-1.341008	116.178249	0.005124	4.7
1578	-0.000078	116.136727	0.000013	4.9
1579	-0.307066	116.095245	0.002318	4.9
1580	-0.653587	116.053802	0.002897	4.7
1581	-0.695102	116.012398	0.006996	5.2
1582	-1.479205	115.971034	0.016138	5.1
1583	-1.789617	115.929710	0.009964	4.7
1584	-1.488729	115.888424	0.009337	4.9
1585	-1.455185	115.847178	0.013445	5.3
1586	-0.303126	115.805970	0.002496	4.8
1587	-0.000000	115.764802	0.000000	4.8
1588	-0.000000	115.723673	0.000000	5.1
1589	-0.883341	115.682583	0.010218	4.8
1590	-0.456252	115.641532	0.003788	4.7
1591	-0.992376	115.600519	0.007937	5.2
1592	-1.610432	115.559546	0.004580	4.7
1593	-0.002052	115.518610	0.000138	4.7
1594	-0.619514	115.477714	0.016746	5.4
1595	-1.393651	115.436856	0.006321	4.7
1596	-1.094442	115.396037	0.006644	4.7
1597	-0.138645	115.355256	0.003743	5.1
1598	-0.286896	115.314514	0.003095	4.9
1599	-1.615740	115.273810	0.008214	4.8
1600	-0.000000	115.233144	0.000000	5.1
1601	-0.126509	115.192517	0.001987	4.9
1602	-1.354685	115.151927	0.011543	4.7
1603	-0.000000	115.111376	0.000000	4.9
1604	-1.295724	115.070863	0.018361	5.3
1605	-1.692978	115.030388	0.007188	4.7
1606	-0.000002	114.989951	0.000001	4.8
1607	-0.893410	114.949551	0.010996	5.0
1608	-0.366603	114.909190	0.004023	4.6
1609	-1.245803	114.868866	0.015357	4.8
1610	-1.747456	114.828580	0.008323	5.0
1611	-0.946839	114.788332	0.016438	4.9
1612	-1.548698	114.748121	0.012907	4.8
1613	-1.494255	114.707948	0.019474	5.0
1614	-1.151856	114.667812	0.014239	4.9
1615	-0.440041	114.627714	0.003548	4.8
1616	-1.345318	114.587653	0.018105	4.7
1617	-1.135216	114.547629	0.013666	4.8
1618	-0.378925	114.507643	0.003429	4.8
1619	-1.324344	114.467693	0.007422	4.6
1620	-0.000001	114.427781	0.000000	4.9
1621	-0.000944	114.387907	0.000111	4.8
1622	-1.545764	114.348069	0.007071	4.7
1623	-1.495515	114.308268	0.011974	5.1
1624	-1.527261	114.268504	0.009789	5.2
1625	-0.701650	114.228777	0.005831	4.9
1626	-1.319704	114.189086	0.017363	5.0
1627	-1.368922	114.149433	0.014822	4.8
1628	-1.042938	114.109816	0.011702	4.7
1629	-0.006846	114.070235	0.000616	4.8
1630	-1.302920	114.030692	0.010429	5.0
1631	-0.000000	113.991185	0.000000	4.8
1632	-0.502119	113.951714	0.003309	4.7
1633	-0.607078	113.912280	0.019230	5.3
1634	-0.138333	113.872882	0.002647	4.7
1635	-1.123018	113.833521	0.006598	4.7
1636	-0.000000	113.794195	0.000000	5.3
1637	-0.349301	113.754906	0.005754	4.8
1638	-1.118790	113.715653	0.007210	4.8
1639	-0.619514	113.676437	0.014226	5.1
1640	-1.304557	113.637256	0.007818	4.9
1641	-1.561032	113.598111	0.007912	4.8
1642	-0.000001	113.559002	0.000000	4.9
1643	-0.000074	113.519929	0.000009	5.0
1644	-1.464984	113.480892	0.020313	4.7
1645	-0.989450	113.441891	0.014653	5.0
1646	-1.238807	113.402925	0.015543	5.0
1647	-0.000166	113.363995	0.000027	4.8
1648	-0.692062	113.325101	0.007600	4.8
1649	-1.432297	113.286242	0.010697	4.9
1650	-0.965952	113.247419	0.007247	4.7
1651	-1.389773	113.208631	0.015902	6.1
1652	-1.418185	113.169879	0.013516	5.0
1653	-1.366886	113.131162	0.015607	4.8
1654	-0.581542	113.092480	0.004744	4.8
1655	-0.707914	113.053833	0.004643	5.1
1656	-0.702980	113.015222	0.008440	4.8
1657	-1.053427	112.976646	0.017048	4.8
1658	-0.749517	112.938105	0.005199	4.9
1659	-1.199883	112.899599	0.007008	4.9
1660	-1.436726	112.861128	0.009857	4.9
1661	-0.031608	112.822692	0.000818	4.8
1662	-0.018034	112.784291	0.000416	5.0
1663	-0.000000	112.745924	0.000000	4.9
1664	-1.411006	112.707593	0.012448	4.9
1665	-0.395819	112.669296	0.005719	5.0
1666	-1.306908	112.631034	0.007172	5.0
1667	-1.388362	112.592806	0.015491	4.7
1668	-1.590170	112.554613	0.014688	5.3
1669	-0.000018	112.516455	0.000004	5.1
1670	-0.350371	112.478331	0.002988	5.0
1671	-0.047303	112.440241	0.001775	5.7
1672	-1.290006	112.402186	0.022487	5.7
1673	-0.000131	112.364165	0.000028	4.8
1674	-0.000000	112.326179	0.000000	5.2
1675	-1.534409	112.288227	0.018822	4.8
1676	-1.438388	112.250309	0.005960	4.7
1677	-0.844981	112.212425	0.010378	5.3
1678	-1.746686	112.174575	0.007585	4.8
1679	-0.318576	112.136759	0.003389	4.7
1680	-1.395541	112.098977	0.019368	4.9
1681	-0.962942	112.061229	0.008088	4.8
1682	-0.783616	112.023515	0.012130	4.7
1683	-0.000000	111.985834	0.000000	4.8
1684	-0.544324	111.948188	0.003173	5.1
1685	-1.251171	111.910575	0.008779	4.8
1686	-1.251323	111.872996	0.005772	5.1
1687	-1.123932	111.835450	0.010652	5.5
1688	-1.286455	111.797939	0.014218	5.0
1689	-0.427467	111.760460	0.002670	5.1
1690	-0.000000	111.723015	0.000000	5.1
1691	-0.503406	111.685604	0.002944	4.7
1692	-0.085983	111.648226	0.001510	5.2
1693	-0.000700	111.610881	0.000105	5.6
1694	-1.422119	111.573570	0.011398	5.3
1695	-0.325062	111.536292	0.002789	5.0
1696	-0.653172	111.499047	0.002173	5.3
1697	-1.528277	111.461835	0.010688	5.0
1698	-0.000001	111.424656	0.000000	6.3
1699	-0.010481	111.387510	0.000881	5.8
1700	-0.532526	111.350398	0.003354	5.6
1701	-1.075055	111.313318	0.009358	5.5
1702	-0.275323	111.276271	0.002300	6.1
1703	-0.013323	111.239257	0.000344	6.0
1704	-0.391792	111.202276	0.004491	5.4
1705	-1.330556	111.165328	0.011295	5.2
1706	-1.600928	111.128412	0.006559	5.2
1707	-1.120822	111.091529	0.004991	5.1
1708	-0.661414	111.054679	0.008596	5.2
1709	-1.428138	111.017861	0.007753	4.9
1710	-0.824381	110.981076	0.010681	5.0
1711	-1.733362	110.944323	0.014887	5.3
1712	-0.000000	110.907603	0.000000	4.9
1713	-0.000000	110.870915	0.000000	4.8
1714	-0.477652	110.834259	0.008299	5.2
1715	-1.535293	110.797636	0.016914	5.0
1716	-0.000000	110.761045	0.000000	4.9
1717	-0.932100	110.724486	0.006405	5.2
1718	-1.520791	110.687959	0.005211	5.0
1719	-1.180163	110.651465	0.009107	4.9
1720	-1.003804	110.615002	0.007847	5.3
1721	-0.603892	110.578572	0.012474	5.0
1722	-1.609531	110.542173	0.011967	4.9
1723	-0.000000	110.505807	0.000000	5.1
1724	-0.630027	110.469472	0.008676	4.8
1725	-0.042705	110.433169	0.001430	4.7
1726	-1.362157	110.396898	0.015005	5.0
1727	-0.764567	110.360659	0.009738	4.9
1728	-0.010100	110.324451	0.000683	4.7
1729	-1.537892	110.288276	0.011683	5.0
1730	-0.307001	110.252131	0.002864	4.9
1731	-0.483679	110.216019	0.012878	4.9
1732	-0.642758	110.179937	0.006171	4.8
1733	-1.130860	110.143888	0.007977	5.0
1734	-0.892789	110.107869	0.017173	4.8
1735	-1.525768	110.071882	0.008759	4.8
1736	-0.600637	110.035927	0.007046	4.9
1737	-0.339924	110.000003	0.005257	4.8
1738	-0.589639	109.964110	0.006175	4.8
1739	-1.456518	109.928248	0.006008	5.0
1740	-1.485238	109.892417	0.002924	4.7
1741	-0.994205	109.856618	0.008982	4.7
1742	-1.032966	109.820850	0.006672	5.1
1743	-1.289531	109.785112	0.028742	4.6
1744	-1.094508	109.749406	0.009957	5.8
1745	-0.997846	109.713730	0.007503	4.9
1746	-1.509054	109.678086	0.005980	5.0
1747	-0.021037	109.642472	0.000481	4.7
1748	-1.500621	109.606890	0.010832	4.8
1749	-0.520240	109.571337	0.004212	4.9
1750	-0.997102	109.535816	0.010945	4.6
1751	-0.000002	109.500326	0.000000	4.9
1752	-0.520970	109.464866	0.011325	4.9
1753	-0.000000	109.429436	0.000000	4.8
1754	-0.002577	109.394038	0.000246	4.7
1755	-1.328050	109.358669	0.014638	5.1
1756	-1.115533	109.323331	0.004743	4.7
1757	-1.366092	109.288024	0.010370	4.7
1758	-0.000341	109.252747	0.000068	5.2
1759	-0.916495	109.217501	0.004943	4.9
1760	-1.350835	109.182284	0.013425	4.8
1761	-0.660003	109.147098	0.006514	4.9
1762	-1.344082	109.111942	0.009045	4.7
1763	-0.000011	109.076817	0.000003	4.7
1764	-0.705058	109.041721	0.012642	5.2
1765	-1.666804	109.006656	0.006417	4.9
1766	-1.248935	108.971620	0.009923	4.8
1767	-0.975346	108.936615	0.015057	5.3
1768	-0.953585	108.901640	0.015201	5.3
1769	-1.458997	108.866694	0.007427	4.8
1770	-1.745601	108.831779	0.008188	4.9
1771	-1.349367	108.796893	0.008809	4.9
1772	-1.472640	108.762037	0.011485	4.7
1773	-0.000000	108.727211	0.000000	4.9
1774	-0.312730	108.692415	0.002727	5.1
1775	-0.000000	108.657648	0.000000	4.7
1776	-0.000000	108.622911	0.000000	5.0
1777	-0.649758	108.588203	0.008298	5.0
1778	-1.259467	108.553525	0.014773	5.1
1779	-0.735484	108.518877	0.006704	5.0
1780	-0.075500	108.484258	0.001510	5.1
1781	-1.078089	108.449668	0.007181	4.8
1782	-0.497287	108.415108	0.004324	4.9
1783	-1.603752	108.380578	0.020226	5.1
1784	-0.851091	108.346076	0.003735	5.0
1785	-0.030811	108.311604	0.000811	5.7
1786	-1.310221	108.277161	0.013791	5.1
1787	-1.452171	108.242747	0.008658	5.1
1788	-0.955050	108.208363	0.010770	5.1
1789	-1.643999	108.174007	0.015440	5.2
1790	-1.186814	108.139681	0.006026	5.1
1791	-0.201176	108.105383	0.002190	5.1
1792	-0.713974	108.071115	0.026435	5.5
1793	-0.569964	108.036875	0.004248	5.6
1794	-0.000002	108.002665	0.000000	4.7
1795	-0.665243	107.968483	0.008080	5.1
1796	-0.001549	107.934330	0.000097	5.2
1797	-0.000000	107.900206	0.000000	4.9
1798	-0.159089	107.866111	0.002243	5.1
1799	-0.282235	107.832044	0.002861	5.2
1800	-1.425419	107.798007	0.012931	4.9
1801	-1.427527	107.763997	0.006618	4.9
1802	-0.784264	107.730017	0.015000	5.2
1803	-0.179209	107.696065	0.002289	4.9
1804	-0.000002	107.662141	0.000001	4.9
1805	-1.257709	107.628246	0.004303	5.1
1806	-1.497896	107.594379	0.009468	4.7
1807	-0.744870	107.560541	0.006379	4.6
1808	-1.491365	107.526731	0.012753	5.4
1809	-1.348048	107.492949	0.014637	4.7
1810	-1.034421	107.459196	0.006510	4.6
1811	-0.000414	107.425471	0.000079	5.3
1812	-0.000213	107.391774	0.000021	6.5
1813	-1.477818	107.358106	0.008390	5.1
1814	-0.212737	107.324465	0.003435	5.8
1815	-1.145587	107.290853	0.012530	5.5
1816	-0.308476	107.257268	0.002431	5.1
1817	-0.738709	107.223712	0.007598	5.4
1818	-1.508280	107.190184	0.009509	4.9
1819	-0.001127	107.156683	0.000088	5.3
1820	-0.029163	107.123211	0.000455	5.8
1821	-1.104216	107.089766	0.004996	5.2
1822	-1.355786	107.056349	0.006956	5.4
1823	-1.473582	107.022960	0.007896	5.2
1824	-1.138316	106.989599	0.007837	5.1
1825	-0.916608	106.956265	0.005370	5.2
1826	-1.416592	106.922960	0.003791	5.5
1827	-1.443586	106.889681	0.009826	5.1
1828	-1.286617	106.856431	0.005204	5.4
1829	-0.038175	106.823208	0.002138	5.4
1830	-0.850737	106.790012	0.007614	5.0
1831	-0.475429	106.756844	0.006805	5.0
1832	-1.393687	106.723703	0.005051	5.0
1833	-0.048165	106.690590	0.000630	5.0
1834	-0.151810	106.657505	0.002712	4.8
1835	-1.117155	106.624446	0.013210	5.0
1836	-1.457221	106.591415	0.012461	4.9
1837	-1.314360	106.558411	0.010907	4.9
1838	-0.011347	106.525435	0.000342	5.2
1839	-1.654552	106.492485	0.010847	7.0
1840	-1.520402	106.459563	0.010478	4.9
1841	-0.004681	106.426668	0.000286	5.4
1842	-0.484555	106.393800	0.011889	4.9
1843	-1.046798	106.360959	0.013417	4.7
1844	-0.079018	106.328145	0.001434	5.3
1845	-0.510722	106.295358	0.005131	4.9
1846	-1.452639	106.262598	0.008091	4.6
1847	-1.451988	106.229865	0.002334	5.3
1848	-0.458205	106.197158	0.007435	4.7
1849	-1.055632	106.164479	0.010988	4.7
1850	-1.269592	106.131826	0.012787	4.8
1851	-0.410196	106.099201	0.002292	5.0
1852	-1.299765	106.066602	0.014931	4.8
1853	-1.385225	106.034029	0.009801	5.1
1854	-0.455535	106.001483	0.004137	5.0
1855	-0.433747	105.968964	0.004439	4.8
1856	-0.284518	105.936472	0.004001	5.6
1857	-1.123555	105.904006	0.008126	5.5
1858	-0.780374	105.871566	0.012388	5.6
1859	-0.994997	105.839153	0.012571	5.6
1860	-0.463474	105.806767	0.004971	5.0
1861	-0.784124	105.774407	0.007357	4.9
1862	-1.490253	105.742073	0.008009	5.5
1863	-1.285694	105.709766	0.011961	5.0
1864	-0.889166	105.677485	0.015303	4.8
1865	-1.411460	105.645230	0.034986	4.7
1866	-0.342551	105.613001	0.004982	5.0
1867	-0.125772	105.580799	0.001277	4.9
1868	-1.747209	105.548623	0.012712	4.5
1869	-0.000000	105.516473	0.000000	5.2
1870	-1.114746	105.484349	0.016471	5.0
1871	-0.480852	105.452251	0.011864	4.7
1872	-1.238643	105.420179	0.006860	5.1
1873	-1.518358	105.388133	0.012572	4.9
1874	-1.265539	105.356113	0.017850	4.7
1875	-0.942817	105.324119	0.016686	4.9
1876	-1.276011	105.292151	0.006550	4.7
1877	-0.335756	105.260209	0.003511	4.7
1878	-0.975189	105.228293	0.008582	4.7
1879	-1.245491	105.196402	0.018423	5.0
1880	-0.000000	105.164537	0.000000	4.9
1881	-1.551309	105.132698	0.013162	4.8
1882	-1.473538	105.100885	0.006151	5.0
1883	-1.059158	105.069097	0.015412	4.9
1884	-0.017491	105.037335	0.000661	4.7
1885	-0.038175	105.005598	0.001093	5.2
1886	-0.000000	104.973887	0.000000	4.9
1887	-1.083717	104.942202	0.003111	4.8
1888	-0.260165	104.910542	0.002776	5.3
1889	-0.933559	104.878907	0.007251	5.5
1890	-1.603935	104.847298	0.018884	4.7
1891	-1.531726	104.815715	0.005508	5.3
1892	-0.001428	104.784156	0.000222	4.9
1893	-1.393527	104.752623	0.015943	4.6
1894	-1.047558	104.721116	0.012096	6.2
1895	-1.497657	104.689633	0.009753	4.8
1896	-0.095531	104.658176	0.001503	4.8
1897	-0.411767	104.626744	0.004910	5.9
1898	-0.000000	104.595337	0.000000	4.8
1899	-0.351183	104.563955	0.002502	4.7
1900	-1.512296	104.532599	0.009517	4.9
1901	-0.157594	104.501267	0.001950	5.2
1902	-1.067982	104.469960	0.009352	4.9
1903	-1.313662	104.438679	0.012692	5.2
1904	-1.533335	104.407422	0.009461	5.2
1905	-0.000000	104.376191	0.000000	4.9
1906	-0.697405	104.344984	0.009171	4.9
1907	-1.299454	104.313802	0.008586	5.2
1908	-0.739000	104.282645	0.009219	5.1
1909	-1.353155	104.251513	0.008323	4.9
1910	-1.375728	104.220405	0.017306	5.3
1911	-0.764453	104.189323	0.006821	5.2
1912	-0.518569	104.158265	0.004711	4.9
1913	-0.000000	104.127231	0.000000	5.2
1914	-1.288624	104.096222	0.008811	5.2
1915	-1.469957	104.065238	0.017083	4.9
1916	-0.555449	104.034279	0.012107	4.9
1917	-0.000000	104.003344	0.000000	4.9
1918	-1.223556	103.972433	0.006852	4.6
1919	-0.152018	103.941547	0.002228	5.0
1920	-0.000167	103.910686	0.000030	5.1
1921	-1.256379	103.879849	0.009249	4.7
1922	-0.431283	103.849036	0.003208	4.8
1923	-0.002798	103.818248	0.000266	5.1
1924	-1.355235	103.787484	0.012963	4.7
1925	-0.396704	103.756744	0.002600	4.7
1926	-1.656311	103.726029	0.008941	5.0
1927	-0.853489	103.695338	0.010875	4.8
1928	-1.104467	103.664671	0.005511	4.7
1929	-0.379574	103.634028	0.005427	5.2
1930	-0.693808	103.603409	0.004768	4.8
1931	-0.533736	103.572814	0.013244	4.7
1932	0.000000	103.542244	0.000000	5.5
1933	-1.507003	103.511698	0.007849	4.8
1934	-1.293705	103.481175	0.010452	4.6
1935	-1.308221	103.450677	0.023417	5.0
1936	-0.804904	103.420202	0.005983	4.9
1937	-1.169254	103.389752	0.008004	4.7
1938	-1.686656	103.359325	0.008449	5.0
1939	-1.459863	103.328922	0.009232	4.9
1940	0.000000	103.298543	0.000000	4.7
1941	-0.066022	103.268188	0.001334	4.8
1942	-0.172810	103.237857	0.001982	5.0
1943	-1.560889	103.207549	0.023054	4.7
1944	-0.395360	103.177265	0.013286	5.1
1945	-0.751381	103.147005	0.008839	5.0
1946	-1.435954	103.116768	0.013764	5.2
1947	-1.670515	103.086556	0.011132	5.2
1948	-0.000000	103.056366	0.000000	5.3
1949	-1.278107	103.026200	0.009688	5.1
1950	-0.933796	102.996058	0.011326	7.3
1951	-1.387598	102.965939	0.009099	7.4
1952	-0.252143	102.935844	0.002940	7.2
1953	-0.955589	102.905772	0.003747	7.1
1954	-1.043154	102.875724	0.006254	7.4
1955	-1.485202	102.845699	0.006626	6.1
1956	-1.546462	102.815697	0.009913	5.8
1957	-0.008662	102.785719	0.000797	5.0
1958	-1.508528	102.755764	0.005061	5.7
1959	-1.550422	102.725832	0.003807	5.4
1960	-1.315484	102.695924	0.013036	4.9
1961	-1.309581	102.666038	0.006462	5.4
1962	-1.243562	102.636176	0.012815	5.2
1963	-1.457686	102.606337	0.021936	4.8
1964	-1.095327	102.576521	0.008480	5.0
1965	-0.492985	102.546728	0.005435	5.0
1966	-1.431064	102.516959	0.006858	4.8
1967	-1.282777	102.487212	0.010006	4.8
1968	-1.422480	102.457488	0.004887	5.1
1969	-0.000000	102.427788	0.000000	4.7
1970	-0.421493	102.398110	0.002810	4.8
1971	-1.494850	102.368455	0.011176	5.3
1972	-0.048177	102.338823	0.000670	4.7
1973	-1.208227	102.309214	0.010131	4.7
1974	-0.245289	102.279628	0.004099	5.0
1975	-0.563141	102.250064	0.006865	5.0
1976	-1.471633	102.220524	0.013861	4.8
1977	-1.386757	102.191006	0.011131	5.1
1978	-1.315435	102.161511	0.007984	4.8
1979	-0.000000	102.132038	0.000000	4.7
1980	-0.973725	102.102588	0.007958	5.0
1981	-0.918282	102.073161	0.006551	4.9
1982	-1.398397	102.043757	0.003039	4.7
1983	-1.100169	102.014375	0.007649	4.8
1984	-0.000000	101.985015	0.000000	4.7
1985	-1.387303	101.955678	0.004811	4.9
1986	-0.000000	101.926364	0.000000	4.7
1987	-1.571292	101.897072	0.012585	4.9
1988	-0.000000	101.867802	0.000000	4.8
1989	-1.299301	101.838555	0.003582	4.8
1990	-1.329918	101.809330	0.013539	5.0
1991	-0.002191	101.780128	0.000315	4.9
1992	-1.637906	101.750948	0.008311	5.0
1993	-1.444663	101.721790	0.006002	4.7
1994	-0.316667	101.692654	0.002769	5.0
1995	-1.781944	101.663541	0.009518	5.0
1996	-1.684443	101.634450	0.008311	4.6
1997	-0.000015	101.605381	0.000003	5.1
1998	-1.604454	101.576335	0.017439	4.8
1999	-0.495851	101.547310	0.007528	4.7
