1:ItNr	2:Metric	3:StepSize	4:||Gradient||	Time[ms]
0	-0.765827	627.201626	0.012095	758.9
1	-0.865693	623.504937	0.008883	7.4
2	-0.000000	619.865785	0.000000	8.0
3	-0.000000	616.282728	0.000000	7.1
4	-0.025084	612.754375	0.001300	7.1
5	-0.628900	609.279381	0.007575	7.1
6	-0.713882	605.856447	0.007054	7.8
7	-0.080228	602.484317	0.002947	6.9
8	-0.767813	599.161779	0.011134	8.1
9	-0.547876	595.887656	0.008176	7.2
10	-0.332379	592.660813	0.014402	8.6
11	-0.102341	589.480151	0.001816	7.1
12	-0.594147	586.344606	0.011130	9.3
13	0.000000	583.253145	0.000000	7.1
14	-0.000000	580.204771	0.000000	8.8
15	-0.822289	577.198517	0.006070	7.5
16	-1.016753	574.233444	0.021583	8.0
17	-0.429532	571.308645	0.008065	7.3
18	-0.441449	568.423237	0.005958	8.1
19	-0.004345	565.576365	0.000206	7.5
20	-0.000045	562.767201	0.000003	8.3
21	-0.000000	559.994938	0.000000	7.5
22	-0.449191	557.258797	0.010011	8.2
23	-0.724130	554.558018	0.009159	8.0
24	-0.698980	551.891865	0.006777	8.2
25	-0.512777	549.259621	0.011188	7.7
26	-1.013082	546.660592	0.008750	8.3
27	-0.552303	544.094102	0.009121	8.2
28	-0.672735	541.559494	0.006379	8.4
29	-0.379190	539.056129	0.009387	7.7
30	-1.009643	536.583387	0.017510	8.5
31	-0.376592	534.140663	0.004991	7.4
32	-0.897441	531.727370	0.016932	8.9
33	-0.620074	529.342935	0.006932	7.4
34	-0.680000	526.986802	0.007483	8.0
35	-0.728340	524.658430	0.011201	7.5
36	0.000000	522.357290	0.000000	9.0
37	-0.768043	520.082868	0.014687	7.3
38	-0.943090	517.834665	0.013425	8.7
39	-0.896961	515.612193	0.008735	7.5
40	-0.213970	513.414976	0.003958	8.8
41	-0.746293	511.242551	0.010697	7.4
42	-0.437519	509.094468	0.002708	8.6
43	-0.000000	506.970285	0.000000	7.7
44	-0.817153	504.869574	0.007958	8.2
45	-0.861421	502.791916	0.009928	7.9
46	-0.208147	500.736903	0.002562	8.0
47	-0.000000	498.704137	0.000000	8.4
48	-0.920832	496.693228	0.017188	7.8
49	-0.859592	494.703798	0.016288	8.4
50	-0.093383	492.735476	0.001426	7.9
51	-0.852376	490.787900	0.018919	7.4
52	-0.889413	488.860718	0.010764	8.4
53	-0.189820	486.953585	0.005222	7.4
54	-0.443768	485.066164	0.007347	9.1
55	-0.000000	483.198126	0.000000	8.2
56	-0.919637	481.349149	0.017055	8.6
57	-0.545072	479.518920	0.011301	8.8
58	-0.293513	477.707132	0.004944	8.2
59	-0.633732	475.913485	0.007357	7.4
60	-0.414917	474.137684	0.006961	8.0
61	-0.000000	472.379445	0.000000	7.5
62	-0.903988	470.638485	0.008116	8.6
63	-0.713693	468.914531	0.005638	7.6
64	-0.004649	467.207315	0.000071	8.4
65	-0.418659	465.516573	0.006816	8.0
66	-0.092423	463.842050	0.001760	8.0
67	-0.637220	462.183494	0.014471	8.0
68	-0.424039	460.540658	0.005378	8.4
69	-0.247643	458.913303	0.003115	8.0
70	-0.707973	457.301192	0.007856	7.9
71	0.000000	455.704096	0.000000	7.5
72	-0.206488	454.121787	0.005145	7.7
73	-0.903864	452.554045	0.006516	7.6
74	-0.271084	451.000653	0.005541	8.0
75	-0.000000	449.461399	0.000000	8.1
76	-0.545636	447.936075	0.007583	7.9
77	-0.000000	446.424477	0.000000	7.7
78	-0.000000	444.926406	0.000000	8.9
79	-0.000000	443.441666	0.000000	7.7
80	-0.476179	441.970065	0.007029	8.6
81	-0.725786	440.511415	0.009042	7.3
82	-0.642348	439.065533	0.007381	8.5
83	-0.529613	437.632238	0.004909	7.7
84	-0.776930	436.211351	0.009228	8.7
85	-0.677768	434.802701	0.011498	7.6
86	-0.000000	433.406117	0.000000	8.7
87	-0.124936	432.021430	0.004653	7.6
88	0.000000	430.648479	0.000000	9.7
89	-0.189089	429.287101	0.003217	7.8
90	-0.716727	427.937140	0.010386	7.8
91	-0.378340	426.598440	0.009028	8.0
92	-0.862479	425.270849	0.008705	7.9
93	-0.925000	423.954220	0.026225	7.8
94	-0.238053	422.648404	0.005791	7.9
95	-0.013071	421.353259	0.000204	7.7
96	-0.959664	420.068643	0.008428	7.8
97	-0.636084	418.794419	0.009292	8.0
98	-0.306192	417.530451	0.004628	8.1
99	-0.488632	416.276604	0.004595	7.6
100	-0.365500	415.032748	0.006017	8.3
101	-0.734733	413.798754	0.012082	7.7
102	-0.206100	412.574495	0.006458	9.7
103	-0.889019	411.359849	0.005253	8.1
104	-0.000000	410.154691	0.000000	8.2
105	-0.866155	408.958904	0.008159	8.5
106	-0.755237	407.772368	0.008547	8.7
107	-0.343143	406.594968	0.003036	10.2
108	-0.851329	405.426590	0.006514	7.7
109	-0.403751	404.267122	0.012340	8.5
110	-0.397994	403.116456	0.007038	7.6
111	-0.789887	401.974481	0.010315	9.6
112	-0.941563	400.841093	0.016855	8.0
113	-0.905887	399.716187	0.008777	8.0
114	-0.037172	398.599660	0.002064	8.1
115	-0.474773	397.491411	0.005305	8.2
116	-0.020144	396.391342	0.000630	8.1
117	-0.468717	395.299353	0.004158	8.1
118	-0.406621	394.215350	0.006006	7.6
119	-0.605911	393.139238	0.007342	7.7
120	-0.618487	392.070924	0.011600	7.5
121	-0.228453	391.010316	0.003151	8.2
122	-0.060024	389.957325	0.000799	7.4
123	-0.012989	388.911862	0.001180	8.0
124	-0.667289	387.873839	0.007866	7.9
125	-0.388495	386.843173	0.004296	8.7
126	-0.000037	385.819777	0.000058	7.5
127	-0.178071	384.803569	0.002037	8.8
128	-0.236444	383.794468	0.003984	7.3
129	-0.148757	382.792393	0.003695	8.6
130	-0.000000	381.797264	0.000000	7.2
131	-0.000000	380.809005	0.000000	8.6
132	-0.000000	379.827537	0.000000	7.5
133	-0.803505	378.852786	0.022540	8.6
134	-0.945621	377.884678	0.010905	7.6
135	-1.024873	376.923138	0.029739	8.9
136	-0.855289	375.968095	0.019488	7.7
137	-0.266892	375.019479	0.002947	7.9
138	-0.906000	374.077218	0.009289	7.9
139	-0.622919	373.141244	0.005609	8.3
140	-0.463494	372.211489	0.006563	8.3
141	-0.736039	371.287887	0.008415	8.0
142	-0.017644	370.370370	0.000804	7.6
143	-0.007581	369.458876	0.000491	7.9
144	-0.061347	368.553338	0.001153	8.0
145	-0.000000	367.653696	0.000000	8.6
146	0.000000	366.759885	0.000000	7.9
147	-0.079394	365.871846	0.001856	7.8
148	-0.889815	364.989518	0.008540	7.8
149	-0.867448	364.112841	0.008218	7.9
150	-0.015162	363.241757	0.000445	8.5
151	-0.465818	362.376208	0.007559	7.8
152	-0.623137	361.516137	0.006837	7.4
153	-0.866616	360.661488	0.011427	9.0
154	-0.249120	359.812206	0.003508	7.4
155	-0.542218	358.968236	0.005845	9.2
156	-0.893571	358.129524	0.006126	8.6
157	-0.247742	357.296018	0.007182	8.3
158	-0.000000	356.467665	0.000000	7.7
159	-0.736367	355.644414	0.006205	8.6
160	-0.294562	354.826213	0.002020	8.1
161	-0.000847	354.013012	0.000024	7.8
162	-0.000000	353.204763	0.000000	8.7
163	-0.005515	352.401415	0.000452	8.3
164	-0.283190	351.602922	0.003546	7.8
165	-0.852388	350.809235	0.007563	8.0
166	-0.802126	350.020308	0.007175	7.6
167	-0.537613	349.236095	0.005495	7.9
168	-0.532073	348.456550	0.008050	8.3
169	-0.554950	347.681627	0.007209	8.1
170	-0.958740	346.911283	0.013270	7.5
171	-0.850722	346.145474	0.021063	8.5
172	0.000000	345.384157	0.000000	7.8
173	-0.519713	344.627288	0.004936	8.0
174	-0.491180	343.874826	0.007400	7.8
175	-0.387594	343.126729	0.003151	8.9
176	-0.000000	342.382957	0.000000	7.4
177	-0.908824	341.643469	0.010849	8.1
178	-0.493790	340.908224	0.016587	7.8
179	-0.886006	340.177184	0.021438	9.0
180	-0.481139	339.450309	0.003489	8.5
181	-0.000000	338.727561	0.000000	7.7
182	-0.314065	338.008902	0.005211	9.5
183	-0.912561	337.294295	0.008328	8.2
184	-0.517677	336.583703	0.006276	9.3
185	-0.913718	335.877089	0.012065	7.8
186	-0.000000	335.174416	0.000000	8.8
187	-0.879745	334.475651	0.006118	7.4
188	-0.785492	333.780756	0.009306	9.3
189	-0.779618	333.089698	0.013019	8.1
190	-0.284139	332.402443	0.002304	7.9
191	0.000000	331.718955	0.000000	7.9
192	-0.669114	331.039203	0.008878	7.9
193	-0.000000	330.363153	0.000000	7.6
194	-0.627192	329.690771	0.027281	8.0
195	-0.455873	329.022027	0.008094	7.9
196	-0.078145	328.356888	0.000840	8.4
197	-0.396984	327.695322	0.004947	8.0
198	0.000000	327.037299	0.000000	8.2
199	-0.705655	326.382787	0.010590	7.6
200	-0.445659	325.731758	0.006001	8.3
201	-0.000000	325.084179	0.000000	8.0
202	-0.667353	324.440023	0.006735	8.3
203	-0.417518	323.799258	0.007895	7.7
204	-0.688104	323.161858	0.007742	9.2
205	-0.518048	322.527792	0.007651	7.4
206	-1.040577	321.897034	0.013292	9.2
207	-0.501418	321.269554	0.005456	7.9
208	-0.826126	320.645325	0.006334	8.8
209	-0.050793	320.024320	0.000524	7.9
210	-0.937080	319.406512	0.020447	8.3
211	-0.000586	318.791875	0.000007	7.8
212	-0.002612	318.180381	0.001245	7.7
213	-0.227194	317.572005	0.004414	8.2
214	-0.679929	316.966721	0.004895	7.9
215	-0.000000	316.364504	0.000000	8.5
216	-0.198856	315.765329	0.003120	7.5
217	-0.498970	315.169170	0.005488	9.8
218	-0.000000	314.576003	0.000000	7.5
219	-0.398306	313.985804	0.013299	8.7
220	-0.868870	313.398548	0.006195	7.5
221	-0.945914	312.814213	0.006205	9.3
222	-0.213646	312.232773	0.003860	7.9
223	-0.012053	311.654207	0.000230	8.7
224	-0.000000	311.078491	0.000000	8.0
225	-0.584055	310.505602	0.008129	8.5
226	-0.806792	309.935518	0.008136	8.3
227	-0.006621	309.368217	0.000255	8.3
228	-0.666072	308.803676	0.007168	7.5
229	-0.121285	308.241874	0.002261	8.9
230	-0.000000	307.682789	0.000000	7.4
231	-0.534118	307.126400	0.005362	8.7
232	-0.695182	306.572687	0.008834	7.4
233	-0.891085	306.021627	0.019938	8.7
234	-0.000000	305.473201	0.000000	7.3
235	-0.000025	304.927388	0.000001	8.6
236	-0.792934	304.384168	0.005818	7.4
237	-0.821959	303.843521	0.007361	8.5
238	-0.580507	303.305427	0.007240	7.6
239	-0.604929	302.769867	0.006110	8.6
240	-0.547259	302.236821	0.013467	7.3
241	-0.886124	301.706270	0.017444	8.9
242	-0.653147	301.178196	0.005478	7.9
243	-0.962668	300.652580	0.011361	7.7
244	-0.891968	300.129402	0.008035	8.1
245	-0.024008	299.608645	0.000253	7.9
246	-0.817621	299.090291	0.026591	7.8
247	-0.046222	298.574321	0.001413	8.0
248	-0.727112	298.060718	0.006969	7.7
249	-0.394288	297.549465	0.004859	8.4
250	-0.506152	297.040543	0.008693	7.6
251	-0.429332	296.533936	0.005379	8.3
252	-0.402931	296.029626	0.012036	7.7
253	-0.093768	295.527597	0.003703	8.2
254	-0.160112	295.027832	0.003840	7.7
255	-0.408026	294.530315	0.007123	8.1
256	-0.000000	294.035028	0.000000	8.7
257	-0.231561	293.541956	0.004138	9.1
258	-0.729855	293.051083	0.014494	7.6
259	-0.000000	292.562393	0.000000	7.9
260	-0.958981	292.075870	0.013413	7.5
261	-0.739120	291.591498	0.011618	8.6
262	-0.838054	291.109263	0.019584	7.4
263	-0.591398	290.629149	0.005132	8.5
264	-0.000000	290.151140	0.000000	7.5
265	-0.236575	289.675222	0.006047	8.7
266	-0.470623	289.201380	0.006631	8.0
267	-0.000000	288.729600	0.000000	8.2
268	-0.433310	288.259866	0.006919	7.9
269	-0.318119	287.792165	0.004773	8.3
270	-0.776282	287.326481	0.007352	7.8
271	-0.000000	286.862802	0.000000	7.6
272	-0.836545	286.401113	0.005398	7.8
273	-0.703609	285.941400	0.007684	8.3
274	-0.005329	285.483649	0.000133	7.7
275	-0.680958	285.027847	0.008233	8.3
276	-0.329690	284.573981	0.005938	7.5
277	-0.625300	284.122037	0.005727	8.2
278	-0.018756	283.672002	0.001467	7.5
279	-0.645769	283.223863	0.007173	8.6
280	-0.945598	282.777607	0.012060	7.6
281	-0.000013	282.333221	0.000001	8.7
282	-0.386110	281.890692	0.004831	7.5
283	-0.000000	281.450008	0.000000	8.9
284	-1.113969	281.011157	0.008935	7.5
285	-0.485863	280.574125	0.014099	8.0
286	-0.753146	280.138901	0.006568	7.4
287	-0.827831	279.705473	0.007392	9.2
288	-0.000000	279.273829	0.000000	7.7
289	-0.134860	278.843956	0.003186	8.7
290	-0.264634	278.415844	0.004508	7.9
291	-0.698351	277.989479	0.010767	7.8
292	-0.135333	277.564851	0.002423	7.9
293	-0.934748	277.141949	0.006382	8.4
294	-0.858543	276.720761	0.007512	7.9
295	-0.369584	276.301275	0.009176	8.3
296	-0.811374	275.883480	0.007199	7.6
297	-0.000000	275.467366	0.000000	7.6
298	-0.000010	275.052922	0.000001	7.9
299	-0.837863	274.640136	0.007798	8.6
300	0.000000	274.228998	0.000000	7.4
301	-0.000000	273.819497	0.000000	8.5
302	-0.015587	273.411623	0.000213	7.3
303	-1.024400	273.005365	0.009185	8.7
304	-1.003186	272.600712	0.040946	7.2
305	-0.466376	272.197655	0.005615	8.5
306	-0.937875	271.796184	0.007079	7.2
307	-0.976607	271.396287	0.017430	9.1
308	-0.000000	270.997956	0.000000	8.1
309	-0.022329	270.601180	0.000316	9.6
310	-0.879001	270.205949	0.008266	7.7
311	-0.888035	269.812254	0.008331	7.4
312	-0.616748	269.420085	0.005298	7.8
313	-0.804401	269.029432	0.011680	8.3
314	-0.019746	268.640287	0.000222	7.7
315	-0.000000	268.252638	0.000000	7.9
316	-0.039757	267.866478	0.001458	7.8
317	-0.449703	267.481796	0.004433	7.8
318	-0.540362	267.098584	0.006762	7.6
319	-0.846468	266.716833	0.005032	7.9
320	-0.082093	266.336533	0.001412	7.7
321	-0.695338	265.957676	0.007036	8.2
322	-0.000000	265.580253	0.000000	7.6
323	-0.000000	265.204254	0.000000	8.8
324	-0.631295	264.829672	0.007091	7.2
325	-0.000000	264.456497	0.000000	8.8
326	-0.000000	264.084721	0.000000	7.8
327	-0.756354	263.714335	0.015875	8.6
328	-0.000000	263.345332	0.000000	7.1
329	-0.833580	262.977702	0.007281	8.7
330	-0.830041	262.611438	0.027052	7.3
331	-0.000000	262.246531	0.000000	8.7
332	-0.115093	261.882973	0.002550	7.3
333	-0.316969	261.520756	0.006835	9.5
334	-0.056822	261.159871	0.001321	7.4
335	0.000000	260.800312	0.000000	8.5
336	-0.683167	260.442070	0.011831	7.6
337	-0.699085	260.085137	0.008426	7.9
338	-0.412148	259.729505	0.005822	8.4
339	-0.821694	259.375167	0.024475	7.9
340	-0.398557	259.022116	0.006039	7.8
341	-0.528462	258.670343	0.005774	8.0
342	-0.000000	258.319841	0.000000	8.0
343	-0.488327	257.970602	0.007338	8.2
344	-0.004555	257.622620	0.000134	7.9
345	-0.000000	257.275887	0.000000	8.2
346	-0.346457	256.930396	0.006113	7.7
347	-0.601695	256.586139	0.012419	7.5
348	-0.000000	256.243109	0.000000	9.0
349	-0.000218	255.901300	0.000004	8.6
350	-0.721553	255.560703	0.004547	7.4
351	-0.000000	255.221313	0.000000	8.3
352	-0.025973	254.883122	0.001818	7.4
353	-0.834596	254.546124	0.006666	8.6
354	-0.817766	254.210311	0.007569	7.6
355	-0.854566	253.875677	0.008312	9.1
356	-0.622295	253.542215	0.010966	7.4
357	-0.379811	253.209918	0.003505	8.1
358	-0.006292	252.878781	0.000231	7.8
359	-0.000000	252.548795	0.000000	9.0
360	-0.677003	252.219956	0.005832	8.0
361	-0.394301	251.892255	0.005760	8.3
362	-0.779569	251.565688	0.008084	8.0
363	-0.520452	251.240247	0.005363	7.7
364	-0.001491	250.915926	0.000027	7.7
365	-0.471765	250.592720	0.019288	7.8
366	-0.822446	250.270621	0.005672	7.3
367	-0.147392	249.949624	0.001642	8.0
368	-0.626749	249.629723	0.008357	7.6
369	-0.000000	249.310911	0.000000	8.3
370	-0.046870	248.993182	0.001750	7.6
371	-0.631337	248.676531	0.008413	8.6
372	-0.586470	248.360952	0.010917	7.5
373	-0.576120	248.046438	0.007617	8.4
374	-0.522172	247.732984	0.006209	8.2
375	-0.000213	247.420584	0.000031	8.7
376	-0.676611	247.109233	0.005839	7.4
377	-0.000000	246.798924	0.000000	8.4
378	-0.023352	246.489652	0.000671	7.1
379	-0.042439	246.181412	0.001085	8.4
380	-0.177401	245.874197	0.004466	7.3
381	-0.788666	245.568002	0.007079	9.4
382	-0.000000	245.262822	0.000000	8.2
383	-0.498378	244.958652	0.012815	8.2
384	-0.785716	244.655485	0.011996	7.9
385	-0.436396	244.353317	0.005659	8.5
386	-0.216815	244.052142	0.004937	8.5
387	-0.983947	243.751955	0.013469	8.0
388	-0.000000	243.452750	0.000000	8.3
389	-0.708317	243.154523	0.012764	8.7
390	-0.768703	242.857268	0.018217	8.3
391	-0.847057	242.560980	0.022449	8.8
392	-0.608214	242.265654	0.006607	9.4
393	-1.159123	241.971285	0.015642	7.9
394	-0.000000	241.677868	0.000000	9.0
395	-0.618311	241.385397	0.006883	8.0
396	-0.016200	241.093869	0.001400	9.8
397	-0.574220	240.803278	0.010048	8.5
398	-0.000000	240.513619	0.000000	9.3
399	-0.904202	240.224887	0.007272	10.1
400	-0.000000	239.937077	0.000000	8.2
401	-0.702662	239.650186	0.011086	8.9
402	-0.960843	239.364207	0.011050	8.0
403	-0.435915	239.079136	0.005109	8.7
404	-0.939712	238.794969	0.006355	7.9
405	-0.096054	238.511701	0.001191	8.9
406	-0.903588	238.229327	0.020052	8.7
407	-0.336710	237.947843	0.005792	8.8
408	-0.678991	237.667244	0.005855	9.6
409	-0.711038	237.387526	0.007366	8.8
410	-0.000000	237.108684	0.000000	9.7
411	-0.476026	236.830714	0.003619	9.1
412	0.000000	236.553610	0.000000	8.6
413	-0.075180	236.277370	0.002017	7.9
414	0.000000	236.001989	0.000000	7.9
415	-0.219631	235.727461	0.002212	8.2
416	-0.477754	235.453784	0.006815	8.2
417	-0.000003	235.180952	0.000004	7.6
418	-0.092714	234.908962	0.003601	7.8
419	-0.644832	234.637809	0.007408	7.4
420	-0.385291	234.367488	0.005175	8.7
421	-0.539489	234.097997	0.005627	7.9
422	-0.002135	233.829331	0.001533	8.4
423	-0.877874	233.561485	0.007940	8.8
424	-0.059669	233.294456	0.002427	9.2
425	-0.842215	233.028239	0.014765	8.3
426	-0.742872	232.762831	0.004652	7.8
427	-0.142772	232.498228	0.003497	9.7
428	-0.817592	232.234425	0.007805	8.5
429	-0.965296	231.971419	0.027012	9.1
430	-0.083185	231.709205	0.002239	8.3
431	-0.396242	231.447781	0.004671	7.9
432	-0.922385	231.187141	0.006163	8.1
433	-0.248761	230.927283	0.002754	8.5
434	-0.741430	230.668202	0.006067	7.8
435	-0.456436	230.409895	0.006068	8.2
436	-0.005715	230.152358	0.000114	8.3
437	-0.000000	229.895587	0.000000	8.2
438	-0.453556	229.639578	0.010423	8.3
439	-0.478900	229.384329	0.004632	8.4
440	0.000000	229.129834	0.000000	8.2
441	-0.641800	228.876091	0.020282	9.0
442	-0.932302	228.623096	0.007608	9.4
443	-0.965918	228.370846	0.008274	8.4
444	-0.000000	228.119336	0.000000	9.0
445	-0.599697	227.868563	0.005721	8.3
446	-0.849390	227.618525	0.019882	8.6
447	-0.000000	227.369216	0.000000	7.9
448	-0.000000	227.120635	0.000000	9.3
449	-0.905361	226.872777	0.007241	8.4
450	-0.641720	226.625638	0.006684	9.4
451	0.000000	226.379217	0.000000	10.0
452	-0.000746	226.133509	0.000025	9.5
453	-0.000000	225.888510	0.000000	9.2
454	-0.630057	225.644218	0.007465	8.6
455	-0.122836	225.400630	0.001975	9.3
456	-0.893777	225.157741	0.006430	11.0
457	-0.741408	224.915549	0.010850	10.6
458	-0.228746	224.674051	0.005307	9.1
459	-0.794688	224.433242	0.006093	9.0
460	-0.006294	224.193121	0.000500	8.4
461	-0.515174	223.953684	0.008910	8.4
462	-0.861778	223.714927	0.005235	8.5
463	-0.680899	223.476848	0.008249	8.7
464	-0.944686	223.239444	0.006140	8.4
465	-0.000000	223.002710	0.000000	9.1
466	-0.325059	222.766645	0.009457	8.2
467	-0.686711	222.531245	0.020894	9.2
468	-0.425245	222.296508	0.007534	8.3
469	-0.976151	222.062429	0.005888	8.5
470	-0.786182	221.829007	0.010248	8.4
471	-0.775732	221.596238	0.008322	9.0
472	-0.000000	221.364119	0.000000	9.3
473	-0.272924	221.132647	0.002449	8.1
474	-0.911287	220.901820	0.012989	10.2
475	-1.059241	220.671634	0.013691	7.5
476	-0.000003	220.442086	0.000001	9.6
477	-0.062166	220.213174	0.000809	8.3
478	-0.538510	219.984895	0.007340	9.1
479	-0.697550	219.757246	0.007907	8.3
480	-0.576630	219.530224	0.004252	8.0
481	-0.498655	219.303826	0.006631	9.1
482	-0.000000	219.078050	0.000000	8.5
483	-0.822814	218.852893	0.011375	9.6
484	-0.560500	218.628352	0.007463	9.3
485	-1.047008	218.404424	0.014442	9.6
486	-0.000000	218.181106	0.000000	9.0
487	-0.782671	217.958397	0.007505	8.6
488	-0.522679	217.736292	0.006292	8.7
489	-0.611868	217.514790	0.008231	9.4
490	-0.471720	217.293888	0.003538	8.9
491	-0.914056	217.073584	0.004750	8.4
492	-0.729653	216.853873	0.007458	8.7
493	-0.836231	216.634755	0.007911	8.4
494	-0.844657	216.416227	0.021967	9.9
495	-0.899896	216.198285	0.005295	7.8
496	-0.000000	215.980927	0.000000	10.1
497	-0.604602	215.764151	0.007373	9.2
498	-0.120860	215.547955	0.003044	8.2
499	-0.348874	215.332335	0.005351	9.1
500	0.000000	215.117289	0.000000	8.4
501	-0.005249	214.902815	0.000092	9.3
502	-0.000000	214.688911	0.000000	8.4
503	-0.413302	214.475573	0.004272	8.8
504	-0.554626	214.262800	0.005963	8.4
505	-0.176227	214.050588	0.003123	8.7
506	-0.915746	213.838936	0.005732	10.0
507	-0.583364	213.627842	0.004878	8.2
508	-0.821530	213.417302	0.017029	9.6
509	-0.000000	213.207314	0.000000	8.4
510	-0.870837	212.997877	0.004434	9.3
511	-0.818737	212.788987	0.007177	8.2
512	-0.556989	212.580642	0.006840	8.5
513	-0.000000	212.372841	0.000000	8.0
514	-0.968102	212.165581	0.017746	8.6
515	-0.539646	211.958859	0.004321	8.3
516	-0.404145	211.752673	0.004665	9.6
517	-0.000000	211.547021	0.000000	8.6
518	-0.590718	211.341902	0.003327	9.6
519	-0.000000	211.137311	0.000000	9.9
520	-0.000000	210.933248	0.000000	8.6
521	-0.000000	210.729710	0.000000	9.0
522	-0.029717	210.526695	0.000978	8.4
523	-0.624059	210.324200	0.006304	8.8
524	-0.247908	210.122224	0.004128	9.0
525	-0.128842	209.920765	0.002378	8.3
526	-0.742833	209.719820	0.007122	9.8
527	-0.047008	209.519387	0.000800	7.8
528	-0.017680	209.319463	0.000263	11.6
529	-0.366579	209.120048	0.006041	8.4
530	-0.884029	208.921139	0.008027	9.0
531	-0.422530	208.722733	0.010237	9.3
532	-0.268385	208.524829	0.004574	8.4
533	-0.160421	208.327425	0.003559	9.2
534	-0.826876	208.130518	0.026657	8.8
535	-0.302058	207.934107	0.002827	9.5
536	-0.528356	207.738189	0.004408	8.1
537	-0.000000	207.542762	0.000000	8.7
538	-0.000000	207.347825	0.000000	8.9
539	-0.545119	207.153376	0.020972	8.6
540	-0.387734	206.959412	0.007086	9.1
541	-0.138390	206.765932	0.002857	8.9
542	0.000000	206.572933	0.000000	10.6
543	-0.051039	206.380414	0.002719	8.6
544	-0.670764	206.188373	0.006019	9.2
545	-0.762725	205.996807	0.006188	8.3
546	-0.000000	205.805716	0.000000	8.6
547	-0.653885	205.615096	0.020349	8.0
548	-0.688227	205.424946	0.011337	8.9
549	-0.928247	205.235265	0.010194	10.2
550	-0.917167	205.046050	0.014238	8.3
551	-0.292032	204.857299	0.006385	9.0
552	-0.000000	204.669011	0.000000	8.7
553	-0.842977	204.481184	0.006263	8.9
554	-0.009112	204.293816	0.000118	10.4
555	-0.000001	204.106905	0.000000	8.6
556	-0.000000	203.920449	0.000000	9.5
557	-0.335092	203.734447	0.004285	8.7
558	-0.785792	203.548896	0.006634	8.8
559	-0.854080	203.363795	0.012186	10.4
560	-0.748488	203.179143	0.009568	8.9
561	-0.000000	202.994937	0.000000	9.3
562	-0.749903	202.811176	0.007511	8.7
563	-0.837485	202.627857	0.005317	8.6
564	-0.360432	202.444980	0.005765	8.8
565	-0.862801	202.262543	0.005230	9.4
566	-1.002672	202.080543	0.016606	9.6
567	-0.720299	201.898979	0.007582	8.0
568	-0.001044	201.717849	0.000000	9.5
569	-0.167932	201.537153	0.004034	7.9
570	-0.950756	201.356887	0.008848	8.6
571	-0.061213	201.177050	0.000273	8.0
572	-0.715393	200.997642	0.005256	9.8
573	-0.823986	200.818659	0.007359	8.4
574	-0.661236	200.640100	0.005849	8.5
575	0.000000	200.461965	0.000000	10.3
576	-0.768774	200.284250	0.010029	8.1
577	-0.838670	200.106955	0.010392	9.2
578	-0.723627	199.930078	0.007249	8.2
579	-0.831371	199.753617	0.014647	8.6
580	-0.000000	199.577571	0.000000	8.5
581	-0.780649	199.401938	0.004870	8.5
582	-0.587939	199.226717	0.008590	9.6
583	-0.415331	199.051905	0.006019	8.7
584	-0.510431	198.877502	0.006780	9.4
585	-0.803973	198.703506	0.006754	8.8
586	-0.000000	198.529916	0.000000	8.8
587	-0.000000	198.356729	0.000000	9.1
588	-0.984941	198.183944	0.014804	8.5
589	-0.919516	198.011560	0.011386	11.0
590	-0.600615	197.839576	0.006100	8.5
591	-0.000000	197.667989	0.000000	9.1
592	-0.218197	197.496798	0.002611	8.7
593	-0.483310	197.326002	0.005699	9.6
594	-0.817231	197.155600	0.009206	7.9
595	-0.448719	196.985589	0.007010	8.8
596	-0.445762	196.815969	0.005087	8.8
597	-0.422163	196.646738	0.005789	8.0
598	-0.812378	196.477894	0.009790	8.1
599	-0.000373	196.309436	0.000008	8.2
600	-0.354258	196.141363	0.013481	10.1
601	-0.853862	195.973673	0.010195	8.1
602	-0.732587	195.806365	0.006413	9.2
603	-0.003933	195.639437	0.000178	7.8
604	-0.890690	195.472888	0.007296	8.5
605	-0.108370	195.306717	0.002853	8.6
606	-0.000000	195.140922	0.000000	9.2
607	-0.383760	194.975501	0.004179	8.4
608	-0.612870	194.810454	0.006624	8.2
609	-0.439831	194.645779	0.009125	9.6
610	-0.884262	194.481475	0.006565	8.6
611	-0.328691	194.317540	0.003540	9.1
612	-0.485621	194.153973	0.008657	9.0
613	-0.310466	193.990773	0.003594	8.6
614	-0.691199	193.827938	0.007820	9.1
615	-0.013489	193.665467	0.000189	9.1
616	0.000000	193.503358	0.000000	9.0
617	-0.717803	193.341611	0.005209	8.6
618	-0.663366	193.180224	0.006446	9.4
619	-0.000000	193.019196	0.000000	8.2
620	-0.506499	192.858525	0.004972	9.0
621	-0.617176	192.698210	0.021057	8.8
622	-0.645753	192.538251	0.006978	8.8
623	-0.100136	192.378644	0.001030	8.2
624	-0.703830	192.219391	0.007575	9.2
625	-0.306648	192.060488	0.008696	9.7
626	-0.000000	191.901935	0.000000	8.1
627	-0.993290	191.743730	0.013519	9.7
628	-0.005293	191.585873	0.000751	8.3
629	-0.528601	191.428362	0.008861	9.6
630	0.000000	191.271196	0.000000	8.2
631	-0.964804	191.114374	0.009366	8.6
632	-0.689885	190.957893	0.008439	8.4
633	-0.232465	190.801755	0.002906	9.0
634	-0.430952	190.645956	0.004688	10.6
635	-0.058105	190.490495	0.001747	8.1
636	-0.413689	190.335373	0.007216	8.9
637	-0.917853	190.180587	0.011623	8.1
638	-0.262831	190.026136	0.002655	8.2
639	-0.232126	189.872019	0.003386	8.1
640	-0.858918	189.718235	0.009808	8.8
641	-0.000000	189.564782	0.000000	8.5
642	-0.702591	189.411661	0.008622	8.8
643	-0.773911	189.258868	0.011679	8.5
644	-0.000009	189.106404	0.000007	8.5
645	-1.000536	188.954267	0.022107	10.5
646	-0.148572	188.802456	0.006123	8.3
647	-0.470746	188.650969	0.003839	9.2
648	-0.089954	188.499807	0.003306	8.3
649	-0.008754	188.348967	0.000145	9.2
650	-0.807858	188.198448	0.007343	8.4
651	-0.642485	188.048250	0.007170	8.2
652	-0.870076	187.898371	0.006827	8.7
653	-0.927146	187.748810	0.011305	8.9
654	-0.352605	187.599566	0.003988	9.5
655	-0.550223	187.450638	0.006560	8.6
656	-0.016931	187.302025	0.001427	9.2
657	-0.358247	187.153725	0.005947	7.9
658	-0.766629	187.005739	0.006439	9.7
659	-0.479119	186.858064	0.005057	8.6
660	0.000000	186.710699	0.000000	8.7
661	-0.374986	186.563645	0.004654	8.8
662	-0.000000	186.416898	0.000000	9.4
663	-0.710494	186.270459	0.008095	9.5
664	-0.439856	186.124326	0.005726	8.1
665	-0.855682	185.978499	0.006340	9.1
666	-0.000000	185.832976	0.000000	7.6
667	-0.733490	185.687756	0.004715	8.9
668	-0.609170	185.542838	0.006223	8.0
669	0.000000	185.398222	0.000000	8.5
670	-0.791726	185.253906	0.006258	8.2
671	-0.839101	185.109889	0.005823	8.8
672	-0.461446	184.966170	0.006164	8.8
673	-0.019066	184.822748	0.000580	8.1
674	-0.000000	184.679623	0.000000	9.2
675	-0.477840	184.536792	0.005519	8.4
676	-0.005608	184.394256	0.000786	9.6
677	-0.821481	184.252013	0.006292	8.3
678	-0.718880	184.110062	0.006423	9.1
679	0.000000	183.968403	0.000000	8.4
680	0.000000	183.827034	0.000000	8.3
681	-0.000000	183.685954	0.000000	9.1
682	-0.930179	183.545163	0.017028	10.4
683	-0.774614	183.404658	0.007266	8.7
684	-0.904460	183.264441	0.006690	8.5
685	0.000000	183.124509	0.000000	8.8
686	-0.195796	182.984861	0.004895	9.0
687	-1.061090	182.845497	0.008264	8.9
688	-0.000000	182.706416	0.000000	8.6
689	-0.859648	182.567616	0.015777	8.7
690	-0.903339	182.429098	0.009356	9.3
691	-0.000349	182.290859	0.000176	8.7
692	-0.164910	182.152899	0.002649	9.7
693	-0.097386	182.015217	0.004277	8.4
694	-1.024282	181.877813	0.013387	9.2
695	-0.701733	181.740684	0.007460	7.7
696	-0.572055	181.603832	0.003849	9.6
697	-0.996007	181.467253	0.011150	8.7
698	-0.854885	181.330948	0.008115	7.9
699	-0.737402	181.194916	0.003546	10.2
700	-0.011867	181.059155	0.000590	8.0
701	-0.000000	180.923666	0.000000	9.2
702	-0.494625	180.788446	0.005168	8.5
703	-0.016344	180.653496	0.000426	8.4
704	-0.273699	180.518814	0.003722	8.1
705	-0.879100	180.384399	0.008840	8.2
706	-0.000000	180.250251	0.000000	7.9
707	-0.055980	180.116369	0.001359	8.4
708	-0.000000	179.982752	0.000000	8.1
709	-0.890432	179.849398	0.022561	8.8
710	-0.787288	179.716308	0.005629	8.0
711	-0.723388	179.583480	0.004312	9.2
712	-0.000000	179.450913	0.000000	8.8
713	-0.397331	179.318607	0.004034	8.3
714	-1.042939	179.186561	0.012556	9.6
715	-0.907822	179.054774	0.006272	8.0
716	-0.373336	178.923245	0.003031	9.6
717	-0.020589	178.791973	0.000226	8.0
718	-0.669987	178.660958	0.005658	9.1
719	-0.000000	178.530199	0.000000	8.3
720	-0.955953	178.399694	0.006821	8.7
721	-0.000000	178.269444	0.000000	7.6
722	-0.929914	178.139447	0.005833	8.3
723	-0.145726	178.009702	0.003386	8.9
724	-0.585302	177.880209	0.007665	8.5
725	-0.437772	177.750967	0.002649	9.4
726	-0.855598	177.621975	0.006914	7.7
727	-0.585735	177.493232	0.005944	9.5
728	-0.719320	177.364738	0.006908	8.4
729	-0.286644	177.236492	0.005555	9.4
730	-0.835448	177.108492	0.008814	8.8
731	-0.942885	176.980739	0.004304	8.1
732	-0.408261	176.853231	0.006930	7.7
733	-0.622112	176.725968	0.003930	8.9
734	-0.000103	176.598949	0.000003	9.5
735	-0.652656	176.472173	0.006433	7.8
736	0.000000	176.345639	0.000000	8.5
737	-0.836247	176.219348	0.008723	8.4
738	-0.925929	176.093296	0.012940	8.6
739	-0.000000	175.967486	0.000000	8.3
740	-0.281277	175.841914	0.004555	9.2
741	-0.848103	175.716581	0.005317	8.3
742	-0.285967	175.591486	0.004670	8.6
743	-0.962741	175.466629	0.008471	8.1
744	-0.574321	175.342008	0.006540	8.2
745	-0.742301	175.217622	0.008110	9.9
746	-0.569439	175.093472	0.005805	7.9
747	-0.222402	174.969556	0.005137	8.9
748	-0.615045	174.845873	0.004977	8.2
749	-0.000000	174.722423	0.000000	9.4
750	0.000000	174.599206	0.000000	8.2
751	-0.039058	174.476220	0.002222	8.8
752	-0.956297	174.353464	0.009468	9.4
753	-0.340795	174.230939	0.004802	8.4
754	-0.097163	174.108643	0.001403	9.7
755	-0.040141	173.986576	0.002283	9.0
756	-0.939509	173.864737	0.015778	8.7
757	-0.000000	173.743124	0.000000	9.1
758	-0.154015	173.621739	0.004055	8.8
759	-0.746663	173.500579	0.004736	8.8
760	-0.844972	173.379645	0.007945	9.3
761	-0.361435	173.258935	0.006235	10.4
762	-0.044688	173.138449	0.001365	8.2
763	-0.742635	173.018186	0.010236	9.1
764	-0.000000	172.898146	0.000000	8.5
765	-0.014411	172.778327	0.000115	9.6
766	-0.015520	172.658730	0.000613	9.1
767	-1.055692	172.539353	0.013324	8.7
768	0.000000	172.420196	0.000000	9.9
769	-0.808982	172.301258	0.009377	7.9
770	-0.046446	172.182539	0.002847	9.9
771	-0.790229	172.064037	0.006438	7.7
772	-0.783248	171.945753	0.009192	8.3
773	-0.020087	171.827686	0.001340	7.9
774	-0.735957	171.709834	0.005722	8.2
775	-0.000000	171.592198	0.000000	9.0
776	-0.289340	171.474776	0.002188	8.3
777	-0.600028	171.357568	0.002959	9.3
778	-0.124816	171.240574	0.002418	8.2
779	-0.566161	171.123793	0.018470	9.5
780	-0.356435	171.007223	0.004685	8.8
781	-0.000000	170.890865	0.000000	8.2
782	-0.602116	170.774718	0.005729	8.1
783	-0.964367	170.658782	0.009202	9.4
784	-0.000000	170.543055	0.000000	8.4
785	-0.562247	170.427537	0.007608	8.8
786	-0.801295	170.312227	0.010661	9.0
787	-0.000000	170.197125	0.000000	8.3
788	0.000000	170.082231	0.000000	10.4
789	-0.008585	169.967543	0.000383	7.9
790	-0.058837	169.853061	0.002020	9.1
791	-0.599155	169.738784	0.006750	7.9
792	-0.550772	169.624713	0.010031	8.6
793	-0.039420	169.510845	0.001876	8.3
794	-0.003891	169.397181	0.000191	8.6
795	-0.158308	169.283720	0.002537	8.3
796	-0.522668	169.170462	0.009704	9.2
797	-0.973749	169.057405	0.007858	9.2
798	-0.622529	168.944549	0.008806	7.9
799	-0.961361	168.831895	0.008914	9.6
800	-0.918086	168.719440	0.006892	8.6
801	-0.749371	168.607185	0.004999	9.2
802	-0.436779	168.495129	0.005033	8.3
803	-0.962086	168.383271	0.009939	8.4
804	-0.504292	168.271611	0.003213	8.0
805	-0.000000	168.160148	0.000000	8.3
806	-0.000007	168.048882	0.000000	9.0
807	-0.927509	167.937812	0.011676	8.9
808	-0.302915	167.826938	0.004764	8.6
809	-0.007588	167.716258	0.000079	8.5
810	-0.867909	167.605773	0.010219	9.7
811	-0.000000	167.495482	0.000000	9.0
812	-0.710769	167.385384	0.007053	8.3
813	-0.408194	167.275479	0.005440	8.1
814	-0.349068	167.165766	0.007667	9.3
815	-0.830359	167.056245	0.006257	9.6
816	-0.838747	166.946915	0.004913	8.3
817	-0.755892	166.837776	0.004540	8.8
818	-0.883977	166.728826	0.008251	8.5
819	-0.136922	166.620067	0.002337	9.3
820	-0.000000	166.511496	0.000000	8.0
821	-0.000000	166.403113	0.000000	9.1
822	-0.717796	166.294919	0.005656	8.3
823	-0.557421	166.186912	0.004893	8.2
824	-0.853612	166.079091	0.006777	8.0
825	-0.850159	165.971458	0.005625	8.8
826	-0.501501	165.864009	0.004333	9.1
827	-0.543232	165.756747	0.006591	8.4
828	-0.613391	165.649669	0.005779	10.3
829	-0.534309	165.542775	0.006087	9.7
830	-0.000000	165.436065	0.000000	8.8
831	-0.652896	165.329538	0.004446	9.0
832	-0.693416	165.223194	0.007007	8.1
833	-0.000000	165.117032	0.000000	9.2
834	-0.733719	165.011052	0.005710	8.6
835	-0.000000	164.905253	0.000000	9.0
836	-1.008741	164.799635	0.007590	8.4
837	-0.522115	164.694197	0.007028	9.2
838	-0.826713	164.588939	0.009737	8.4
839	-0.886800	164.483859	0.006851	8.5
840	-0.000000	164.378959	0.000000	8.3
841	-0.000000	164.274237	0.000000	9.6
842	-0.774518	164.169692	0.005198	8.5
843	-0.000000	164.065325	0.000000	9.4
844	-0.736488	163.961135	0.005339	10.1
845	-0.572758	163.857120	0.005283	8.3
846	-0.000000	163.753282	0.000000	9.1
847	-0.135809	163.649619	0.002379	8.3
848	-1.008724	163.546130	0.009788	9.2
849	-0.000000	163.442816	0.000000	8.8
850	-0.754873	163.339676	0.004095	8.1
851	-0.462069	163.236709	0.005165	9.4
852	-0.890854	163.133915	0.006558	8.3
853	-0.088007	163.031294	0.001059	12.6
854	-0.916999	162.928844	0.020043	8.5
855	-0.641276	162.826566	0.002981	8.4
856	-0.579848	162.724459	0.005960	7.7
857	-0.665190	162.622523	0.007067	8.3
858	0.000000	162.520757	0.000000	9.2
859	-1.040448	162.419160	0.007841	9.1
860	-0.000000	162.317733	0.000000	9.3
861	-0.000000	162.216474	0.000000	9.9
862	-0.376822	162.115383	0.003040	8.8
863	-0.897472	162.014461	0.014042	8.2
864	-0.000000	161.913705	0.000000	8.9
865	-0.383062	161.813117	0.005740	9.0
866	-0.447482	161.712695	0.004389	8.3
867	-0.000002	161.612439	0.000000	8.9
868	-0.042138	161.512349	0.000252	7.9
869	-0.601455	161.412424	0.005869	9.7
870	-0.000000	161.312663	0.000000	8.6
871	-0.837771	161.213067	0.009163	8.7
872	-0.652734	161.113635	0.015404	8.1
873	-0.556080	161.014366	0.007715	9.1
874	-0.370606	160.915260	0.007108	8.3
875	-0.868787	160.816316	0.008121	9.4
876	-0.104002	160.717535	0.002783	9.3
877	-0.385863	160.618915	0.003772	8.3
878	-0.016058	160.520456	0.000223	9.6
879	-0.142815	160.422158	0.003319	8.9
880	-0.065984	160.324021	0.001405	9.9
881	-0.275720	160.226043	0.006159	8.1
882	-0.177945	160.128225	0.002291	8.7
883	-0.000002	160.030566	0.000000	9.4
884	-0.000000	159.933066	0.000000	8.9
885	-0.167955	159.835723	0.002882	8.8
886	-0.847437	159.738539	0.008066	8.2
887	-0.775770	159.641512	0.011183	9.6
888	-0.073467	159.544642	0.001556	8.7
889	-0.634672	159.447929	0.006629	8.6
890	-0.000000	159.351372	0.000000	8.4
891	-0.592248	159.254971	0.005594	8.8
892	-0.553613	159.158725	0.005152	9.6
893	-0.832935	159.062634	0.009067	8.1
894	-0.000000	158.966697	0.000000	10.2
895	-0.066946	158.870915	0.001209	8.8
896	-0.929620	158.775286	0.007290	9.2
897	-0.000000	158.679811	0.000000	8.0
898	-0.977030	158.584489	0.006907	8.3
899	-0.501690	158.489319	0.003020	8.5
900	-0.120000	158.394302	0.004491	8.3
901	-0.462521	158.299436	0.005760	9.0
902	-0.829095	158.204721	0.007393	8.9
903	-0.480836	158.110158	0.009496	9.9
904	-0.968828	158.015745	0.009547	9.3
905	-0.764904	157.921482	0.004758	9.5
906	-0.826563	157.827369	0.021060	9.0
907	-0.845559	157.733406	0.004994	9.2
908	-0.728688	157.639591	0.008051	9.7
909	-0.752251	157.545925	0.005529	8.6
910	-0.000000	157.452408	0.000000	9.4
911	-1.041861	157.359038	0.014091	8.5
912	-0.596466	157.265816	0.006651	8.8
913	-0.000000	157.172741	0.000000	8.6
914	-0.343530	157.079813	0.003768	9.3
915	0.000000	156.987031	0.000000	9.8
916	-0.750153	156.894395	0.011856	8.0
917	0.000000	156.801904	0.000000	9.3
918	-0.389685	156.709559	0.005089	8.8
919	-0.396746	156.617359	0.004285	8.9
920	-1.037517	156.525304	0.010420	10.0
921	-0.870993	156.433392	0.012516	8.7
922	-0.720038	156.341624	0.005434	9.4
923	-0.533648	156.250000	0.004298	8.6
924	-0.518625	156.158519	0.003441	9.1
925	-1.052027	156.067180	0.006874	8.3
926	-1.062670	155.975984	0.014257	8.6
927	-0.694978	155.884930	0.003492	9.2
928	-0.432932	155.794017	0.004375	8.7
929	-0.796923	155.703246	0.016488	9.5
930	-0.000000	155.612615	0.000000	8.3
931	-0.698557	155.522125	0.007658	9.1
932	-0.000000	155.431775	0.000000	8.1
933	-0.386183	155.341565	0.006872	8.9
934	-0.980675	155.251495	0.005570	8.4
935	-0.136857	155.161563	0.003491	8.9
936	-0.398753	155.071771	0.004984	7.9
937	-0.046078	154.982117	0.004508	8.8
938	-0.000000	154.892601	0.000000	8.9
939	-0.696077	154.803222	0.004571	8.9
940	-1.022476	154.713981	0.011573	9.5
941	-0.752398	154.624878	0.005086	8.1
942	-0.000000	154.535910	0.000000	9.1
943	-0.000906	154.447080	0.000219	7.8
944	-0.959057	154.358385	0.008037	8.7
945	-0.000038	154.269826	0.000001	8.1
946	-0.718932	154.181402	0.006159	9.6
947	-0.000000	154.093114	0.000000	8.8
948	-0.060115	154.004960	0.001363	8.5
949	-0.000000	153.916940	0.000000	9.0
950	-0.410581	153.829054	0.007486	9.1
951	-0.082919	153.741303	0.002847	8.1
952	-0.577528	153.653684	0.003114	8.4
953	-0.905619	153.566198	0.013935	9.4
954	-0.465003	153.478846	0.006215	9.0
955	-0.491460	153.391625	0.005724	9.1
956	-0.631728	153.304537	0.007428	8.9
957	-0.812948	153.217580	0.006545	8.5
958	-0.708811	153.130755	0.007105	9.0
959	-0.000000	153.044061	0.000000	8.2
960	-0.560709	152.957498	0.006027	9.3
961	-0.004140	152.871065	0.000104	7.9
962	-0.000000	152.784762	0.000000	8.9
963	-0.729117	152.698589	0.007367	7.6
964	-0.772894	152.612545	0.004935	9.0
965	-0.495577	152.526631	0.007974	8.5
966	-0.872797	152.440845	0.008864	8.3
967	-0.704864	152.355188	0.006319	8.8
968	-0.951049	152.269660	0.006005	8.1
969	-0.798752	152.184259	0.007985	9.6
970	-0.000000	152.098986	0.000000	8.2
971	-1.074711	152.013840	0.006214	9.4
972	-0.041310	151.928821	0.001397	7.9
973	-0.461604	151.843928	0.005131	8.7
974	-0.989503	151.759163	0.008374	8.4
975	-0.000000	151.674523	0.000000	8.7
976	-0.564425	151.590009	0.006454	8.4
977	-0.573243	151.505620	0.005261	8.9
978	-0.467292	151.421357	0.006929	8.8
979	-0.140466	151.337218	0.002894	8.7
980	-0.667094	151.253204	0.007996	10.0
981	-0.337315	151.169314	0.003898	8.2
982	-0.848200	151.085549	0.009829	9.5
983	-0.888345	151.001907	0.004398	8.4
984	-0.709424	150.918388	0.009015	9.2
985	-1.227923	150.834992	0.018400	8.0
986	-0.517646	150.751719	0.008610	8.5
987	-0.958040	150.668569	0.010379	7.8
988	-0.507688	150.585541	0.004848	10.4
989	-0.000000	150.502634	0.000000	10.3
990	-0.000000	150.419849	0.000000	8.0
991	-0.431667	150.337186	0.009607	8.7
992	-0.751705	150.254644	0.005408	8.7
993	-0.321074	150.172222	0.003338	8.2
994	-0.472610	150.089921	0.004517	8.9
995	-0.027940	150.007740	0.000276	8.5
996	-0.054778	149.925679	0.001111	9.6
997	-0.866146	149.843737	0.006980	8.3
998	-0.329709	149.761915	0.002826	10.0
999	-0.641939	149.680212	0.011436	8.3
1000	-0.769233	149.598627	0.006272	9.4
1001	-0.436734	149.517161	0.006027	8.5
1002	-0.000000	149.435814	0.000000	8.6
1003	0.000000	149.354584	0.000000	9.8
1004	0.000000	149.273472	0.000000	8.8
1005	-0.783816	149.192477	0.007291	9.6
1006	-0.000000	149.111599	0.000000	8.5
1007	-0.001717	149.030838	0.000034	9.9
1008	-0.000000	148.950194	0.000000	8.2
1009	-0.147200	148.869666	0.003169	9.8
1010	-0.116772	148.789253	0.001030	8.2
1011	-0.909396	148.708957	0.007191	9.5
1012	-0.290843	148.628776	0.009300	10.7
1013	-0.000157	148.548710	0.000085	9.2
1014	-0.280285	148.468759	0.002516	9.0
1015	-0.000000	148.388923	0.000000	7.6
1016	-0.661692	148.309201	0.006898	8.5
1017	-0.593676	148.229594	0.004796	10.4
1018	-0.000146	148.150100	0.000006	9.0
1019	-0.000000	148.070719	0.000000	9.7
1020	-0.888164	147.991452	0.007518	8.5
1021	-0.000003	147.912298	0.000001	8.8
1022	-0.988202	147.833257	0.006891	8.7
1023	-0.094711	147.754329	0.002168	9.0
1024	-0.000000	147.675512	0.000000	8.9
1025	-0.878377	147.596808	0.010209	8.8
1026	0.000000	147.518216	0.000000	10.0
1027	-0.001047	147.439735	0.000383	8.7
1028	-0.750563	147.361365	0.007230	9.4
1029	-0.000000	147.283106	0.000000	7.9
1030	-0.000000	147.204958	0.000000	9.0
1031	-0.842902	147.126920	0.010281	8.5
1032	-0.501567	147.048993	0.005062	8.6
1033	-0.757605	146.971175	0.005008	9.0
1034	-0.163197	146.893468	0.003237	8.4
1035	-0.670161	146.815869	0.004699	10.0
1036	-0.690527	146.738380	0.005520	8.3
1037	-0.000000	146.661000	0.000000	8.4
1038	-0.807747	146.583729	0.007811	8.1
1039	-0.189128	146.506566	0.003590	8.8
1040	-0.027290	146.429511	0.000688	8.6
1041	-0.845171	146.352565	0.007838	8.0
1042	-1.047602	146.275726	0.010728	9.3
1043	-1.063985	146.198994	0.009361	8.5
1044	-0.935372	146.122370	0.005355	9.6
1045	-0.678449	146.045853	0.005354	8.4
1046	-0.509418	145.969442	0.006310	8.6
1047	-0.703120	145.893139	0.004523	9.0
1048	-1.032535	145.816941	0.009111	9.0
1049	-0.876784	145.740849	0.005980	8.7
1050	-0.499603	145.664863	0.003271	8.4
1051	-0.000000	145.588983	0.000000	8.9
1052	-0.786217	145.513208	0.006649	8.2
1053	-0.541589	145.437538	0.005430	9.1
1054	-0.004860	145.361973	0.000087	8.3
1055	-0.719779	145.286513	0.004623	8.8
1056	-0.378803	145.211157	0.004566	8.1
1057	-0.392463	145.135905	0.006834	8.8
1058	-0.430610	145.060757	0.008953	7.8
1059	-0.561301	144.985712	0.008595	8.7
1060	-0.000000	144.910771	0.000000	7.7
1061	-0.278928	144.835934	0.007952	9.2
1062	-0.653914	144.761199	0.006803	8.7
1063	-0.830682	144.686567	0.008160	8.5
1064	-1.024236	144.612037	0.010460	11.0
1065	-0.000000	144.537610	0.000000	9.3
1066	-0.482676	144.463285	0.003923	8.5
1067	-0.079257	144.389062	0.001909	7.8
1068	-0.729593	144.314940	0.009021	8.9
1069	-0.645094	144.240920	0.005419	7.7
1070	-0.133403	144.167001	0.003174	8.3
1071	-0.012872	144.093182	0.000159	10.2
1072	-0.735199	144.019465	0.006218	8.4
1073	-0.886520	143.945848	0.009596	9.3
1074	-0.262076	143.872331	0.006091	8.4
1075	-0.845928	143.798914	0.007883	9.1
1076	-0.926944	143.725597	0.004287	7.9
1077	-0.662470	143.652380	0.007218	9.3
1078	-0.972875	143.579262	0.009577	8.7
1079	-0.724646	143.506243	0.008678	8.9
1080	-0.727304	143.433323	0.010741	8.5
1081	-0.366758	143.360502	0.008373	8.6
1082	-0.811069	143.287780	0.009581	10.4
1083	-0.849106	143.215155	0.007725	8.7
1084	-0.521467	143.142629	0.004700	9.4
1085	-0.862003	143.070201	0.006934	7.6
1086	-0.693600	142.997870	0.007893	8.4
1087	-0.000000	142.925637	0.000000	9.8
1088	-0.801855	142.853501	0.010483	7.8
1089	-0.317132	142.781462	0.003794	9.4
1090	-0.917621	142.709519	0.008162	8.2
1091	-0.900622	142.637674	0.010930	10.3
1092	-0.347245	142.565924	0.003915	8.2
1093	-0.019371	142.494271	0.000588	9.0
1094	-0.135255	142.422714	0.004418	8.4
1095	-0.835825	142.351252	0.005617	9.0
1096	-0.000000	142.279886	0.000000	8.6
1097	-1.029587	142.208616	0.006934	8.6
1098	0.000000	142.137440	0.000000	8.3
1099	-0.898944	142.066360	0.009883	8.4
1100	-0.085290	141.995374	0.003653	10.4
1101	-0.160675	141.924483	0.004203	8.9
1102	-0.762926	141.853685	0.005851	9.0
1103	-0.631045	141.782983	0.008235	8.7
1104	-0.737490	141.712373	0.005615	9.3
1105	-0.947437	141.641858	0.008063	9.2
1106	-0.000000	141.571436	0.000000	8.4
1107	-0.220092	141.501108	0.002355	10.2
1108	-0.518721	141.430872	0.006690	8.6
1109	-0.557194	141.360730	0.006757	8.8
1110	-0.000000	141.290680	0.000000	8.7
1111	-0.958842	141.220722	0.004160	8.6
1112	-0.506297	141.150857	0.005866	9.2
1113	-0.000000	141.081084	0.000000	8.7
1114	-0.903320	141.011403	0.005694	10.4
1115	-0.424553	140.941813	0.005498	8.8
1116	-0.600904	140.872315	0.004714	8.9
1117	-0.585189	140.802909	0.005545	8.7
1118	-0.326487	140.733593	0.002817	8.4
1119	-0.000000	140.664369	0.000000	8.6
1120	-0.598552	140.595235	0.006841	8.4
1121	-0.000000	140.526192	0.000000	8.0
1122	-0.380896	140.457239	0.004590	8.1
1123	0.000000	140.388376	0.000000	8.4
1124	-0.458568	140.319603	0.005308	8.2
1125	-0.005114	140.250920	0.000099	10.4
1126	-0.673235	140.182326	0.007774	8.0
1127	-0.000000	140.113822	0.000000	9.1
1128	-0.385498	140.045407	0.003422	8.0
1129	-0.731715	139.977081	0.006206	9.3
1130	0.000000	139.908844	0.000000	9.4
1131	-0.000000	139.840696	0.000000	8.5
1132	-0.427186	139.772635	0.005505	9.5
1133	-0.082666	139.704664	0.002066	8.5
1134	-0.350034	139.636780	0.003725	10.1
1135	-0.884320	139.568984	0.010707	8.7
1136	-0.000000	139.501276	0.000000	8.7
1137	-0.685903	139.433655	0.007366	8.3
1138	-0.975068	139.366122	0.007222	9.4
1139	-1.134238	139.298676	0.010739	9.5
1140	-0.593294	139.231317	0.005618	8.5
1141	-0.798343	139.164045	0.006922	10.2
1142	-0.595840	139.096859	0.006049	8.4
1143	-1.085660	139.029760	0.017558	9.2
1144	-0.000000	138.962747	0.000000	8.2
1145	-0.703436	138.895820	0.004705	8.4
1146	-0.000000	138.828978	0.000000	9.2
1147	-0.000000	138.762223	0.000000	9.8
1148	-0.285032	138.695553	0.003056	10.2
1149	-0.013057	138.628969	0.000078	8.5
1150	-0.978659	138.562469	0.006996	9.8
1151	-0.000000	138.496055	0.000000	8.7
1152	-0.729165	138.429725	0.006140	8.6
1153	-0.506311	138.363481	0.007200	9.4
1154	-0.000000	138.297320	0.000000	8.0
1155	-0.000000	138.231244	0.000000	10.2
1156	-0.083608	138.165252	0.002062	8.2
1157	-0.795931	138.099344	0.005234	8.5
1158	-0.011496	138.033520	0.000613	8.1
1159	-0.398783	137.967779	0.007166	8.6
1160	-0.001150	137.902122	0.000063	8.2
1161	-0.001160	137.836548	0.000033	8.2
1162	-0.000000	137.771057	0.000000	8.1
1163	-0.364642	137.705649	0.005253	8.0
1164	-0.886353	137.640324	0.007145	7.8
1165	-1.007724	137.575081	0.007446	9.9
1166	-1.002181	137.509921	0.012599	9.4
1167	-0.039861	137.444842	0.001466	7.7
1168	-0.859371	137.379846	0.005124	9.3
1169	-0.298482	137.314932	0.003708	9.4
1170	-0.744020	137.250100	0.009349	9.5
1171	0.000000	137.185349	0.000000	8.2
1172	-0.534305	137.120680	0.006663	8.4
1173	-0.887447	137.056092	0.007305	8.8
1174	-0.545341	136.991585	0.006308	8.3
1175	-0.002603	136.927158	0.000035	8.9
1176	0.000000	136.862813	0.000000	9.9
1177	-0.002842	136.798548	0.000075	10.0
1178	-1.070365	136.734363	0.029192	8.7
1179	-0.000000	136.670259	0.000000	8.8
1180	-1.102038	136.606235	0.039980	8.7
1181	-0.659183	136.542291	0.005205	8.3
1182	-0.475836	136.478426	0.007300	9.9
1183	-0.751632	136.414641	0.005310	9.2
1184	-0.624455	136.350936	0.006548	9.1
1185	-0.542499	136.287310	0.003017	8.5
1186	-0.906567	136.223763	0.010976	8.6
1187	-0.000789	136.160295	0.000035	8.5
1188	-0.372148	136.096905	0.006974	8.9
1189	-1.002893	136.033594	0.010074	8.3
1190	-0.921293	135.970362	0.005152	9.1
1191	-0.677031	135.907208	0.012440	10.3
1192	-0.000044	135.844133	0.000001	7.9
1193	-0.225796	135.781135	0.004889	9.2
1194	-0.019485	135.718215	0.000640	8.0
1195	-0.006985	135.655373	0.000304	9.8
1196	-0.953724	135.592608	0.006972	8.6
1197	-0.009606	135.529921	0.000216	8.2
1198	-0.810865	135.467311	0.008109	8.7
1199	-0.914841	135.404778	0.005468	8.4
1200	-0.642842	135.342322	0.007181	9.4
1201	-0.000000	135.279942	0.000000	8.3
1202	-0.007576	135.217640	0.000084	9.3
1203	-0.740815	135.155413	0.007271	8.3
1204	-0.000001	135.093263	0.000000	8.1
1205	-0.328920	135.031190	0.003448	8.4
1206	-0.279768	134.969192	0.003941	9.0
1207	-0.036978	134.907270	0.001419	8.2
1208	-0.672191	134.845424	0.010056	8.8
1209	-0.017110	134.783653	0.000242	9.4
1210	-0.000000	134.721958	0.000000	8.3
1211	-0.000000	134.660338	0.000000	10.2
1212	-0.202855	134.598793	0.002322	8.8
1213	-0.020053	134.537323	0.001102	8.9
1214	-0.904625	134.475927	0.005084	8.2
1215	-0.638789	134.414607	0.005965	8.8
1216	-0.958234	134.353361	0.005904	9.5
1217	-0.884867	134.292189	0.009813	8.3
1218	-1.025450	134.231092	0.029146	9.7
1219	-0.000000	134.170068	0.000000	8.6
1220	-0.001539	134.109119	0.000016	8.8
1221	-0.645133	134.048243	0.005702	9.2
1222	-0.526887	133.987441	0.007054	8.6
1223	-0.000000	133.926713	0.000000	8.4
1224	-0.940923	133.866057	0.007761	8.1
1225	-0.639133	133.805475	0.012116	8.3
1226	-0.000000	133.744966	0.000000	8.8
1227	-0.930248	133.684530	0.004997	9.7
1228	-0.000000	133.624167	0.000000	8.0
1229	-1.037906	133.563877	0.007448	9.3
1230	-0.496483	133.503658	0.004330	7.9
1231	-0.448441	133.443513	0.006923	9.1
1232	0.000000	133.383439	0.000000	7.7
1233	-0.895937	133.323437	0.005681	8.6
1234	-0.638097	133.263508	0.005947	9.0
1235	-0.004803	133.203650	0.000042	8.7
1236	-1.006457	133.143864	0.010178	9.9
1237	-0.853013	133.084149	0.005556	8.4
1238	-0.000000	133.024506	0.000000	9.4
1239	-0.875243	132.964934	0.005220	7.7
1240	-0.484318	132.905433	0.007300	9.8
1241	-1.211023	132.846003	0.011985	8.2
1242	-0.000000	132.786643	0.000000	9.1
1243	-0.234003	132.727355	0.002463	8.5
1244	-0.803000	132.668137	0.006413	8.1
1245	-0.000000	132.608989	0.000000	8.3
1246	-0.561621	132.549912	0.005599	8.2
1247	-0.855950	132.490904	0.006100	9.3
1248	-0.606142	132.431967	0.004354	8.9
1249	-0.000000	132.373100	0.000000	9.5
1250	-0.814011	132.314302	0.006195	8.4
1251	-0.668309	132.255574	0.005373	8.7
1252	-0.846876	132.196916	0.007318	7.9
1253	-0.000000	132.138326	0.000000	8.8
1254	-0.000000	132.079806	0.000000	8.4
1255	-0.005178	132.021355	0.000049	8.9
1256	-0.977263	131.962973	0.013695	9.0
1257	-0.774748	131.904660	0.009183	8.4
1258	0.000000	131.846415	0.000000	9.9
1259	-0.188559	131.788239	0.003111	8.1
1260	-0.624313	131.730131	0.009819	8.8
1261	-0.547630	131.672092	0.006977	9.1
1262	0.000000	131.614121	0.000000	9.5
1263	-0.707475	131.556217	0.007893	9.1
1264	-0.746385	131.498382	0.013594	8.4
1265	-0.461936	131.440614	0.005780	9.5
1266	-0.109271	131.382914	0.002004	8.0
1267	-0.000000	131.325282	0.000000	9.1
1268	-0.000000	131.267717	0.000000	8.4
1269	-0.784183	131.210219	0.009019	8.2
1270	-0.547238	131.152788	0.009204	8.9
1271	-0.000000	131.095424	0.000000	8.9
1272	0.000000	131.038127	0.000000	7.7
1273	-0.812522	130.980897	0.007249	8.7
1274	-0.938063	130.923733	0.015269	8.2
1275	-0.001154	130.866636	0.000224	8.8
1276	-0.838465	130.809605	0.013979	8.6
1277	-0.077245	130.752641	0.002728	8.2
1278	-0.923529	130.695742	0.005123	10.2
1279	-0.459155	130.638910	0.003324	7.9
1280	-0.968283	130.582143	0.006589	9.2
1281	-0.785859	130.525442	0.003762	8.0
1282	0.000000	130.468807	0.000000	9.2
1283	-1.025604	130.412237	0.011626	8.3
1284	-0.065041	130.355733	0.002121	9.3
1285	0.000000	130.299294	0.000000	8.9
1286	-0.666184	130.242920	0.008699	8.8
1287	-0.265130	130.186611	0.006173	10.3
1288	-0.740520	130.130366	0.006892	8.1
1289	-0.025344	130.074187	0.000487	9.5
1290	-1.033263	130.018072	0.006250	9.2
1291	-0.000000	129.962022	0.000000	8.3
1292	-0.558843	129.906036	0.003035	9.3
1293	-0.283934	129.850114	0.002098	8.1
1294	-0.169214	129.794257	0.004100	9.2
1295	-0.923263	129.738463	0.008146	8.9
1296	-0.801361	129.682734	0.007604	9.2
1297	-0.928479	129.627068	0.005751	8.2
1298	-0.954327	129.571466	0.006870	8.6
1299	-0.692804	129.515927	0.006618	7.6
1300	-0.278426	129.460452	0.001844	8.3
1301	-0.000003	129.405040	0.000000	9.2
1302	-0.749899	129.349692	0.008290	8.6
1303	-0.436740	129.294406	0.004377	7.7
1304	-0.000000	129.239183	0.000000	8.4
1305	-0.077445	129.184024	0.001531	7.9
1306	-0.000011	129.128927	0.000002	8.1
1307	-0.521593	129.073892	0.004314	7.9
1308	-0.858694	129.018921	0.009069	8.7
1309	-0.000000	128.964011	0.000000	9.1
1310	-0.824897	128.909164	0.006275	7.8
1311	-0.001042	128.854379	0.000011	9.9
1312	-0.000000	128.799656	0.000000	8.0
1313	-0.576172	128.744995	0.007071	11.0
1314	-0.000000	128.690396	0.000000	8.7
1315	-0.000000	128.635858	0.000000	8.0
1316	-0.745264	128.581382	0.005550	7.9
1317	-0.983828	128.526968	0.008696	9.0
1318	-0.304641	128.472615	0.003503	9.2
1319	-0.477254	128.418323	0.007192	9.1
1320	-0.890412	128.364092	0.014997	9.4
1321	-0.609641	128.309922	0.004276	8.8
1322	-0.919198	128.255814	0.006577	8.8
1323	-0.189991	128.201766	0.002038	8.1
1324	-0.058428	128.147778	0.001909	9.1
1325	-0.026583	128.093852	0.001082	8.3
1326	-0.765693	128.039985	0.007841	8.8
1327	-0.109274	127.986180	0.002056	8.8
1328	-0.892457	127.932434	0.005444	8.3
1329	-0.000000	127.878749	0.000000	9.7
1330	-0.000000	127.825123	0.000000	8.1
1331	-0.000000	127.771558	0.000000	9.6
1332	-0.366920	127.718052	0.004557	8.6
1333	-0.000995	127.664606	0.000117	8.7
1334	-0.528464	127.611220	0.004788	8.0
1335	-0.454269	127.557893	0.003338	8.9
1336	-0.000000	127.504625	0.000000	8.2
1337	-0.039111	127.451417	0.000397	8.6
1338	-0.514770	127.398268	0.005186	9.0
1339	-0.000000	127.345178	0.000000	7.7
1340	-0.225136	127.292147	0.002267	9.4
1341	-1.145519	127.239175	0.006773	8.5
1342	-0.473847	127.186261	0.008405	9.5
1343	-0.028785	127.133407	0.000531	8.5
1344	-0.583197	127.080610	0.006640	8.6
1345	-0.475824	127.027872	0.002695	7.6
1346	-0.879279	126.975193	0.008582	8.8
1347	-0.000000	126.922572	0.000000	8.2
1348	-0.472478	126.870008	0.007236	8.9
1349	-0.771834	126.817503	0.007370	8.2
1350	-0.269370	126.765056	0.005516	8.9
1351	0.000000	126.712667	0.000000	9.6
1352	-0.000000	126.660335	0.000000	8.2
1353	-0.073591	126.608061	0.002654	8.9
1354	-0.053255	126.555844	0.002185	8.1
1355	-0.598617	126.503685	0.005602	10.0
1356	-0.594539	126.451583	0.006330	8.8
1357	-0.000000	126.399538	0.000000	8.4
1358	-0.000000	126.347550	0.000000	9.4
1359	-1.024335	126.295619	0.007448	8.9
1360	-0.034146	126.243745	0.000652	9.6
1361	-0.549428	126.191928	0.005788	8.9
1362	-0.746575	126.140168	0.006957	9.4
1363	-0.487264	126.088464	0.006234	8.9
1364	-0.564864	126.036817	0.006751	9.2
1365	-0.089444	125.985226	0.000771	10.4
1366	-0.661031	125.933691	0.007337	8.0
1367	-0.000000	125.882212	0.000000	10.2
1368	-0.111185	125.830790	0.003459	8.1
1369	-0.154692	125.779423	0.003748	8.9
1370	-0.610011	125.728113	0.006289	7.6
1371	-0.795006	125.676858	0.007524	8.3
1372	-0.575444	125.625659	0.005661	7.9
1373	-0.473847	125.574515	0.007284	8.8
1374	-0.823904	125.523427	0.005033	8.2
1375	-0.889872	125.472394	0.005559	8.9
1376	-0.185285	125.421417	0.002633	10.6
1377	-0.527249	125.370495	0.006877	8.5
1378	-0.000000	125.319628	0.000000	9.5
1379	-0.635497	125.268815	0.006076	7.7
1380	-0.000000	125.218058	0.000000	8.1
1381	-0.847625	125.167356	0.005360	8.5
1382	-0.948312	125.116708	0.010457	8.8
1383	-0.000000	125.066115	0.000000	8.8
1384	-0.812686	125.015576	0.005355	8.2
1385	-0.000000	124.965092	0.000000	9.3
1386	-0.015778	124.914662	0.000288	8.6
1387	-0.607144	124.864287	0.005141	8.9
1388	-0.941389	124.813965	0.010431	9.3
1389	-0.605258	124.763698	0.007072	9.8
1390	-0.318652	124.713485	0.003811	10.7
1391	-1.009286	124.663325	0.007291	9.5
1392	-0.875303	124.613219	0.004817	9.1
1393	-0.000000	124.563167	0.000000	8.2
1394	-0.508203	124.513168	0.003095	9.2
1395	-0.000000	124.463223	0.000000	8.3
1396	-0.000469	124.413332	0.000011	8.6
1397	-0.000000	124.363493	0.000000	10.5
1398	-0.010346	124.313708	0.000107	8.1
1399	-1.029162	124.263976	0.007835	9.8
1400	0.000000	124.214297	0.000000	8.7
1401	-0.730456	124.164671	0.004682	8.6
1402	-0.692494	124.115097	0.007506	8.1
1403	-0.441113	124.065577	0.005076	8.1
1404	-0.000000	124.016109	0.000000	7.9
1405	-0.000000	123.966693	0.000000	8.1
1406	-0.777769	123.917330	0.007901	9.6
1407	-0.368544	123.868020	0.004472	8.8
1408	-0.449577	123.818762	0.006890	9.4
1409	-0.000000	123.769556	0.000000	8.0
1410	-0.000000	123.720402	0.000000	8.9
1411	-0.537615	123.671300	0.005757	8.7
1412	-0.464161	123.622250	0.003959	9.0
1413	-0.382097	123.573252	0.007341	8.5
1414	-0.259623	123.524305	0.006328	8.7
1415	-0.619055	123.475411	0.005611	8.1
1416	-0.871605	123.426568	0.007185	8.9
1417	-0.681540	123.377776	0.004040	9.4
1418	-0.000000	123.329036	0.000000	8.8
1419	-0.000000	123.280347	0.000000	9.9
1420	-0.207175	123.231709	0.005386	8.4
1421	-0.999960	123.183122	0.015812	7.8
1422	-0.807501	123.134587	0.009341	10.3
1423	-0.907550	123.086102	0.005458	7.9
1424	-0.347352	123.037669	0.007834	9.6
1425	-0.771260	122.989286	0.004358	9.4
1426	-0.037427	122.940954	0.001313	9.3
1427	-0.672800	122.892672	0.004182	8.3
1428	-0.497637	122.844441	0.008069	8.6
1429	-0.786725	122.796261	0.008708	9.1
1430	-0.913198	122.748130	0.006264	8.8
1431	-0.881078	122.700050	0.009691	9.7
1432	-0.000000	122.652021	0.000000	8.9
1433	-1.002759	122.604041	0.005570	9.1
1434	-0.883857	122.556111	0.009112	8.3
1435	-0.338965	122.508232	0.005886	8.5
1436	-0.000000	122.460402	0.000000	8.0
1437	-0.026931	122.412622	0.001030	8.5
1438	-0.300516	122.364891	0.004183	8.4
1439	-0.519251	122.317210	0.004974	7.7
1440	-0.356757	122.269579	0.005050	10.8
1441	-0.029662	122.221997	0.001202	8.2
1442	-0.573029	122.174465	0.006307	8.6
1443	-0.519196	122.126981	0.007425	7.7
1444	-0.106424	122.079547	0.001936	8.5
1445	0.000000	122.032162	0.000000	8.4
1446	-0.816173	121.984826	0.007630	8.6
1447	-0.630815	121.937539	0.005335	7.7
1448	-0.903620	121.890301	0.008991	8.6
1449	0.000000	121.843112	0.000000	8.5
1450	-0.671991	121.795971	0.006643	8.2
1451	-0.000514	121.748879	0.000017	8.4
1452	-0.784311	121.701835	0.004647	8.9
1453	0.000000	121.654840	0.000000	10.2
1454	-0.491798	121.607893	0.006702	7.8
1455	-0.066036	121.560994	0.001488	9.2
1456	-0.047039	121.514144	0.000985	8.0
1457	-0.629895	121.467342	0.005539	8.9
1458	-0.986805	121.420588	0.009259	8.2
1459	-1.021871	121.373882	0.004878	8.2
1460	-1.002433	121.327223	0.016941	7.7
1461	-1.214645	121.280613	0.018846	9.8
1462	-0.529124	121.234050	0.006603	9.8
1463	-0.929620	121.187535	0.005661	7.8
1464	-0.162017	121.141067	0.003075	9.1
1465	-0.381513	121.094647	0.004779	8.9
1466	0.000000	121.048274	0.000000	8.6
1467	-0.859370	121.001949	0.010174	8.3
1468	-0.035217	120.955671	0.001130	8.7
1469	-0.863954	120.909440	0.010522	8.9
1470	-0.359823	120.863256	0.006221	8.8
1471	-0.880928	120.817119	0.007069	9.1
1472	-0.559926	120.771029	0.005457	8.9
1473	-0.800569	120.724986	0.006383	10.2
1474	-0.317293	120.678990	0.003711	8.2
1475	-0.747315	120.633040	0.009980	9.4
1476	-0.000000	120.587137	0.000000	8.8
1477	-1.157758	120.541281	0.018304	10.2
1478	-0.864171	120.495471	0.008127	10.4
1479	-0.519408	120.449707	0.006803	8.9
1480	-0.001928	120.403990	0.000582	8.9
1481	-0.514316	120.358319	0.005495	11.5
1482	-0.874590	120.312694	0.007516	8.8
1483	-0.892712	120.267115	0.008808	9.6
1484	-0.037542	120.221582	0.000250	9.7
1485	-0.698347	120.176096	0.007081	8.9
1486	-0.030176	120.130655	0.000378	9.4
1487	-0.000648	120.085260	0.000032	9.5
1488	-0.132049	120.039910	0.001718	9.3
1489	-1.062164	119.994606	0.012589	8.7
1490	0.000000	119.949348	0.000000	9.5
1491	-0.165116	119.904135	0.005375	10.5
1492	-0.143019	119.858968	0.001605	8.3
1493	-0.799104	119.813846	0.006774	9.4
1494	-0.948293	119.768769	0.007636	7.9
1495	-0.103861	119.723738	0.002467	11.3
1496	-0.950072	119.678752	0.010147	9.4
1497	-0.030661	119.633810	0.000987	8.8
1498	-0.050246	119.588914	0.001290	10.3
1499	-0.683368	119.544062	0.005465	8.9
1500	-0.075253	119.499256	0.002027	11.2
1501	-0.994606	119.454494	0.007916	9.9
1502	-0.110345	119.409777	0.002293	8.4
1503	-1.066481	119.365104	0.007863	9.6
1504	-0.058205	119.320476	0.002690	8.3
1505	-0.831218	119.275893	0.005986	8.5
1506	-0.281850	119.231353	0.005181	10.6
1507	-1.049932	119.186859	0.008490	8.2
1508	0.000000	119.142408	0.000000	9.9
1509	-0.161492	119.098002	0.003610	9.0
1510	0.000000	119.053639	0.000000	8.9
1511	-0.546269	119.009321	0.005269	8.7
1512	-0.009170	118.965047	0.000166	9.1
1513	-0.000163	118.920816	0.000014	10.4
1514	-0.625556	118.876630	0.004248	8.7
1515	-0.000000	118.832487	0.000000	9.1
1516	-0.000000	118.788388	0.000000	8.4
1517	-0.737247	118.744332	0.006976	9.1
1518	-0.002505	118.700320	0.000419	9.0
1519	-1.074889	118.656352	0.010211	8.8
1520	-0.939393	118.612427	0.006506	7.9
1521	-0.390614	118.568545	0.004436	8.3
1522	-0.150091	118.524706	0.003140	8.1
1523	-0.544464	118.480911	0.005330	9.1
1524	-0.274932	118.437159	0.002372	10.6
1525	-0.521764	118.393450	0.004844	7.8
1526	-0.000000	118.349784	0.000000	9.3
1527	-0.696577	118.306160	0.007076	8.6
1528	-0.634215	118.262580	0.005189	8.5
1529	-0.031588	118.219042	0.000601	9.3
1530	-0.000000	118.175548	0.000000	8.8
1531	-0.000000	118.132095	0.000000	9.2
1532	-0.528706	118.088686	0.005950	7.9
1533	-0.000000	118.045319	0.000000	9.7
1534	-0.784721	118.001994	0.006585	8.4
1535	-0.973361	117.958712	0.012911	9.6
1536	-0.766209	117.915472	0.008704	8.2
1537	-1.075364	117.872274	0.007376	8.3
1538	0.000000	117.829118	0.000000	8.2
1539	-0.193642	117.786005	0.002597	8.3
1540	-0.961771	117.742933	0.007737	8.4
1541	-0.576577	117.699904	0.005132	9.1
1542	-0.808740	117.656916	0.006841	9.1
1543	-0.317609	117.613971	0.004842	8.2
1544	-0.345552	117.571067	0.004356	9.5
1545	-0.847044	117.528205	0.008572	8.6
1546	0.000000	117.485384	0.000000	9.3
1547	-0.030898	117.442605	0.001214	8.2
1548	-0.667910	117.399867	0.005860	8.5
1549	-0.535987	117.357171	0.004375	8.8
1550	-0.316873	117.314517	0.005480	9.0
1551	-0.000000	117.271903	0.000000	9.9
1552	-0.000000	117.229331	0.000000	8.1
1553	-0.000000	117.186800	0.000000	9.1
1554	-1.041996	117.144311	0.014241	8.8
1555	-0.940791	117.101862	0.005653	8.4
1556	-0.525473	117.059454	0.005783	8.2
1557	-0.504600	117.017087	0.004911	8.9
1558	-1.006580	116.974762	0.006297	9.7
1559	-0.000000	116.932476	0.000000	9.3
1560	-0.000000	116.890232	0.000000	9.3
1561	-1.030886	116.848028	0.007096	8.3
1562	-0.000000	116.805865	0.000000	9.1
1563	-0.688721	116.763743	0.005831	9.6
1564	-0.418360	116.721661	0.009229	9.0
1565	-0.591914	116.679619	0.003085	10.2
1566	-0.179953	116.637618	0.001851	8.7
1567	-0.865097	116.595657	0.014344	9.0
1568	-0.757028	116.553736	0.005554	8.1
1569	-0.919487	116.511855	0.007041	9.6
1570	-0.438229	116.470015	0.006101	8.0
1571	0.000000	116.428214	0.000000	8.6
1572	-0.477992	116.386454	0.005186	8.5
1573	-0.002798	116.344733	0.000097	8.5
1574	-0.872392	116.303052	0.004726	10.4
1575	-0.000000	116.261412	0.000000	8.0
1576	-0.874551	116.219810	0.006996	9.3
1577	-0.271216	116.178249	0.004209	8.2
1578	-0.000000	116.136727	0.000000	8.8
1579	-0.000000	116.095245	0.000000	8.0
1580	-0.983782	116.053802	0.008116	8.7
1581	-0.354146	116.012398	0.004401	9.4
1582	-0.000000	115.971034	0.000000	8.7
1583	-0.483176	115.929710	0.003485	9.9
1584	-0.937735	115.888424	0.012510	9.3
1585	-0.105110	115.847178	0.001342	9.3
1586	-0.750587	115.805970	0.006482	8.9
1587	-0.117047	115.764802	0.003093	9.7
1588	-0.574690	115.723673	0.005514	9.9
1589	-0.932674	115.682583	0.004564	9.2
1590	0.000000	115.641532	0.000000	9.0
1591	-1.067327	115.600519	0.008921	10.1
1592	-0.029218	115.559546	0.001201	9.4
1593	-0.718469	115.518610	0.009870	9.9
1594	-0.892879	115.477714	0.004239	8.7
1595	-0.503593	115.436856	0.008594	9.4
1596	-0.931108	115.396037	0.005985	8.2
1597	-0.023628	115.355256	0.000943	9.3
1598	-0.000000	115.314514	0.000000	9.7
1599	-0.236884	115.273810	0.003660	8.2
1600	-0.000000	115.233144	0.000000	9.8
1601	-0.849329	115.192517	0.007141	8.6
1602	-0.001324	115.151927	0.000295	9.8
1603	-0.000000	115.111376	0.000000	11.3
1604	-0.191776	115.070863	0.006414	10.1
1605	-0.000000	115.030388	0.000000	11.2
1606	-0.537341	114.989951	0.006738	11.6
1607	-0.785410	114.949551	0.006567	8.6
1608	-0.910854	114.909190	0.010288	9.7
1609	-0.635783	114.868866	0.011986	9.7
1610	-1.002523	114.828580	0.007517	9.6
1611	-0.604210	114.788332	0.006814	9.5
1612	-0.924439	114.748121	0.005438	8.9
1613	-0.000000	114.707948	0.000000	8.7
1614	-0.844844	114.667812	0.015058	9.1
1615	-1.118375	114.627714	0.013007	9.2
1616	-0.508309	114.587653	0.004400	8.7
1617	-0.398049	114.547629	0.005894	9.7
1618	-0.830619	114.507643	0.006073	9.1
1619	-0.738915	114.467693	0.004939	9.1
1620	-1.009867	114.427781	0.007595	9.6
1621	-0.307934	114.387907	0.003944	8.7
1622	-0.865133	114.348069	0.005856	9.2
1623	-1.036993	114.308268	0.007187	10.8
1624	-0.594905	114.268504	0.006661	7.8
1625	-0.725932	114.228777	0.004954	9.1
1626	-0.743283	114.189086	0.007528	8.7
1627	-0.833823	114.149433	0.007539	9.4
1628	-0.757598	114.109816	0.006423	8.1
1629	-0.100555	114.070235	0.002291	9.1
1630	-0.354205	114.030692	0.004870	9.9
1631	-0.458548	113.991185	0.004926	8.7
1632	-0.800073	113.951714	0.007908	12.1
1633	-0.211978	113.912280	0.003579	9.0
1634	-0.800532	113.872882	0.007324	8.4
1635	-0.000115	113.833521	0.000004	9.7
1636	-0.775491	113.794195	0.006906	8.3
1637	-1.002279	113.754906	0.006674	9.5
1638	-0.548749	113.715653	0.005305	8.5
1639	-0.000000	113.676437	0.000000	9.9
1640	-0.007804	113.637256	0.000204	10.0
1641	-0.819738	113.598111	0.005437	8.6
1642	-0.783729	113.559002	0.004799	8.8
1643	-0.754243	113.519929	0.008753	8.5
1644	-0.000000	113.480892	0.000000	9.7
1645	-0.957598	113.441891	0.005994	8.1
1646	-0.716058	113.402925	0.007418	8.7
1647	-0.005418	113.363995	0.000248	8.7
1648	-0.002542	113.325101	0.000032	8.6
1649	-0.148022	113.286242	0.003110	10.4
1650	-0.000000	113.247419	0.000000	9.5
1651	-0.002132	113.208631	0.000034	8.7
1652	-0.351188	113.169879	0.003603	9.6
1653	-0.000000	113.131162	0.000000	9.3
1654	-0.006717	113.092480	0.000439	10.6
1655	-0.638232	113.053833	0.007297	9.0
1656	-0.586743	113.015222	0.007121	10.0
1657	-0.012468	112.976646	0.000123	8.5
1658	-0.659418	112.938105	0.006819	8.7
1659	-0.004480	112.899599	0.001092	10.5
1660	-0.489194	112.861128	0.003414	9.3
1661	-1.030789	112.822692	0.007720	9.2
1662	-0.802273	112.784291	0.006706	9.7
1663	-0.005285	112.745924	0.000080	9.5
1664	-0.994744	112.707593	0.007979	10.1
1665	-0.414544	112.669296	0.003628	9.4
1666	-0.682120	112.631034	0.007334	10.3
1667	-1.007719	112.592806	0.006274	11.0
1668	0.000000	112.554613	0.000000	8.9
1669	-0.000120	112.516455	0.000005	10.3
1670	-0.273215	112.478331	0.001631	8.8
1671	-1.009258	112.440241	0.005887	9.8
1672	-0.479859	112.402186	0.002693	11.1
1673	-0.108598	112.364165	0.002215	8.5
1674	-0.584524	112.326179	0.005318	8.8
1675	-0.616083	112.288227	0.004733	8.3
1676	-0.441788	112.250309	0.004945	10.3
1677	-0.497865	112.212425	0.008034	9.5
1678	-0.471426	112.174575	0.008298	8.9
1679	-0.202516	112.136759	0.003109	9.3
1680	-0.000000	112.098977	0.000000	8.2
1681	-0.857546	112.061229	0.006144	8.9
1682	0.000000	112.023515	0.000000	10.0
1683	-1.024266	111.985834	0.008201	8.6
1684	-0.905126	111.948188	0.007757	10.0
1685	-0.024184	111.910575	0.001552	8.7
1686	-0.727785	111.872996	0.003707	9.1
1687	-0.844807	111.835450	0.009078	9.4
1688	-0.362717	111.797939	0.002798	8.6
1689	-0.873465	111.760460	0.006767	8.7
1690	-0.734373	111.723015	0.007117	8.9
1691	-0.179642	111.685604	0.003213	10.2
1692	-0.844673	111.648226	0.006537	8.8
1693	-0.273566	111.610881	0.006402	9.0
1694	-0.570890	111.573570	0.003141	9.0
1695	-0.953079	111.536292	0.007814	9.3
1696	-0.799212	111.499047	0.005581	9.9
1697	-0.000000	111.461835	0.000000	9.2
1698	-0.000000	111.424656	0.000000	9.6
1699	-0.010218	111.387510	0.000132	8.7
1700	-0.618700	111.350398	0.008690	9.4
1701	-0.197509	111.313318	0.002331	10.5
1702	-0.013435	111.276271	0.000168	8.6
1703	-0.826394	111.239257	0.007568	10.3
1704	-0.762694	111.202276	0.007280	8.8
1705	-0.629947	111.165328	0.009413	10.1
1706	-0.749148	111.128412	0.007263	10.7
1707	-0.872995	111.091529	0.007946	9.4
1708	-0.000000	111.054679	0.000000	9.6
1709	-0.956001	111.017861	0.005732	10.4
1710	-0.808943	110.981076	0.007338	9.5
1711	-0.985526	110.944323	0.007004	9.8
1712	-0.918366	110.907603	0.005935	9.6
1713	-0.423846	110.870915	0.008240	9.0
1714	-0.000000	110.834259	0.000000	8.7
1715	-0.350281	110.797636	0.004399	9.8
1716	-0.899862	110.761045	0.006917	9.0
1717	-0.000000	110.724486	0.000000	8.1
1718	-0.931136	110.687959	0.005497	9.6
1719	-0.643375	110.651465	0.004210	8.7
1720	-0.000000	110.615002	0.000000	9.0
1721	-0.502070	110.578572	0.002786	8.8
1722	-0.646510	110.542173	0.004900	8.7
1723	-0.439029	110.505807	0.004384	10.9
1724	-1.051325	110.469472	0.009377	8.9
1725	-0.000000	110.433169	0.000000	8.7
1726	-0.752377	110.396898	0.007357	9.9
1727	-1.016433	110.360659	0.006254	8.6
1728	-0.366359	110.324451	0.002414	9.6
1729	-0.901582	110.288276	0.005242	9.6
1730	-0.968948	110.252131	0.006400	9.5
1731	-0.029605	110.216019	0.001665	10.1
1732	-0.911023	110.179937	0.008104	9.8
1733	-0.795129	110.143888	0.006502	9.4
1734	0.000000	110.107869	0.000000	8.4
1735	-0.000000	110.071882	0.000000	9.7
1736	-0.397993	110.035927	0.006112	10.2
1737	-0.848454	110.000003	0.008829	9.3
1738	-0.000000	109.964110	0.000000	9.5
1739	-0.535958	109.928248	0.005468	7.9
1740	-0.000000	109.892417	0.000000	9.4
1741	0.000000	109.856618	0.000000	9.1
1742	-0.585021	109.820850	0.007060	9.4
1743	-0.189893	109.785112	0.002511	10.4
1744	-0.021408	109.749406	0.003129	9.0
1745	-0.075969	109.713730	0.002861	8.8
1746	-0.001289	109.678086	0.000311	8.8
1747	-0.272943	109.642472	0.003465	10.0
1748	-0.055115	109.606890	0.001187	9.3
1749	-0.101922	109.571337	0.002841	8.8
1750	-0.346817	109.535816	0.007067	10.2
1751	-0.486542	109.500326	0.004735	8.7
1752	-0.505268	109.464866	0.006694	9.0
1753	-0.910584	109.429436	0.006968	9.0
1754	-0.726843	109.394038	0.004562	9.8
1755	0.000000	109.358669	0.000000	10.0
1756	-0.000000	109.323331	0.000000	9.0
1757	-0.000000	109.288024	0.000000	9.9
1758	-0.221944	109.252747	0.003124	9.1
1759	-0.782623	109.217501	0.007296	10.0
1760	-0.064836	109.182284	0.000321	11.0
1761	-0.036102	109.147098	0.000832	11.3
1762	-0.331201	109.111942	0.009704	8.4
1763	-0.001984	109.076817	0.000027	10.1
1764	-0.689447	109.041721	0.005035	9.5
1765	-0.186596	109.006656	0.002076	9.9
1766	-0.673095	108.971620	0.004999	10.1
1767	-0.524374	108.936615	0.006081	9.1
1768	-0.344624	108.901640	0.005360	10.3
1769	-0.203898	108.866694	0.002568	9.6
1770	-0.034107	108.831779	0.002475	9.4
1771	-0.745927	108.796893	0.004992	10.6
1772	-0.242343	108.762037	0.003872	9.2
1773	-0.494841	108.727211	0.004011	8.5
1774	-0.381473	108.692415	0.003389	8.3
1775	-0.674351	108.657648	0.006034	9.4
1776	-0.856636	108.622911	0.006431	9.3
1777	-0.000000	108.588203	0.000000	8.7
1778	-0.652179	108.553525	0.004106	9.8
1779	-0.818949	108.518877	0.007015	8.6
1780	-0.101578	108.484258	0.002400	9.5
1781	-0.043463	108.449668	0.000854	8.5
1782	-0.873331	108.415108	0.005456	8.4
1783	-0.012962	108.380578	0.000142	9.2
1784	-0.000000	108.346076	0.000000	9.5
1785	-0.000000	108.311604	0.000000	9.7
1786	-0.094615	108.277161	0.002495	8.2
1787	-0.000000	108.242747	0.000000	9.8
1788	-0.886824	108.208363	0.007581	8.1
1789	-1.022367	108.174007	0.005947	8.9
1790	-0.015436	108.139681	0.000218	9.7
1791	0.000000	108.105383	0.000000	8.8
1792	-1.013802	108.071115	0.008883	9.5
1793	-0.797805	108.036875	0.009902	8.4
1794	-0.122069	108.002665	0.004227	8.4
1795	-0.826466	107.968483	0.007525	8.7
1796	-0.981100	107.934330	0.008369	8.6
1797	-0.652925	107.900206	0.004676	8.6
1798	-0.000000	107.866111	0.000000	10.5
1799	-0.708292	107.832044	0.006726	9.2
1800	-0.679554	107.798007	0.007266	8.8
1801	-0.895103	107.763997	0.007428	9.9
1802	-0.913399	107.730017	0.009271	9.0
1803	0.000000	107.696065	0.000000	8.4
1804	-0.935247	107.662141	0.007080	8.8
1805	-0.758588	107.628246	0.008011	9.6
1806	-0.800648	107.594379	0.005990	10.3
1807	-0.714455	107.560541	0.005854	8.2
1808	-1.216866	107.526731	0.010129	10.2
1809	-0.000000	107.492949	0.000000	9.7
1810	-0.002282	107.459196	0.000220	8.9
1811	-1.036963	107.425471	0.007579	9.0
1812	-0.608856	107.391774	0.005628	8.0
1813	-0.450291	107.358106	0.003035	8.7
1814	-1.016621	107.324465	0.012937	10.4
1815	-0.626248	107.290853	0.006083	8.1
1816	-0.213354	107.257268	0.002910	10.1
1817	-0.473575	107.223712	0.005887	8.9
1818	-0.633236	107.190184	0.006272	9.4
1819	-0.725567	107.156683	0.006539	9.0
1820	-0.087570	107.123211	0.000954	9.3
1821	0.000000	107.089766	0.000000	9.1
1822	-0.771675	107.056349	0.005547	8.7
1823	-0.000000	107.022960	0.000000	9.5
1824	-0.000000	106.989599	0.000000	9.1
1825	-0.390176	106.956265	0.004178	8.5
1826	-0.839865	106.922960	0.005597	8.1
1827	-0.478201	106.889681	0.008247	9.1
1828	-0.997426	106.856431	0.007296	8.3
1829	-0.580009	106.823208	0.005018	8.7
1830	-0.896663	106.790012	0.007432	8.3
1831	-0.759770	106.756844	0.008038	8.8
1832	-0.421948	106.723703	0.004796	10.7
1833	-0.829465	106.690590	0.008084	8.3
1834	-0.176650	106.657505	0.003758	8.6
1835	-0.218402	106.624446	0.003662	8.6
1836	-0.629746	106.591415	0.006637	9.3
1837	-0.568645	106.558411	0.004814	8.4
1838	-0.679689	106.525435	0.004819	9.2
1839	-0.473606	106.492485	0.006325	10.1
1840	-0.543680	106.459563	0.004392	8.6
1841	-0.892813	106.426668	0.006006	9.1
1842	-0.967547	106.393800	0.009211	9.4
1843	-0.491168	106.360959	0.003788	8.6
1844	-0.858973	106.328145	0.006220	8.5
1845	-0.712726	106.295358	0.006110	8.2
1846	-1.086031	106.262598	0.012740	9.7
1847	-0.512835	106.229865	0.005676	9.6
1848	-0.000000	106.197158	0.000000	8.2
1849	-1.034283	106.164479	0.011260	8.1
1850	-0.041725	106.131826	0.001131	9.1
1851	0.000000	106.099201	0.000000	8.4
1852	-0.000040	106.066602	0.000014	8.5
1853	-0.000000	106.034029	0.000000	10.1
1854	-1.103929	106.001483	0.008499	7.9
1855	-0.582465	105.968964	0.006916	10.0
1856	-0.815111	105.936472	0.006132	8.0
1857	-0.000000	105.904006	0.000000	9.6
1858	-0.000000	105.871566	0.000000	9.1
1859	-0.464122	105.839153	0.006105	8.8
1860	-0.000000	105.806767	0.000000	8.2
1861	-0.461689	105.774407	0.005403	8.4
1862	-0.047251	105.742073	0.001546	8.7
1863	-0.000000	105.709766	0.000000	8.9
1864	-0.348733	105.677485	0.004971	9.8
1865	-0.981782	105.645230	0.005886	8.2
1866	-0.945016	105.613001	0.004924	9.1
1867	-0.846208	105.580799	0.004935	8.8
1868	-0.769890	105.548623	0.005133	8.1
1869	-0.900251	105.516473	0.006339	7.9
1870	-0.531052	105.484349	0.006659	10.1
1871	-0.589100	105.452251	0.005398	8.0
1872	-0.945392	105.420179	0.014740	8.5
1873	-1.063640	105.388133	0.010090	8.8
1874	-0.000000	105.356113	0.000000	8.2
1875	-0.046112	105.324119	0.001395	9.2
1876	-1.139980	105.292151	0.007461	9.0
1877	-0.671559	105.260209	0.006068	9.4
1878	-0.456487	105.228293	0.005885	8.0
1879	-0.000000	105.196402	0.000000	8.9
1880	-0.828935	105.164537	0.006519	8.4
1881	-0.168082	105.132698	0.002856	9.1
1882	-0.691862	105.100885	0.004182	9.7
1883	-0.891210	105.069097	0.009264	8.0
1884	-0.012689	105.037335	0.000140	9.9
1885	-0.757671	105.005598	0.004460	8.4
1886	-0.763298	104.973887	0.005326	8.8
1887	-0.214127	104.942202	0.002140	8.6
1888	-0.003578	104.910542	0.000089	8.4
1889	-0.283397	104.878907	0.003448	9.4
1890	-0.302721	104.847298	0.003985	8.6
1891	-0.006125	104.815715	0.000861	10.5
1892	-0.973809	104.784156	0.008073	8.4
1893	-0.577802	104.752623	0.004164	8.8
1894	-0.644070	104.721116	0.007489	8.2
1895	0.000000	104.689633	0.000000	8.7
1896	-1.046883	104.658176	0.015958	8.7
1897	-0.710457	104.626744	0.006520	8.8
1898	-0.177706	104.595337	0.001751	8.4
1899	-0.890585	104.563955	0.005470	8.5
1900	-0.416778	104.532599	0.004518	10.0
1901	-0.000000	104.501267	0.000000	8.4
1902	-0.611375	104.469960	0.008174	9.6
1903	-0.633504	104.438679	0.006398	8.1
1904	-0.777494	104.407422	0.006171	8.6
1905	-0.776765	104.376191	0.005911	7.9
1906	-0.176285	104.344984	0.003625	9.2
1907	-1.078951	104.313802	0.007002	9.5
1908	-0.573663	104.282645	0.004554	8.3
1909	-0.967720	104.251513	0.009105	9.2
1910	-0.000000	104.220405	0.000000	8.4
1911	-0.000012	104.189323	0.000012	8.8
1912	-0.662836	104.158265	0.005516	7.5
1913	-0.000000	104.127231	0.000000	8.5
1914	-0.044121	104.096222	0.001683	8.8
1915	-0.761605	104.065238	0.004614	9.1
1916	-0.247948	104.034279	0.003290	11.4
1917	-0.018631	104.003344	0.001220	8.7
1918	-0.000000	103.972433	0.000000	9.6
1919	-0.977784	103.941547	0.009560	8.2
1920	-0.811197	103.910686	0.005624	8.7
1921	-0.329266	103.879849	0.002584	8.5
1922	-0.154865	103.849036	0.002809	9.5
1923	-0.588528	103.818248	0.004741	9.0
1924	-0.484227	103.787484	0.003455	9.1
1925	-0.000000	103.756744	0.000000	9.7
1926	-0.070760	103.726029	0.003836	8.6
1927	-0.941627	103.695338	0.007602	8.7
1928	-0.000000	103.664671	0.000000	8.4
1929	-0.259523	103.634028	0.003640	8.5
1930	-0.000000	103.603409	0.000000	7.7
1931	-0.877520	103.572814	0.009366	8.5
1932	-0.726409	103.542244	0.006445	9.6
1933	-0.537284	103.511698	0.006900	7.6
1934	-0.905436	103.481175	0.009129	9.3
1935	-1.082437	103.450677	0.008709	7.6
1936	-0.417725	103.420202	0.002239	9.4
1937	-0.000000	103.389752	0.000000	8.0
1938	-0.000000	103.359325	0.000000	8.6
1939	-0.770968	103.328922	0.007936	8.3
1940	-0.000000	103.298543	0.000000	8.3
1941	-0.841766	103.268188	0.004574	8.7
1942	-0.823937	103.237857	0.007910	8.3
1943	-0.785439	103.207549	0.006772	8.0
1944	0.000000	103.177265	0.000000	8.0
1945	-0.646485	103.147005	0.003575	8.9
1946	0.000000	103.116768	0.000000	7.8
1947	-0.000000	103.086556	0.000000	9.2
1948	-0.125438	103.056366	0.003183	9.0
1949	-0.511295	103.026200	0.004994	8.2
1950	-0.625222	102.996058	0.003376	8.1
1951	-0.802167	102.965939	0.005253	9.1
1952	-0.857467	102.935844	0.005835	8.4
1953	-1.049879	102.905772	0.010264	9.5
1954	-0.671452	102.875724	0.003943	8.2
1955	-1.123486	102.845699	0.011310	8.5
1956	-0.000849	102.815697	0.000014	8.1
1957	-0.728065	102.785719	0.006233	7.8
1958	-0.000000	102.755764	0.000000	10.1
1959	-0.297247	102.725832	0.004398	7.8
1960	-0.946141	102.695924	0.008481	10.0
1961	-0.000000	102.666038	0.000000	8.1
1962	-0.824231	102.636176	0.004421	9.3
1963	-0.937205	102.606337	0.010018	8.5
1964	-0.719771	102.576521	0.005565	9.1
1965	-0.000000	102.546728	0.000000	9.6
1966	-0.901285	102.516959	0.006083	8.1
1967	-0.078911	102.487212	0.002683	8.7
1968	0.000000	102.457488	0.000000	8.2
1969	0.000000	102.427788	0.000000	8.7
1970	-0.000000	102.398110	0.000000	8.4
1971	-0.674010	102.368455	0.006269	8.5
1972	-0.900160	102.338823	0.007937	8.8
1973	-0.522870	102.309214	0.006440	8.4
1974	-0.809857	102.279628	0.006009	8.8
1975	-0.196045	102.250064	0.002351	8.7
1976	-0.615170	102.220524	0.007611	10.0
1977	-0.256445	102.191006	0.002873	8.4
1978	-0.548873	102.161511	0.004830	8.9
1979	-0.115384	102.132038	0.002113	7.8
1980	-0.904619	102.102588	0.006720	8.5
1981	-0.931615	102.073161	0.006935	8.9
1982	-1.075210	102.043757	0.006693	8.9
1983	-0.776264	102.014375	0.004175	8.4
1984	0.000000	101.985015	0.000000	8.5
1985	-0.000000	101.955678	0.000000	8.8
1986	-0.056997	101.926364	0.001721	9.5
1987	-0.000000	101.897072	0.000000	9.6
1988	-0.657253	101.867802	0.003249	8.9
1989	-0.192735	101.838555	0.001972	9.0
1990	-0.297695	101.809330	0.006603	8.3
1991	-0.640890	101.780128	0.004549	10.3
1992	-0.817074	101.750948	0.007343	9.9
1993	-1.100981	101.721790	0.009495	8.5
1994	-0.888123	101.692654	0.005840	9.0
1995	-0.130157	101.663541	0.004464	8.5
1996	-0.048304	101.634450	0.003154	8.6
1997	-0.372896	101.605381	0.004887	8.3
1998	-0.076949	101.576335	0.000364	8.5
1999	-0.293437	101.547310	0.001429	7.6
