1:ItNr	2:Metric	3a:Time	3b:StepSize	4:||Gradient||	Time[ms]
0	-0.399750	0.000000	1175.429975	0.002301	257.9
1	-0.374814	0.000000	1175.429975	0.003434	2.4
2	-0.397366	0.000000	1175.429975	0.002887	2.3
3	-0.406511	0.000000	1175.429975	0.002621	2.2
4	-0.395764	0.000000	1175.429975	0.002419	2.2
5	-0.408190	0.000000	1175.429975	0.002734	2.6
6	-0.399487	0.000000	1175.429975	0.002630	2.3
7	-0.427712	0.000000	1175.429975	0.002636	2.5
8	-0.425418	0.000000	1175.429975	0.001845	2.3
9	-0.445041	0.000000	1175.429975	0.002395	2.3
10	-0.442132	0.000000	1175.429975	0.002316	2.4
11	-0.428844	0.000000	1175.429975	0.002717	2.4
12	-0.450432	0.000000	1175.429975	0.003300	2.4
13	-0.473957	0.000000	1175.429975	0.003793	2.5
14	-0.461117	0.000000	1175.429975	0.003557	2.4
15	-0.497141	0.000000	1175.429975	0.003376	2.4
16	-0.494613	0.000000	1175.429975	0.002556	2.4
17	-0.534238	0.000000	1175.429975	0.002823	2.5
18	-0.539930	0.000000	1175.429975	0.003031	2.6
19	-0.523003	0.000000	1175.429975	0.003236	2.2
20	-0.553152	0.000000	1175.429975	0.004154	2.4
21	-0.561088	0.000000	1175.429975	0.003226	2.6
22	-0.575018	0.000000	1175.429975	0.003326	2.3
23	-0.557900	0.000000	1175.429975	0.003953	2.6
24	-0.596149	0.000000	1175.429975	0.003673	2.5
25	-0.621764	0.000000	1175.429975	0.004029	2.4
26	-0.619742	0.000000	1175.429975	0.004281	2.4
27	-0.671386	0.000000	1175.429975	0.003054	2.3
28	-0.642998	0.000000	1175.429975	0.003443	2.5
29	-0.680247	0.000000	1175.429975	0.003549	2.5
30	-0.671040	0.000000	1175.429975	0.002696	2.3
31	-0.684050	0.000000	1175.429975	0.003457	2.4
32	-0.702735	0.000000	1175.429975	0.003054	2.5
33	-0.735851	0.000000	1175.429975	0.002967	2.4
34	-0.725488	0.000000	1175.429975	0.003450	2.6
35	-0.720418	0.000000	1175.429975	0.003437	2.5
36	-0.732663	0.000000	1175.429975	0.003597	2.4
37	-0.711723	0.000000	1175.429975	0.003830	2.5
38	-0.746683	0.000000	1175.429975	0.003449	2.4
39	-0.731608	0.000000	1175.429975	0.002314	2.3
40	-0.750253	0.000000	1175.429975	0.002836	2.6
41	-0.774000	0.000000	1175.429975	0.002124	2.5
42	-0.784011	0.000000	1175.429975	0.002416	2.4
43	-0.807821	0.000000	1175.429975	0.002397	2.5
44	-0.764853	0.000000	1175.429975	0.001844	2.3
45	-0.786325	0.000000	1175.429975	0.002591	2.6
46	-0.741915	0.000000	1175.429975	0.001896	2.8
47	-0.784038	0.000000	1175.429975	0.001547	2.6
48	-0.791923	0.000000	1175.429975	0.002004	2.6
49	-0.790294	0.000000	1175.429975	0.001880	2.6
50	-0.801055	0.000000	1175.429975	0.001547	2.4
51	-0.801191	0.000000	1175.429975	0.001932	2.6
52	-0.783868	0.000000	1175.429975	0.001523	2.7
53	-0.815115	1.000000	1122.001339	0.001578	2.7
54	-0.762378	2.000000	1073.218672	0.002502	2.8
55	-0.816708	2.997491	1028.608779	0.002193	2.5
56	-0.788508	3.997489	987.460366	0.001295	2.6
57	-0.770675	4.820920	955.970183	0.001868	2.6
58	-0.808835	5.820920	920.327476	0.001774	2.6
59	-0.796759	6.820920	887.247065	0.002097	2.6
60	-0.799727	6.645601	892.873687	0.002077	2.4
61	-0.798734	6.808253	887.651199	0.001628	2.6
62	-0.815779	6.632934	893.282965	0.001589	2.5
63	-0.825755	6.457617	898.986589	0.001742	2.6
64	-0.775065	6.282298	904.763577	0.001619	2.6
65	-0.787612	6.106979	910.615294	0.002314	2.7
66	-0.812474	5.931660	916.543196	0.001433	2.4
67	-0.772147	6.931660	883.729421	0.001185	2.4
68	-0.790439	6.756341	889.311377	0.001010	2.7
69	-0.804172	6.581021	894.964296	0.001182	2.5
70	-0.799887	6.596837	894.451406	0.001192	2.8
71	-0.795623	6.421546	900.169150	0.001998	2.8
72	-0.807537	7.421482	868.499021	0.002286	2.4
73	-0.831941	8.421482	838.979807	0.002634	2.7
74	-0.772532	9.421482	811.401276	0.001297	2.4
75	-0.793865	10.421482	785.578138	0.001405	2.5
76	-0.791173	10.246165	789.985895	0.001639	2.4
77	-0.767975	11.246165	765.487295	0.001439	2.5
78	-0.837602	12.246165	742.462465	0.002152	2.7
79	-0.796644	13.246164	720.782315	0.001602	2.4
80	-0.815281	14.246164	700.332364	0.000976	2.5
81	-0.822021	14.766720	690.139592	0.001190	2.4
82	-0.796673	14.591409	693.538986	0.002039	2.6
83	-0.796801	15.591409	674.585384	0.001270	2.6
84	-0.809467	15.416096	677.832934	0.001530	2.3
85	-0.774165	16.416096	659.716855	0.001515	2.6
86	-0.777802	16.240778	662.822611	0.001432	2.6
87	-0.813148	17.240778	645.489736	0.001570	2.6
88	-0.777470	18.239627	629.058721	0.001541	2.7
89	-0.810276	19.239626	613.425920	0.001495	2.3
90	-0.760361	19.064337	616.109767	0.001296	2.5
91	-0.780701	20.061729	601.144421	0.001441	2.5
92	-0.819588	19.886411	603.722084	0.001957	2.4
93	-0.811957	20.886411	589.308768	0.001878	2.7
94	-0.786773	21.886411	575.567614	0.002063	2.4
95	-0.791391	22.886411	562.452675	0.001693	2.7
96	-0.774532	22.711092	564.708594	0.001265	2.4
97	-0.813141	22.535773	566.982678	0.002466	2.4
98	-0.803943	23.535726	554.252321	0.001741	2.5
99	-0.817173	23.360407	556.442811	0.001726	2.6
100	-0.787128	24.360407	544.175663	0.002320	2.5
101	-0.805003	25.360407	532.437723	0.001158	2.3
102	-0.822776	26.360407	521.195469	0.001332	2.5
103	-0.805566	26.185239	523.130331	0.001234	2.6
104	-0.862330	26.009920	525.081292	0.001190	2.4
105	-0.766496	25.834601	527.046863	0.001312	2.6
106	-0.783905	26.834601	516.028755	0.001805	2.7
107	-0.792595	27.834573	505.462178	0.001460	2.4
108	-0.779727	28.834573	495.319376	0.001246	2.6
109	-0.793923	28.659254	497.068073	0.001043	2.4
110	-0.782151	29.658691	487.261490	0.001722	2.4
111	-0.821726	30.623253	478.157187	0.001625	2.5
112	-0.775382	31.622968	469.073300	0.001772	2.7
113	-0.825760	32.622968	460.325681	0.001911	2.6
114	-0.799524	32.447649	461.835643	0.001245	2.6
115	-0.813179	33.447649	453.353446	0.002694	2.4
116	-0.793962	33.272464	454.816817	0.001525	2.3
117	-0.805502	34.272464	446.588184	0.001766	2.5
118	-0.840686	34.097145	448.009227	0.002283	2.4
119	-0.814250	35.097145	440.022917	0.002192	2.7
120	-0.821982	34.921826	441.402422	0.001599	2.4
121	-0.784030	34.746507	442.790603	0.001475	2.4
122	-0.795220	35.731026	435.106344	0.001448	2.4
123	-0.814751	35.555707	436.455146	0.002007	2.7
124	-0.833437	36.555707	428.871968	0.001815	2.5
125	-0.846870	37.555707	421.547798	0.001826	2.6
126	-0.808674	37.380388	422.813726	0.001920	2.5
127	-0.821400	37.205073	424.087250	0.001554	2.4
128	-0.812608	38.205073	416.924228	0.001501	2.5
129	-0.805422	38.030772	418.155286	0.001591	2.6
130	-0.805291	39.030772	411.189607	0.002078	2.6
131	-0.807033	40.030772	404.452193	0.001372	2.4
132	-0.800367	41.030772	397.932007	0.001602	2.4
133	-0.830702	40.873570	398.943029	0.001671	2.4
134	-0.789551	40.698251	400.076649	0.001403	2.6
135	-0.780250	41.698251	393.695663	0.001296	2.8
136	-0.824041	41.522932	394.799616	0.001931	2.7
137	-0.797556	42.522932	388.584544	0.001600	2.4
138	-0.798638	43.522932	382.562118	0.001577	2.4
139	-0.811464	44.522932	376.723519	0.001152	2.4
140	-0.813109	44.348265	377.730449	0.001107	2.4
141	-0.784582	45.136996	373.225741	0.001314	2.4
142	-0.786613	44.961858	374.216709	0.001356	2.4
143	-0.825764	44.788738	375.201444	0.001477	2.4
144	-0.826184	45.788738	369.583709	0.001768	2.4
145	-0.803227	45.613419	370.556412	0.001397	2.4
146	-0.829356	45.438101	371.534240	0.001877	2.4
147	-0.815546	45.262782	372.517251	0.001062	2.4
148	-0.841391	46.262782	366.979014	0.001212	2.4
149	-0.806216	47.231220	361.770309	0.001487	2.5
150	-0.838335	47.055901	362.702267	0.001876	2.4
151	-0.837973	46.880582	363.639039	0.001160	2.4
152	-0.827484	46.706040	364.576476	0.001793	2.4
153	-0.807852	46.530721	365.522967	0.001873	2.4
154	-0.812041	47.530721	360.189257	0.001803	2.4
155	-0.813839	48.492291	355.205292	0.001213	2.4
156	-0.835586	48.904957	353.108430	0.002065	2.4
157	-0.785429	48.729638	353.996240	0.001676	2.4
158	-0.783797	49.729638	348.991319	0.001229	2.5
159	-0.824741	50.729637	344.125948	0.001303	2.4
160	-0.805115	50.554332	344.969042	0.001398	2.4
161	-0.808481	51.552397	340.223487	0.001949	2.4
162	-0.846654	52.541604	335.647145	0.001833	2.5
163	-0.804172	53.531523	331.189120	0.002655	2.4
164	-0.834055	53.356204	331.970007	0.002324	2.5
165	-0.807837	54.356204	327.564663	0.001307	2.4
166	-0.832593	54.180885	328.328532	0.001331	2.4
167	-0.778014	54.005566	329.095971	0.001453	2.4
168	-0.802055	53.830246	329.867007	0.001082	2.4
169	-0.809529	54.815966	325.578247	0.001151	2.4
170	-0.783207	55.813888	321.348524	0.001249	2.6
171	-0.799029	55.727893	321.708683	0.001281	2.4
172	-0.820792	56.236158	319.591629	0.001587	2.7
173	-0.808401	56.060839	320.318724	0.001960	2.8
174	-0.796528	57.060839	316.215274	0.001137	3.2
175	-0.810291	58.060839	312.215629	0.001371	3.8
176	-0.858143	59.060839	308.315900	0.001113	4.2
177	-0.796509	60.060577	304.513369	0.001247	4.4
178	-0.816221	60.104207	304.349556	0.001758	3.3
179	-0.821546	59.928888	305.008880	0.001572	4.1
180	-0.796930	60.928888	301.286032	0.002000	3.7
181	-0.803853	60.753569	301.932134	0.001281	4.7
182	-0.797777	60.578250	302.581014	0.001868	5.3
183	-0.772843	60.402931	303.232688	0.001226	3.8
184	-0.812305	60.227611	303.887176	0.001045	4.6
185	-0.827334	61.226191	300.196680	0.001174	5.3
186	-0.793009	61.431949	299.447359	0.002047	4.8
187	-0.760534	61.256630	300.085591	0.002327	4.1
188	-0.782316	62.256630	296.481246	0.001796	4.5
189	-0.786701	63.256630	292.962458	0.001291	3.7
190	-0.810959	63.081311	293.573318	0.001142	3.7
191	-0.828436	62.906388	294.185344	0.001854	4.8
192	-0.832040	63.906388	290.720524	0.001751	4.0
193	-0.794180	64.906388	287.336369	0.000975	4.9
194	-0.775363	64.731068	287.923969	0.001719	5.9
195	-0.785084	65.731066	284.604243	0.001771	3.9
196	-0.827100	65.555747	285.180710	0.001843	5.1
197	-0.804573	65.380428	285.759518	0.001750	3.5
198	-0.816462	65.205109	286.340679	0.001339	3.7
199	-0.817439	66.203757	283.061537	0.001431	3.8
200	-0.783485	66.182735	283.129790	0.002039	4.5
201	-0.787890	66.011660	283.686455	0.001499	4.1
202	-0.823552	67.011660	280.463173	0.001821	4.6
203	-0.783008	68.011660	277.312314	0.001255	3.3
204	-0.786894	67.836349	277.859567	0.001683	3.8
205	-0.857920	68.836349	274.766614	0.001110	4.1
206	-0.833163	68.661030	275.303880	0.001431	3.0
207	-0.796946	68.490345	275.828968	0.002243	3.5
208	-0.822315	69.490345	272.780810	0.001143	2.9
209	-0.840379	70.490310	269.799387	0.001930	3.2
210	-0.839768	70.314991	270.317385	0.001763	3.6
211	-0.807295	71.314991	267.389178	0.001430	3.2
212	-0.786552	71.139673	267.897948	0.001282	3.2
213	-0.849028	70.964354	268.408664	0.001689	3.7
214	-0.798462	71.805510	265.975904	0.001516	3.2
215	-0.824379	71.630276	266.479066	0.001185	3.6
216	-0.802337	72.630275	263.632991	0.001547	3.4
217	-0.811909	72.454956	264.127559	0.001641	2.8
218	-0.796701	72.279637	264.623987	0.001488	2.9
219	-0.824322	73.265842	261.855502	0.001837	3.2
220	-0.835413	74.265842	259.106820	0.001341	3.0
221	-0.802616	75.264637	256.418456	0.002041	3.1
222	-0.793561	75.089444	256.885963	0.001498	3.2
223	-0.825669	76.089444	254.240094	0.001588	3.5
224	-0.840569	77.089444	251.648173	0.001537	2.8
225	-0.825630	78.089444	249.108567	0.001881	2.6
226	-0.826887	77.971078	249.406492	0.001337	2.6
227	-0.805582	78.971078	246.911706	0.001668	2.6
228	-0.816283	79.971078	244.466335	0.001099	2.5
229	-0.770086	79.795759	244.891548	0.001916	2.7
230	-0.787473	79.620440	245.318242	0.001195	2.5
231	-0.839308	79.445123	245.746421	0.000924	2.5
232	-0.780286	79.269804	246.176103	0.001660	2.6
233	-0.832112	80.269803	243.745210	0.001162	2.5
234	-0.807473	80.094484	244.167915	0.001030	3.2
235	-0.825661	79.919166	244.592089	0.001542	2.5
236	-0.818858	80.904582	242.226886	0.002073	2.5
237	-0.813930	80.729270	242.644319	0.001554	2.6
238	-0.817661	81.729270	240.282341	0.001425	2.4
239	-0.814773	82.729270	237.965904	0.001358	2.6
240	-0.817152	83.729270	235.693703	0.001644	2.7
241	-0.774324	84.728333	233.466553	0.000785	2.8
242	-0.836352	84.558180	233.842887	0.001572	2.8
243	-0.806738	84.382874	234.231887	0.001809	2.8
244	-0.835605	84.207555	234.622214	0.001407	2.8
245	-0.832336	84.032236	235.013844	0.001724	2.8
246	-0.782582	85.032236	232.797406	0.002099	2.9
247	-0.814492	84.856917	233.182963	0.001234	2.9
248	-0.803393	85.856917	231.000765	0.001271	2.8
249	-0.792735	85.681598	231.380388	0.000968	2.8
250	-0.804455	86.004002	230.683237	0.001965	2.7
251	-0.801846	86.989788	228.577442	0.001202	2.8
252	-0.792727	87.989787	226.480206	0.001128	2.6
253	-0.816803	87.814479	226.845082	0.001267	2.8
254	-0.803304	88.814470	224.779388	0.001380	2.9
255	-0.823548	88.978761	224.443603	0.001094	2.7
256	-0.814029	89.978761	222.421202	0.001918	2.9
257	-0.777809	90.978761	220.434922	0.001690	2.9
258	-0.827330	91.978761	218.483803	0.001768	2.9
259	-0.811758	91.803442	218.823371	0.002333	2.7
260	-0.812156	91.629264	219.161775	0.001525	2.6
261	-0.852332	92.629264	217.233031	0.001440	2.9
262	-0.841802	93.629264	215.337939	0.001488	3.0
263	-0.796708	94.629250	213.475651	0.001141	3.0
264	-0.841634	95.629250	211.645272	0.001203	3.3
265	-0.791167	95.499737	211.880560	0.001057	3.1
266	-0.828046	95.375089	212.107503	0.001748	3.2
267	-0.826773	95.206488	212.415243	0.002110	3.0
268	-0.808770	96.206484	210.602934	0.001615	3.3
269	-0.767429	96.031165	210.918429	0.001201	3.0
270	-0.818288	95.855846	211.234870	0.001105	3.2
271	-0.794086	96.855846	209.442555	0.001399	2.9
272	-0.824643	96.680527	209.754580	0.001141	2.8
273	-0.846004	96.505208	210.067535	0.001636	2.8
274	-0.823604	97.244596	208.753975	0.001300	2.9
275	-0.810290	97.069277	209.063951	0.001041	2.9
276	-0.809949	96.893958	209.374848	0.001267	2.7
277	-0.826973	96.718639	209.686671	0.001514	2.9
278	-0.829266	96.586581	209.922164	0.001906	2.9
279	-0.819513	96.411360	210.235444	0.001583	2.9
280	-0.810945	97.411360	208.459977	0.002046	2.9
281	-0.809051	98.411360	206.714247	0.001606	3.0
282	-0.816746	98.236041	207.018190	0.001446	2.9
283	-0.835573	98.094328	207.264526	0.002058	2.8
284	-0.827806	99.094328	205.538679	0.001231	2.9
285	-0.798962	98.919009	205.839172	0.001361	2.8
286	-0.868730	99.918337	204.138017	0.002081	2.8
287	-0.808445	100.918337	202.463634	0.001710	2.9
288	-0.819222	101.918337	200.816494	0.001330	2.6
289	-0.795528	101.743608	201.102361	0.000909	2.5
290	-0.818811	101.568361	201.389896	0.001546	2.9
291	-0.820940	102.568361	199.760111	0.001845	2.5
292	-0.817219	102.393042	200.043934	0.001447	2.6
293	-0.834014	103.382967	198.451846	0.002156	2.6
294	-0.810246	103.207648	198.731961	0.001249	2.4
295	-0.814869	103.032329	199.012867	0.001597	2.7
296	-0.810313	104.030734	197.423694	0.002053	2.5
297	-0.795772	105.030734	195.857222	0.002281	2.6
298	-0.819013	106.030734	194.315412	0.001364	2.5
299	-0.823924	107.030734	192.797687	0.001357	2.7
300	-0.828214	108.030335	191.304080	0.001613	2.8
301	-0.844015	109.022432	189.844391	0.001136	2.5
302	-0.852237	110.022432	188.395445	0.001654	2.5
303	-0.810429	109.849612	188.644270	0.001524	2.5
304	-0.818278	109.674292	188.897365	0.001814	2.5
305	-0.851238	109.498973	189.151139	0.002221	2.5
306	-0.802109	109.323654	189.405596	0.001078	2.5
307	-0.784342	109.148335	189.660739	0.001158	2.6
308	-0.829575	108.973029	189.916551	0.002006	2.5
309	-0.808580	108.797710	190.173074	0.001854	2.5
310	-0.853263	109.797710	188.719126	0.001399	2.4
311	-0.809278	110.797710	187.287241	0.001828	2.4
312	-0.829340	110.622409	187.536680	0.001515	2.5
313	-0.801070	111.622409	186.122615	0.003044	2.4
314	-0.831912	111.447089	186.368984	0.000860	2.4
315	-0.776483	111.271770	186.616006	0.001080	2.6
316	-0.825787	111.096451	186.863684	0.001188	2.4
317	-0.838637	110.921132	187.112020	0.001927	2.5
318	-0.823683	110.746196	187.360473	0.001878	2.4
319	-0.807843	111.746195	185.949054	0.002059	2.4
320	-0.790961	111.570876	186.194963	0.002072	2.6
321	-0.813020	112.570876	184.800985	0.001345	2.5
322	-0.818977	112.395557	185.043865	0.002318	2.5
323	-0.793653	112.737626	184.570567	0.001454	2.4
324	-0.828996	112.562307	184.812842	0.001358	2.4
325	-0.797449	112.386987	185.055753	0.001547	2.6
326	-0.873932	113.386986	183.678719	0.001842	2.5
327	-0.850540	113.211667	183.918656	0.002283	2.5
328	-0.823868	114.211667	182.558429	0.001082	2.5
329	-0.836297	114.036348	182.795446	0.001975	2.4
330	-0.848085	113.861029	183.033080	0.001593	2.8
331	-0.817482	114.861029	181.685872	0.001202	2.5
332	-0.807404	114.826579	181.731952	0.001096	2.4
333	-0.829929	114.651264	181.966822	0.001215	2.4
334	-0.825959	114.475962	182.202283	0.002555	2.4
335	-0.840989	114.300642	182.438376	0.001345	2.4
336	-0.850647	115.300642	181.099876	0.001136	2.4
337	-0.800871	115.125324	181.333119	0.002014	2.5
338	-0.785141	116.124091	180.012347	0.001668	2.5
339	-0.814799	117.124091	178.709082	0.001353	2.4
340	-0.831066	118.121206	177.428231	0.001745	2.4
341	-0.848676	119.121206	176.161983	0.001338	2.5
342	-0.781046	118.945887	176.382672	0.001440	2.5
343	-0.834986	118.770568	176.603915	0.001024	2.5
344	-0.839613	119.770554	175.349380	0.001730	2.5
345	-0.787093	119.628407	175.526623	0.001325	2.6
346	-0.815250	119.453088	175.745722	0.001553	2.4
347	-0.840137	119.277770	175.965368	0.001156	2.5
348	-0.848930	119.102451	176.185565	0.001273	2.5
349	-0.836630	118.927132	176.406313	0.001533	2.4
350	-0.818695	119.921462	175.161605	0.001672	2.5
351	-0.810698	120.921462	173.927390	0.001285	2.4
352	-0.818462	120.746143	174.142513	0.001770	2.4
353	-0.863907	120.571813	174.356950	0.001652	2.5
354	-0.806321	121.571813	173.134009	0.001373	2.4
355	-0.838804	122.571806	171.928111	0.001275	2.4
356	-0.806931	122.396622	172.138151	0.001944	2.6
357	-0.824605	123.396622	170.946031	0.001636	2.4
358	-0.820285	123.221303	171.153837	0.001024	2.5
359	-0.801577	124.221303	169.975265	0.001714	2.4
360	-0.820959	124.217398	169.979836	0.001894	2.4
361	-0.823133	125.217398	168.817322	0.001390	2.5
362	-0.833675	125.042079	169.019982	0.001695	2.4
363	-0.823663	124.866761	169.223127	0.001200	2.5
364	-0.818729	125.852332	168.087419	0.002430	2.7
365	-0.814022	126.852332	166.950558	0.001426	2.4
366	-0.828703	127.852332	165.828973	0.001438	2.6
367	-0.790844	128.852332	164.722357	0.001431	2.6
368	-0.805835	128.677013	164.915299	0.002056	2.7
369	-0.855399	129.677013	163.820804	0.001634	2.7
370	-0.827311	130.677012	162.740741	0.001111	2.4
371	-0.816373	131.676814	161.675036	0.001552	2.7
372	-0.796452	131.501495	161.860901	0.001346	2.4
373	-0.806473	132.501479	160.806460	0.001271	2.5
374	-0.798271	133.085652	160.196807	0.001037	2.5
375	-0.870045	132.911154	160.378432	0.001663	2.6
376	-0.795895	133.911154	159.343139	0.001757	2.8
377	-0.791651	133.735902	159.523609	0.001120	2.4
378	-0.835990	133.560643	159.704495	0.001432	2.5
379	-0.849376	133.385324	159.885855	0.001931	2.5
380	-0.811580	133.210279	160.067342	0.001690	2.4
381	-0.817059	133.034959	160.249527	0.001308	2.5
382	-0.818194	132.863224	160.428391	0.001578	2.4
383	-0.841974	132.688943	160.610314	0.001912	2.7
384	-0.831324	133.682988	159.578179	0.001198	2.6
385	-0.825042	133.507669	159.759251	0.001335	2.6
386	-0.836232	133.332351	159.940734	0.001185	2.5
387	-0.793693	133.181668	160.097045	0.001408	2.4
388	-0.817845	134.055015	159.195299	0.001712	2.5
389	-0.831146	133.879696	159.375503	0.001635	2.4
390	-0.831606	133.704377	159.556116	0.001291	2.4
391	-0.789919	134.704373	158.531383	0.002436	2.7
392	-0.792070	134.529054	158.710086	0.001551	2.4
393	-0.850349	134.353734	158.889193	0.001407	2.5
394	-0.799936	134.178501	159.068617	0.001538	2.4
395	-0.799074	134.003181	159.248534	0.000933	2.5
396	-0.829763	135.003179	158.227734	0.001730	2.5
397	-0.799589	136.003165	157.219948	0.001781	2.3
398	-0.839204	137.003165	156.224905	0.000819	2.5
399	-0.805885	137.949951	155.294351	0.001067	2.8
400	-0.819552	138.034234	155.212050	0.001157	2.4
401	-0.782734	139.034233	154.242183	0.001171	2.6
402	-0.766833	139.238263	154.045788	0.001814	2.4
403	-0.839775	139.062944	154.214516	0.001578	2.4
404	-0.828487	140.062944	153.257036	0.002032	2.5
405	-0.824902	139.887625	153.424041	0.002244	2.4
406	-0.812626	140.887625	152.476321	0.001067	2.5
407	-0.833772	140.712306	152.641627	0.001331	2.4
408	-0.786953	140.570209	152.775871	0.001157	2.4
409	-0.821106	140.394891	152.941827	0.001124	2.4
410	-0.799113	140.553033	152.792114	0.001877	2.4
411	-0.783738	140.377714	152.958106	0.001359	2.5
412	-0.797684	141.377714	152.016117	0.001564	2.5
413	-0.790620	142.377700	151.085671	0.001165	2.5
414	-0.816652	142.202381	151.247974	0.001137	2.5
415	-0.813855	143.202317	150.326925	0.001530	2.4
416	-0.831864	143.026998	150.487601	0.001806	2.5
417	-0.826711	142.851679	150.648621	0.001242	2.4
418	-0.815767	143.851679	149.734778	0.002195	2.4
419	-0.828303	144.851679	148.831954	0.001977	2.5
420	-0.800961	145.851679	147.939953	0.001384	2.5
421	-0.819167	146.851679	147.058580	0.001629	2.4
422	-0.830324	147.850814	146.188395	0.001889	2.3
423	-0.829436	147.675495	146.340341	0.001937	2.4
424	-0.828115	148.675495	145.477869	0.001897	2.4
425	-0.843806	148.500176	145.628341	0.001915	2.3
426	-0.802312	148.324882	145.779103	0.001258	2.4
427	-0.809185	148.149563	145.930199	0.002757	2.4
428	-0.810756	149.149563	145.072541	0.001652	2.4
429	-0.840395	150.149563	144.224905	0.001718	2.4
430	-0.814678	149.974244	144.372795	0.001965	2.4
431	-0.832092	150.973183	143.534178	0.001468	2.4
432	-0.833241	151.973183	142.704372	0.001237	2.4
433	-0.831414	151.798330	142.848773	0.001480	2.4
434	-0.800732	152.798330	142.026851	0.000933	2.4
435	-0.833404	152.623204	142.170107	0.001901	2.4
436	-0.801255	152.447885	142.313811	0.001308	2.4
437	-0.836941	153.447884	141.498016	0.001394	2.4
438	-0.773030	153.272565	141.640363	0.001958	2.4
439	-0.836241	154.272565	140.832249	0.001984	2.5
440	-0.820174	155.272565	140.033303	0.002096	2.5
441	-0.812469	156.272565	139.243371	0.001889	2.5
442	-0.805674	156.097408	139.381088	0.001498	2.4
443	-0.798310	155.922089	139.519206	0.001313	2.7
444	-0.826234	155.746770	139.657599	0.001541	2.3
445	-0.878224	155.571451	139.796266	0.001275	2.4
446	-0.851993	155.396140	139.935202	0.002024	2.4
447	-0.793528	156.396139	139.146374	0.001495	2.4
448	-0.818398	156.220820	139.284027	0.001860	2.5
449	-0.833201	157.220820	138.502502	0.001655	2.4
450	-0.812189	157.088420	138.605472	0.001267	2.5
451	-0.821566	156.913100	138.742057	0.001424	2.4
452	-0.837070	156.777441	138.847929	0.001925	2.3
453	-0.850267	156.602122	138.984992	0.001203	2.9
454	-0.819560	157.602122	138.206809	0.001725	2.5
455	-0.772612	158.602122	137.437293	0.001275	2.5
456	-0.807714	159.602122	136.676298	0.001272	2.4
457	-0.823589	159.426803	136.809105	0.001744	2.4
458	-0.817607	160.425810	136.055777	0.001739	2.5
459	-0.820558	160.250491	136.187380	0.001534	2.5
460	-0.834877	160.075171	136.319238	0.001819	2.4
461	-0.844119	159.899852	136.451352	0.001809	2.3
462	-0.826525	160.899852	135.701207	0.001216	2.4
463	-0.803746	161.899852	134.959264	0.001568	2.4
464	-0.818845	162.899852	134.225390	0.001183	2.4
465	-0.820349	163.899852	133.499455	0.001985	2.4
466	-0.810383	163.724533	133.626157	0.002179	2.5
467	-0.829916	164.724533	132.906671	0.001464	2.4
468	-0.799225	164.549214	133.032250	0.001128	2.5
469	-0.820524	164.373895	133.158067	0.002061	2.5
470	-0.821112	164.199593	133.283389	0.001224	2.5
471	-0.841037	165.196004	132.570135	0.001574	2.9
472	-0.819068	165.020936	132.694900	0.001162	2.5
473	-0.794062	166.020936	131.985381	0.000976	2.6
474	-0.850245	167.020936	131.283409	0.001805	2.4
475	-0.844768	168.020936	130.588865	0.001961	2.4
476	-0.786987	168.205643	130.461381	0.001151	2.5
477	-0.819367	168.031449	130.581602	0.001307	2.4
478	-0.804158	169.031449	129.894444	0.002521	2.6
479	-0.770335	170.031449	129.214480	0.001282	2.4
480	-0.848500	169.856130	129.333176	0.001613	2.4
481	-0.805173	170.856130	128.659061	0.001426	2.7
482	-0.809665	171.854755	127.992849	0.001670	2.5
483	-0.814697	171.679436	128.109310	0.001824	2.5
484	-0.836679	171.511073	128.221349	0.001950	2.5
485	-0.836737	171.335754	128.338226	0.001089	2.4
486	-0.813035	172.335751	127.674418	0.001408	2.5
487	-0.798045	172.171229	127.783157	0.001310	2.4
488	-0.852265	171.995909	127.899237	0.001730	2.4
489	-0.800373	171.820590	128.015527	0.001079	2.4
490	-0.847422	172.818026	127.356727	0.001705	2.4
491	-0.800853	172.677494	127.449137	0.001628	2.5
492	-0.815583	172.511055	127.558756	0.001510	2.4
493	-0.824551	173.492062	126.915357	0.001502	2.6
494	-0.856553	174.491976	126.266203	0.001216	2.8
495	-0.815393	174.316929	126.379365	0.001515	2.7
496	-0.833107	174.141652	126.492880	0.001685	2.7
497	-0.808968	175.141652	125.847974	0.001083	2.4
498	-0.844175	174.966333	125.960562	0.001286	2.5
499	-0.762997	174.791107	126.073292	0.001463	2.4
