1:ItNr	2:Metric	3:StepSize	4:||Gradient||	Time[ms]
0	-0.051427	627.201626	0.001315	726.0
1	-1.231476	623.504937	0.012421	3.6
2	-0.000011	619.865785	0.000002	4.4
3	-0.922379	616.282728	0.006533	3.9
4	-1.356180	612.754375	0.016537	4.1
5	-1.400236	609.279381	0.014297	4.0
6	-0.760999	605.856447	0.018991	3.9
7	-0.019722	602.484317	0.001471	4.2
8	-1.389518	599.161779	0.015222	3.8
9	-0.118752	595.887656	0.000774	3.5
10	-1.257113	592.660813	0.018012	4.2
11	-1.140210	589.480151	0.012847	3.5
12	-1.513693	586.344606	0.009540	3.5
13	-1.339443	583.253145	0.011688	3.6
14	-0.552449	580.204771	0.008139	4.3
15	-1.047959	577.198517	0.013518	3.5
16	-1.356375	574.233444	0.010385	3.5
17	-0.088498	571.308645	0.002781	3.8
18	-0.776888	568.423237	0.010739	4.0
19	-0.839874	565.576365	0.005909	3.6
20	-1.220696	562.767201	0.010393	3.9
21	-0.801088	559.994938	0.015027	3.8
22	-0.844461	557.258797	0.013492	4.6
23	-0.000000	554.558018	0.000000	3.6
24	-0.000070	551.891865	0.000013	3.7
25	-1.161776	549.259621	0.009415	4.0
26	-0.467692	546.660592	0.009699	3.9
27	-0.723285	544.094102	0.004161	3.4
28	-0.000000	541.559494	0.000000	3.5
29	-0.091078	539.056129	0.000815	3.6
30	-1.448373	536.583387	0.009537	4.0
31	-1.398343	534.140663	0.011428	3.6
32	-1.086810	531.727370	0.008757	3.5
33	-0.529735	529.342935	0.006656	3.8
34	-0.000002	526.986802	0.000000	3.9
35	-0.923625	524.658430	0.019044	3.7
36	-0.021729	522.357290	0.000933	3.5
37	-1.076417	520.082868	0.015876	4.0
38	-0.707170	517.834665	0.010113	3.8
39	-1.056993	515.612193	0.018389	3.7
40	-1.212067	513.414976	0.009975	3.6
41	-1.330468	511.242551	0.014203	3.8
42	-0.806410	509.094468	0.006013	3.8
43	-1.336077	506.970285	0.017021	3.5
44	-1.167442	504.869574	0.022920	3.6
45	-0.000000	502.791916	0.000000	4.0
46	-0.096881	500.736903	0.001657	3.9
47	-0.709798	498.704137	0.009023	4.1
48	-0.000035	496.693228	0.000008	3.4
49	-1.429260	494.703798	0.009693	4.3
50	-0.944328	492.735476	0.007487	4.0
51	-0.000000	490.787900	0.000000	4.1
52	-1.025949	488.860718	0.015715	4.0
53	-0.989077	486.953585	0.010056	4.6
54	-1.123775	485.066164	0.023045	4.6
55	-0.017805	483.198126	0.001561	3.9
56	-1.589662	481.349149	0.008836	4.1
57	-1.265491	479.518920	0.013438	3.7
58	-0.154377	477.707132	0.003130	4.0
59	-0.816022	475.913485	0.009403	4.2
60	-0.069411	474.137684	0.000236	3.7
61	-1.204166	472.379445	0.012069	3.7
62	-0.165443	470.638485	0.003744	4.0
63	-1.567147	468.914531	0.010811	3.8
64	-1.092384	467.207315	0.008999	3.8
65	-0.000000	465.516573	0.000000	3.5
66	-1.606587	463.842050	0.005480	4.6
67	-1.160504	462.183494	0.012133	3.9
68	-0.723069	460.540658	0.013278	3.9
69	-1.503747	458.913303	0.011297	3.8
70	-0.658333	457.301192	0.009542	4.5
71	-1.089320	455.704096	0.010868	3.8
72	-1.452380	454.121787	0.005968	3.8
73	-1.084391	452.554045	0.007008	4.1
74	-0.307519	451.000653	0.001788	4.2
75	-1.189835	449.461399	0.015255	4.1
76	-1.214583	447.936075	0.014526	3.5
77	-0.655217	446.424477	0.021059	4.2
78	-0.438938	444.926406	0.003418	4.1
79	-0.446377	443.441666	0.005543	3.8
80	-0.000000	441.970065	0.000000	3.9
81	-0.000000	440.511415	0.000000	4.2
82	-1.618994	439.065533	0.009535	4.1
83	-1.207611	437.632238	0.009367	3.9
84	-1.331956	436.211351	0.004571	4.2
85	-0.000000	434.802701	0.000000	4.1
86	-0.849059	433.406117	0.011655	4.2
87	-1.029510	432.021430	0.014705	3.8
88	-1.036761	430.648479	0.008134	4.1
89	-0.000033	429.287101	0.000006	4.3
90	-0.573802	427.937140	0.011532	3.9
91	-0.109025	426.598440	0.002903	4.0
92	-1.366870	425.270849	0.014390	3.8
93	-0.031325	423.954220	0.001587	4.3
94	-0.705088	422.648404	0.022400	4.0
95	-1.229074	421.353259	0.011271	4.3
96	-0.568210	420.068643	0.003027	4.0
97	-0.446309	418.794419	0.004807	4.4
98	-1.322441	417.530451	0.011645	4.0
99	-0.459069	416.276604	0.002649	4.3
100	-0.930194	415.032748	0.008340	4.2
101	-1.250725	413.798754	0.003959	4.2
102	-1.220232	412.574495	0.018631	4.3
103	-1.307906	411.359849	0.010536	3.8
104	-0.005900	410.154691	0.000097	4.4
105	-0.993435	408.958904	0.008750	4.1
106	-1.124809	407.772368	0.010592	4.3
107	-1.205861	406.594968	0.004442	4.0
108	-1.555336	405.426590	0.013249	4.4
109	-1.462115	404.267122	0.012791	4.9
110	-1.334244	403.116456	0.011659	4.0
111	-1.118508	401.974481	0.012114	4.3
112	-0.256565	400.841093	0.002742	4.5
113	-0.275993	399.716187	0.002202	4.8
114	-1.257505	398.599660	0.012574	4.5
115	-0.713068	397.491411	0.006194	5.0
116	-0.000000	396.391342	0.000000	4.2
117	-1.374723	395.299353	0.014626	4.5
118	-0.646267	394.215350	0.004906	5.0
119	-0.124377	393.139238	0.001896	4.2
120	-0.229374	392.070924	0.002969	4.0
121	-0.357395	391.010316	0.002569	4.0
122	-1.123639	389.957325	0.012188	5.0
123	-0.803836	388.911862	0.008088	4.4
124	-0.002657	387.873839	0.000360	4.5
125	-1.571092	386.843173	0.004220	4.9
126	-1.570048	385.819777	0.024400	4.2
127	-0.000000	384.803569	0.000000	4.5
128	-0.518649	383.794468	0.005724	4.9
129	-0.000006	382.792393	0.000002	4.5
130	-0.472169	381.797264	0.008320	4.0
131	-0.313433	380.809005	0.002467	5.0
132	-0.000000	379.827537	0.000000	5.4
133	-1.061366	378.852786	0.004163	4.6
134	-0.320786	377.884678	0.004784	4.4
135	-0.599783	376.923138	0.003639	4.4
136	-1.117542	375.968095	0.011462	4.4
137	-0.375417	375.019479	0.004131	4.0
138	-0.975355	374.077218	0.007085	4.2
139	-1.038359	373.141244	0.011213	4.3
140	-0.424382	372.211489	0.002613	4.1
141	-1.263538	371.287887	0.014523	4.2
142	-0.834697	370.370370	0.007277	4.3
143	-1.029302	369.458876	0.028359	4.4
144	-1.430429	368.553338	0.013519	4.0
145	-0.002843	367.653696	0.000170	4.3
146	-1.316164	366.759885	0.014619	4.1
147	-0.001868	365.871846	0.000282	4.1
148	-0.019390	364.989518	0.001142	4.5
149	-1.008108	364.112841	0.006824	4.6
150	-1.167368	363.241757	0.008513	4.6
151	-0.713710	362.376208	0.007504	4.8
152	-1.225160	361.516137	0.010124	4.2
153	-0.000001	360.661488	0.000000	4.3
154	-0.903377	359.812206	0.013191	4.2
155	-0.012754	358.968236	0.000564	4.3
156	-0.966150	358.129524	0.017692	3.9
157	-0.675790	357.296018	0.016277	4.3
158	-0.000000	356.467665	0.000000	4.6
159	-1.512335	355.644414	0.020710	4.0
160	-1.284741	354.826213	0.010090	4.0
161	-1.560040	354.013012	0.014581	4.2
162	-0.548040	353.204763	0.007498	4.4
163	-0.144823	352.401415	0.003479	3.9
164	-1.140138	351.602922	0.008094	4.2
165	-0.132541	350.809235	0.003217	4.8
166	-1.407013	350.020308	0.010399	3.9
167	-0.800279	349.236095	0.008399	3.9
168	-0.000000	348.456550	0.000000	4.1
169	-0.208633	347.681627	0.003601	4.5
170	-1.305461	346.911283	0.011583	4.0
171	-0.000000	346.145474	0.000000	4.2
172	-1.308935	345.384157	0.012836	4.5
173	-0.676342	344.627288	0.004439	4.1
174	-1.035829	343.874826	0.013149	4.0
175	-1.328947	343.126729	0.012453	3.9
176	-0.000006	342.382957	0.000001	6.6
177	-0.411783	341.643469	0.012781	4.1
178	-1.102733	340.908224	0.016231	4.0
179	-0.467392	340.177184	0.004229	4.6
180	-1.356311	339.450309	0.008858	4.2
181	-1.569106	338.727561	0.021768	3.9
182	-0.845232	338.008902	0.009267	5.0
183	-0.003492	337.294295	0.000505	4.4
184	-0.808063	336.583703	0.012362	4.0
185	-0.308543	335.877089	0.003297	4.3
186	-0.276929	335.174416	0.003189	4.2
187	-1.367310	334.475651	0.018698	4.2
188	-0.000000	333.780756	0.000000	4.2
189	-1.247066	333.089698	0.007666	4.3
190	-1.217599	332.402443	0.013014	4.4
191	-0.843389	331.718955	0.001963	4.0
192	-0.000007	331.039203	0.000002	4.1
193	-0.631341	330.363153	0.014765	4.0
194	-1.276767	329.690771	0.007867	4.4
195	-0.735092	329.022027	0.008585	4.0
196	-0.066671	328.356888	0.001358	4.4
197	-0.005582	327.695322	0.000626	4.2
198	-0.065770	327.037299	0.002295	3.9
199	-1.173846	326.382787	0.005129	4.3
200	-0.949513	325.731758	0.006132	4.0
201	-0.463755	325.084179	0.006028	4.4
202	-1.339399	324.440023	0.011493	4.1
203	-0.134574	323.799258	0.000947	4.6
204	-1.000210	323.161858	0.005408	3.9
205	-0.949119	322.527792	0.009450	4.4
206	-0.007297	321.897034	0.000302	4.1
207	-0.000000	321.269554	0.000000	4.0
208	-0.001474	320.645325	0.000168	3.9
209	-0.892158	320.024320	0.008759	4.3
210	-0.236300	319.406512	0.002473	4.5
211	-1.391788	318.791875	0.015639	4.9
212	-1.220153	318.180381	0.010675	5.0
213	-0.787969	317.572005	0.007400	4.4
214	-0.211516	316.966721	0.003721	4.1
215	-1.429913	316.364504	0.010911	4.3
216	-0.381780	315.765329	0.003826	4.7
217	-0.000000	315.169170	0.000000	4.0
218	-0.000000	314.576003	0.000000	4.0
219	-1.561741	313.985804	0.016646	4.4
220	-1.287913	313.398548	0.009757	4.4
221	-1.374885	312.814213	0.010494	3.9
222	-0.010320	312.232773	0.000681	4.0
223	-0.000147	311.654207	0.000028	4.9
224	-1.390654	311.078491	0.015173	4.0
225	-0.025858	310.505602	0.000828	4.1
226	-0.000025	309.935518	0.000006	4.4
227	-1.563901	309.368217	0.015135	4.3
228	-1.019679	308.803676	0.012773	4.0
229	-1.581751	308.241874	0.003598	4.0
230	-0.590166	307.682789	0.017982	4.7
231	-1.296519	307.126400	0.015054	4.0
232	-0.303596	306.572687	0.005130	4.0
233	-1.168452	306.021627	0.009571	5.1
234	-0.662320	305.473201	0.004997	4.5
235	-0.553581	304.927388	0.004836	4.3
236	-0.708206	304.384168	0.012177	4.2
237	-0.000000	303.843521	0.000000	4.5
238	-0.000000	303.305427	0.000000	4.3
239	-0.171445	302.769867	0.004304	4.1
240	-1.428326	302.236821	0.017424	6.4
241	-0.017865	301.706270	0.000596	4.1
242	-1.368782	301.178196	0.014872	4.0
243	-0.782138	300.652580	0.012657	4.3
244	-1.134805	300.129402	0.012124	4.5
245	-0.537426	299.608645	0.004129	4.4
246	-0.835995	299.090291	0.006835	4.7
247	-1.452441	298.574321	0.013326	4.6
248	-1.308544	298.060718	0.012169	4.5
249	-0.824812	297.549465	0.005605	7.2
250	-0.099041	297.040543	0.002611	4.6
251	-0.276620	296.533936	0.003186	4.2
252	-1.084707	296.029626	0.008141	4.4
253	-0.562668	295.527597	0.014154	4.1
254	-0.825365	295.027832	0.011413	4.7
255	-0.000005	294.530315	0.000001	4.6
256	-1.381678	294.035028	0.007509	4.1
257	-0.197082	293.541956	0.004110	4.3
258	-0.057616	293.051083	0.001458	4.2
259	-0.919665	292.562393	0.006411	4.3
260	-0.000000	292.075870	0.000000	4.0
261	-1.130314	291.591498	0.005644	4.3
262	-1.318577	291.109263	0.017861	4.4
263	-1.246428	290.629149	0.010633	4.0
264	-1.177926	290.151140	0.010178	4.0
265	-1.223747	289.675222	0.012147	4.5
266	-1.453602	289.201380	0.030736	4.3
267	-0.035622	288.729600	0.001041	4.1
268	-0.884063	288.259866	0.012134	4.2
269	-0.677329	287.792165	0.003867	4.8
270	-0.908293	287.326481	0.013609	4.0
271	-0.902928	286.862802	0.018418	4.0
272	-0.357417	286.401113	0.003025	4.6
273	-0.392657	285.941400	0.021584	4.1
274	-1.053255	285.483649	0.004189	4.0
275	-0.728025	285.027847	0.008673	4.0
276	-0.131637	284.573981	0.002439	5.1
277	-1.259649	284.122037	0.011113	4.0
278	-1.141209	283.672002	0.006638	4.1
279	-0.412609	283.223863	0.004666	4.3
280	-1.494979	282.777607	0.017370	4.2
281	-0.033041	282.333221	0.001714	4.0
282	-0.004905	281.890692	0.000264	3.9
283	-1.278471	281.450008	0.008573	4.3
284	-1.415719	281.011157	0.009004	4.0
285	-1.548753	280.574125	0.010770	4.0
286	-0.399379	280.138901	0.014845	4.3
287	-0.000087	279.705473	0.000017	4.4
288	-0.789985	279.273829	0.024284	4.0
289	-1.081126	278.843956	0.005716	4.4
290	-0.000000	278.415844	0.000000	4.0
291	-0.647115	277.989479	0.008280	4.3
292	-0.639090	277.564851	0.007185	4.0
293	-1.366059	277.141949	0.007587	5.0
294	-1.491694	276.720761	0.017561	4.9
295	-0.105043	276.301275	0.002757	4.0
296	-0.971946	275.883480	0.007119	4.2
297	-0.795223	275.467366	0.006304	4.0
298	-1.072331	275.052922	0.005422	4.4
299	-0.724236	274.640136	0.004323	4.2
300	-1.241882	274.228998	0.011930	4.2
301	-1.312784	273.819497	0.020818	4.1
302	-1.216868	273.411623	0.007079	4.1
303	-1.367862	273.005365	0.019565	4.5
304	-0.044813	272.600712	0.001809	4.0
305	-1.102921	272.197655	0.015178	4.4
306	-1.139572	271.796184	0.010900	3.8
307	-1.553804	271.396287	0.011699	4.0
308	-0.067383	270.997956	0.000725	3.9
309	-1.312203	270.601180	0.007161	4.3
310	-0.000000	270.205949	0.000000	4.4
311	-0.089437	269.812254	0.002792	4.0
312	-0.417356	269.420085	0.003701	4.0
313	-0.210546	269.029432	0.002851	4.5
314	-0.708479	268.640287	0.005230	4.3
315	-1.404974	268.252638	0.017716	4.0
316	-1.135015	267.866478	0.017948	4.3
317	-1.002088	267.481796	0.009597	4.8
318	-1.449253	267.098584	0.013557	4.1
319	-1.094931	266.716833	0.010501	3.9
320	-0.006394	266.336533	0.000198	4.5
321	-0.831800	265.957676	0.007025	4.1
322	-0.000000	265.580253	0.000000	4.1
323	-0.406105	265.204254	0.004612	3.9
324	-0.000000	264.829672	0.000000	4.9
325	-0.282881	264.456497	0.003406	4.0
326	-0.000002	264.084721	0.000001	4.0
327	-1.479862	263.714335	0.009276	4.6
328	-0.471694	263.345332	0.004746	4.0
329	-0.847667	262.977702	0.021266	4.2
330	-0.002309	262.611438	0.000339	4.0
331	-0.712421	262.246531	0.006089	4.9
332	-0.980660	261.882973	0.010742	4.2
333	-0.825126	261.520756	0.007279	4.2
334	-0.000364	261.159871	0.000049	4.2
335	-0.308939	260.800312	0.005299	4.6
336	-0.699906	260.442070	0.008145	4.2
337	-0.937510	260.085137	0.011314	4.4
338	-1.192408	259.729505	0.009309	4.6
339	-1.044131	259.375167	0.009465	4.3
340	-1.132086	259.022116	0.009826	4.4
341	-0.871323	258.670343	0.016763	4.2
342	-0.000000	258.319841	0.000000	4.6
343	-1.414967	257.970602	0.014916	4.1
344	-0.000035	257.622620	0.000008	4.5
345	-1.047470	257.275887	0.015369	4.5
346	-1.224218	256.930396	0.013211	4.5
347	-1.420066	256.586139	0.014440	4.5
348	-0.000000	256.243109	0.000000	4.0
349	-1.657543	255.901300	0.012498	4.3
350	-0.953337	255.560703	0.014163	4.0
351	-1.272739	255.221313	0.011539	4.7
352	-0.574216	254.883122	0.004361	4.3
353	-1.067675	254.546124	0.014676	4.2
354	-1.318033	254.210311	0.013957	4.4
355	-0.011024	253.875677	0.000951	3.9
356	-0.240502	253.542215	0.002291	4.2
357	-1.356767	253.209918	0.008933	4.4
358	-0.882695	252.878781	0.014957	4.0
359	-0.000000	252.548795	0.000000	4.0
360	-0.904919	252.219956	0.006638	4.3
361	-0.803429	251.892255	0.003880	4.6
362	-0.007642	251.565688	0.000206	4.0
363	-1.341887	251.240247	0.009931	4.2
364	-0.420020	250.915926	0.003004	4.6
365	-0.783140	250.592720	0.006420	3.8
366	-0.154684	250.270621	0.001926	4.0
367	-1.282690	249.949624	0.010768	4.3
368	-0.542911	249.629723	0.009942	4.9
369	-1.381999	249.310911	0.008391	4.7
370	-0.000465	248.993182	0.000096	4.5
371	-0.546132	248.676531	0.012951	5.5
372	-0.000000	248.360952	0.000000	4.0
373	-1.204181	248.046438	0.005250	4.1
374	-1.628262	247.732984	0.004588	4.6
375	-1.396125	247.420584	0.009291	4.3
376	-0.714409	247.109233	0.010511	3.9
377	-0.000000	246.798924	0.000000	3.9
378	-1.087116	246.489652	0.008432	4.6
379	-0.000103	246.181412	0.000020	4.1
380	-0.589198	245.874197	0.015113	4.0
381	-1.388329	245.568002	0.008867	4.3
382	-1.592876	245.262822	0.012741	4.4
383	-0.152614	244.958652	0.003010	4.0
384	-1.611403	244.655485	0.007502	4.0
385	-0.839234	244.353317	0.012074	4.5
386	-0.000002	244.052142	0.000001	4.0
387	-0.286747	243.751955	0.002469	3.9
388	-0.016671	243.452750	0.000686	4.6
389	-0.000000	243.154523	0.000000	4.3
390	-0.869805	242.857268	0.017638	4.1
391	-1.519313	242.560980	0.023380	4.0
392	-1.060386	242.265654	0.003713	4.2
393	-0.009796	241.971285	0.000156	4.2
394	-1.238990	241.677868	0.012097	4.0
395	-1.323066	241.385397	0.007670	5.1
396	-1.177443	241.093869	0.012293	4.5
397	-0.000001	240.803278	0.000000	4.6
398	-1.313741	240.513619	0.015167	4.4
399	-0.013939	240.224887	0.001032	4.4
400	-0.147451	239.937077	0.002074	4.5
401	-0.008894	239.650186	0.000634	4.0
402	-0.000001	239.364207	0.000000	4.3
403	-0.327500	239.079136	0.005373	4.3
404	-1.522082	238.794969	0.014813	4.2
405	-1.412127	238.511701	0.016314	4.3
406	-0.539300	238.229327	0.020221	3.9
407	-0.000000	237.947843	0.000000	4.4
408	-0.205773	237.667244	0.002375	4.4
409	-1.295196	237.387526	0.010175	4.3
410	-1.127438	237.108684	0.007499	3.9
411	-0.000000	236.830714	0.000000	4.5
412	-1.480243	236.553610	0.009184	3.9
413	-0.500108	236.277370	0.028259	3.9
414	-1.198717	236.001989	0.013383	4.5
415	-1.553110	235.727461	0.008269	4.2
416	-0.983217	235.453784	0.010575	4.0
417	-0.703969	235.180952	0.008580	3.9
418	-0.549121	234.908962	0.006204	4.7
419	-0.632110	234.637809	0.007291	4.1
420	-1.048091	234.367488	0.008869	4.0
421	-1.173867	234.097997	0.008896	4.0
422	-1.329666	233.829331	0.015275	4.6
423	-1.307589	233.561485	0.008268	4.0
424	-0.505291	233.294456	0.006868	4.0
425	-1.300302	233.028239	0.005376	4.6
426	-1.024359	232.762831	0.022167	4.2
427	-0.000000	232.498228	0.000000	4.0
428	-0.611019	232.234425	0.010640	4.2
429	-1.121210	231.971419	0.007650	4.5
430	-1.236698	231.709205	0.014679	4.1
431	-0.493777	231.447781	0.010771	4.0
432	-1.140721	231.187141	0.008706	5.1
433	-0.085961	230.927283	0.001963	4.5
434	-0.853628	230.668202	0.005810	4.0
435	-0.000000	230.409895	0.000000	4.5
436	-0.038456	230.152358	0.001673	4.4
437	-0.807335	229.895587	0.005654	4.1
438	-1.521486	229.639578	0.009932	4.3
439	-0.849720	229.384329	0.010840	3.9
440	-0.103972	229.129834	0.001174	4.5
441	-1.298469	228.876091	0.011086	4.0
442	-0.000000	228.623096	0.000000	4.0
443	-0.815591	228.370846	0.008441	4.0
444	-0.000095	228.119336	0.000016	4.3
445	-0.000000	227.868563	0.000000	4.2
446	-0.462167	227.618525	0.011129	4.0
447	-1.399701	227.369216	0.009604	4.5
448	-1.230927	227.120635	0.006255	4.3
449	-0.058146	226.872777	0.001259	4.2
450	-0.242622	226.625638	0.003481	3.9
451	-1.193582	226.379217	0.009123	4.5
452	-0.769405	226.133509	0.004633	4.4
453	-0.000000	225.888510	0.000000	4.1
454	-0.037642	225.644218	0.001552	4.0
455	-0.174003	225.400630	0.003441	4.8
456	-1.662750	225.157741	0.013426	4.0
457	-0.586734	224.915549	0.005179	4.0
458	-0.141437	224.674051	0.002053	4.1
459	-1.138602	224.433242	0.005199	4.7
460	-0.658419	224.193121	0.006630	4.1
461	0.000000	223.953684	0.000000	4.0
462	-1.220869	223.714927	0.026379	4.6
463	-0.812874	223.476848	0.019243	4.1
464	-0.983875	223.239444	0.012617	4.0
465	-0.420508	223.002710	0.010192	4.1
466	-1.394776	222.766645	0.010481	4.5
467	-1.231792	222.531245	0.007150	4.1
468	-1.383848	222.296508	0.009287	4.0
469	-1.341965	222.062429	0.007574	4.5
470	-1.068723	221.829007	0.016141	4.3
471	-1.440967	221.596238	0.010056	4.3
472	-0.601622	221.364119	0.008128	4.4
473	-0.496488	221.132647	0.005554	4.6
474	-1.495866	220.901820	0.009005	4.1
475	-0.000000	220.671634	0.000000	4.1
476	-1.341703	220.442086	0.008497	4.6
477	-0.849505	220.213174	0.009158	4.5
478	-0.825058	219.984895	0.005999	4.2
479	-1.488514	219.757246	0.012904	4.4
480	-1.373667	219.530224	0.014240	4.6
481	-0.978494	219.303826	0.006007	4.3
482	-1.455655	219.078050	0.015260	3.7
483	-0.007459	218.852893	0.000436	4.6
484	-1.554127	218.628352	0.017326	4.7
485	-1.409921	218.404424	0.012119	4.1
486	-1.218679	218.181106	0.024190	4.1
487	-1.087779	217.958397	0.009671	4.1
488	-0.034099	217.736292	0.000952	4.4
489	-1.146087	217.514790	0.023912	4.1
490	-0.641076	217.293888	0.004789	4.3
491	-1.399762	217.073584	0.009711	4.4
492	-0.018049	216.853873	0.000829	4.1
493	-0.000000	216.634755	0.000000	4.4
494	-1.369027	216.416227	0.014341	4.0
495	-0.265556	216.198285	0.002349	4.5
496	-0.000000	215.980927	0.000000	4.1
497	-0.769165	215.764151	0.006736	4.2
498	-0.016687	215.547955	0.001003	3.9
499	-0.225876	215.332335	0.003933	4.4
500	-0.996338	215.117289	0.005150	4.5
501	-1.384650	214.902815	0.018032	4.6
502	-1.016315	214.688911	0.007824	4.3
503	-1.245127	214.475573	0.013031	5.1
504	-0.149931	214.262800	0.003589	4.0
505	-1.520848	214.050588	0.008654	4.0
506	-0.635806	213.838936	0.010393	4.5
507	-0.065039	213.627842	0.002372	4.5
508	-0.107837	213.417302	0.001558	4.1
509	-0.842471	213.207314	0.003581	4.3
510	-1.381284	212.997877	0.012889	4.3
511	-0.822188	212.788987	0.015784	3.9
512	-0.110101	212.580642	0.000471	3.9
513	-0.499407	212.372841	0.020800	4.5
514	-0.226545	212.165581	0.002033	3.8
515	-0.000000	211.958859	0.000000	4.1
516	-0.749581	211.752673	0.006095	4.0
517	-1.149321	211.547021	0.011870	6.1
518	-0.833042	211.341902	0.008370	4.8
519	-0.885507	211.137311	0.008406	4.9
520	-1.421355	210.933248	0.014831	5.6
521	-0.115819	210.729710	0.004460	5.0
522	-0.000281	210.526695	0.000056	5.0
523	-1.608434	210.324200	0.011494	4.9
524	-1.638030	210.122224	0.019446	5.2
525	-1.630082	209.920765	0.007163	6.3
526	-0.699184	209.719820	0.007559	4.7
527	-1.335368	209.519387	0.009454	4.3
528	-0.000000	209.319463	0.000000	4.3
529	-1.421724	209.120048	0.011344	5.3
530	-0.550335	208.921139	0.018427	4.8
531	-0.364863	208.722733	0.002810	4.3
532	-1.295619	208.524829	0.005727	4.2
533	-1.283799	208.327425	0.005390	4.7
534	-1.290224	208.130518	0.020676	4.0
535	-0.118086	207.934107	0.003392	4.3
536	-0.000000	207.738189	0.000000	4.2
537	-0.000000	207.542762	0.000000	4.1
538	-0.951916	207.347825	0.006496	4.4
539	-0.143776	207.153376	0.003637	4.0
540	-0.209759	206.959412	0.004976	4.5
541	-0.894786	206.765932	0.005803	4.2
542	-0.060791	206.572933	0.001088	4.0
543	-0.773093	206.380414	0.003540	4.2
544	-0.000000	206.188373	0.000000	4.6
545	-1.384941	205.996807	0.012064	4.3
546	-1.261239	205.805716	0.005825	4.0
547	-0.000000	205.615096	0.000000	4.4
548	-0.817884	205.424946	0.007375	4.2
549	-1.034967	205.235265	0.009958	4.0
550	-0.980958	205.046050	0.019838	4.0
551	-1.023021	204.857299	0.008506	4.4
552	-1.262607	204.669011	0.018947	4.4
553	-1.148150	204.481184	0.011584	4.0
554	-1.586193	204.293816	0.005671	4.0
555	-0.422682	204.106905	0.004322	4.9
556	-0.872730	203.920449	0.007133	4.0
557	-0.976873	203.734447	0.009481	4.0
558	-0.000000	203.548896	0.000000	3.9
559	-0.000000	203.363795	0.000000	4.2
560	-0.703556	203.179143	0.016562	4.0
561	-1.650417	202.994937	0.007938	4.1
562	-1.061560	202.811176	0.004148	4.6
563	-1.308036	202.627857	0.013630	4.2
564	-1.544813	202.444980	0.009899	4.0
565	-0.490042	202.262543	0.004372	4.3
566	-1.278203	202.080543	0.013319	4.5
567	-1.347552	201.898979	0.013823	4.0
568	-0.119642	201.717849	0.002938	4.0
569	-1.288461	201.537153	0.015988	6.7
570	-1.226675	201.356887	0.010960	4.7
571	-0.845878	201.177050	0.012153	4.4
572	-0.075760	200.997642	0.001427	5.0
573	-0.012661	200.818659	0.000462	4.9
574	-0.936363	200.640100	0.010388	4.5
575	-0.000000	200.461965	0.000000	5.0
576	-0.000172	200.284250	0.000033	4.3
577	-0.557313	200.106955	0.013255	4.4
578	-0.953989	199.930078	0.006555	5.3
579	-1.039087	199.753617	0.009918	5.9
580	-0.041046	199.577571	0.001238	4.6
581	-0.000000	199.401938	0.000000	4.6
582	-1.276939	199.226717	0.012476	4.5
583	-1.302339	199.051905	0.011366	4.7
584	-0.173957	198.877502	0.004185	5.0
585	-0.000004	198.703506	0.000001	5.0
586	-1.095653	198.529916	0.005172	4.4
587	-1.483826	198.356729	0.013740	5.0
588	-0.156352	198.183944	0.003444	5.2
589	-1.031272	198.011560	0.001359	4.4
590	-1.423826	197.839576	0.021256	4.4
591	-1.562027	197.667989	0.006932	4.1
592	-0.000000	197.496798	0.000000	4.5
593	-0.012689	197.326002	0.000380	4.6
594	-0.000000	197.155600	0.000000	4.1
595	-0.805691	196.985589	0.009086	4.3
596	-0.000000	196.815969	0.000000	4.5
597	-0.439092	196.646738	0.004145	4.4
598	-1.121416	196.477894	0.014177	4.1
599	-0.248094	196.309436	0.002102	4.6
600	-0.361908	196.141363	0.004294	4.2
601	-0.139824	195.973673	0.001129	4.1
602	-0.754890	195.806365	0.002475	4.1
603	-0.909968	195.639437	0.011643	4.7
604	-1.244898	195.472888	0.015423	4.2
605	-1.027886	195.306717	0.007808	3.9
606	-1.503408	195.140922	0.016666	4.6
607	-0.000000	194.975501	0.000000	4.1
608	-1.223322	194.810454	0.014658	4.1
609	-0.613681	194.645779	0.005417	3.9
610	-1.297227	194.481475	0.017735	4.8
611	-0.423018	194.317540	0.003504	4.1
612	-0.000000	194.153973	0.000000	4.0
613	-0.691466	193.990773	0.004416	5.3
614	-0.373651	193.827938	0.004111	4.3
615	-0.886317	193.665467	0.011164	4.0
616	-0.838857	193.503358	0.003336	4.5
617	-0.000000	193.341611	0.000000	4.5
618	-1.345081	193.180224	0.010667	3.9
619	-0.153033	193.019196	0.003415	4.2
620	-0.861707	192.858525	0.008942	3.9
621	-0.763833	192.698210	0.006505	4.5
622	-0.827948	192.538251	0.009434	4.0
623	-1.610761	192.378644	0.004810	4.5
624	-0.000000	192.219391	0.000000	4.3
625	-1.325342	192.060488	0.021929	4.0
626	-1.586534	191.901935	0.012561	4.3
627	-0.000089	191.743730	0.000015	4.0
628	-1.584162	191.585873	0.008985	4.4
629	-0.392717	191.428362	0.006259	4.8
630	-1.469180	191.271196	0.007910	4.0
631	-1.047401	191.114374	0.010737	4.0
632	-1.051591	190.957893	0.007795	4.5
633	-0.998939	190.801755	0.008774	4.3
634	-1.513828	190.645956	0.008037	4.0
635	-0.655488	190.490495	0.006067	4.3
636	-0.621526	190.335373	0.024373	4.5
637	-0.873820	190.180587	0.022136	4.0
638	-0.348569	190.026136	0.002865	3.9
639	-0.851510	189.872019	0.006459	4.6
640	-0.000037	189.718235	0.000007	5.3
641	-0.958577	189.564782	0.009479	4.0
642	-0.000000	189.411661	0.000000	4.4
643	-1.077634	189.258868	0.015451	4.9
644	-0.000852	189.106404	0.000112	4.7
645	-1.415449	188.954267	0.020204	4.0
646	-0.049501	188.802456	0.001841	5.0
647	-1.253547	188.650969	0.006121	4.0
648	-0.104750	188.499807	0.001570	3.9
649	-0.194819	188.348967	0.002227	4.7
650	-1.614858	188.198448	0.019248	4.1
651	-1.432418	188.048250	0.019742	4.1
652	-1.553247	187.898371	0.011052	4.0
653	-0.012762	187.748810	0.001430	4.5
654	-0.815494	187.599566	0.008124	4.0
655	-0.791920	187.450638	0.006470	4.0
656	-0.700670	187.302025	0.021087	5.0
657	-1.329953	187.153725	0.008417	4.7
658	-0.804620	187.005739	0.006284	4.0
659	-0.848779	186.858064	0.019993	4.4
660	-1.047031	186.710699	0.005703	4.5
661	-0.000084	186.563645	0.000013	4.4
662	-1.049221	186.416898	0.014981	4.7
663	-1.607149	186.270459	0.014609	4.3
664	-1.545303	186.124326	0.012249	4.2
665	-1.463581	185.978499	0.010753	4.4
666	-1.353222	185.832976	0.006782	4.3
667	-1.270132	185.687756	0.013462	4.5
668	-1.635351	185.542838	0.014230	4.6
669	-0.001600	185.398222	0.000282	4.6
670	-0.060619	185.253906	0.002167	4.1
671	-0.147580	185.109889	0.002947	4.2
672	-1.330318	184.966170	0.011227	4.4
673	-0.556417	184.822748	0.005182	4.0
674	-0.790124	184.679623	0.016648	4.4
675	-0.000000	184.536792	0.000000	4.2
676	-0.001063	184.394256	0.000145	4.5
677	-0.674874	184.252013	0.014078	4.0
678	-0.006148	184.110062	0.000477	4.3
679	-0.900015	183.968403	0.010798	4.4
680	-1.147258	183.827034	0.011384	3.9
681	-0.169776	183.685954	0.003316	4.1
682	-1.075780	183.545163	0.007828	4.8
683	-0.266146	183.404658	0.002779	4.0
684	-0.985385	183.264441	0.008192	4.0
685	-1.649007	183.124509	0.012070	4.3
686	-1.246807	182.984861	0.008915	4.6
687	-0.135249	182.845497	0.003087	4.1
688	-0.505086	182.706416	0.012474	4.4
689	-0.639718	182.567616	0.007424	4.8
690	-1.244043	182.429098	0.009219	4.2
691	-0.017517	182.290859	0.000988	4.1
692	-0.001630	182.152899	0.000268	4.7
693	-0.651000	182.015217	0.004214	5.0
694	-0.702381	181.877813	0.011050	5.1
695	-1.259836	181.740684	0.010975	5.0
696	-1.098974	181.603832	0.007785	4.7
697	-1.218063	181.467253	0.009912	5.0
698	-0.000120	181.330948	0.000027	4.7
699	-0.784009	181.194916	0.012046	4.6
700	-1.004999	181.059155	0.007762	4.2
701	-0.008076	180.923666	0.000451	4.2
702	-1.267118	180.788446	0.009778	4.4
703	-0.696735	180.653496	0.007483	4.3
704	-0.998120	180.518814	0.006463	4.4
705	-1.169557	180.384399	0.008491	4.0
706	-1.073470	180.250251	0.008244	4.3
707	-0.418146	180.116369	0.002471	4.1
708	-1.301774	179.982752	0.009041	4.3
709	-1.391084	179.849398	0.015093	4.0
710	-1.548258	179.716308	0.012380	4.4
711	-1.156406	179.583480	0.011517	4.4
712	-0.874029	179.450913	0.009858	4.0
713	-1.152495	179.318607	0.011299	4.1
714	0.000000	179.186561	0.000000	4.1
715	-1.046634	179.054774	0.011356	4.6
716	-0.868427	178.923245	0.010214	4.4
717	-0.149092	178.791973	0.002884	4.4
718	-1.397852	178.660958	0.006407	4.4
719	-0.744046	178.530199	0.006559	4.0
720	-0.930487	178.399694	0.008021	4.0
721	-0.716006	178.269444	0.016542	4.4
722	-0.769863	178.139447	0.006344	4.3
723	-1.347134	178.009702	0.013838	4.0
724	-1.432942	177.880209	0.005274	3.9
725	-1.304372	177.750967	0.009673	4.3
726	-0.841786	177.621975	0.004912	4.3
727	-0.000000	177.493232	0.000000	4.0
728	-0.865120	177.364738	0.009892	4.3
729	-0.053064	177.236492	0.001461	4.5
730	-0.453178	177.108492	0.007120	4.0
731	-0.000017	176.980739	0.000004	4.0
732	-1.448201	176.853231	0.007723	4.6
733	-1.561365	176.725968	0.011071	4.3
734	-0.895243	176.598949	0.006773	4.0
735	-0.376418	176.472173	0.006327	4.0
736	-0.110247	176.345639	0.002768	4.6
737	-0.717603	176.219348	0.010938	4.1
738	-1.460763	176.093296	0.011588	3.9
739	-0.863702	175.967486	0.007197	4.0
740	-0.798136	175.841914	0.008646	4.6
741	-1.167337	175.716581	0.009645	4.1
742	-1.031595	175.591486	0.012153	4.0
743	-0.079684	175.466629	0.002924	5.0
744	-0.231545	175.342008	0.002097	4.0
745	-0.638372	175.217622	0.006401	3.9
746	-0.864586	175.093472	0.009786	4.3
747	-1.641067	174.969556	0.018063	4.4
748	-1.185991	174.845873	0.016858	4.0
749	-1.074102	174.722423	0.007221	4.0
750	-1.237898	174.599206	0.005243	5.0
751	-1.180243	174.476220	0.009995	4.2
752	-1.335231	174.353464	0.007704	4.0
753	-0.000078	174.230939	0.000016	5.0
754	-0.000000	174.108643	0.000000	4.1
755	-1.601198	173.986576	0.013869	4.1
756	-0.527303	173.864737	0.003593	4.5
757	-0.560426	173.743124	0.012176	4.4
758	-1.371046	173.621739	0.009774	4.3
759	-1.055663	173.500579	0.005902	4.2
760	-0.929051	173.379645	0.006066	5.1
761	-0.637175	173.258935	0.008200	5.2
762	-0.173032	173.138449	0.001543	5.1
763	-0.000241	173.018186	0.000040	5.6
764	-1.187929	172.898146	0.004225	4.8
765	-1.458772	172.778327	0.008688	4.4
766	-0.000002	172.658730	0.000000	4.1
767	-1.562390	172.539353	0.010035	4.4
768	-0.013551	172.420196	0.000223	4.4
769	-1.154747	172.301258	0.012868	4.2
770	-1.398996	172.182539	0.012797	4.2
771	-0.000000	172.064037	0.000000	4.8
772	-1.049092	171.945753	0.007670	4.0
773	-1.535472	171.827686	0.007091	4.1
774	-0.445824	171.709834	0.005143	4.0
775	-0.021741	171.592198	0.001433	4.4
776	-1.477993	171.474776	0.014204	3.9
777	-0.642483	171.357568	0.006152	3.9
778	-1.059495	171.240574	0.007265	4.5
779	-0.105550	171.123793	0.002379	4.1
780	-1.343222	171.007223	0.007731	4.0
781	-0.792156	170.890865	0.007114	3.9
782	-1.223844	170.774718	0.005112	5.6
783	-1.450343	170.658782	0.013511	3.7
784	-0.030896	170.543055	0.000665	4.0
785	-0.376100	170.427537	0.005376	4.6
786	-1.282440	170.312227	0.011489	4.1
787	-1.229648	170.197125	0.008017	4.0
788	-1.068039	170.082231	0.018515	3.9
789	-1.289357	169.967543	0.008744	5.2
790	-1.318987	169.853061	0.008346	3.9
791	-1.304444	169.738784	0.020969	4.0
792	-1.487069	169.624713	0.006835	4.3
793	-0.034574	169.510845	0.001938	4.3
794	-1.203672	169.397181	0.005984	4.0
795	-1.022938	169.283720	0.007843	4.2
796	-0.294493	169.170462	0.004712	4.4
797	-1.090251	169.057405	0.012940	4.1
798	-1.129312	168.944549	0.004919	4.0
799	-0.000100	168.831895	0.000020	4.5
800	-1.046993	168.719440	0.006947	4.9
801	-0.745101	168.607185	0.007002	4.6
802	-1.312190	168.495129	0.016417	4.4
803	-1.503846	168.383271	0.010879	4.4
804	-0.376369	168.271611	0.004010	4.1
805	-0.837533	168.160148	0.008621	3.9
806	-0.765857	168.048882	0.006865	4.2
807	-0.165878	167.937812	0.001425	4.3
808	-1.188053	167.826938	0.006825	4.2
809	-1.343096	167.716258	0.009623	4.3
810	-1.182453	167.605773	0.009878	4.0
811	-1.473182	167.495482	0.008226	4.4
812	-1.578756	167.385384	0.004863	4.0
813	-0.000000	167.275479	0.000000	4.4
814	-0.327336	167.165766	0.002899	4.0
815	-0.627378	167.056245	0.004348	4.2
816	-0.792115	166.946915	0.021825	4.3
817	-1.422284	166.837776	0.012362	4.2
818	-1.026260	166.728826	0.011772	4.4
819	-0.797633	166.620067	0.005713	4.3
820	-0.000000	166.511496	0.000000	4.0
821	-0.000003	166.403113	0.000001	4.2
822	-0.000001	166.294919	0.000000	4.5
823	-0.808456	166.186912	0.009794	4.4
824	-0.373092	166.079091	0.010601	4.0
825	-0.828592	165.971458	0.003200	4.0
826	-0.393209	165.864009	0.005178	5.8
827	-0.979597	165.756747	0.013616	4.0
828	-1.177856	165.649669	0.014873	3.9
829	-1.239181	165.542775	0.007749	4.5
830	-1.074721	165.436065	0.009136	4.2
831	-1.318936	165.329538	0.011385	3.9
832	-0.588394	165.223194	0.010158	4.0
833	-1.074377	165.117032	0.016273	4.7
834	-0.693005	165.011052	0.011007	4.1
835	-1.033873	164.905253	0.012408	4.0
836	-1.074185	164.799635	0.004905	4.7
837	-1.635574	164.694197	0.007082	4.2
838	-1.472029	164.588939	0.009536	3.9
839	-1.458812	164.483859	0.010744	3.9
840	-0.002530	164.378959	0.000173	4.7
841	-0.202885	164.274237	0.004035	4.3
842	-0.472648	164.169692	0.009440	4.0
843	-0.805379	164.065325	0.008712	4.3
844	-1.313489	163.961135	0.015658	4.3
845	-0.001107	163.857120	0.000185	3.9
846	-0.000000	163.753282	0.000000	4.3
847	-1.462265	163.649619	0.009255	3.9
848	-1.053063	163.546130	0.004371	4.2
849	-0.915578	163.442816	0.007886	4.0
850	-0.000415	163.339676	0.000063	4.4
851	-0.557881	163.236709	0.004110	4.3
852	-0.000314	163.133915	0.000056	4.2
853	-0.123142	163.031294	0.001767	4.0
854	-1.374072	162.928844	0.003477	4.0
855	-0.000010	162.826566	0.000002	4.3
856	-0.831130	162.724459	0.003800	4.0
857	-1.359473	162.622523	0.011954	4.5
858	0.000000	162.520757	0.000000	3.9
859	-0.387136	162.419160	0.003177	4.4
860	-0.071768	162.317733	0.002107	4.5
861	-1.152106	162.216474	0.020852	4.1
862	-1.507072	162.115383	0.009907	4.0
863	-1.162187	162.014461	0.007736	4.1
864	-1.156289	161.913705	0.008134	4.6
865	-0.104205	161.813117	0.000506	4.0
866	-1.038795	161.712695	0.013891	4.4
867	-0.000000	161.612439	0.000000	4.2
868	-0.000000	161.512349	0.000000	4.0
869	-0.060351	161.412424	0.002427	3.9
870	-1.124689	161.312663	0.008107	4.2
871	-0.009288	161.213067	0.000200	4.5
872	-1.495448	161.113635	0.014691	4.0
873	-0.900745	161.014366	0.005315	4.0
874	-1.105995	160.915260	0.024088	4.7
875	-1.239219	160.816316	0.007380	4.0
876	-0.756251	160.717535	0.016267	3.9
877	-0.000000	160.618915	0.000000	4.0
878	-0.393012	160.520456	0.005800	4.5
879	-0.000000	160.422158	0.000000	4.1
880	-0.765309	160.324021	0.007420	4.1
881	-0.048668	160.226043	0.001762	4.5
882	-1.401310	160.128225	0.016363	4.3
883	-1.279684	160.030566	0.013717	4.1
884	-0.000022	159.933066	0.000004	4.4
885	-1.627666	159.835723	0.007481	4.6
886	-1.566336	159.738539	0.008078	4.1
887	-1.601615	159.641512	0.009592	4.1
888	-0.138294	159.544642	0.001289	4.5
889	-1.443141	159.447929	0.018129	4.3
890	-1.180677	159.351372	0.015092	4.2
891	-1.229299	159.254971	0.007195	5.0
892	-0.249672	159.158725	0.002742	4.7
893	-0.008512	159.062634	0.000293	4.2
894	-0.000000	158.966697	0.000000	4.3
895	-1.441089	158.870915	0.018342	4.5
896	-0.996770	158.775286	0.012097	4.3
897	-0.317127	158.679811	0.005063	4.2
898	-0.922708	158.584489	0.023384	4.5
899	-1.003278	158.489319	0.004090	4.5
900	-1.395973	158.394302	0.015659	4.3
901	-0.000000	158.299436	0.000000	4.9
902	-1.257495	158.204721	0.013236	4.3
903	-0.933121	158.110158	0.005755	4.3
904	-0.022594	158.015745	0.000537	4.3
905	-1.061400	157.921482	0.008323	4.3
906	-0.268637	157.827369	0.004110	4.4
907	-0.065179	157.733406	0.001478	4.1
908	-1.004289	157.639591	0.009382	4.8
909	-0.840280	157.545925	0.012207	4.3
910	-0.894819	157.452408	0.008613	4.1
911	-1.263458	157.359038	0.010672	4.5
912	-0.000000	157.265816	0.000000	4.0
913	-1.574624	157.172741	0.009133	4.0
914	-0.111410	157.079813	0.002093	4.5
915	-0.000000	156.987031	0.000000	4.0
916	-0.000246	156.894395	0.000043	4.2
917	-1.647605	156.801904	0.007494	4.3
918	-1.368554	156.709559	0.016192	4.5
919	-0.651974	156.617359	0.006992	4.0
920	-1.537722	156.525304	0.024487	4.0
921	-1.137342	156.433392	0.006848	4.4
922	-0.540353	156.341624	0.016411	4.0
923	-0.000000	156.250000	0.000000	4.0
924	-0.909621	156.158519	0.004919	3.9
925	-0.609143	156.067180	0.006484	4.8
926	-0.000000	155.975984	0.000000	3.9
927	-1.136581	155.884930	0.015764	4.2
928	-0.071409	155.794017	0.001638	4.3
929	-0.802893	155.703246	0.007246	4.1
930	-1.532171	155.612615	0.008705	3.9
931	-0.706370	155.522125	0.006660	3.9
932	-0.687017	155.431775	0.005043	4.8
933	-0.000001	155.341565	0.000000	4.3
934	-1.159051	155.251495	0.006588	4.0
935	-1.226185	155.161563	0.017322	3.9
936	-1.147713	155.071771	0.021006	4.4
937	-1.186266	154.982117	0.014772	4.2
938	-0.980757	154.892601	0.009712	4.0
939	-1.343566	154.803222	0.012384	4.6
940	0.000000	154.713981	0.000000	4.1
941	-1.551514	154.624878	0.011262	3.9
942	-1.507359	154.535910	0.016602	3.9
943	-0.000011	154.447080	0.000003	4.4
944	-0.800247	154.358385	0.011512	4.0
945	-1.116828	154.269826	0.018122	4.1
946	-0.000000	154.181402	0.000000	4.7
947	-1.073816	154.093114	0.011332	4.6
948	-0.952496	154.004960	0.011629	4.4
949	-0.000008	153.916940	0.000002	4.0
950	-1.461496	153.829054	0.007250	5.1
951	-0.000000	153.741303	0.000000	4.0
952	-0.596394	153.653684	0.010247	3.9
953	-0.465870	153.566198	0.016659	4.3
954	-0.168252	153.478846	0.003976	4.3
955	-1.010776	153.391625	0.009768	4.1
956	-0.618219	153.304537	0.003703	4.4
957	-1.413894	153.217580	0.021991	4.4
958	-1.594348	153.130755	0.007583	4.1
959	-0.000000	153.044061	0.000000	4.0
960	-1.202136	152.957498	0.010395	4.3
961	-0.000019	152.871065	0.000004	4.3
962	-0.007526	152.784762	0.000468	4.0
963	-0.000000	152.698589	0.000000	4.3
964	-0.970981	152.612545	0.012759	4.0
965	-1.125484	152.526631	0.006591	4.5
966	-1.500227	152.440845	0.013666	4.0
967	-0.651485	152.355188	0.004546	4.3
968	-0.996813	152.269660	0.005665	4.1
969	-0.078792	152.184259	0.003761	4.2
970	-1.338241	152.098986	0.007676	3.9
971	-0.000037	152.013840	0.000009	4.1
972	-0.879084	151.928821	0.003139	4.4
973	-0.549613	151.843928	0.004947	4.2
974	-0.000003	151.759163	0.000001	4.2
975	-1.443066	151.674523	0.013245	4.0
976	-1.529786	151.590009	0.007575	4.5
977	-0.000080	151.505620	0.000013	4.3
978	0.000000	151.421357	0.000000	4.0
979	-1.369578	151.337218	0.014936	4.1
980	-0.061931	151.253204	0.001083	4.3
981	-1.404156	151.169314	0.007107	4.3
982	-1.378318	151.085549	0.008188	4.0
983	-1.100835	151.001907	0.004897	4.3
984	-1.626114	150.918388	0.009816	4.6
985	-0.011152	150.834992	0.000737	3.9
986	-0.000000	150.751719	0.000000	4.0
987	-0.760959	150.668569	0.011625	4.4
988	-1.476366	150.585541	0.008526	3.8
989	-0.958854	150.502634	0.010353	4.2
990	-0.847894	150.419849	0.008192	4.1
991	-1.134702	150.337186	0.004008	4.6
992	-1.361397	150.254644	0.008981	4.1
993	-0.426146	150.172222	0.003013	4.2
994	-1.442634	150.089921	0.008910	4.7
995	-1.088676	150.007740	0.013528	4.5
996	-0.600831	149.925679	0.010580	4.1
997	-0.000004	149.843737	0.000001	4.1
998	-1.455995	149.761915	0.013370	4.6
999	-1.391936	149.680212	0.007775	4.2
1000	-0.777318	149.598627	0.008362	4.1
1001	-0.747922	149.517161	0.015053	4.9
1002	-0.605412	149.435814	0.005592	4.4
1003	-0.000000	149.354584	0.000000	4.2
1004	-1.602654	149.273472	0.013686	6.5
1005	-0.000000	149.192477	0.000000	5.1
1006	-0.000025	149.111599	0.000006	4.1
1007	-0.289683	149.030838	0.003126	4.8
1008	-0.000000	148.950194	0.000000	4.4
1009	-0.915935	148.869666	0.011897	4.0
1010	-1.073977	148.789253	0.008807	4.4
1011	-0.081037	148.708957	0.000420	4.3
1012	-0.785651	148.628776	0.012258	4.2
1013	-0.002135	148.548710	0.000362	4.2
1014	-0.046112	148.468759	0.001587	4.0
1015	-0.000068	148.388923	0.000016	4.4
1016	-1.288805	148.309201	0.008158	4.2
1017	-0.374747	148.229594	0.003112	4.2
1018	-0.466045	148.150100	0.003555	3.9
1019	-0.802389	148.070719	0.006684	4.3
1020	-0.000002	147.991452	0.000001	4.0
1021	-1.190959	147.912298	0.006061	4.6
1022	-0.664432	147.833257	0.005043	4.7
1023	-0.598316	147.754329	0.020845	4.3
1024	-1.226298	147.675512	0.018631	5.4
1025	-1.281896	147.596808	0.019685	4.4
1026	-0.709137	147.518216	0.006993	4.5
1027	-1.424650	147.439735	0.006835	4.6
1028	-0.345963	147.361365	0.006786	4.0
1029	-1.602279	147.283106	0.012600	4.8
1030	-0.031677	147.204958	0.001481	4.6
1031	-0.624134	147.126920	0.009447	4.4
1032	-1.168627	147.048993	0.010121	4.1
1033	-0.872987	146.971175	0.007718	4.8
1034	-1.430765	146.893468	0.008349	4.8
1035	-0.768477	146.815869	0.008156	5.0
1036	-1.503338	146.738380	0.012346	4.8
1037	-1.026720	146.661000	0.016827	4.7
1038	-1.227809	146.583729	0.012563	4.5
1039	-1.660212	146.506566	0.011922	5.1
1040	-0.913730	146.429511	0.007034	4.5
1041	-0.000508	146.352565	0.000087	4.5
1042	-0.000000	146.275726	0.000000	4.0
1043	-1.316090	146.198994	0.011116	4.4
1044	-0.912137	146.122370	0.006906	4.1
1045	-1.132770	146.045853	0.008231	3.9
1046	-1.040237	145.969442	0.010710	5.2
1047	-1.097193	145.893139	0.009038	4.1
1048	-1.498555	145.816941	0.008756	3.9
1049	-1.358040	145.740849	0.004155	5.1
1050	-0.255695	145.664863	0.002866	4.4
1051	-0.954518	145.588983	0.002829	4.0
1052	-1.427930	145.513208	0.019058	4.2
1053	-1.313876	145.437538	0.008529	4.0
1054	-0.805824	145.361973	0.005563	4.5
1055	-0.247444	145.286513	0.003749	4.0
1056	-0.176737	145.211157	0.001076	4.4
1057	-0.186423	145.135905	0.003530	4.2
1058	-0.084804	145.060757	0.001015	4.1
1059	-0.007378	144.985712	0.000898	4.3
1060	-0.003747	144.910771	0.000576	4.0
1061	-0.029507	144.835934	0.001549	4.3
1062	-1.174486	144.761199	0.008505	4.3
1063	-1.375676	144.686567	0.015550	4.6
1064	-1.543192	144.612037	0.008650	4.1
1065	-1.154507	144.537610	0.003603	4.7
1066	-0.084342	144.463285	0.001654	4.5
1067	-1.335426	144.389062	0.024780	4.4
1068	-1.113489	144.314940	0.017654	4.5
1069	-0.734527	144.240920	0.008270	4.6
1070	-0.000204	144.167001	0.000039	4.1
1071	-0.744642	144.093182	0.012583	4.1
1072	-0.651449	144.019465	0.007688	4.8
1073	-1.462738	143.945848	0.005363	4.2
1074	-0.591618	143.872331	0.007229	4.2
1075	-0.000000	143.798914	0.000000	4.4
1076	-0.379391	143.725597	0.002426	4.3
1077	-1.420809	143.652380	0.014619	4.1
1078	-0.025345	143.579262	0.000761	4.1
1079	-0.480240	143.506243	0.009761	4.5
1080	-1.003964	143.433323	0.003463	4.1
1081	-1.405230	143.360502	0.009670	4.0
1082	-0.879714	143.287780	0.008478	4.6
1083	-1.161355	143.215155	0.011325	4.2
1084	-0.132924	143.142629	0.002532	4.2
1085	-1.063753	143.070201	0.008271	4.0
1086	-0.000000	142.997870	0.000000	4.5
1087	-0.989885	142.925637	0.014040	4.1
1088	-1.527424	142.853501	0.009361	4.0
1089	-1.319341	142.781462	0.005776	4.9
1090	-1.387286	142.709519	0.006610	4.5
1091	-1.444583	142.637674	0.016233	4.3
1092	-0.799939	142.565924	0.013170	4.4
1093	-1.651775	142.494271	0.009027	4.4
1094	-0.792102	142.422714	0.008043	4.4
1095	-1.364716	142.351252	0.014499	4.9
1096	-0.962401	142.279886	0.006048	4.5
1097	-0.045670	142.208616	0.001533	4.1
1098	-0.879588	142.137440	0.014634	4.6
1099	-1.385591	142.066360	0.014255	4.5
1100	-0.000000	141.995374	0.000000	4.6
1101	-1.419872	141.924483	0.009185	4.4
1102	-1.235166	141.853685	0.007299	4.0
1103	-0.804477	141.782983	0.012723	4.0
1104	-0.831566	141.712373	0.009652	4.5
1105	-1.647085	141.641858	0.011069	4.7
1106	-0.002123	141.571436	0.000260	3.9
1107	-1.079067	141.501108	0.013984	4.2
1108	-1.149816	141.430872	0.007386	4.6
1109	-1.126547	141.360730	0.010587	4.3
1110	-1.016904	141.290680	0.007527	3.9
1111	-1.162718	141.220722	0.008689	4.5
1112	-0.000000	141.150857	0.000000	4.2
1113	-0.000001	141.081084	0.000000	4.0
1114	-1.152364	141.011403	0.011041	4.0
1115	-0.001548	140.941813	0.000211	4.7
1116	-0.728194	140.872315	0.003850	4.0
1117	-1.078535	140.802909	0.006339	4.0
1118	-1.260566	140.733593	0.013543	4.2
1119	-0.626786	140.664369	0.003912	4.2
1120	-0.007685	140.595235	0.000892	3.9
1121	-1.349248	140.526192	0.005201	4.0
1122	-0.000000	140.457239	0.000000	4.7
1123	-0.504502	140.388376	0.004837	4.3
1124	-0.000000	140.319603	0.000000	4.0
1125	-0.536218	140.250920	0.005718	4.4
1126	-0.008470	140.182326	0.000275	4.5
1127	-0.717703	140.113822	0.007123	4.3
1128	-0.435125	140.045407	0.006147	4.3
1129	-1.043195	139.977081	0.005047	4.3
1130	-0.246153	139.908844	0.005042	4.2
1131	-0.974805	139.840696	0.013038	5.0
1132	-1.118521	139.772635	0.018631	4.2
1133	-0.473247	139.704664	0.006747	5.2
1134	-0.870094	139.636780	0.006604	4.5
1135	-1.267720	139.568984	0.016490	3.9
1136	-0.952331	139.501276	0.011362	4.2
1137	-1.459807	139.433655	0.010411	4.3
1138	-1.447274	139.366122	0.010680	4.5
1139	-1.152066	139.298676	0.019778	4.1
1140	-1.591581	139.231317	0.012995	4.6
1141	-0.897249	139.164045	0.010787	4.7
1142	-1.386879	139.096859	0.005273	4.2
1143	-0.909220	139.029760	0.012907	4.2
1144	-0.000000	138.962747	0.000000	4.6
1145	-1.182016	138.895820	0.004710	4.1
1146	-1.615525	138.828978	0.007080	4.1
1147	-1.063567	138.762223	0.010494	4.5
1148	-1.627624	138.695553	0.023204	4.7
1149	-1.182293	138.628969	0.009072	4.1
1150	-1.482040	138.562469	0.008038	4.1
1151	-1.299439	138.496055	0.005465	5.0
1152	-1.178328	138.429725	0.007658	4.1
1153	-1.345156	138.363481	0.018471	3.9
1154	-0.433058	138.297320	0.006499	4.4
1155	-0.000000	138.231244	0.000000	5.5
1156	-0.000000	138.165252	0.000000	4.2
1157	-0.626202	138.099344	0.008198	4.0
1158	-0.282046	138.033520	0.005610	4.6
1159	-0.134167	137.967779	0.001880	4.0
1160	-1.019693	137.902122	0.006797	4.0
1161	-0.006468	137.836548	0.000660	4.3
1162	-1.450456	137.771057	0.017351	4.2
1163	-1.337369	137.705649	0.015431	4.1
1164	-0.563563	137.640324	0.019120	4.1
1165	-0.918221	137.575081	0.007811	4.3
1166	-1.358160	137.509921	0.014501	4.2
1167	-0.000000	137.444842	0.000000	4.0
1168	-0.962195	137.379846	0.010213	4.5
1169	-0.254648	137.314932	0.003064	4.4
1170	-0.000049	137.250100	0.000004	4.0
1171	-1.533325	137.185349	0.009311	4.3
1172	-0.064502	137.120680	0.001928	4.0
1173	-1.431453	137.056092	0.004720	4.2
1174	-0.790232	136.991585	0.018084	3.9
1175	-1.329764	136.927158	0.011194	4.6
1176	-0.849573	136.862813	0.004260	4.3
1177	-0.613629	136.798548	0.007861	4.2
1178	-0.000000	136.734363	0.000000	4.4
1179	-0.029378	136.670259	0.001519	3.9
1180	-0.825340	136.606235	0.008430	4.4
1181	-0.000000	136.542291	0.000000	4.0
1182	-0.000669	136.478426	0.000080	4.0
1183	-0.000000	136.414641	0.000000	3.9
1184	-1.393137	136.350936	0.008868	4.4
1185	-1.225962	136.287310	0.006054	4.2
1186	-0.692304	136.223763	0.007242	4.2
1187	-0.900618	136.160295	0.007674	4.1
1188	-1.112178	136.096905	0.012102	4.7
1189	-0.000000	136.033594	0.000000	4.1
1190	-0.809096	135.970362	0.014335	4.0
1191	-1.031993	135.907208	0.011136	4.4
1192	-1.152822	135.844133	0.010528	4.3
1193	-1.507843	135.781135	0.015611	3.9
1194	-0.902512	135.718215	0.006201	3.9
1195	-1.400548	135.655373	0.012072	4.8
1196	-1.275619	135.592608	0.018954	4.0
1197	-1.046800	135.529921	0.013194	4.0
1198	-0.000000	135.467311	0.000000	4.1
1199	-0.000000	135.404778	0.000000	4.5
1200	-0.000020	135.342322	0.000004	4.0
1201	-0.005837	135.279942	0.000610	4.0
1202	-0.721168	135.217640	0.007386	4.7
1203	-0.624783	135.155413	0.004928	4.1
1204	-0.160314	135.093263	0.001476	3.9
1205	-0.758999	135.031190	0.024128	4.0
1206	-0.799994	134.969192	0.009328	4.8
1207	-1.548506	134.907270	0.011819	4.1
1208	-1.536187	134.845424	0.014726	4.0
1209	-0.713948	134.783653	0.004119	4.3
1210	-0.019492	134.721958	0.000848	4.4
1211	-0.472825	134.660338	0.006433	4.0
1212	-0.042095	134.598793	0.000645	3.9
1213	-0.003659	134.537323	0.000248	4.3
1214	-1.568697	134.475927	0.020506	3.8
1215	-0.293776	134.414607	0.003480	4.2
1216	-0.657800	134.353361	0.005998	4.4
1217	-1.376069	134.292189	0.008836	4.4
1218	-1.134178	134.231092	0.007738	4.1
1219	-1.292418	134.170068	0.011708	4.0
1220	-0.964091	134.109119	0.010576	3.9
1221	-1.353419	134.048243	0.011735	4.4
1222	-1.263250	133.987441	0.009448	4.0
1223	-1.046694	133.926713	0.013501	4.9
1224	-0.789280	133.866057	0.012736	4.0
1225	-1.229754	133.805475	0.005990	4.3
1226	-0.637362	133.744966	0.006912	4.4
1227	-1.330136	133.684530	0.010267	4.0
1228	-1.068230	133.624167	0.008579	4.2
1229	-1.286387	133.563877	0.013545	4.1
1230	-1.489550	133.503658	0.007855	4.1
1231	-0.985657	133.443513	0.010948	4.0
1232	-0.184225	133.383439	0.002986	4.4
1233	-0.810283	133.323437	0.009050	4.3
1234	-1.616406	133.263508	0.010120	3.9
1235	-0.214604	133.203650	0.004796	4.1
1236	-0.379443	133.143864	0.003204	4.4
1237	-0.046770	133.084149	0.000827	4.8
1238	-0.314036	133.024506	0.005490	4.3
1239	-0.806123	132.964934	0.009233	4.3
1240	-1.128279	132.905433	0.017470	4.9
1241	-0.757441	132.846003	0.004802	4.6
1242	-1.625256	132.786643	0.009896	4.9
1243	-0.074405	132.727355	0.000959	4.5
1244	-0.040863	132.668137	0.000875	4.0
1245	-1.461176	132.608989	0.013420	3.6
1246	-0.802161	132.549912	0.005397	4.7
1247	-0.000000	132.490904	0.000000	4.2
1248	-0.268144	132.431967	0.003263	4.1
1249	-1.430223	132.373100	0.013035	4.1
1250	-1.658793	132.314302	0.020291	5.0
1251	-0.000029	132.255574	0.000005	4.1
1252	-1.267942	132.196916	0.008536	4.2
1253	-0.435209	132.138326	0.005290	4.7
1254	-0.483039	132.079806	0.003742	4.5
1255	-1.220490	132.021355	0.004704	4.1
1256	-1.217443	131.962973	0.015670	4.4
1257	-1.476010	131.904660	0.003334	4.6
1258	-1.463353	131.846415	0.008401	3.8
1259	-1.004260	131.788239	0.019295	4.1
1260	-1.391258	131.730131	0.008238	4.7
1261	-1.343253	131.672092	0.012397	5.2
1262	-0.000000	131.614121	0.000000	4.1
1263	-1.187592	131.556217	0.004625	4.4
1264	-0.844833	131.498382	0.009056	4.6
1265	-1.546115	131.440614	0.013293	4.2
1266	-1.061795	131.382914	0.014866	4.4
1267	-1.189619	131.325282	0.013183	4.9
1268	-1.352153	131.267717	0.011097	4.2
1269	-1.260788	131.210219	0.010156	4.0
1270	-0.087624	131.152788	0.002456	4.0
1271	-1.380518	131.095424	0.012735	4.4
1272	-0.855777	131.038127	0.013252	4.0
1273	-1.110463	130.980897	0.010228	4.5
1274	-1.029671	130.923733	0.008732	4.0
1275	-0.145502	130.866636	0.001182	4.4
1276	-1.246954	130.809605	0.007731	4.1
1277	-0.845044	130.752641	0.009124	4.1
1278	-1.408707	130.695742	0.006664	4.3
1279	-0.662305	130.638910	0.005447	4.1
1280	-1.582982	130.582143	0.013928	4.3
1281	-1.381046	130.525442	0.007279	3.9
1282	-1.377706	130.468807	0.013178	4.4
1283	-1.492515	130.412237	0.013941	4.1
1284	-0.492325	130.355733	0.004045	4.0
1285	-1.289497	130.299294	0.017072	3.7
1286	-1.470509	130.242920	0.007615	4.4
1287	-0.920476	130.186611	0.023017	5.0
1288	-0.017021	130.130366	0.000443	3.9
1289	-0.585579	130.074187	0.006594	4.3
1290	-0.006684	130.018072	0.000363	4.3
1291	-0.825782	129.962022	0.009364	4.9
1292	-0.758180	129.906036	0.006313	4.0
1293	-0.947818	129.850114	0.010823	4.5
1294	-0.259861	129.794257	0.004508	4.3
1295	-0.871449	129.738463	0.012732	4.2
1296	-0.118421	129.682734	0.002416	4.3
1297	-1.298393	129.627068	0.008529	4.7
1298	-1.333254	129.571466	0.006473	3.9
1299	-0.957179	129.515927	0.008315	3.9
1300	-0.714356	129.460452	0.006496	4.6
1301	-0.811330	129.405040	0.022675	4.1
1302	-0.001360	129.349692	0.000242	4.0
1303	-0.000000	129.294406	0.000000	3.9
1304	-0.000487	129.239183	0.000055	4.7
1305	-1.227803	129.184024	0.005022	3.9
1306	-0.224055	129.128927	0.002954	4.2
1307	-0.000000	129.073892	0.000000	4.0
1308	-1.610195	129.018921	0.015103	4.3
1309	-0.338678	128.964011	0.004698	3.9
1310	-1.151635	128.909164	0.006772	4.0
1311	-1.052595	128.854379	0.015304	4.7
1312	-0.000000	128.799656	0.000000	4.2
1313	-1.620981	128.744995	0.018941	4.2
1314	-1.472276	128.690396	0.010404	4.3
1315	-1.484349	128.635858	0.007951	4.4
1316	-0.435236	128.581382	0.004379	4.0
1317	-1.303797	128.526968	0.011486	4.5
1318	-0.070954	128.472615	0.001588	4.8
1319	-1.352244	128.418323	0.008101	4.4
1320	-0.000000	128.364092	0.000000	4.6
1321	-0.000000	128.309922	0.000000	4.0
1322	-1.288470	128.255814	0.010575	4.3
1323	-1.115877	128.201766	0.014161	4.1
1324	-1.377031	128.147778	0.011508	4.4
1325	-1.185806	128.093852	0.011251	4.0
1326	-1.011679	128.039985	0.007532	4.4
1327	-0.956654	127.986180	0.006827	4.6
1328	-1.293104	127.932434	0.011878	4.2
1329	-0.584122	127.878749	0.014538	4.2
1330	-0.669226	127.825123	0.020386	4.2
1331	-0.000000	127.771558	0.000000	3.9
1332	-0.438242	127.718052	0.006942	3.6
1333	-1.025908	127.664606	0.005962	4.4
1334	-0.104288	127.611220	0.002052	4.4
1335	-1.319479	127.557893	0.004143	4.0
1336	-1.353118	127.504625	0.009416	4.0
1337	-1.452317	127.451417	0.012827	4.6
1338	-0.931293	127.398268	0.011481	4.0
1339	-1.077602	127.345178	0.005522	4.1
1340	-0.882457	127.292147	0.008257	4.1
1341	-1.066909	127.239175	0.014392	4.8
1342	-1.583933	127.186261	0.008709	3.8
1343	-0.775110	127.133407	0.012415	4.0
1344	-0.920936	127.080610	0.019237	4.5
1345	-0.373776	127.027872	0.005292	4.0
1346	-0.516220	126.975193	0.006254	4.0
1347	-1.269310	126.922572	0.009992	4.0
1348	-1.509298	126.870008	0.009529	4.8
1349	-0.804957	126.817503	0.004721	4.0
1350	-0.000003	126.765056	0.000001	4.0
1351	-0.000000	126.712667	0.000000	4.1
1352	-0.914411	126.660335	0.008286	4.0
1353	-0.103475	126.608061	0.001076	3.9
1354	-0.000000	126.555844	0.000000	4.8
1355	-0.972543	126.503685	0.010048	4.1
1356	-1.422632	126.451583	0.016142	4.1
1357	-0.699729	126.399538	0.007637	4.0
1358	-1.174318	126.347550	0.004254	4.6
1359	-0.001341	126.295619	0.000193	4.0
1360	-0.751126	126.243745	0.008270	4.1
1361	-0.000136	126.191928	0.000033	4.3
1362	-0.209592	126.140168	0.003648	4.1
1363	-0.908880	126.088464	0.020271	4.0
1364	-0.781295	126.036817	0.004139	3.9
1365	-0.961381	125.985226	0.009859	4.5
1366	-1.571961	125.933691	0.014597	4.2
1367	-1.007546	125.882212	0.007715	4.1
1368	-0.540877	125.830790	0.009678	4.3
1369	-0.000063	125.779423	0.000014	4.3
1370	-1.596520	125.728113	0.012433	4.1
1371	-0.187962	125.676858	0.002145	4.0
1372	-0.000003	125.625659	0.000001	4.3
1373	-0.919384	125.574515	0.008155	4.0
1374	-0.000000	125.523427	0.000000	4.1
1375	-0.580917	125.472394	0.005850	4.3
1376	-1.355620	125.421417	0.010188	4.8
1377	-1.592695	125.370495	0.005503	4.2
1378	-1.562421	125.319628	0.010424	4.0
1379	-0.738932	125.268815	0.020818	4.4
1380	-1.111216	125.218058	0.011205	4.4
1381	-1.121874	125.167356	0.008978	4.2
1382	-1.194057	125.116708	0.008184	4.6
1383	-1.565816	125.066115	0.012185	4.0
1384	-0.000636	125.015576	0.000038	4.4
1385	-1.542137	124.965092	0.010013	4.5
1386	-1.347389	124.914662	0.008488	4.0
1387	-0.672870	124.864287	0.009006	4.0
1388	-0.223257	124.813965	0.002202	4.3
1389	-0.000196	124.763698	0.000021	4.2
1390	-0.426842	124.713485	0.004580	4.1
1391	-1.191794	124.663325	0.012745	4.4
1392	-0.664826	124.613219	0.012592	4.5
1393	-0.446788	124.563167	0.002724	4.1
1394	-1.364458	124.513168	0.013650	4.0
1395	-0.002181	124.463223	0.000260	4.3
1396	-1.585726	124.413332	0.013759	4.0
1397	-1.232713	124.363493	0.004822	3.9
1398	-1.137635	124.313708	0.013970	4.2
1399	-0.822900	124.263976	0.009005	4.8
1400	-0.000000	124.214297	0.000000	4.1
1401	-1.581554	124.164671	0.008506	4.0
1402	-1.048749	124.115097	0.009878	4.7
1403	-0.959307	124.065577	0.011741	4.3
1404	-0.608937	124.016109	0.006834	4.0
1405	-1.139809	123.966693	0.012116	4.0
1406	-1.286506	123.917330	0.006342	4.6
1407	-0.118005	123.868020	0.001961	4.1
1408	-1.402508	123.818762	0.020181	4.0
1409	-1.336933	123.769556	0.007935	4.5
1410	-0.000515	123.720402	0.000086	4.4
1411	-0.588008	123.671300	0.008148	4.0
1412	-1.105631	123.622250	0.009495	3.9
1413	-0.743589	123.573252	0.011278	4.4
1414	-1.406691	123.524305	0.005876	4.2
1415	-0.793179	123.475411	0.009534	4.0
1416	-0.031536	123.426568	0.001964	4.4
1417	-0.344929	123.377776	0.002580	4.3
1418	-0.258702	123.329036	0.003057	4.1
1419	-0.096946	123.280347	0.002864	4.7
1420	-0.384433	123.231709	0.004841	4.2
1421	-1.672045	123.183122	0.008237	4.4
1422	-0.542079	123.134587	0.005138	4.0
1423	-0.135570	123.086102	0.001712	4.3
1424	-0.586996	123.037669	0.005380	4.2
1425	-0.637840	122.989286	0.002867	4.2
1426	-1.438452	122.940954	0.009906	4.6
1427	-1.582544	122.892672	0.007238	3.9
1428	-0.024543	122.844441	0.001682	4.3
1429	-1.321766	122.796261	0.020310	4.1
1430	-0.000000	122.748130	0.000000	4.5
1431	-0.767754	122.700050	0.009616	3.9
1432	-1.257256	122.652021	0.006504	4.5
1433	-0.761913	122.604041	0.009067	4.2
1434	-0.000000	122.556111	0.000000	3.9
1435	-1.383196	122.508232	0.007166	4.0
1436	-0.376965	122.460402	0.004512	4.2
1437	-0.000000	122.412622	0.000000	4.4
1438	-1.125618	122.364891	0.006471	4.2
1439	-0.892108	122.317210	0.010043	4.2
1440	-0.000000	122.269579	0.000000	4.1
1441	-1.379658	122.221997	0.020274	4.0
1442	-0.851390	122.174465	0.005703	4.0
1443	-0.000000	122.126981	0.000000	4.4
1444	-1.665336	122.079547	0.012321	4.6
1445	-1.101726	122.032162	0.006375	4.7
1446	-1.506763	121.984826	0.010386	4.3
1447	-0.004056	121.937539	0.000531	4.7
1448	-0.135311	121.890301	0.001970	4.0
1449	-0.579259	121.843112	0.006901	4.0
1450	-1.181010	121.795971	0.006504	4.3
1451	-0.070933	121.748879	0.002319	4.0
1452	-0.016468	121.701835	0.001253	4.0
1453	-1.384165	121.654840	0.017166	4.0
1454	-1.226960	121.607893	0.013225	4.6
1455	-0.341982	121.560994	0.004313	4.2
1456	-0.992593	121.514144	0.017791	4.0
1457	-0.000523	121.467342	0.000082	4.5
1458	-1.562795	121.420588	0.008902	4.1
1459	-0.000342	121.373882	0.000064	3.9
1460	-1.520578	121.327223	0.012542	4.0
1461	-0.550367	121.280613	0.005539	4.9
1462	-1.436655	121.234050	0.012583	5.1
1463	-1.349664	121.187535	0.016060	4.5
1464	-1.031771	121.141067	0.006934	5.1
1465	-1.122564	121.094647	0.012563	4.2
1466	-0.000000	121.048274	0.000000	4.4
1467	-0.159837	121.001949	0.001928	4.4
1468	-1.342262	120.955671	0.010764	4.6
1469	-1.014410	120.909440	0.010059	4.1
1470	-0.117057	120.863256	0.001596	4.5
1471	-0.863064	120.817119	0.010396	4.5
1472	-1.380548	120.771029	0.012348	4.5
1473	-0.813411	120.724986	0.004803	4.2
1474	-1.381458	120.678990	0.015194	5.3
1475	-0.000000	120.633040	0.000000	5.2
1476	-0.949449	120.587137	0.015711	4.4
1477	-1.330948	120.541281	0.004936	4.9
1478	-1.505778	120.495471	0.009625	4.4
1479	-0.719360	120.449707	0.004123	4.0
1480	-1.070140	120.403990	0.003358	4.7
1481	-1.161749	120.358319	0.004058	4.1
1482	-0.000000	120.312694	0.000000	4.6
1483	-1.596249	120.267115	0.014283	4.5
1484	-0.002264	120.221582	0.000304	4.1
1485	-0.004534	120.176096	0.000130	4.8
1486	-1.340077	120.130655	0.013055	5.5
1487	-1.447599	120.085260	0.006945	4.2
1488	-1.308068	120.039910	0.013251	4.9
1489	-1.414687	119.994606	0.004014	4.7
1490	-1.413616	119.949348	0.009480	4.8
1491	-0.214065	119.904135	0.002182	4.4
1492	-0.000221	119.858968	0.000041	4.6
1493	-0.595812	119.813846	0.006095	4.7
1494	-1.577450	119.768769	0.009595	4.4
1495	-1.075195	119.723738	0.010356	5.1
1496	-1.385605	119.678752	0.010487	4.4
1497	-0.567156	119.633810	0.004554	4.5
1498	-1.172896	119.588914	0.012567	5.2
1499	-0.647779	119.544062	0.005252	5.2
1500	-1.221278	119.499256	0.022567	6.6
1501	-0.005356	119.454494	0.000145	7.1
1502	-1.157606	119.409777	0.008406	5.8
1503	-0.676963	119.365104	0.019761	5.9
1504	-1.100926	119.320476	0.008431	5.3
1505	-1.070499	119.275893	0.006066	5.3
1506	-0.000000	119.231353	0.000000	5.3
1507	-0.510695	119.186859	0.010481	4.9
1508	-1.110094	119.142408	0.006512	4.3
1509	-1.288178	119.098002	0.016483	4.9
1510	-0.000000	119.053639	0.000000	4.8
1511	-1.254883	119.009321	0.016482	4.5
1512	-1.399281	118.965047	0.010155	5.1
1513	-1.232976	118.920816	0.012444	5.5
1514	-0.000000	118.876630	0.000000	4.6
1515	-1.190936	118.832487	0.012925	4.5
1516	-0.510639	118.788388	0.007515	5.2
1517	-0.504789	118.744332	0.011884	4.5
1518	-1.530482	118.700320	0.012270	5.2
1519	-1.277255	118.656352	0.006086	5.6
1520	-1.070037	118.612427	0.004784	5.0
1521	-1.180737	118.568545	0.014960	5.3
1522	-0.029526	118.524706	0.001604	5.3
1523	-1.404432	118.480911	0.009882	5.5
1524	-1.403203	118.437159	0.014184	4.7
1525	-1.330263	118.393450	0.007358	5.3
1526	-0.988626	118.349784	0.008402	5.0
1527	-1.517971	118.306160	0.012436	5.2
1528	-0.563334	118.262580	0.004738	5.1
1529	-1.467279	118.219042	0.004353	5.0
1530	-0.459749	118.175548	0.004807	4.6
1531	-1.515854	118.132095	0.012207	5.2
1532	-1.316024	118.088686	0.005729	4.8
1533	-1.509159	118.045319	0.013066	4.5
1534	-1.348839	118.001994	0.012134	4.9
1535	-0.011714	117.958712	0.000749	4.9
1536	-1.148775	117.915472	0.007841	5.0
1537	-1.044529	117.872274	0.006581	5.6
1538	-0.041096	117.829118	0.000630	5.1
1539	-0.582623	117.786005	0.006835	4.8
1540	-0.854947	117.742933	0.019348	5.5
1541	-1.098667	117.699904	0.007934	4.7
1542	-1.269347	117.656916	0.008888	4.4
1543	-0.251971	117.613971	0.003930	6.2
1544	-1.552778	117.571067	0.005806	4.4
1545	-1.253438	117.528205	0.005155	4.7
1546	-0.505452	117.485384	0.004125	4.8
1547	-1.551338	117.442605	0.012664	4.4
1548	-0.000238	117.399867	0.000052	4.7
1549	-1.398995	117.357171	0.011954	4.6
1550	-1.219798	117.314517	0.017461	4.7
1551	-1.008471	117.271903	0.009325	4.1
1552	-0.916886	117.229331	0.015839	5.0
1553	-0.005418	117.186800	0.000193	4.7
1554	-1.448692	117.144311	0.009735	4.7
1555	-0.043569	117.101862	0.001204	4.4
1556	-1.391452	117.059454	0.015553	4.1
1557	-1.379170	117.017087	0.014925	4.5
1558	-0.784662	116.974762	0.010305	4.9
1559	-0.224361	116.932476	0.004483	4.3
1560	-0.309470	116.890232	0.005769	4.6
1561	-0.757736	116.848028	0.005133	4.5
1562	-0.000008	116.805865	0.000002	4.1
1563	-0.248798	116.763743	0.002541	4.3
1564	-0.237608	116.721661	0.001794	4.9
1565	-0.223103	116.679619	0.002046	4.8
1566	-0.737661	116.637618	0.007137	4.6
1567	-0.850116	116.595657	0.009571	5.3
1568	-1.436252	116.553736	0.009797	4.2
1569	-1.388910	116.511855	0.029423	3.6
1570	-1.620233	116.470015	0.023989	4.3
1571	-0.000000	116.428214	0.000000	4.5
1572	-1.497701	116.386454	0.010036	4.2
1573	-0.730733	116.344733	0.004425	3.9
1574	-0.992205	116.303052	0.007018	5.0
1575	-1.361423	116.261412	0.015804	3.8
1576	-0.095735	116.219810	0.002173	3.8
1577	-1.261971	116.178249	0.006986	4.0
1578	-0.000037	116.136727	0.000008	4.5
1579	-0.296707	116.095245	0.004798	4.3
1580	-0.647922	116.053802	0.005384	4.0
1581	-0.729308	116.012398	0.004274	4.5
1582	-1.490230	115.971034	0.018783	4.2
1583	-1.558051	115.929710	0.018551	3.8
1584	-1.533399	115.888424	0.009441	4.1
1585	-1.404498	115.847178	0.006600	4.6
1586	-0.295206	115.805970	0.005612	4.3
1587	-0.000000	115.764802	0.000000	4.0
1588	-0.000000	115.723673	0.000000	4.3
1589	-0.995445	115.682583	0.014347	4.4
1590	-0.442584	115.641532	0.005587	4.2
1591	-1.024998	115.600519	0.009216	3.9
1592	-1.629130	115.559546	0.010720	4.2
1593	-0.001504	115.518610	0.000212	3.8
1594	-0.986709	115.477714	0.017389	3.9
1595	-1.321240	115.436856	0.008020	4.4
1596	-0.945741	115.396037	0.004827	4.3
1597	-0.168304	115.355256	0.003314	3.9
1598	-0.277301	115.314514	0.004359	4.0
1599	-1.639085	115.273810	0.009525	4.0
1600	-0.000000	115.233144	0.000000	4.4
1601	-0.114211	115.192517	0.003064	4.3
1602	-1.367457	115.151927	0.007926	4.8
1603	-0.000000	115.111376	0.000000	4.4
1604	-1.082480	115.070863	0.012685	4.8
1605	-1.660261	115.030388	0.005920	4.8
1606	-0.000004	114.989951	0.000001	4.1
1607	-0.928836	114.949551	0.008767	4.6
1608	-0.364761	114.909190	0.004972	4.4
1609	-1.279397	114.868866	0.006854	4.1
1610	-1.548872	114.828580	0.015076	4.1
1611	-0.971636	114.788332	0.009792	4.8
1612	-1.194098	114.748121	0.009406	4.1
1613	-1.496014	114.707948	0.008696	4.1
1614	-1.136780	114.667812	0.009704	4.5
1615	-0.488809	114.627714	0.006656	4.2
1616	-1.272045	114.587653	0.015552	4.1
1617	-1.079646	114.547629	0.009848	4.1
1618	-0.401738	114.507643	0.004157	4.9
1619	-1.248826	114.467693	0.009141	4.2
1620	-0.000000	114.427781	0.000000	3.9
1621	-0.000438	114.387907	0.000065	4.1
1622	-1.607297	114.348069	0.008976	4.8
1623	-1.486771	114.308268	0.010883	4.2
1624	-1.520984	114.268504	0.007427	4.0
1625	-0.703631	114.228777	0.004999	4.6
1626	-1.491651	114.189086	0.010258	4.1
1627	-1.384895	114.149433	0.017752	4.1
1628	-1.102807	114.109816	0.006751	4.0
1629	-0.008027	114.070235	0.000548	4.6
1630	-1.330624	114.030692	0.004946	4.0
1631	-0.000000	113.991185	0.000000	4.0
1632	-0.500742	113.951714	0.004039	4.4
1633	-0.512415	113.912280	0.016098	4.2
1634	-0.139313	113.872882	0.002621	4.0
1635	-1.085527	113.833521	0.008039	4.2
1636	-0.000000	113.794195	0.000000	4.4
1637	-0.337644	113.754906	0.005133	4.1
1638	-1.041099	113.715653	0.009628	4.2
1639	-0.828653	113.676437	0.010815	4.3
1640	-1.383533	113.637256	0.007827	4.8
1641	-1.475240	113.598111	0.005815	4.3
1642	-0.000002	113.559002	0.000001	4.2
1643	-0.000006	113.519929	0.000001	4.2
1644	-1.367404	113.480892	0.015476	4.1
1645	-0.853386	113.441891	0.010461	3.9
1646	-1.109832	113.402925	0.011217	4.3
1647	-0.000335	113.363995	0.000035	4.4
1648	-0.736153	113.325101	0.007429	4.1
1649	-1.355296	113.286242	0.012124	4.4
1650	-0.999174	113.247419	0.007208	4.0
1651	-1.549437	113.208631	0.007407	4.1
1652	-1.389680	113.169879	0.013811	4.1
1653	-1.398144	113.131162	0.017324	5.2
1654	-0.600382	113.092480	0.004617	4.0
1655	-0.746595	113.053833	0.011701	4.3
1656	-0.684559	113.015222	0.009083	4.2
1657	-1.209101	112.976646	0.013413	4.0
1658	-0.820097	112.938105	0.005356	4.1
1659	-1.186645	112.899599	0.010533	4.3
1660	-1.390247	112.861128	0.008696	4.0
1661	-0.029896	112.822692	0.001135	3.9
1662	-0.016600	112.784291	0.000538	4.4
1663	-0.000000	112.745924	0.000000	4.3
1664	-1.432107	112.707593	0.003905	3.9
1665	-0.397306	112.669296	0.004946	4.0
1666	-1.263943	112.631034	0.007542	4.8
1667	-1.257595	112.592806	0.014123	4.7
1668	-1.595561	112.554613	0.009032	4.4
1669	-0.000021	112.516455	0.000005	5.5
1670	-0.357503	112.478331	0.004126	4.0
1671	-0.051414	112.440241	0.000953	3.9
1672	-1.316589	112.402186	0.016366	3.9
1673	-0.000235	112.364165	0.000044	5.0
1674	-0.000000	112.326179	0.000000	4.1
1675	-1.575440	112.288227	0.015769	4.8
1676	-1.345038	112.250309	0.012161	4.0
1677	-0.786966	112.212425	0.010054	4.0
1678	-1.687756	112.174575	0.005916	4.5
1679	-0.303302	112.136759	0.003362	4.8
1680	-1.475454	112.098977	0.011884	4.4
1681	-1.036717	112.061229	0.017199	5.1
1682	-0.800193	112.023515	0.013934	4.5
1683	-0.000000	111.985834	0.000000	4.0
1684	-0.544044	111.948188	0.004317	4.0
1685	-1.115155	111.910575	0.005950	4.5
1686	-1.230521	111.872996	0.007374	4.2
1687	-1.050310	111.835450	0.008137	4.1
1688	-1.304158	111.797939	0.011273	4.3
1689	-0.414771	111.760460	0.004107	4.5
1690	-0.000000	111.723015	0.000000	4.1
1691	-0.507636	111.685604	0.002664	6.2
1692	-0.087321	111.648226	0.001351	4.0
1693	-0.000985	111.610881	0.000137	4.0
1694	-1.264126	111.573570	0.008778	4.0
1695	-0.321702	111.536292	0.003927	4.2
1696	-0.716402	111.499047	0.003763	4.4
1697	-1.301194	111.461835	0.011830	4.1
1698	-0.000002	111.424656	0.000001	5.3
1699	-0.011730	111.387510	0.000890	4.8
1700	-0.528021	111.350398	0.005001	4.1
1701	-1.130128	111.313318	0.005651	4.4
1702	-0.272696	111.276271	0.002716	4.0
1703	-0.015463	111.239257	0.000727	3.9
1704	-0.367625	111.202276	0.004899	4.4
1705	-1.254885	111.165328	0.016370	4.0
1706	-1.441791	111.128412	0.014590	4.1
1707	-1.187641	111.091529	0.005997	4.2
1708	-0.928038	111.054679	0.014115	4.5
1709	-1.343336	111.017861	0.006167	4.1
1710	-0.882949	110.981076	0.008308	4.0
1711	-1.550042	110.944323	0.013463	4.9
1712	-0.000000	110.907603	0.000000	4.1
1713	-0.000000	110.870915	0.000000	4.0
1714	-0.508128	110.834259	0.006611	4.7
1715	-1.389212	110.797636	0.019521	3.8
1716	-0.000000	110.761045	0.000000	3.9
1717	-0.921232	110.724486	0.009418	4.0
1718	-1.468794	110.687959	0.004587	4.6
1719	-1.159235	110.651465	0.004801	4.4
1720	-1.055604	110.615002	0.009327	3.9
1721	-0.755345	110.578572	0.006676	4.6
1722	-1.456817	110.542173	0.017726	4.3
1723	-0.000000	110.505807	0.000000	4.0
1724	-0.648195	110.469472	0.009387	4.1
1725	-0.039628	110.433169	0.001600	4.5
1726	-1.448210	110.396898	0.014182	4.2
1727	-0.892975	110.360659	0.018044	4.0
1728	-0.008492	110.324451	0.000750	4.3
1729	-1.518009	110.288276	0.012802	4.4
1730	-0.289501	110.252131	0.005536	4.2
1731	-0.554003	110.216019	0.022177	4.3
1732	-0.648714	110.179937	0.012560	4.0
1733	-1.140424	110.143888	0.005473	4.3
1734	-0.747008	110.107869	0.014988	4.1
1735	-1.377137	110.071882	0.013075	4.0
1736	-0.613814	110.035927	0.006311	4.4
1737	-0.325438	110.000003	0.005735	4.2
1738	-0.592132	109.964110	0.005526	4.3
1739	-1.314355	109.928248	0.005341	4.0
1740	-1.404909	109.892417	0.011007	4.3
1741	-0.973636	109.856618	0.008268	4.8
1742	-1.011342	109.820850	0.004459	3.9
1743	-1.229712	109.785112	0.030929	4.1
1744	-1.016531	109.749406	0.006372	4.5
1745	-0.995277	109.713730	0.008762	4.0
1746	-1.425880	109.678086	0.010071	4.0
1747	-0.017846	109.642472	0.000698	4.3
1748	-1.426166	109.606890	0.009153	5.2
1749	-0.516753	109.571337	0.004678	4.0
1750	-0.980324	109.535816	0.017445	4.0
1751	-0.000001	109.500326	0.000000	4.7
1752	-0.485072	109.464866	0.005541	4.1
1753	-0.000000	109.429436	0.000000	3.9
1754	-0.000756	109.394038	0.000137	4.2
1755	-1.326722	109.358669	0.005893	4.6
1756	-1.093909	109.323331	0.005685	4.1
1757	-1.521886	109.288024	0.005384	4.0
1758	-0.000383	109.252747	0.000077	4.5
1759	-0.887226	109.217501	0.006894	4.2
1760	-1.574812	109.182284	0.009538	4.0
1761	-0.687409	109.147098	0.004854	4.1
1762	-1.410333	109.111942	0.009558	4.2
1763	-0.000016	109.076817	0.000004	4.1
1764	-0.763295	109.041721	0.007147	4.0
1765	-1.713954	109.006656	0.005825	4.3
1766	-1.176135	108.971620	0.009811	4.4
1767	-1.209493	108.936615	0.009771	4.0
1768	-0.860533	108.901640	0.015183	4.2
1769	-1.343735	108.866694	0.010849	4.0
1770	-1.671449	108.831779	0.004766	4.3
1771	-1.273536	108.796893	0.004276	3.9
1772	-1.464523	108.762037	0.014155	4.3
1773	-0.000000	108.727211	0.000000	4.2
1774	-0.300057	108.692415	0.004963	4.2
1775	-0.000000	108.657648	0.000000	4.3
1776	-0.000000	108.622911	0.000000	4.0
1777	-0.660562	108.588203	0.007361	4.4
1778	-1.425620	108.553525	0.010337	4.0
1779	-0.736328	108.518877	0.005939	4.5
1780	-0.073648	108.484258	0.001811	4.0
1781	-0.871123	108.449668	0.007445	4.4
1782	-0.491342	108.415108	0.003377	4.2
1783	-1.577980	108.380578	0.010700	4.2
1784	-0.817666	108.346076	0.004569	4.1
1785	-0.029847	108.311604	0.000863	4.1
1786	-1.370211	108.277161	0.014717	4.0
1787	-1.317068	108.242747	0.020579	3.9
1788	-0.953263	108.208363	0.006495	4.3
1789	-1.488616	108.174007	0.006836	4.5
1790	-1.165023	108.139681	0.006919	4.2
1791	-0.199127	108.105383	0.002437	3.9
1792	-0.914779	108.071115	0.016259	4.8
1793	-0.570094	108.036875	0.006331	4.0
1794	-0.000021	108.002665	0.000003	4.3
1795	-0.706600	107.968483	0.005056	4.1
1796	-0.001809	107.934330	0.000075	4.6
1797	-0.000000	107.900206	0.000000	4.0
1798	-0.166355	107.866111	0.001365	4.0
1799	-0.286803	107.832044	0.002468	4.7
1800	-1.389385	107.798007	0.016614	4.2
1801	-1.332642	107.763997	0.007678	4.0
1802	-0.936086	107.730017	0.012571	4.8
1803	-0.192593	107.696065	0.003382	4.2
1804	-0.000003	107.662141	0.000001	3.9
1805	-1.190604	107.628246	0.008232	4.0
1806	-1.355517	107.594379	0.008868	4.4
1807	-0.758673	107.560541	0.006714	4.5
1808	-1.417906	107.526731	0.013041	4.3
1809	-1.409133	107.492949	0.013233	4.2
1810	-1.053773	107.459196	0.009448	4.4
1811	-0.000315	107.425471	0.000059	4.1
1812	-0.000081	107.391774	0.000014	4.2
1813	-1.319195	107.358106	0.010814	4.1
1814	-0.200632	107.324465	0.004265	4.6
1815	-1.127137	107.290853	0.010837	4.0
1816	-0.312201	107.257268	0.004358	4.6
1817	-0.766921	107.223712	0.006005	4.3
1818	-1.371099	107.190184	0.010504	4.1
1819	-0.000999	107.156683	0.000074	4.4
1820	-0.026617	107.123211	0.000826	4.0
1821	-1.102863	107.089766	0.011118	4.4
1822	-1.446479	107.056349	0.009081	3.9
1823	-1.425400	107.022960	0.013100	4.3
1824	-1.105558	106.989599	0.002695	4.0
1825	-0.946694	106.956265	0.005355	4.4
1826	-1.396732	106.922960	0.010550	3.9
1827	-1.487178	106.889681	0.012925	3.8
1828	-1.256325	106.856431	0.005150	4.2
1829	-0.044597	106.823208	0.001725	4.2
1830	-0.936491	106.790012	0.007155	4.2
1831	-0.457187	106.756844	0.007254	3.9
1832	-1.199417	106.723703	0.010501	4.4
1833	-0.038577	106.690590	0.001623	4.0
1834	-0.143527	106.657505	0.003320	4.4
1835	-1.241849	106.624446	0.015138	4.0
1836	-1.468447	106.591415	0.016932	4.3
1837	-1.408953	106.558411	0.011351	4.3
1838	-0.008831	106.525435	0.000605	4.0
1839	-1.268139	106.492485	0.008961	4.1
1840	-1.524301	106.459563	0.008929	4.5
1841	-0.005310	106.426668	0.000222	4.3
1842	-0.626387	106.393800	0.011938	4.0
1843	-1.132046	106.360959	0.010124	4.3
1844	-0.060394	106.328145	0.002767	4.5
1845	-0.537154	106.295358	0.004640	4.1
1846	-1.508095	106.262598	0.011747	4.0
1847	-1.359333	106.229865	0.006874	4.6
1848	-0.596629	106.197158	0.012492	4.0
1849	-0.977065	106.164479	0.009108	3.9
1850	-1.056009	106.131826	0.012105	4.0
1851	-0.404381	106.099201	0.003613	4.9
1852	-1.370525	106.066602	0.012143	4.0
1853	-1.390846	106.034029	0.007955	4.0
1854	-0.459504	106.001483	0.002538	4.2
1855	-0.519130	105.968964	0.004397	3.8
1856	-0.279347	105.936472	0.004340	4.1
1857	-1.225274	105.904006	0.007366	3.9
1858	-0.959503	105.871566	0.013439	4.7
1859	-0.984612	105.839153	0.011939	4.2
1860	-0.504714	105.806767	0.002968	3.9
1861	-0.756926	105.774407	0.005039	4.0
1862	-1.533309	105.742073	0.013516	4.7
1863	-1.304095	105.709766	0.019918	3.7
1864	-0.755861	105.677485	0.017506	4.0
1865	-1.439390	105.645230	0.025199	4.4
1866	-0.344750	105.613001	0.005440	4.9
1867	-0.113772	105.580799	0.001185	4.8
1868	-1.636198	105.548623	0.009385	4.5
1869	-0.000000	105.516473	0.000000	4.8
1870	-1.222059	105.484349	0.014016	4.1
1871	-0.562968	105.452251	0.010600	4.4
1872	-1.240394	105.420179	0.008380	4.7
1873	-1.387662	105.388133	0.023965	4.7
1874	-1.106970	105.356113	0.021667	4.6
1875	-1.136134	105.324119	0.007179	5.1
1876	-1.250700	105.292151	0.009615	4.3
1877	-0.345051	105.260209	0.002756	4.1
1878	-0.872659	105.228293	0.008290	4.9
1879	-1.241291	105.196402	0.010967	4.7
1880	-0.000000	105.164537	0.000000	4.1
1881	-1.510542	105.132698	0.012404	4.4
1882	-1.380359	105.100885	0.010163	4.1
1883	-1.148355	105.069097	0.012195	4.5
1884	-0.018715	105.037335	0.000558	4.5
1885	-0.035470	105.005598	0.001277	4.7
1886	-0.000000	104.973887	0.000000	5.0
1887	-1.061142	104.942202	0.007408	4.7
1888	-0.251733	104.910542	0.003336	4.0
1889	-0.996546	104.878907	0.005683	4.7
1890	-1.546961	104.847298	0.024419	4.2
1891	-1.563840	104.815715	0.006515	4.4
1892	-0.002766	104.784156	0.000254	4.1
1893	-1.466915	104.752623	0.008598	4.4
1894	-1.083747	104.721116	0.006632	4.3
1895	-1.434697	104.689633	0.012013	4.0
1896	-0.090793	104.658176	0.001910	4.2
1897	-0.390543	104.626744	0.004415	4.6
1898	-0.000000	104.595337	0.000000	4.0
1899	-0.345366	104.563955	0.004305	3.9
1900	-1.489727	104.532599	0.005942	4.3
1901	-0.163353	104.501267	0.002474	4.4
1902	-1.056649	104.469960	0.008094	4.0
1903	-0.998915	104.438679	0.013019	4.1
1904	-1.455237	104.407422	0.015622	4.5
1905	-0.000000	104.376191	0.000000	4.2
1906	-0.669326	104.344984	0.009237	4.0
1907	-1.339644	104.313802	0.008920	4.1
1908	-0.882661	104.282645	0.007069	4.4
1909	-1.421177	104.251513	0.010051	4.1
1910	-1.012696	104.220405	0.006983	3.9
1911	-0.684426	104.189323	0.017639	6.1
1912	-0.511139	104.158265	0.006266	4.1
1913	-0.000000	104.127231	0.000000	3.9
1914	-1.197914	104.096222	0.005534	4.8
1915	-1.516513	104.065238	0.013932	4.4
1916	-0.572244	104.034279	0.014734	4.0
1917	-0.000000	104.003344	0.000000	4.2
1918	-1.337239	103.972433	0.008691	4.5
1919	-0.154842	103.941547	0.001536	4.1
1920	-0.000084	103.910686	0.000018	4.1
1921	-1.239732	103.879849	0.009377	4.3
1922	-0.441444	103.849036	0.003834	4.4
1923	-0.004004	103.818248	0.000182	4.0
1924	-1.485171	103.787484	0.014728	4.3
1925	-0.385935	103.756744	0.003735	4.0
1926	-1.531505	103.726029	0.009535	4.2
1927	-0.873227	103.695338	0.010955	4.0
1928	-1.078895	103.664671	0.009022	4.3
1929	-0.460619	103.634028	0.003797	3.8
1930	-0.706007	103.603409	0.007827	4.5
1931	-0.503470	103.572814	0.010163	4.6
1932	-0.000000	103.542244	0.000000	4.1
1933	-1.598644	103.511698	0.008442	5.1
1934	-1.311878	103.481175	0.008894	5.9
1935	-1.296308	103.450677	0.017753	4.5
1936	-0.809975	103.420202	0.004401	4.5
1937	-1.125570	103.389752	0.008417	5.6
1938	-1.538667	103.359325	0.014218	5.0
1939	-1.457397	103.328922	0.015680	4.5
1940	-0.000000	103.298543	0.000000	4.5
1941	-0.066562	103.268188	0.001270	4.2
1942	-0.170019	103.237857	0.003417	4.1
1943	-1.580285	103.207549	0.016075	5.1
1944	-0.460321	103.177265	0.015350	4.3
1945	-0.724928	103.147005	0.007018	4.6
1946	-1.466130	103.116768	0.015406	5.3
1947	-1.686847	103.086556	0.014235	5.4
1948	-0.000000	103.056366	0.000000	4.5
1949	-1.012025	103.026200	0.010581	5.0
1950	-0.785973	102.996058	0.011492	4.7
1951	-1.353435	102.965939	0.011189	4.6
1952	-0.284905	102.935844	0.003501	4.2
1953	-1.018218	102.905772	0.003589	4.4
1954	-1.041303	102.875724	0.005957	4.2
1955	-1.366560	102.845699	0.009736	4.2
1956	-1.614800	102.815697	0.006986	5.0
1957	-0.007613	102.785719	0.000866	4.4
1958	-1.406269	102.755764	0.011188	4.0
1959	-1.623379	102.725832	0.008219	4.5
1960	-1.401912	102.695924	0.008460	4.2
1961	-1.369118	102.666038	0.010714	4.0
1962	-1.303536	102.636176	0.013442	4.3
1963	-1.453586	102.606337	0.027288	4.4
1964	-0.845585	102.576521	0.008600	4.3
1965	-0.488836	102.546728	0.004336	4.1
1966	-1.408212	102.516959	0.010717	4.6
1967	-1.241364	102.487212	0.003069	4.6
1968	-1.310200	102.457488	0.009443	4.1
1969	-0.000000	102.427788	0.000000	4.5
1970	-0.421809	102.398110	0.003491	4.5
1971	-1.494506	102.368455	0.012624	4.3
1972	-0.055227	102.338823	0.001689	4.0
1973	-1.166442	102.309214	0.011418	4.1
1974	-0.254501	102.279628	0.003578	4.5
1975	-0.564440	102.250064	0.005178	4.2
1976	-1.449629	102.220524	0.009033	4.4
1977	-1.326369	102.191006	0.009412	4.1
1978	-1.217511	102.161511	0.013015	4.6
1979	-0.000000	102.132038	0.000000	4.5
1980	-0.996613	102.102588	0.009345	4.1
1981	-1.050436	102.073161	0.010075	4.4
1982	-1.321065	102.043757	0.005706	4.6
1983	-1.013062	102.014375	0.006862	4.0
1984	-0.000000	101.985015	0.000000	4.0
1985	-1.380827	101.955678	0.006673	4.4
1986	-0.000000	101.926364	0.000000	4.4
1987	-1.568785	101.897072	0.013549	4.3
1988	-0.000000	101.867802	0.000000	4.4
1989	-1.296004	101.838555	0.006676	4.5
1990	-1.343136	101.809330	0.018642	4.0
1991	-0.002564	101.780128	0.000345	3.9
1992	-1.575298	101.750948	0.010549	4.4
1993	-1.460701	101.721790	0.004513	4.0
1994	-0.358206	101.692654	0.003379	3.8
1995	-1.636854	101.663541	0.010540	4.0
1996	-1.445859	101.634450	0.014642	4.5
1997	-0.000008	101.605381	0.000002	4.0
1998	-1.624716	101.576335	0.016363	4.1
1999	-0.546733	101.547310	0.008720	4.6
