1:ItNr	2:Metric	3:StepSize	4:||Gradient||	Time[ms]
0	-0.771644	627.201626	0.012176	686.7
1	-1.042632	623.504937	0.019483	3.5
2	-1.047868	619.865785	0.032477	3.6
3	-0.798754	616.282728	0.041105	4.6
4	0.000000	612.754375	0.000000	3.8
5	-0.373916	609.279381	0.010160	3.8
6	-0.655078	605.856447	0.019403	3.6
7	0.000000	602.484317	0.000000	4.4
8	0.000000	599.161779	0.000000	4.1
9	-0.518665	595.887656	0.027624	3.6
10	-0.000000	592.660813	0.000000	3.7
11	-0.569815	589.480151	0.017144	4.5
12	-0.895808	586.344606	0.013878	3.7
13	-0.280291	583.253145	0.002747	3.5
14	0.000000	580.204771	0.000000	4.0
15	-0.676664	577.198517	0.016601	4.4
16	-0.774705	574.233444	0.025303	4.0
17	-0.754108	571.308645	0.021914	3.9
18	-0.959349	568.423237	0.022177	4.3
19	-0.441126	565.576365	0.014421	4.1
20	0.000000	562.767201	0.000000	3.5
21	-0.979532	559.994938	0.016974	3.7
22	-0.603380	557.258797	0.008985	4.2
23	-0.040157	554.558018	0.001450	3.9
24	-1.112009	551.891865	0.016608	3.9
25	-0.917044	549.259621	0.012268	4.1
26	-0.631117	546.660592	0.021788	4.2
27	-0.632347	544.094102	0.013006	4.0
28	-0.564332	541.559494	0.007040	3.8
29	-0.367443	539.056129	0.009400	3.8
30	0.000000	536.583387	0.000000	4.3
31	-0.747482	534.140663	0.021981	4.0
32	0.000000	531.727370	0.000000	4.1
33	-0.130026	529.342935	0.001657	3.8
34	-1.029346	526.986802	0.014194	4.3
35	-0.257071	524.658430	0.005175	4.5
36	-0.203240	522.357290	0.002886	4.0
37	0.000000	520.082868	0.000000	3.8
38	-0.010789	517.834665	0.000626	4.5
39	-0.928466	515.612193	0.020342	4.0
40	-0.799338	513.414976	0.016737	3.9
41	-0.317692	511.242551	0.007421	3.9
42	-1.097773	509.094468	0.010914	5.0
43	-0.860414	506.970285	0.030175	3.9
44	0.000000	504.869574	0.000000	3.9
45	-0.490351	502.791916	0.016798	4.6
46	-0.295551	500.736903	0.004022	4.5
47	-0.968823	498.704137	0.025265	3.9
48	-0.126969	496.693228	0.005045	3.9
49	0.000000	494.703798	0.000000	4.8
50	-0.000000	492.735476	0.000000	4.2
51	0.000000	490.787900	0.000000	4.0
52	-0.621568	488.860718	0.022364	4.8
53	-0.332080	486.953585	0.010340	5.5
54	-0.905541	485.066164	0.017405	4.3
55	-0.234219	483.198126	0.004085	4.5
56	-0.968207	481.349149	0.011574	4.7
57	-0.331168	479.518920	0.008805	4.1
58	-0.806937	477.707132	0.029221	4.1
59	-0.510634	475.913485	0.003102	3.9
60	-1.039592	474.137684	0.023288	4.4
61	-0.536384	472.379445	0.022986	4.0
62	-0.000000	470.638485	0.000000	4.4
63	-0.260635	468.914531	0.011273	4.5
64	-0.550882	467.207315	0.010329	4.1
65	-0.898704	465.516573	0.028018	4.7
66	0.000000	463.842050	0.000000	4.2
67	-0.895916	462.183494	0.010089	4.6
68	-0.706669	460.540658	0.018551	4.6
69	-0.552789	458.913303	0.013745	4.2
70	-0.504150	457.301192	0.009150	4.6
71	-0.280579	455.704096	0.005831	4.6
72	0.000000	454.121787	0.000000	4.4
73	-0.984328	452.554045	0.026611	4.1
74	-0.621798	451.000653	0.016509	4.7
75	-0.795701	449.461399	0.010675	4.6
76	-0.000000	447.936075	0.000000	4.2
77	-0.797449	446.424477	0.015122	4.6
78	-0.026630	444.926406	0.001436	4.7
79	-0.701902	443.441666	0.009305	4.1
80	-0.843516	441.970065	0.012944	4.0
81	-0.647614	440.511415	0.013611	4.9
82	-0.615835	439.065533	0.029509	4.1
83	-0.694548	437.632238	0.014024	4.2
84	-0.512983	436.211351	0.009828	4.4
85	-0.000000	434.802701	0.000000	4.8
86	-0.778435	433.406117	0.011894	4.2
87	-0.098559	432.021430	0.001186	4.2
88	-0.000600	430.648479	0.000372	5.3
89	0.000000	429.287101	0.000000	4.5
90	-0.897159	427.937140	0.028213	4.0
91	-0.213391	426.598440	0.004924	4.2
92	-0.581068	425.270849	0.021961	4.4
93	-0.097210	423.954220	0.003035	4.3
94	-0.605294	422.648404	0.009655	4.4
95	-0.057730	421.353259	0.002539	4.8
96	-0.064849	420.068643	0.001637	4.2
97	-0.032106	418.794419	0.000478	4.1
98	-0.000000	417.530451	0.000000	4.4
99	-0.730245	416.276604	0.011718	4.5
100	-0.955635	415.032748	0.013829	4.7
101	-0.939950	413.798754	0.019659	4.5
102	0.000000	412.574495	0.000000	4.9
103	-0.595968	411.359849	0.019554	5.6
104	-0.917772	410.154691	0.031815	4.7
105	-0.603211	408.958904	0.010632	5.5
106	-0.595494	407.772368	0.011159	4.7
107	-0.745451	406.594968	0.008085	4.4
108	-1.029310	405.426590	0.011888	4.9
109	-0.000002	404.267122	0.000000	5.0
110	-0.541847	403.116456	0.008922	4.4
111	-1.100773	401.974481	0.012701	4.6
112	0.000000	400.841093	0.000000	4.9
113	-1.029051	399.716187	0.020713	4.5
114	-0.065214	398.599660	0.002508	4.7
115	0.000000	397.491411	0.000000	5.2
116	0.000000	396.391342	0.000000	4.4
117	-0.225834	395.299353	0.006844	4.4
118	-0.768848	394.215350	0.006360	5.3
119	-0.130956	393.139238	0.004129	4.5
120	-0.816170	392.070924	0.014929	4.2
121	-0.785949	391.010316	0.011540	5.0
122	-0.000975	389.957325	0.000101	4.6
123	-0.937864	388.911862	0.027385	4.4
124	-0.579194	387.873839	0.010496	4.2
125	-0.973927	386.843173	0.008305	5.2
126	-0.000000	385.819777	0.000000	4.6
127	-0.893190	384.803569	0.026178	4.3
128	-0.807222	383.794468	0.020757	5.2
129	-0.811544	382.792393	0.011032	4.5
130	-1.142208	381.797264	0.036572	4.3
131	-0.240161	380.809005	0.007078	5.3
132	-0.905627	379.827537	0.005784	4.7
133	-0.009385	378.852786	0.000368	4.4
134	-0.881930	377.884678	0.033704	4.4
135	-0.690370	376.923138	0.007604	5.0
136	-0.803941	375.968095	0.008486	4.3
137	-0.590668	375.019479	0.009204	4.7
138	-0.709312	374.077218	0.009459	4.8
139	-0.839761	373.141244	0.012292	4.4
140	-0.123864	372.211489	0.003550	5.0
141	-0.966902	371.287887	0.014868	5.0
142	-0.621185	370.370370	0.018272	4.4
143	-0.406628	369.458876	0.004771	4.9
144	0.000000	368.553338	0.000000	4.3
145	-1.014442	367.653696	0.019644	4.8
146	-0.925100	366.759885	0.026820	4.6
147	-0.534471	365.871846	0.018734	4.4
148	-0.000686	364.989518	0.000017	4.9
149	-0.561832	364.112841	0.032224	4.5
150	0.000000	363.241757	0.000000	4.4
151	-0.433590	362.376208	0.011440	5.0
152	-0.024150	361.516137	0.001322	4.8
153	-0.587287	360.661488	0.008493	4.4
154	-0.679558	359.812206	0.011157	4.3
155	-0.100253	358.968236	0.002982	5.2
156	-0.510872	358.129524	0.010480	4.4
157	-0.472919	357.296018	0.009824	4.2
158	0.000000	356.467665	0.000000	4.9
159	-0.769431	355.644414	0.008898	4.7
160	-0.914949	354.826213	0.014162	4.2
161	-1.021399	354.013012	0.022366	4.4
162	0.000000	353.204763	0.000000	5.0
163	-0.766977	352.401415	0.013665	4.4
164	0.000000	351.602922	0.000000	4.2
165	-0.000000	350.809235	0.000000	5.5
166	-0.466907	350.020308	0.010821	4.5
167	-0.923375	349.236095	0.006590	4.5
168	-0.800735	348.456550	0.013951	5.2
169	0.000000	347.681627	0.000000	4.5
170	-0.759275	346.911283	0.025927	4.7
171	-0.753886	346.145474	0.010186	5.3
172	-0.307378	345.384157	0.004256	5.0
173	-0.998416	344.627288	0.043240	4.6
174	-0.983469	343.874826	0.020587	5.4
175	-0.003606	343.126729	0.000174	4.9
176	-1.004943	342.382957	0.013522	4.7
177	0.000000	341.643469	0.000000	5.4
178	-0.175198	340.908224	0.003373	4.5
179	-0.625500	340.177184	0.010561	4.3
180	-0.671499	339.450309	0.018303	5.4
181	0.000000	338.727561	0.000000	4.7
182	-0.081618	338.008902	0.005191	4.3
183	-0.881474	337.294295	0.010432	4.7
184	-0.556583	336.583703	0.010496	4.9
185	-0.937102	335.877089	0.018896	4.5
186	-0.327684	335.174416	0.005580	4.6
187	-1.018911	334.475651	0.033514	4.7
188	-0.763071	333.780756	0.010911	4.5
189	-0.000069	333.089698	0.000028	4.8
190	0.000000	332.402443	0.000000	4.4
191	-0.782186	331.718955	0.018680	4.7
192	-0.596446	331.039203	0.007959	4.7
193	-0.839623	330.363153	0.011003	4.4
194	-0.351187	329.690771	0.002570	4.8
195	0.000000	329.022027	0.000000	5.3
196	-0.983444	328.356888	0.022500	5.1
197	0.000000	327.695322	0.000000	5.5
198	-0.558624	327.037299	0.011041	5.9
199	0.000000	326.382787	0.000000	5.2
200	-0.402574	325.731758	0.004756	4.9
201	0.000000	325.084179	0.000000	4.4
202	-1.131108	324.440023	0.033000	4.5
203	-0.952050	323.799258	0.021992	5.9
204	-0.988443	323.161858	0.017786	5.0
205	-0.000903	322.527792	0.000445	4.7
206	-0.535470	321.897034	0.007881	5.3
207	-0.008038	321.269554	0.001146	5.0
208	-0.439569	320.645325	0.003022	4.4
209	-0.064539	320.024320	0.001707	4.8
210	-0.320781	319.406512	0.012142	4.6
211	-0.775934	318.791875	0.011562	4.7
212	-1.040652	318.180381	0.020463	5.0
213	0.000000	317.572005	0.000000	8.1
214	-0.675238	316.966721	0.011650	5.2
215	0.000000	316.364504	0.000000	4.3
216	0.000000	315.765329	0.000000	4.2
217	0.000000	315.169170	0.000000	3.9
218	-0.974757	314.576003	0.024291	4.5
219	-1.018449	313.985804	0.027309	4.6
220	-0.845228	313.398548	0.019512	4.1
221	0.000000	312.814213	0.000000	3.8
222	-0.583854	312.232773	0.004367	4.3
223	-1.057453	311.654207	0.018643	4.1
224	-0.528549	311.078491	0.006745	3.9
225	0.000000	310.505602	0.000000	4.0
226	0.000000	309.935518	0.000000	4.5
227	-0.894952	309.368217	0.018953	3.9
228	-0.921537	308.803676	0.016737	4.0
229	0.000000	308.241874	0.000000	4.5
230	-0.511912	307.682789	0.008216	4.7
231	-0.123736	307.126400	0.004317	4.1
232	0.000000	306.572687	0.000000	4.0
233	0.000000	306.021627	0.000000	5.2
234	-0.388282	305.473201	0.012423	4.1
235	-0.592307	304.927388	0.010333	4.0
236	-0.557416	304.384168	0.010538	4.2
237	0.000000	303.843521	0.000000	4.3
238	-0.730518	303.305427	0.007091	3.9
239	-0.913111	302.769867	0.010038	4.0
240	-0.846397	302.236821	0.014152	5.0
241	-0.000000	301.706270	0.000000	4.4
242	-0.983334	301.178196	0.019464	4.1
243	0.000000	300.652580	0.000000	4.3
244	-0.710870	300.129402	0.014917	4.5
245	-0.882728	299.608645	0.017658	4.2
246	-0.155106	299.090291	0.003746	4.0
247	-0.641218	298.574321	0.023186	4.5
248	-0.923285	298.060718	0.021724	4.1
249	-1.014333	297.549465	0.016051	4.2
250	-0.683131	297.040543	0.007867	4.5
251	-0.563153	296.533936	0.011995	4.8
252	0.000000	296.029626	0.000000	4.2
253	-0.724427	295.527597	0.006494	4.4
254	-0.550146	295.027832	0.007071	4.4
255	-0.056093	294.530315	0.002359	4.4
256	-0.339051	294.035028	0.003600	4.7
257	-0.815994	293.541956	0.018945	4.2
258	0.000000	293.051083	0.000000	4.6
259	-0.526224	292.562393	0.006169	4.8
260	0.000000	292.075870	0.000000	4.3
261	-1.069879	291.591498	0.009465	4.6
262	-0.000000	291.109263	0.000000	4.3
263	-0.960663	290.629149	0.028015	4.5
264	-0.000010	290.151140	0.000005	4.0
265	-0.610416	289.675222	0.007961	4.8
266	-0.125521	289.201380	0.002962	4.8
267	0.000000	288.729600	0.000000	4.9
268	0.000000	288.259866	0.000000	5.3
269	-0.879880	287.792165	0.008628	5.3
270	0.000000	287.326481	0.000000	4.2
271	-0.889786	286.862802	0.010517	4.1
272	-0.002169	286.401113	0.000171	4.9
273	-0.140503	285.941400	0.003675	4.1
274	0.000000	285.483649	0.000000	4.1
275	-0.629537	285.027847	0.015956	5.1
276	-0.788528	284.573981	0.010154	4.3
277	-0.639978	284.122037	0.006328	4.3
278	-0.961405	283.672002	0.006934	4.0
279	-0.314078	283.223863	0.004175	4.8
280	-0.883929	282.777607	0.021288	4.4
281	0.000000	282.333221	0.000000	4.3
282	-0.767540	281.890692	0.007016	5.0
283	-0.575164	281.450008	0.007466	4.5
284	-1.059314	281.011157	0.008352	4.2
285	-0.854727	280.574125	0.025518	5.6
286	-0.763269	280.138901	0.006417	4.7
287	-0.243665	279.705473	0.007448	4.7
288	-0.478751	279.273829	0.009156	4.8
289	0.000000	278.843956	0.000000	5.1
290	-0.878971	278.415844	0.010266	4.4
291	-0.183630	277.989479	0.004047	4.9
292	-0.217873	277.564851	0.006689	5.2
293	-0.276255	277.141949	0.006420	4.7
294	-1.039225	276.720761	0.019545	4.7
295	-0.895360	276.301275	0.018948	5.0
296	-1.083467	275.883480	0.031922	4.9
297	-0.016298	275.467366	0.001253	5.4
298	0.000000	275.052922	0.000000	5.3
299	-0.317536	274.640136	0.003072	4.4
300	-0.821520	274.228998	0.037118	5.4
301	-0.468843	273.819497	0.010323	5.3
302	0.000000	273.411623	0.000000	4.8
303	-0.552521	273.005365	0.008433	4.7
304	-0.576597	272.600712	0.008674	5.0
305	0.000000	272.197655	0.000000	4.8
306	-0.008510	271.796184	0.000446	4.3
307	-0.314082	271.396287	0.006128	4.3
308	-0.564779	270.997956	0.007027	5.2
309	-0.897155	270.601180	0.029894	4.9
310	-0.000070	270.205949	0.000043	4.5
311	-0.724197	269.812254	0.009517	5.1
312	-0.794781	269.420085	0.006529	4.6
313	-1.077212	269.029432	0.020920	4.1
314	-0.509614	268.640287	0.004821	4.8
315	-0.846957	268.252638	0.011422	4.4
316	0.000000	267.866478	0.000000	4.3
317	-0.152461	267.481796	0.004022	4.2
318	-0.000114	267.098584	0.000023	5.3
319	0.000000	266.716833	0.000000	4.5
320	-0.622695	266.336533	0.008201	4.2
321	-0.772340	265.957676	0.010302	5.2
322	0.000000	265.580253	0.000000	4.4
323	-0.710599	265.204254	0.007597	4.3
324	-0.259545	264.829672	0.005164	4.8
325	-1.059822	264.456497	0.013568	4.6
326	-0.388821	264.084721	0.004508	4.2
327	-0.222221	263.714335	0.003459	4.7
328	-0.734684	263.345332	0.009643	4.7
329	-0.620320	262.977702	0.008037	4.5
330	-0.522682	262.611438	0.006836	4.6
331	-0.692332	262.246531	0.010786	4.9
332	-0.611900	261.882973	0.008537	4.6
333	-1.172545	261.520756	0.006081	4.8
334	-0.819297	261.159871	0.004878	4.3
335	-0.802006	260.800312	0.023392	4.6
336	-0.000000	260.442070	0.000000	4.2
337	-0.395551	260.085137	0.007996	4.4
338	-0.973467	259.729505	0.019741	4.7
339	-0.000000	259.375167	0.000000	4.7
340	-0.354670	259.022116	0.005009	4.4
341	-0.660938	258.670343	0.011446	4.0
342	-0.037279	258.319841	0.001191	4.4
343	-0.672608	257.970602	0.033247	5.3
344	-0.985120	257.622620	0.030033	4.3
345	-0.031753	257.275887	0.000880	5.2
346	-1.031902	256.930396	0.016679	5.2
347	-0.355299	256.586139	0.008906	4.7
348	-0.940737	256.243109	0.023550	5.0
349	-0.312397	255.901300	0.006472	4.9
350	-0.633903	255.560703	0.016581	4.4
351	-0.643733	255.221313	0.006725	5.0
352	-0.560988	254.883122	0.006934	5.0
353	-0.687191	254.546124	0.007855	4.3
354	-0.672575	254.210311	0.012412	4.3
355	-0.527985	253.875677	0.005904	5.0
356	-0.094057	253.542215	0.002156	4.3
357	-1.035224	253.209918	0.011539	4.3
358	-0.002096	252.878781	0.000201	5.3
359	-0.634949	252.548795	0.014766	4.4
360	-0.433000	252.219956	0.008226	4.3
361	-0.629224	251.892255	0.010549	5.5
362	-0.643518	251.565688	0.005839	5.1
363	0.000000	251.240247	0.000000	4.4
364	-0.075262	250.915926	0.002042	4.6
365	-0.000029	250.592720	0.000001	4.5
366	-0.959810	250.270621	0.010150	4.5
367	-0.538363	249.949624	0.011374	4.9
368	-0.734350	249.629723	0.009681	5.6
369	-0.000016	249.310911	0.000006	5.1
370	0.000000	248.993182	0.000000	4.8
371	-1.084745	248.676531	0.027284	4.7
372	-0.879952	248.360952	0.011512	4.4
373	-0.000000	248.046438	0.000000	4.5
374	-0.000003	247.732984	0.000001	4.8
375	-0.833357	247.420584	0.012282	4.6
376	-0.678968	247.109233	0.008222	4.7
377	-0.027012	246.798924	0.002061	4.3
378	0.000000	246.489652	0.000000	4.9
379	0.000000	246.181412	0.000000	4.6
380	0.000000	245.874197	0.000000	4.5
381	-0.194596	245.568002	0.003511	4.8
382	-0.001178	245.262822	0.000168	4.3
383	-0.688500	244.958652	0.007117	4.8
384	-0.272690	244.655485	0.003792	4.9
385	-0.253475	244.353317	0.004354	4.5
386	-0.009039	244.052142	0.000311	4.7
387	-0.192483	243.751955	0.005068	4.3
388	-0.600676	243.452750	0.010174	5.1
389	-0.468913	243.154523	0.004722	5.0
390	-0.913188	242.857268	0.015798	4.2
391	-1.021191	242.560980	0.016075	4.9
392	-0.496204	242.265654	0.004760	4.8
393	0.000000	241.971285	0.000000	4.3
394	-0.966241	241.677868	0.009334	4.4
395	-0.744237	241.385397	0.019979	6.7
396	-0.492523	241.093869	0.005838	4.4
397	-0.985049	240.803278	0.010793	4.5
398	-0.000540	240.513619	0.000246	5.2
399	-0.451411	240.224887	0.005269	4.2
400	-0.000000	239.937077	0.000000	4.4
401	-0.497022	239.650186	0.015787	5.0
402	0.000000	239.364207	0.000000	4.4
403	-0.976967	239.079136	0.010696	4.3
404	-0.794957	238.794969	0.017145	5.0
405	-0.000001	238.511701	0.000000	4.3
406	-1.140065	238.229327	0.010191	4.0
407	-1.027954	237.947843	0.012619	4.5
408	-1.172119	237.667244	0.006707	5.7
409	-0.014583	237.387526	0.001189	4.3
410	-0.000000	237.108684	0.000000	4.4
411	-0.874270	236.830714	0.006828	4.6
412	-0.170058	236.553610	0.002432	4.4
413	0.000000	236.277370	0.000000	4.4
414	0.000000	236.001989	0.000000	5.2
415	-0.000000	235.727461	0.000000	4.7
416	-0.540774	235.453784	0.010243	4.4
417	-0.704089	235.180952	0.010006	4.9
418	-0.325803	234.908962	0.007624	4.8
419	-0.647534	234.637809	0.007698	4.4
420	-0.203936	234.367488	0.004578	4.8
421	-0.000000	234.097997	0.000000	4.8
422	-0.708895	233.829331	0.006610	4.4
423	-1.029095	233.561485	0.031517	4.6
424	-0.084509	233.294456	0.002177	4.9
425	-0.159858	233.028239	0.008459	4.6
426	-0.611002	232.762831	0.007792	4.7
427	-0.826553	232.498228	0.013636	4.1
428	-0.160002	232.234425	0.003225	4.9
429	-0.564751	231.971419	0.006953	4.9
430	-0.652298	231.709205	0.008256	4.3
431	-0.713101	231.447781	0.006211	4.9
432	-1.059426	231.187141	0.021290	5.0
433	-0.849439	230.927283	0.031160	4.1
434	0.000000	230.668202	0.000000	4.4
435	-0.000000	230.409895	0.000000	4.8
436	0.000000	230.152358	0.000000	4.8
437	0.000000	229.895587	0.000000	4.7
438	-0.053146	229.639578	0.001729	8.1
439	-0.709655	229.384329	0.008010	4.3
440	-0.838438	229.129834	0.005192	4.4
441	-0.863104	228.876091	0.010096	5.0
442	-1.159146	228.623096	0.013456	4.6
443	-1.069601	228.370846	0.014684	4.2
444	-0.396931	228.119336	0.004240	4.6
445	0.000000	227.868563	0.000000	4.1
446	-0.023040	227.618525	0.001357	4.1
447	-1.083939	227.369216	0.012251	3.9
448	-0.890026	227.120635	0.011047	4.9
449	-1.101507	226.872777	0.039427	4.4
450	-0.210674	226.625638	0.002784	4.3
451	-0.257455	226.379217	0.004005	4.9
452	-0.419809	226.133509	0.006717	4.3
453	-0.548791	225.888510	0.018667	4.2
454	-1.097202	225.644218	0.066432	4.8
455	0.000000	225.400630	0.000000	4.4
456	-0.964522	225.157741	0.020982	4.0
457	-0.671444	224.915549	0.009856	5.2
458	0.000000	224.674051	0.000000	4.8
459	0.000000	224.433242	0.000000	4.4
460	-0.026705	224.193121	0.001764	4.8
461	0.000000	223.953684	0.000000	4.7
462	-0.670672	223.714927	0.008503	4.3
463	-0.014034	223.476848	0.000952	4.6
464	-0.118616	223.239444	0.003146	4.4
465	-0.715446	223.002710	0.011251	4.6
466	-0.184509	222.766645	0.002331	4.8
467	-0.383225	222.531245	0.004177	4.4
468	-0.717467	222.296508	0.012537	4.8
469	-0.839915	222.062429	0.015092	4.6
470	-0.000000	221.829007	0.000000	4.4
471	-0.220267	221.596238	0.002368	4.9
472	-1.003761	221.364119	0.006853	4.6
473	-0.172836	221.132647	0.003624	5.0
474	-0.254266	220.901820	0.006766	4.3
475	-0.972464	220.671634	0.020657	4.6
476	-0.960026	220.442086	0.016302	4.6
477	-0.211764	220.213174	0.006575	4.4
478	-0.149676	219.984895	0.001410	5.0
479	-0.726820	219.757246	0.007775	4.8
480	-0.280617	219.530224	0.002863	4.3
481	-0.333598	219.303826	0.005115	4.4
482	-0.378528	219.078050	0.008100	5.0
483	-0.000000	218.852893	0.000000	4.4
484	-1.063422	218.628352	0.008033	4.3
485	-1.020417	218.404424	0.022131	5.2
486	-0.063977	218.181106	0.001634	4.4
487	-0.669839	217.958397	0.007729	4.3
488	0.000000	217.736292	0.000000	5.2
489	-0.000102	217.514790	0.000047	4.5
490	0.000000	217.293888	0.000000	4.3
491	0.000000	217.073584	0.000000	4.6
492	-0.016949	216.853873	0.000893	4.7
493	-0.470643	216.634755	0.008224	4.5
494	-0.897457	216.416227	0.007677	4.1
495	-0.613596	216.198285	0.002619	5.2
496	0.000000	215.980927	0.000000	4.3
497	-0.066520	215.764151	0.002957	4.3
498	-0.619772	215.547955	0.007400	5.2
499	-0.705057	215.332335	0.007260	4.5
500	0.000000	215.117289	0.000000	4.4
501	-0.000000	214.902815	0.000000	4.8
502	-1.039112	214.688911	0.012406	4.8
503	-0.934552	214.475573	0.031011	4.4
504	-0.614259	214.262800	0.009595	4.8
505	-0.660863	214.050588	0.008926	5.1
506	-0.314757	213.838936	0.005350	4.4
507	-0.422079	213.627842	0.003538	4.7
508	-0.065802	213.417302	0.000951	4.5
509	0.000000	213.207314	0.000000	4.6
510	-0.056093	212.997877	0.001879	4.6
511	-0.927566	212.788987	0.011704	4.4
512	-0.039609	212.580642	0.000359	4.9
513	0.000000	212.372841	0.000000	4.5
514	-0.614535	212.165581	0.006486	5.0
515	-0.349235	211.958859	0.010027	5.2
516	-0.000497	211.752673	0.000020	5.1
517	-1.079911	211.547021	0.007014	4.5
518	-0.576663	211.341902	0.008256	4.6
519	-1.180317	211.137311	0.013648	4.8
520	-0.979011	210.933248	0.014935	4.4
521	-0.798968	210.729710	0.006509	4.2
522	-0.460570	210.526695	0.002686	4.9
523	-1.036655	210.324200	0.009776	4.4
524	-0.000003	210.122224	0.000002	4.4
525	0.000000	209.920765	0.000000	5.2
526	0.000000	209.719820	0.000000	4.5
527	-0.455081	209.519387	0.006683	4.4
528	-0.815231	209.319463	0.010195	4.4
529	-1.039332	209.120048	0.016190	5.2
530	-0.668540	208.921139	0.017764	4.9
531	-0.790090	208.722733	0.013442	4.3
532	-1.059826	208.524829	0.011063	5.0
533	-0.953256	208.327425	0.014977	4.6
534	0.000000	208.130518	0.000000	4.3
535	-0.995245	207.934107	0.019225	5.1
536	-0.974686	207.738189	0.007233	4.6
537	-0.999318	207.542762	0.016364	4.4
538	-0.913353	207.347825	0.008389	5.0
539	-0.585988	207.153376	0.008708	4.6
540	-0.000611	206.959412	0.000083	3.9
541	-0.504048	206.765932	0.004814	5.0
542	-0.702974	206.572933	0.007952	4.9
543	-1.030730	206.380414	0.007378	4.4
544	-0.503054	206.188373	0.005760	4.6
545	-0.009062	205.996807	0.000654	4.9
546	-0.006404	205.805716	0.000577	4.5
547	-0.732918	205.615096	0.007791	4.8
548	-1.172273	205.424946	0.014823	4.2
549	-0.039707	205.235265	0.000783	4.7
550	-1.018615	205.046050	0.009664	4.3
551	-0.619118	204.857299	0.004457	4.4
552	-0.977903	204.669011	0.007778	4.7
553	-0.389659	204.481184	0.005239	4.5
554	-0.000000	204.293816	0.000000	4.7
555	-0.904728	204.106905	0.011541	4.6
556	-0.610343	203.920449	0.006555	4.6
557	-0.845362	203.734447	0.005246	4.7
558	-1.161017	203.548896	0.015347	4.4
559	-0.783811	203.363795	0.010912	4.9
560	-0.361003	203.179143	0.004557	4.9
561	-0.124415	202.994937	0.004407	4.3
562	-1.026474	202.811176	0.008274	4.8
563	0.000000	202.627857	0.000000	5.2
564	-0.444304	202.444980	0.006459	4.8
565	-0.515769	202.262543	0.004602	4.7
566	0.000000	202.080543	0.000000	5.4
567	-0.953167	201.898979	0.015339	4.4
568	-0.628919	201.717849	0.003961	4.3
569	-0.891356	201.537153	0.014521	5.4
570	-0.569142	201.356887	0.006603	5.0
571	-0.706675	201.177050	0.007342	5.1
572	-0.221767	200.997642	0.002478	4.9
573	-0.122712	200.818659	0.004216	4.6
574	-0.665772	200.640100	0.007867	4.9
575	0.000000	200.461965	0.000000	4.8
576	-0.663496	200.284250	0.012888	4.3
577	-0.781518	200.106955	0.011440	4.9
578	-0.592099	199.930078	0.007199	4.8
579	-0.611907	199.753617	0.005296	4.6
580	-0.738061	199.577571	0.006934	4.7
581	-0.774207	199.401938	0.007324	4.7
582	-0.608918	199.226717	0.007597	4.7
583	-0.564013	199.051905	0.024215	4.7
584	-0.869707	198.877502	0.012384	4.3
585	-0.397155	198.703506	0.005372	4.9
586	-0.555788	198.529916	0.006158	4.4
587	-0.019039	198.356729	0.000724	4.4
588	-1.101957	198.183944	0.009951	4.8
589	0.000000	198.011560	0.000000	4.7
590	0.000000	197.839576	0.000000	5.1
591	-0.638245	197.667989	0.006758	4.8
592	-0.989242	197.496798	0.016274	4.5
593	-0.000002	197.326002	0.000001	4.6
594	-0.941402	197.155600	0.023120	4.3
595	-0.470414	196.985589	0.004706	4.9
596	-1.187944	196.815969	0.013270	4.6
597	0.000000	196.646738	0.000000	4.8
598	0.000000	196.477894	0.000000	4.9
599	-0.610297	196.309436	0.004673	5.9
600	0.000000	196.141363	0.000000	4.2
601	0.000000	195.973673	0.000000	4.8
602	-0.000072	195.806365	0.000038	4.8
603	0.000000	195.639437	0.000000	4.6
604	-0.655853	195.472888	0.014977	4.6
605	-0.001947	195.306717	0.000252	4.8
606	-0.159941	195.140922	0.005444	4.7
607	-0.998068	194.975501	0.036644	4.7
608	0.000000	194.810454	0.000000	5.5
609	-0.994600	194.645779	0.009899	4.5
610	-0.001541	194.481475	0.000220	5.0
611	-0.003089	194.317540	0.000631	4.9
612	-1.138204	194.153973	0.011717	4.6
613	-0.618291	193.990773	0.005095	4.2
614	-0.724553	193.827938	0.009426	5.2
615	-0.001874	193.665467	0.000313	4.7
616	-0.692700	193.503358	0.007193	4.5
617	-1.031688	193.341611	0.011983	4.7
618	0.000000	193.180224	0.000000	4.8
619	-0.000062	193.019196	0.000018	4.3
620	-0.786479	192.858525	0.005351	4.6
621	-1.079478	192.698210	0.015695	4.8
622	-0.000000	192.538251	0.000000	4.4
623	-0.958224	192.378644	0.011904	4.7
624	-0.125684	192.219391	0.003003	5.7
625	-0.972599	192.060488	0.010799	4.6
626	-0.706321	191.901935	0.004887	4.6
627	-0.620460	191.743730	0.005651	4.2
628	-0.507764	191.585873	0.007994	4.9
629	-0.932058	191.428362	0.018605	4.4
630	-0.138883	191.271196	0.006289	7.3
631	-1.134807	191.114374	0.012815	5.9
632	-0.000289	190.957893	0.000035	5.0
633	-0.711297	190.801755	0.005922	5.5
634	-1.213577	190.645956	0.018331	5.3
635	-0.848382	190.490495	0.009693	5.0
636	-0.879804	190.335373	0.006162	5.4
637	0.000000	190.180587	0.000000	5.4
638	-1.172664	190.026136	0.014530	5.1
639	-0.773869	189.872019	0.011635	5.5
640	-0.676712	189.718235	0.004434	5.1
641	-0.838345	189.564782	0.015896	5.0
642	-0.667453	189.411661	0.005493	5.6
643	-1.119939	189.258868	0.029970	5.0
644	-0.675931	189.106404	0.007095	4.4
645	-1.145391	188.954267	0.022480	5.6
646	-0.083857	188.802456	0.003606	5.2
647	-0.574799	188.650969	0.012430	5.1
648	-1.104591	188.499807	0.012337	5.7
649	-0.848931	188.348967	0.009018	5.0
650	-0.460753	188.198448	0.006004	4.6
651	-0.066890	188.048250	0.002996	5.5
652	-1.003684	187.898371	0.016624	4.6
653	-0.000001	187.748810	0.000000	4.3
654	-1.100320	187.599566	0.008608	5.4
655	-0.500333	187.450638	0.010841	4.5
656	-0.754119	187.302025	0.015563	4.2
657	-0.913139	187.153725	0.014482	4.7
658	-0.398691	187.005739	0.002242	4.9
659	-0.024355	186.858064	0.001064	4.5
660	-0.448007	186.710699	0.007424	4.8
661	-0.000721	186.563645	0.000196	4.6
662	0.000000	186.416898	0.000000	4.4
663	-0.412988	186.270459	0.006828	4.7
664	-0.715693	186.124326	0.007284	4.6
665	-0.040647	185.978499	0.002005	4.3
666	-0.927804	185.832976	0.009498	4.5
667	-0.783144	185.687756	0.008029	4.4
668	-0.948339	185.542838	0.012384	5.1
669	-0.000019	185.398222	0.000018	4.7
670	-1.024937	185.253906	0.018980	4.4
671	-0.515450	185.109889	0.004777	4.8
672	-0.336502	184.966170	0.010579	4.8
673	-0.807518	184.822748	0.007921	4.5
674	0.000000	184.679623	0.000000	4.5
675	-0.000001	184.536792	0.000000	5.1
676	-0.908095	184.394256	0.008548	4.4
677	-0.869374	184.252013	0.005853	4.3
678	-0.953006	184.110062	0.015109	4.4
679	0.000000	183.968403	0.000000	4.6
680	0.000000	183.827034	0.000000	4.3
681	-0.801796	183.685954	0.006414	5.4
682	0.000000	183.545163	0.000000	4.4
683	-0.726321	183.404658	0.007537	4.4
684	-0.302961	183.264441	0.002275	4.3
685	0.000000	183.124509	0.000000	4.9
686	-0.641324	182.984861	0.006934	4.3
687	-0.872214	182.845497	0.010096	4.3
688	-0.573534	182.706416	0.009507	6.3
689	-0.357065	182.567616	0.006006	4.7
690	0.000000	182.429098	0.000000	4.6
691	-0.000008	182.290859	0.000003	4.8
692	-0.606791	182.152899	0.007534	4.3
693	-0.837925	182.015217	0.009227	4.3
694	-0.730086	181.877813	0.007825	5.8
695	-0.940201	181.740684	0.008274	4.6
696	-0.919927	181.603832	0.015125	4.3
697	-0.263698	181.467253	0.001887	4.4
698	-0.684856	181.330948	0.007674	4.8
699	-0.473157	181.194916	0.004486	4.4
700	-0.000000	181.059155	0.000000	4.9
701	0.000000	180.923666	0.000000	4.7
702	-0.357657	180.788446	0.006256	4.2
703	-0.053306	180.653496	0.001153	4.8
704	-1.184035	180.518814	0.033604	5.4
705	-0.910661	180.384399	0.007707	4.9
706	-0.999374	180.250251	0.011487	4.8
707	-0.128284	180.116369	0.001960	5.0
708	-0.000000	179.982752	0.000000	5.0
709	-0.905954	179.849398	0.020625	5.7
710	0.000000	179.716308	0.000000	4.9
711	0.000000	179.583480	0.000000	4.8
712	-0.000000	179.450913	0.000000	5.4
713	-1.049678	179.318607	0.010009	4.6
714	-0.268120	179.186561	0.008020	5.1
715	-0.000003	179.054774	0.000001	4.5
716	-1.066839	178.923245	0.015313	4.7
717	-0.657542	178.791973	0.005119	5.5
718	0.000000	178.660958	0.000000	5.0
719	-0.578374	178.530199	0.008113	4.7
720	-0.753397	178.399694	0.010925	5.6
721	-1.071113	178.269444	0.032631	4.4
722	-0.952190	178.139447	0.007164	4.3
723	0.000000	178.009702	0.000000	5.2
724	-1.126697	177.880209	0.010082	4.6
725	-0.549016	177.750967	0.006739	4.4
726	-0.758832	177.621975	0.008810	4.6
727	0.000000	177.493232	0.000000	4.7
728	-0.713787	177.364738	0.023180	4.4
729	-0.819011	177.236492	0.007544	4.4
730	-0.917970	177.108492	0.012360	4.9
731	-0.384707	176.980739	0.004850	4.3
732	-0.490094	176.853231	0.014450	4.3
733	-1.070227	176.725968	0.016735	5.0
734	-0.486616	176.598949	0.006133	4.6
735	-0.523989	176.472173	0.007753	4.3
736	-0.542845	176.345639	0.010349	4.6
737	-1.150952	176.219348	0.007909	4.9
738	-0.607810	176.093296	0.005387	4.4
739	-0.399716	175.967486	0.004586	4.9
740	-0.419851	175.841914	0.007282	4.7
741	-0.934106	175.716581	0.019384	4.4
742	-0.405547	175.591486	0.006479	4.9
743	-0.652395	175.466629	0.007956	4.4
744	-0.000000	175.342008	0.000000	4.4
745	0.000000	175.217622	0.000000	4.5
746	-0.001653	175.093472	0.000207	4.3
747	-0.937940	174.969556	0.009156	4.9
748	-1.200699	174.845873	0.012466	4.9
749	-0.615413	174.722423	0.006278	4.4
750	-0.295940	174.599206	0.003893	4.7
751	0.000000	174.476220	0.000000	5.0
752	-1.158901	174.353464	0.016824	4.3
753	-0.267701	174.230939	0.006334	4.4
754	-0.703534	174.108643	0.007260	5.2
755	-0.190578	173.986576	0.003011	4.4
756	-1.016815	173.864737	0.008220	4.4
757	-0.848961	173.743124	0.009102	4.9
758	-0.813075	173.621739	0.006898	4.5
759	-0.000002	173.500579	0.000000	4.3
760	-0.577396	173.379645	0.005712	5.4
761	-0.720134	173.258935	0.006864	4.6
762	-1.134469	173.138449	0.014197	4.3
763	0.000000	173.018186	0.000000	4.8
764	-0.981938	172.898146	0.030744	5.5
765	-0.731035	172.778327	0.008981	4.3
766	-0.002148	172.658730	0.000734	4.8
767	-0.734034	172.539353	0.006433	5.0
768	-1.013476	172.420196	0.013607	4.8
769	-0.348056	172.301258	0.001829	4.6
770	-0.033396	172.182539	0.002576	5.2
771	-0.321499	172.064037	0.003141	4.4
772	-1.041470	171.945753	0.016848	4.3
773	-0.080809	171.827686	0.001707	5.6
774	-1.153641	171.709834	0.027967	4.9
775	-0.129017	171.592198	0.003365	4.8
776	-0.984026	171.474776	0.006750	5.1
777	-0.918274	171.357568	0.004600	4.6
778	-1.029738	171.240574	0.007377	4.3
779	0.000000	171.123793	0.000000	4.7
780	-0.032574	171.007223	0.002304	4.5
781	-0.805601	170.890865	0.007972	4.3
782	-0.577900	170.774718	0.007062	4.7
783	-0.356430	170.658782	0.006514	4.5
784	-0.000000	170.543055	0.000000	4.5
785	-0.980408	170.427537	0.005220	4.7
786	-0.000000	170.312227	0.000000	5.0
787	0.000000	170.197125	0.000000	4.6
788	-0.967123	170.082231	0.014986	4.7
789	0.000000	169.967543	0.000000	4.3
790	-1.225055	169.853061	0.017961	4.9
791	-0.054677	169.738784	0.001505	5.9
792	-0.247683	169.624713	0.004289	4.4
793	0.000000	169.510845	0.000000	5.0
794	-0.808829	169.397181	0.006016	4.9
795	-0.900069	169.283720	0.005329	4.2
796	-0.603910	169.170462	0.008208	4.9
797	-0.643385	169.057405	0.006693	5.6
798	-1.092913	168.944549	0.009067	4.4
799	0.000000	168.831895	0.000000	4.8
800	-0.490344	168.719440	0.007623	4.6
801	-1.028761	168.607185	0.010709	4.3
802	-0.583236	168.495129	0.007310	4.3
803	-1.045486	168.383271	0.005330	5.0
804	-0.755220	168.271611	0.024661	4.4
805	-0.881034	168.160148	0.006472	4.3
806	-0.000000	168.048882	0.000000	5.3
807	-0.000008	167.937812	0.000005	4.5
808	-1.082627	167.826938	0.005021	4.3
809	-0.820243	167.716258	0.009234	4.9
810	-0.000000	167.605773	0.000000	4.8
811	-1.123623	167.495482	0.006377	4.6
812	-1.072644	167.385384	0.005851	5.2
813	0.000000	167.275479	0.000000	4.9
814	-0.323768	167.165766	0.006443	4.4
815	-0.833849	167.056245	0.004596	4.8
816	-0.442904	166.946915	0.008451	4.8
817	-0.000000	166.837776	0.000000	4.4
818	-0.000000	166.728826	0.000000	4.5
819	-0.453757	166.620067	0.011602	5.2
820	-0.122668	166.511496	0.004829	4.3
821	0.000000	166.403113	0.000000	4.7
822	-0.385190	166.294919	0.003756	4.4
823	-0.748253	166.186912	0.005448	4.8
824	-1.074546	166.079091	0.034874	4.6
825	-0.330612	165.971458	0.006353	4.3
826	-0.398356	165.864009	0.007725	4.9
827	-0.760673	165.756747	0.007626	4.9
828	-0.535234	165.649669	0.001975	4.3
829	-0.800184	165.542775	0.004032	4.6
830	-0.922345	165.436065	0.008444	4.8
831	-0.660707	165.329538	0.004556	4.4
832	-0.865465	165.223194	0.011183	4.2
833	-0.148123	165.117032	0.001900	5.0
834	-1.159416	165.011052	0.013291	4.4
835	-0.657551	164.905253	0.006655	4.3
836	-0.986320	164.799635	0.007881	5.3
837	-0.099079	164.694197	0.002653	5.1
838	-0.811272	164.588939	0.008920	4.6
839	-0.176110	164.483859	0.005573	5.3
840	0.000000	164.378959	0.000000	4.5
841	-0.000000	164.274237	0.000000	4.4
842	-0.448752	164.169692	0.012364	4.8
843	-0.662883	164.065325	0.009252	4.9
844	-1.034806	163.961135	0.017001	4.6
845	-0.000005	163.857120	0.000001	5.0
846	-0.726396	163.753282	0.004577	4.8
847	-0.524566	163.649619	0.008308	4.5
848	-0.038412	163.546130	0.003616	4.8
849	-0.160520	163.442816	0.004938	4.9
850	0.000000	163.339676	0.000000	4.4
851	-1.188065	163.236709	0.023574	4.7
852	-0.000000	163.133915	0.000000	4.6
853	0.000000	163.031294	0.000000	4.7
854	0.000000	162.928844	0.000000	4.6
855	-0.014344	162.826566	0.001093	4.4
856	-1.117318	162.724459	0.017996	5.0
857	-0.413329	162.622523	0.007675	4.4
858	-0.641783	162.520757	0.004396	4.7
859	-0.000001	162.419160	0.000000	5.0
860	-1.023608	162.317733	0.013864	4.1
861	-0.001443	162.216474	0.000067	4.9
862	-0.618032	162.115383	0.004123	4.3
863	-0.596970	162.014461	0.006114	4.8
864	-0.000025	161.913705	0.000002	4.9
865	-0.854744	161.813117	0.013265	4.4
866	0.000000	161.712695	0.000000	4.9
867	-0.987616	161.612439	0.004384	4.7
868	-1.040216	161.512349	0.014362	4.4
869	-0.000000	161.412424	0.000000	4.4
870	-0.162106	161.312663	0.003968	5.3
871	0.000000	161.213067	0.000000	4.3
872	-0.000000	161.113635	0.000000	4.2
873	-0.010912	161.014366	0.000560	5.0
874	-0.000000	160.915260	0.000000	4.4
875	-0.376068	160.816316	0.004069	4.3
876	-0.941797	160.717535	0.006644	5.3
877	-0.700292	160.618915	0.010342	4.6
878	-0.002979	160.520456	0.000211	4.4
879	-1.268008	160.422158	0.015625	4.6
880	0.000000	160.324021	0.000000	4.9
881	-0.001581	160.226043	0.000182	4.3
882	0.000000	160.128225	0.000000	4.5
883	-0.532195	160.030566	0.006255	5.3
884	0.000000	159.933066	0.000000	4.5
885	-0.000002	159.835723	0.000001	4.4
886	-0.942912	159.738539	0.009691	4.9
887	-0.110087	159.641512	0.002869	4.5
888	-0.853334	159.544642	0.007607	4.6
889	-0.595028	159.447929	0.004676	4.8
890	-1.105038	159.351372	0.028704	4.7
891	-0.323708	159.254971	0.001632	4.2
892	0.000000	159.158725	0.000000	4.9
893	-0.453313	159.062634	0.005612	4.8
894	-1.066077	158.966697	0.007493	4.6
895	-0.643959	158.870915	0.008349	4.2
896	-0.848672	158.775286	0.013422	4.6
897	-0.848713	158.679811	0.004460	4.5
898	-0.717019	158.584489	0.009281	4.6
899	-0.357010	158.489319	0.005049	4.7
900	-0.000000	158.394302	0.000000	4.6
901	-0.773825	158.299436	0.007792	4.4
902	-0.724253	158.204721	0.006105	4.5
903	-0.000000	158.110158	0.000000	4.9
904	0.000000	158.015745	0.000000	5.3
905	-0.963005	157.921482	0.008162	4.6
906	0.000000	157.827369	0.000000	4.2
907	0.000000	157.733406	0.000000	4.7
908	-0.233385	157.639591	0.004028	4.3
909	-0.903301	157.545925	0.005871	4.9
910	-0.130760	157.452408	0.003397	5.0
911	-0.980063	157.359038	0.013358	4.6
912	-0.567829	157.265816	0.004637	4.2
913	-1.262907	157.172741	0.020396	4.2
914	-0.953878	157.079813	0.031695	5.2
915	-0.583130	156.987031	0.004892	4.3
916	-0.000039	156.894395	0.000026	4.2
917	-1.070025	156.801904	0.007957	4.9
918	-1.119885	156.709559	0.046671	4.2
919	-0.315963	156.617359	0.003492	4.3
920	-0.814299	156.525304	0.008527	4.4
921	-0.866329	156.433392	0.006562	4.6
922	-1.104496	156.341624	0.046517	4.4
923	-1.022097	156.250000	0.009141	4.5
924	-1.102811	156.158519	0.013269	5.0
925	-0.773206	156.067180	0.013295	4.3
926	-1.072868	155.975984	0.010383	4.3
927	-0.909039	155.884930	0.007052	5.2
928	-0.522193	155.794017	0.003753	4.4
929	-0.889366	155.703246	0.010740	4.2
930	-0.647990	155.612615	0.005523	4.5
931	-0.365320	155.522125	0.006544	5.0
932	-0.000000	155.431775	0.000000	4.3
933	-0.946953	155.341565	0.033743	4.8
934	-0.988890	155.251495	0.009530	4.7
935	-0.726895	155.161563	0.010807	4.4
936	0.000000	155.071771	0.000000	5.3
937	-0.030696	154.982117	0.000372	4.8
938	-0.000036	154.892601	0.000013	4.5
939	-0.673990	154.803222	0.006967	4.9
940	0.000000	154.713981	0.000000	4.6
941	-0.283074	154.624878	0.008400	4.6
942	-0.827698	154.535910	0.005795	4.7
943	-0.616533	154.447080	0.006874	4.7
944	-1.048991	154.358385	0.011743	5.1
945	-0.006873	154.269826	0.000179	4.8
946	0.000000	154.181402	0.000000	5.0
947	-0.626576	154.093114	0.005954	5.0
948	-0.900731	154.004960	0.008515	5.0
949	-1.082081	153.916940	0.019912	4.3
950	-0.008082	153.829054	0.000135	4.8
951	-0.995308	153.741303	0.010002	4.9
952	-0.992654	153.653684	0.008143	4.3
953	-0.755909	153.566198	0.008768	4.3
954	-0.051681	153.478846	0.001988	5.1
955	-0.038696	153.391625	0.000474	4.4
956	-0.957650	153.304537	0.007182	4.3
957	-1.106814	153.217580	0.011106	5.3
958	-0.847236	153.130755	0.018319	4.5
959	-0.209867	153.044061	0.002870	4.4
960	-0.004074	152.957498	0.000231	4.6
961	-0.793065	152.871065	0.006746	5.3
962	-1.030840	152.784762	0.007117	4.2
963	-0.815441	152.698589	0.007561	5.0
964	-1.112145	152.612545	0.016230	4.9
965	-0.049420	152.526631	0.001660	4.5
966	-0.733553	152.440845	0.018060	4.6
967	-0.631314	152.355188	0.012153	5.5
968	-0.431250	152.269660	0.006362	4.5
969	-1.039025	152.184259	0.041836	4.7
970	-0.428456	152.098986	0.008338	5.3
971	-0.807791	152.013840	0.009256	5.0
972	-0.000000	151.928821	0.000000	5.7
973	-0.795536	151.843928	0.004192	5.2
974	-1.137395	151.759163	0.016997	4.2
975	-0.596989	151.674523	0.004657	4.6
976	-0.969632	151.590009	0.014938	4.6
977	-1.018409	151.505620	0.009897	4.7
978	-0.687039	151.421357	0.008639	4.9
979	0.000000	151.337218	0.000000	4.3
980	-0.697456	151.253204	0.028826	4.7
981	-0.771321	151.169314	0.005120	4.7
982	-0.467837	151.085549	0.005757	4.6
983	-1.125304	151.001907	0.019883	4.8
984	-1.009905	150.918388	0.011311	4.9
985	-0.423859	150.834992	0.008076	4.3
986	-0.000478	150.751719	0.000251	4.4
987	-0.612257	150.668569	0.005933	4.9
988	-1.007969	150.585541	0.053684	4.7
989	-0.827068	150.502634	0.012250	4.3
990	-0.680001	150.419849	0.007604	4.8
991	-0.756317	150.337186	0.004877	4.9
992	-0.113894	150.254644	0.002378	4.4
993	-0.513768	150.172222	0.004492	5.4
994	-1.005641	150.089921	0.007606	4.7
995	-0.008461	150.007740	0.000185	4.2
996	-1.073574	149.925679	0.015656	4.6
997	0.000000	149.843737	0.000000	6.0
998	-0.983454	149.761915	0.025357	4.8
999	-0.748305	149.680212	0.004544	4.4
1000	-1.016178	149.598627	0.006123	6.2
1001	-0.001902	149.517161	0.000067	4.8
1002	-0.503169	149.435814	0.006678	5.3
1003	-0.849491	149.354584	0.005659	4.6
1004	-0.850937	149.273472	0.020563	4.4
1005	-0.897039	149.192477	0.008658	4.7
1006	-1.164272	149.111599	0.006643	4.8
1007	0.000000	149.030838	0.000000	4.5
1008	-0.718838	148.950194	0.003752	4.5
1009	-0.000000	148.869666	0.000000	4.8
1010	-0.828758	148.789253	0.007976	4.8
1011	-0.863688	148.708957	0.017566	4.5
1012	-0.558793	148.628776	0.005580	4.4
1013	-0.301475	148.548710	0.009279	4.6
1014	0.000000	148.468759	0.000000	4.4
1015	0.000000	148.388923	0.000000	4.6
1016	-1.057175	148.309201	0.005959	5.0
1017	-0.774885	148.229594	0.009110	4.5
1018	-0.769982	148.150100	0.009520	5.2
1019	-0.455674	148.070719	0.011179	4.8
1020	-0.797959	147.991452	0.011154	4.4
1021	-1.185619	147.912298	0.027477	4.6
1022	0.000000	147.833257	0.000000	4.3
1023	-0.892046	147.754329	0.009746	4.6
1024	-1.040686	147.675512	0.007219	4.8
1025	-0.943093	147.596808	0.010079	4.4
1026	-0.101740	147.518216	0.003356	4.8
1027	-0.482973	147.439735	0.010288	5.0
1028	0.000000	147.361365	0.000000	5.0
1029	-0.675474	147.283106	0.010346	4.9
1030	-0.806350	147.204958	0.008490	4.9
1031	-0.424424	147.126920	0.005347	4.3
1032	-0.255478	147.048993	0.002122	4.2
1033	-0.989525	146.971175	0.006267	4.9
1034	-0.566823	146.893468	0.017237	4.5
1035	-0.898828	146.815869	0.008932	4.3
1036	-1.307167	146.738380	0.030351	4.9
1037	-0.949466	146.661000	0.017016	5.7
1038	-0.936806	146.583729	0.007161	4.4
1039	-0.842195	146.506566	0.004468	5.4
1040	0.000000	146.429511	0.000000	4.3
1041	-0.225329	146.352565	0.005233	4.5
1042	-0.435222	146.275726	0.005168	5.3
1043	-0.000000	146.198994	0.000000	4.8
1044	0.000000	146.122370	0.000000	4.3
1045	-0.903539	146.045853	0.008339	4.4
1046	-0.019623	145.969442	0.001473	4.7
1047	-0.000054	145.893139	0.000016	4.5
1048	-0.000856	145.816941	0.000193	4.2
1049	-0.604687	145.740849	0.005463	5.3
1050	-0.327069	145.664863	0.006161	4.4
1051	-0.858623	145.588983	0.007784	4.3
1052	-0.886385	145.513208	0.031287	5.1
1053	-0.764697	145.437538	0.012551	4.7
1054	-0.634936	145.361973	0.007211	4.3
1055	-0.000000	145.286513	0.000000	6.3
1056	0.000000	145.211157	0.000000	5.2
1057	0.000000	145.135905	0.000000	4.3
1058	-0.792659	145.060757	0.023950	4.7
1059	0.000000	144.985712	0.000000	4.8
1060	-0.781328	144.910771	0.005476	4.3
1061	-0.658344	144.835934	0.005883	4.6
1062	-0.406376	144.761199	0.008536	4.9
1063	-0.000000	144.686567	0.000000	4.5
1064	0.000000	144.612037	0.000000	4.6
1065	0.000000	144.537610	0.000000	4.6
1066	-0.585393	144.463285	0.005985	4.7
1067	-0.905620	144.389062	0.007503	4.6
1068	-0.684912	144.314940	0.003653	4.4
1069	-0.260542	144.240920	0.007095	4.9
1070	-0.822729	144.167001	0.018769	4.7
1071	-0.852929	144.093182	0.008732	4.4
1072	-0.697294	144.019465	0.007080	4.9
1073	-0.824763	143.945848	0.019482	4.8
1074	-1.044143	143.872331	0.008143	4.2
1075	-0.694063	143.798914	0.017641	4.4
1076	-0.301333	143.725597	0.003345	4.6
1077	-1.116304	143.652380	0.034644	4.8
1078	-1.080012	143.579262	0.015848	4.2
1079	-1.058286	143.506243	0.020173	4.8
1080	-1.180454	143.433323	0.031552	4.4
1081	-0.849554	143.360502	0.007641	4.3
1082	-0.951023	143.287780	0.008643	4.1
1083	-0.512405	143.215155	0.006342	4.9
1084	-0.299736	143.142629	0.007023	4.2
1085	-0.818689	143.070201	0.031066	4.0
1086	0.000000	142.997870	0.000000	4.8
1087	-0.617611	142.925637	0.005511	4.5
1088	-0.984315	142.853501	0.008300	4.2
1089	-0.582112	142.781462	0.003788	4.1
1090	-0.211634	142.709519	0.003422	5.0
1091	-0.565459	142.637674	0.006441	4.4
1092	-0.760239	142.565924	0.008304	4.6
1093	-0.890121	142.494271	0.008135	5.3
1094	-0.711635	142.422714	0.007184	4.4
1095	-0.426265	142.351252	0.002935	4.5
1096	-0.899290	142.279886	0.008678	4.8
1097	-0.629504	142.208616	0.005976	4.7
1098	0.000000	142.137440	0.000000	4.5
1099	-0.069299	142.066360	0.002024	4.6
1100	-0.867766	141.995374	0.007059	4.8
1101	0.000000	141.924483	0.000000	4.4
1102	-0.962114	141.853685	0.010783	4.4
1103	-1.046663	141.782983	0.010415	5.2
1104	-0.209787	141.712373	0.004322	4.3
1105	-0.279827	141.641858	0.002992	4.4
1106	-0.994090	141.571436	0.013123	4.9
1107	-0.567400	141.501108	0.004268	4.9
1108	-0.972801	141.430872	0.014116	4.4
1109	-0.305254	141.360730	0.003178	4.7
1110	0.000000	141.290680	0.000000	4.7
1111	-0.599302	141.220722	0.007115	4.3
1112	-0.807284	141.150857	0.009382	4.9
1113	-0.460402	141.081084	0.006605	4.8
1114	-0.283085	141.011403	0.004504	4.7
1115	0.000000	140.941813	0.000000	4.9
1116	-0.154733	140.872315	0.004049	4.7
1117	0.000000	140.802909	0.000000	5.3
1118	-0.033957	140.733593	0.000569	5.1
1119	0.000000	140.664369	0.000000	5.1
1120	0.000000	140.595235	0.000000	4.8
1121	0.000000	140.526192	0.000000	5.0
1122	-1.297597	140.457239	0.027049	4.7
1123	-0.653260	140.388376	0.008085	5.2
1124	0.000000	140.319603	0.000000	4.8
1125	-0.664436	140.250920	0.005380	4.3
1126	-1.095135	140.182326	0.022744	5.2
1127	-0.153342	140.113822	0.002397	5.0
1128	-0.100811	140.045407	0.003089	4.6
1129	-0.205266	139.977081	0.003104	5.5
1130	0.000000	139.908844	0.000000	5.2
1131	-0.032902	139.840696	0.001609	5.0
1132	-0.131247	139.772635	0.002923	4.5
1133	-0.088438	139.704664	0.001076	5.1
1134	-1.040156	139.636780	0.019557	4.3
1135	-0.207424	139.568984	0.006534	5.0
1136	0.000000	139.501276	0.000000	5.1
1137	0.000000	139.433655	0.000000	4.8
1138	-0.051697	139.366122	0.002309	4.9
1139	0.000000	139.298676	0.000000	5.4
1140	-0.678557	139.231317	0.007582	4.9
1141	-0.253349	139.164045	0.002167	4.4
1142	-0.520039	139.096859	0.007410	4.9
1143	-0.573499	139.029760	0.005517	4.5
1144	-1.178322	138.962747	0.028751	4.4
1145	-0.815813	138.895820	0.008810	4.9
1146	0.000000	138.828978	0.000000	4.6
1147	-1.134640	138.762223	0.018646	4.6
1148	-1.089229	138.695553	0.009862	4.5
1149	-0.847125	138.628969	0.005376	4.5
1150	-0.000269	138.562469	0.000042	4.3
1151	0.000000	138.496055	0.000000	4.6
1152	-0.005386	138.429725	0.000519	4.9
1153	-1.035161	138.363481	0.010786	4.3
1154	-0.066314	138.297320	0.002005	4.7
1155	-0.372744	138.231244	0.003982	4.2
1156	-0.845357	138.165252	0.015067	4.4
1157	-0.000030	138.099344	0.000021	5.1
1158	-0.375406	138.033520	0.006897	4.3
1159	-0.524592	137.967779	0.004815	4.9
1160	0.000000	137.902122	0.000000	4.7
1161	-0.691524	137.836548	0.007367	4.5
1162	-0.233908	137.771057	0.004187	5.1
1163	-0.645169	137.705649	0.006488	5.3
1164	-1.003420	137.640324	0.032023	4.4
1165	-1.097283	137.575081	0.012811	4.5
1166	-0.918909	137.509921	0.011454	4.8
1167	-0.495446	137.444842	0.006776	5.1
1168	-0.835810	137.379846	0.009827	4.2
1169	-0.033588	137.314932	0.002877	5.3
1170	0.000000	137.250100	0.000000	4.7
1171	-1.202933	137.185349	0.011286	5.0
1172	-1.021017	137.120680	0.008300	5.6
1173	-0.000000	137.056092	0.000000	4.3
1174	-0.916530	136.991585	0.009717	4.1
1175	-0.871663	136.927158	0.008035	4.8
1176	-1.037703	136.862813	0.008400	4.3
1177	-0.627984	136.798548	0.006280	4.4
1178	-0.929214	136.734363	0.007111	4.9
1179	-0.780752	136.670259	0.007448	4.4
1180	-0.590099	136.606235	0.006919	4.4
1181	0.000000	136.542291	0.000000	5.1
1182	-1.085578	136.478426	0.029943	4.4
1183	-0.207002	136.414641	0.005056	4.4
1184	-0.571120	136.350936	0.014204	5.6
1185	-0.088267	136.287310	0.002927	4.9
1186	-0.004195	136.223763	0.000194	4.3
1187	-0.284047	136.160295	0.009252	4.5
1188	-0.874479	136.096905	0.008244	4.7
1189	-0.036646	136.033594	0.001839	4.3
1190	-0.297842	135.970362	0.003745	4.6
1191	-0.508536	135.907208	0.005036	4.8
1192	-0.339161	135.844133	0.008818	4.4
1193	-0.873932	135.781135	0.007042	4.7
1194	-0.000000	135.718215	0.000000	4.6
1195	-0.325571	135.655373	0.005357	4.2
1196	-0.790155	135.592608	0.005893	4.6
1197	0.000000	135.529921	0.000000	4.4
1198	-0.020373	135.467311	0.001617	4.9
1199	-0.914350	135.404778	0.004091	4.7
1200	-0.833390	135.342322	0.006189	5.1
1201	-0.694986	135.279942	0.013476	5.0
1202	-0.018536	135.217640	0.001129	4.8
1203	-0.116494	135.155413	0.003428	4.2
1204	-0.761059	135.093263	0.009693	4.6
1205	-0.261543	135.031190	0.008355	4.9
1206	-0.398047	134.969192	0.005775	4.2
1207	-0.664862	134.907270	0.014194	4.3
1208	-0.245174	134.845424	0.004898	5.3
1209	-0.767284	134.783653	0.005547	4.5
1210	0.000000	134.721958	0.000000	4.4
1211	0.000000	134.660338	0.000000	5.1
1212	-0.665092	134.598793	0.005716	4.4
1213	-0.561239	134.537323	0.005683	4.4
1214	-0.868612	134.475927	0.007936	4.3
1215	-0.275242	134.414607	0.006131	5.2
1216	0.000000	134.353361	0.000000	4.4
1217	-0.953516	134.292189	0.010284	4.2
1218	-0.828779	134.231092	0.013163	5.2
1219	-0.709400	134.170068	0.006133	4.4
1220	0.000000	134.109119	0.000000	4.1
1221	-0.650795	134.048243	0.009508	4.6
1222	0.000000	133.987441	0.000000	4.4
1223	-0.657475	133.926713	0.005997	4.2
1224	-0.759077	133.866057	0.009904	4.6
1225	-0.692188	133.805475	0.017646	4.3
1226	-1.331444	133.744966	0.021508	4.4
1227	-0.012599	133.684530	0.000522	4.3
1228	-0.755101	133.624167	0.006174	4.6
1229	-0.576112	133.563877	0.004656	4.3
1230	-0.000000	133.503658	0.000000	4.5
1231	-0.929514	133.443513	0.006440	4.1
1232	-0.573722	133.383439	0.003783	4.7
1233	-0.740341	133.323437	0.006651	4.5
1234	-0.413432	133.263508	0.011541	4.2
1235	-0.974362	133.203650	0.010597	4.7
1236	-0.839089	133.143864	0.005287	4.7
1237	-0.879649	133.084149	0.014934	4.3
1238	-0.616270	133.024506	0.004450	4.3
1239	-0.866450	132.964934	0.004642	4.8
1240	-0.693522	132.905433	0.006950	4.7
1241	-1.298690	132.846003	0.019592	4.5
1242	-0.212340	132.786643	0.004384	4.9
1243	-0.957011	132.727355	0.024623	4.7
1244	-0.000000	132.668137	0.000000	4.3
1245	-0.760962	132.608989	0.005802	4.3
1246	0.000000	132.549912	0.000000	4.9
1247	-0.886895	132.490904	0.013987	4.3
1248	-0.000000	132.431967	0.000000	4.4
1249	-0.487672	132.373100	0.005495	5.4
1250	0.000000	132.314302	0.000000	4.4
1251	-0.858723	132.255574	0.004828	4.5
1252	-0.014543	132.196916	0.000476	5.1
1253	-1.110781	132.138326	0.010312	4.6
1254	-0.396621	132.079806	0.002463	4.3
1255	0.000000	132.021355	0.000000	4.5
1256	-0.000000	131.962973	0.000000	4.7
1257	-0.069655	131.904660	0.002931	4.5
1258	-0.923850	131.846415	0.007729	4.3
1259	-0.280397	131.788239	0.002972	4.9
1260	-0.711681	131.730131	0.009057	4.5
1261	-0.780609	131.672092	0.006779	5.2
1262	-0.101516	131.614121	0.002053	4.9
1263	-0.244119	131.556217	0.004974	4.6
1264	-0.711936	131.498382	0.005760	4.8
1265	-0.233812	131.440614	0.005233	4.3
1266	-1.131426	131.382914	0.011112	4.9
1267	-0.855534	131.325282	0.010004	4.8
1268	0.000000	131.267717	0.000000	4.2
1269	-0.239911	131.210219	0.003552	4.9
1270	-0.609896	131.152788	0.007422	4.5
1271	-0.524351	131.095424	0.004177	5.1
1272	-0.488576	131.038127	0.005565	5.3
1273	-0.049370	130.980897	0.000910	4.9
1274	-0.689318	130.923733	0.009154	4.4
1275	-0.696603	130.866636	0.007860	4.5
1276	-0.365606	130.809605	0.004302	4.9
1277	-0.767937	130.752641	0.006898	4.4
1278	-0.167298	130.695742	0.002844	4.2
1279	-0.440118	130.638910	0.002167	5.3
1280	-1.097479	130.582143	0.008025	4.4
1281	0.000000	130.525442	0.000000	4.3
1282	-0.474959	130.468807	0.003148	4.6
1283	0.000000	130.412237	0.000000	5.8
1284	-1.014527	130.355733	0.014557	4.8
1285	-0.044823	130.299294	0.003042	5.1
1286	0.000000	130.242920	0.000000	4.6
1287	-0.000000	130.186611	0.000000	4.6
1288	-0.999805	130.130366	0.006318	4.4
1289	-1.060699	130.074187	0.009252	5.1
1290	-1.065375	130.018072	0.010911	4.3
1291	-0.917264	129.962022	0.008074	4.4
1292	0.000000	129.906036	0.000000	4.8
1293	-0.631008	129.850114	0.005670	4.6
1294	0.000000	129.794257	0.000000	4.4
1295	-0.993207	129.738463	0.011003	5.1
1296	0.000000	129.682734	0.000000	4.6
1297	-1.181454	129.627068	0.018772	4.5
1298	-0.333880	129.571466	0.002146	5.0
1299	-0.285037	129.515927	0.005628	5.1
1300	-0.000029	129.460452	0.000002	4.2
1301	-0.000000	129.405040	0.000000	4.6
1302	-0.752439	129.349692	0.012018	4.8
1303	-0.879412	129.294406	0.006365	4.5
1304	-0.157169	129.239183	0.004924	4.7
1305	-0.929190	129.184024	0.010541	5.0
1306	-0.628571	129.128927	0.008379	4.5
1307	-0.861562	129.073892	0.009720	5.0
1308	0.000000	129.018921	0.000000	4.3
1309	0.000000	128.964011	0.000000	5.0
1310	-0.002176	128.909164	0.000425	4.5
1311	-0.008569	128.854379	0.001139	4.4
1312	-0.342001	128.799656	0.003210	4.7
1313	-0.107889	128.744995	0.004113	4.7
1314	-0.885731	128.690396	0.011724	4.4
1315	-1.009736	128.635858	0.004152	5.0
1316	-0.921697	128.581382	0.006131	4.9
1317	-0.965642	128.526968	0.009589	4.4
1318	-0.000000	128.472615	0.000000	4.3
1319	-1.104830	128.418323	0.009605	4.7
1320	-1.044439	128.364092	0.007175	4.8
1321	-0.900732	128.309922	0.010332	4.5
1322	-0.711816	128.255814	0.005861	5.3
1323	-0.938828	128.201766	0.010074	4.4
1324	-1.060837	128.147778	0.023092	4.3
1325	-0.005122	128.093852	0.000406	4.8
1326	-0.601934	128.039985	0.004765	4.6
1327	-0.707289	127.986180	0.013700	4.3
1328	-1.080803	127.932434	0.008347	4.2
1329	-0.105340	127.878749	0.004733	4.6
1330	-0.000001	127.825123	0.000000	4.4
1331	0.000000	127.771558	0.000000	4.5
1332	0.000000	127.718052	0.000000	4.9
1333	-1.160442	127.664606	0.008257	4.4
1334	-0.141857	127.611220	0.003257	4.3
1335	-0.724146	127.557893	0.010061	5.4
1336	-0.000665	127.504625	0.000054	4.5
1337	-0.716385	127.451417	0.007122	4.3
1338	0.000000	127.398268	0.000000	5.0
1339	-0.923786	127.345178	0.008562	4.4
1340	-0.022159	127.292147	0.000935	4.2
1341	-0.570067	127.239175	0.006631	4.7
1342	-0.204670	127.186261	0.006654	4.7
1343	-1.022641	127.133407	0.005837	4.3
1344	-0.840586	127.080610	0.004772	4.7
1345	-1.068544	127.027872	0.007395	4.7
1346	-1.053879	126.975193	0.016012	4.6
1347	-0.622955	126.922572	0.007203	4.8
1348	-0.609012	126.870008	0.004747	4.3
1349	-0.012007	126.817503	0.000983	4.9
1350	-0.707341	126.765056	0.004473	4.9
1351	-0.534584	126.712667	0.007702	4.3
1352	-0.653236	126.660335	0.008697	4.7
1353	0.000000	126.608061	0.000000	4.6
1354	-0.014957	126.555844	0.000493	4.0
1355	-0.776788	126.503685	0.010008	4.5
1356	0.000000	126.451583	0.000000	4.7
1357	-0.691355	126.399538	0.005807	4.8
1358	-0.604458	126.347550	0.010244	4.4
1359	-0.230949	126.295619	0.005032	4.8
1360	-0.502414	126.243745	0.004916	5.0
1361	-0.031826	126.191928	0.000631	4.3
1362	-0.436030	126.140168	0.005861	4.8
1363	-0.674099	126.088464	0.005831	4.9
1364	0.000000	126.036817	0.000000	4.5
1365	0.000000	125.985226	0.000000	5.4
1366	-0.746488	125.933691	0.005650	4.7
1367	-0.136296	125.882212	0.001850	4.4
1368	-0.726355	125.830790	0.006115	4.9
1369	-0.776384	125.779423	0.009856	4.9
1370	-0.098571	125.728113	0.001409	4.4
1371	-0.307745	125.676858	0.006927	5.6
1372	-0.629540	125.625659	0.010802	5.1
1373	-0.994257	125.574515	0.006362	4.6
1374	-0.380595	125.523427	0.005726	5.0
1375	-0.610180	125.472394	0.006646	4.9
1376	-0.002033	125.421417	0.000511	4.7
1377	-0.005646	125.370495	0.000459	5.0
1378	-0.967976	125.319628	0.006402	4.3
1379	-1.155661	125.268815	0.021802	4.4
1380	-1.092112	125.218058	0.006722	4.6
1381	-0.585105	125.167356	0.005635	4.3
1382	-0.607178	125.116708	0.005378	5.0
1383	-0.545672	125.066115	0.005257	4.6
1384	-0.145165	125.015576	0.004583	4.4
1385	0.000000	124.965092	0.000000	5.0
1386	-1.005422	124.914662	0.006905	4.5
1387	-0.161311	124.864287	0.003589	4.3
1388	-0.732167	124.813965	0.009084	4.3
1389	-1.011135	124.763698	0.014410	4.4
1390	-0.777728	124.713485	0.009831	4.5
1391	-0.902612	124.663325	0.006531	4.6
1392	-0.676257	124.613219	0.005544	4.9
1393	-0.000000	124.563167	0.000000	5.6
1394	0.000000	124.513168	0.000000	4.2
1395	-1.093611	124.463223	0.006324	5.0
1396	-0.000000	124.413332	0.000000	5.1
1397	-0.741066	124.363493	0.007042	4.7
1398	-0.909901	124.313708	0.006660	4.8
1399	-0.817817	124.263976	0.005254	4.6
1400	-0.828303	124.214297	0.006717	4.8
1401	-0.378623	124.164671	0.004803	4.2
1402	0.000000	124.115097	0.000000	5.8
1403	-0.592668	124.065577	0.008090	5.6
1404	-0.847582	124.016109	0.004298	4.3
1405	-0.836085	123.966693	0.012336	5.1
1406	-0.988084	123.917330	0.008283	4.2
1407	-0.043759	123.868020	0.000717	4.5
1408	-0.000000	123.818762	0.000000	5.2
1409	-0.705319	123.769556	0.005418	4.9
1410	-0.823250	123.720402	0.004895	4.3
1411	-0.789483	123.671300	0.006140	5.1
1412	-0.691989	123.622250	0.005828	4.4
1413	-0.016039	123.573252	0.001509	4.3
1414	-0.757880	123.524305	0.006091	4.6
1415	-1.154584	123.475411	0.010095	4.9
1416	-0.949292	123.426568	0.016942	4.2
1417	0.000000	123.377776	0.000000	4.3
1418	-0.081748	123.329036	0.002349	5.3
1419	-0.102278	123.280347	0.002063	4.4
1420	-0.116504	123.231709	0.003556	4.3
1421	-0.511107	123.183122	0.003837	5.7
1422	-0.000000	123.134587	0.000000	4.7
1423	-0.731553	123.086102	0.007254	4.4
1424	-1.043001	123.037669	0.012408	4.9
1425	-0.976470	122.989286	0.012316	4.9
1426	0.000000	122.940954	0.000000	4.4
1427	-0.811612	122.892672	0.004605	4.7
1428	-0.537412	122.844441	0.007341	4.7
1429	-0.667807	122.796261	0.004742	4.5
1430	0.000000	122.748130	0.000000	4.8
1431	-0.367908	122.700050	0.002021	4.2
1432	-1.045960	122.652021	0.013716	4.6
1433	-0.587799	122.604041	0.005092	4.7
1434	-0.669323	122.556111	0.006452	4.4
1435	0.000000	122.508232	0.000000	4.9
1436	-0.376495	122.460402	0.007014	4.9
1437	-0.461597	122.412622	0.005586	4.4
1438	-0.898489	122.364891	0.011080	4.9
1439	-1.126585	122.317210	0.015140	4.6
1440	-0.000630	122.269579	0.000090	4.4
1441	-0.594347	122.221997	0.003051	4.2
1442	0.000000	122.174465	0.000000	5.1
1443	0.000000	122.126981	0.000000	4.3
1444	-0.834037	122.079547	0.009248	4.4
1445	-0.083648	122.032162	0.002844	5.1
1446	-0.602825	121.984826	0.003819	4.4
1447	-0.865595	121.937539	0.005930	4.2
1448	-0.811394	121.890301	0.011004	4.9
1449	-0.007024	121.843112	0.000793	4.8
1450	-1.034624	121.795971	0.016751	4.4
1451	-0.698590	121.748879	0.003774	4.6
1452	-0.623345	121.701835	0.006526	5.1
1453	-0.885303	121.654840	0.006583	5.0
1454	-0.009966	121.607893	0.000914	4.9
1455	-0.899399	121.560994	0.007234	4.9
1456	-0.911736	121.514144	0.009236	4.8
1457	-0.995435	121.467342	0.005964	4.4
1458	0.000000	121.420588	0.000000	4.8
1459	-0.565077	121.373882	0.006235	4.4
1460	-0.666745	121.327223	0.004088	4.3
1461	-1.058599	121.280613	0.006697	4.8
1462	-0.000004	121.234050	0.000003	4.6
1463	-0.000047	121.187535	0.000014	4.3
1464	-1.177696	121.141067	0.011900	4.8
1465	-0.769978	121.094647	0.007169	5.0
1466	-1.122941	121.048274	0.022680	4.5
1467	-0.598267	121.001949	0.007422	4.7
1468	-0.339551	120.955671	0.004974	4.9
1469	-0.913906	120.909440	0.010357	4.6
1470	-0.000000	120.863256	0.000000	4.6
1471	-0.000027	120.817119	0.000006	4.4
1472	0.000000	120.771029	0.000000	4.8
1473	-0.080352	120.724986	0.002637	4.8
1474	0.000000	120.678990	0.000000	4.3
1475	-1.091479	120.633040	0.010963	4.8
1476	-0.880528	120.587137	0.007564	5.0
1477	-0.481161	120.541281	0.004923	4.1
1478	-0.188102	120.495471	0.004462	4.3
1479	-0.000267	120.449707	0.000133	5.0
1480	-0.861144	120.403990	0.007489	4.7
1481	-0.325159	120.358319	0.004434	4.9
1482	-0.614226	120.312694	0.007440	5.6
1483	0.000000	120.267115	0.000000	4.9
1484	-0.099095	120.221582	0.001943	5.1
1485	-1.084142	120.176096	0.023028	6.5
1486	-0.604840	120.130655	0.006769	5.6
1487	-0.101968	120.085260	0.003631	5.5
1488	-0.189658	120.039910	0.004730	5.8
1489	-1.014158	119.994606	0.012207	5.1
1490	-0.082040	119.949348	0.001951	4.9
1491	-0.482738	119.904135	0.005610	4.5
1492	-0.334696	119.858968	0.002997	4.2
1493	-1.177035	119.813846	0.009314	4.6
1494	-0.609200	119.768769	0.002830	4.8
1495	-0.422547	119.723738	0.003267	4.3
1496	-1.003131	119.678752	0.005428	4.8
1497	-1.117607	119.633810	0.007807	4.9
1498	-1.072861	119.588914	0.012527	4.3
1499	-0.457284	119.544062	0.004816	4.7
1500	-1.062630	119.499256	0.007090	4.3
1501	-1.163542	119.454494	0.015057	5.0
1502	-0.000000	119.409777	0.000000	4.1
1503	-0.926875	119.365104	0.007259	4.5
1504	-0.925645	119.320476	0.014581	4.9
1505	-0.745577	119.275893	0.004529	4.3
1506	-0.638494	119.231353	0.007688	5.1
1507	-1.138275	119.186859	0.017287	4.5
1508	-0.914189	119.142408	0.008507	4.7
1509	-0.000000	119.098002	0.000000	5.0
1510	-0.965278	119.053639	0.010627	4.3
1511	-0.553597	119.009321	0.007883	4.9
1512	-0.500030	118.965047	0.005269	4.8
1513	-0.035329	118.920816	0.001470	3.9
1514	0.000000	118.876630	0.000000	4.9
1515	-0.756957	118.832487	0.009129	5.0
1516	-0.754593	118.788388	0.006638	4.4
1517	-1.028580	118.744332	0.016784	4.4
1518	0.000000	118.700320	0.000000	5.1
1519	-0.000000	118.656352	0.000000	4.4
1520	-1.127414	118.612427	0.006920	4.3
1521	-0.472885	118.568545	0.008242	5.3
1522	-1.046849	118.524706	0.005794	4.6
1523	-0.787786	118.480911	0.005111	4.4
1524	-0.005182	118.437159	0.000039	4.9
1525	-1.120244	118.393450	0.007651	4.5
1526	-0.798611	118.349784	0.004826	4.3
1527	-1.100072	118.306160	0.014286	4.4
1528	-0.366511	118.262580	0.007740	5.3
1529	-0.588423	118.219042	0.006897	4.6
1530	-0.838193	118.175548	0.007774	4.3
1531	-0.674541	118.132095	0.005177	4.9
1532	-0.203172	118.088686	0.003946	4.5
1533	-0.347908	118.045319	0.005714	4.6
1534	-0.213899	118.001994	0.002433	4.9
1535	0.000000	117.958712	0.000000	4.4
1536	-0.988900	117.915472	0.008256	4.1
1537	-0.357927	117.872274	0.003443	5.0
1538	-0.893691	117.829118	0.005719	4.5
1539	0.000000	117.786005	0.000000	4.2
1540	-0.043762	117.742933	0.003716	5.2
1541	-1.124019	117.699904	0.007845	5.1
1542	0.000000	117.656916	0.000000	4.7
1543	-1.056201	117.613971	0.010723	4.9
1544	0.000000	117.571067	0.000000	5.3
1545	-0.914786	117.528205	0.006762	5.0
1546	-0.857410	117.485384	0.007533	4.7
1547	-0.028643	117.442605	0.001658	5.2
1548	-1.031638	117.399867	0.011747	4.8
1549	-0.000003	117.357171	0.000002	4.9
1550	-0.103050	117.314517	0.004714	4.9
1551	-0.341839	117.271903	0.008066	5.5
1552	0.000000	117.229331	0.000000	4.9
1553	-0.940922	117.186800	0.008180	5.4
1554	-0.577230	117.144311	0.006254	4.9
1555	-1.104584	117.101862	0.009681	4.8
1556	-1.079958	117.059454	0.009146	4.2
1557	-0.820758	117.017087	0.006325	5.1
1558	-0.410536	116.974762	0.003724	4.3
1559	-0.561228	116.932476	0.007601	4.3
1560	-0.384722	116.890232	0.004073	5.3
1561	-0.243429	116.848028	0.004847	4.4
1562	-0.886343	116.805865	0.005367	4.2
1563	0.000000	116.763743	0.000000	5.4
1564	-1.181087	116.721661	0.010319	4.6
1565	-0.268978	116.679619	0.003093	4.4
1566	-0.501548	116.637618	0.005918	4.9
1567	-0.871801	116.595657	0.006669	4.9
1568	-1.156036	116.553736	0.006558	4.3
1569	0.000000	116.511855	0.000000	4.4
1570	-0.914385	116.470015	0.010837	5.4
1571	-0.778244	116.428214	0.005134	4.3
1572	-1.069480	116.386454	0.016107	4.5
1573	-1.044823	116.344733	0.008871	5.3
1574	-1.036561	116.303052	0.008791	5.1
1575	-0.098041	116.261412	0.003729	5.4
1576	-0.913203	116.219810	0.003829	4.7
1577	-0.883468	116.178249	0.007337	4.3
1578	-0.074419	116.136727	0.000566	4.8
1579	-0.623585	116.095245	0.011790	4.7
1580	-0.353697	116.053802	0.007468	4.7
1581	-1.028545	116.012398	0.005171	4.8
1582	-1.274330	115.971034	0.011002	4.3
1583	-0.955431	115.929710	0.005644	4.9
1584	-1.094026	115.888424	0.005652	4.6
1585	-0.953947	115.847178	0.008587	4.2
1586	0.000000	115.805970	0.000000	5.1
1587	0.000000	115.764802	0.000000	4.5
1588	-1.106267	115.723673	0.009115	4.7
1589	-0.026188	115.682583	0.001457	4.4
1590	-1.174481	115.641532	0.023148	4.6
1591	0.000000	115.600519	0.000000	4.5
1592	-0.744508	115.559546	0.006822	4.3
1593	-0.961073	115.518610	0.009118	5.0
1594	-1.147231	115.477714	0.008440	4.9
1595	-1.132956	115.436856	0.011651	4.3
1596	-0.993278	115.396037	0.008155	4.7
1597	-1.117066	115.355256	0.007239	4.7
1598	-1.198987	115.314514	0.011144	4.3
1599	-0.045664	115.273810	0.001599	4.3
1600	-0.876994	115.233144	0.014584	5.0
1601	-0.858412	115.192517	0.009120	4.3
1602	-0.053430	115.151927	0.002074	4.4
1603	-0.622896	115.111376	0.009356	5.3
1604	-0.000033	115.070863	0.000013	4.9
1605	-1.047886	115.030388	0.007092	4.3
1606	-0.416232	114.989951	0.005653	5.2
1607	-0.756658	114.949551	0.011180	4.6
1608	-0.960589	114.909190	0.006559	4.3
1609	-0.000000	114.868866	0.000000	4.5
1610	-0.781335	114.828580	0.009636	4.8
1611	-1.098009	114.788332	0.008659	4.4
1612	-1.061392	114.748121	0.015864	4.7
1613	-1.064956	114.707948	0.011866	4.8
1614	-0.545786	114.667812	0.012993	4.4
1615	-0.515004	114.627714	0.006256	4.6
1616	-0.803259	114.587653	0.013489	4.8
1617	-0.651706	114.547629	0.018708	4.4
1618	-0.898037	114.507643	0.009079	4.6
1619	-0.976577	114.467693	0.008741	5.4
1620	0.000000	114.427781	0.000000	4.8
1621	-0.134378	114.387907	0.003654	4.8
1622	-0.922732	114.348069	0.005566	5.0
1623	-0.767956	114.308268	0.004204	4.3
1624	-0.948435	114.268504	0.013729	4.8
1625	-0.593175	114.228777	0.006650	4.8
1626	-0.059195	114.189086	0.001331	4.3
1627	-0.800859	114.149433	0.012298	4.7
1628	-0.558285	114.109816	0.006014	4.3
1629	-0.507426	114.070235	0.004675	4.9
1630	-0.155632	114.030692	0.005384	4.6
1631	-0.647691	113.991185	0.006159	4.4
1632	-0.001771	113.951714	0.000155	4.8
1633	0.000000	113.912280	0.000000	4.6
1634	-1.036428	113.872882	0.008631	4.0
1635	-0.745216	113.833521	0.007531	4.2
1636	-0.331252	113.794195	0.006275	4.7
1637	-0.606858	113.754906	0.005537	7.1
1638	0.000000	113.715653	0.000000	4.2
1639	-1.021389	113.676437	0.005544	4.8
1640	0.000000	113.637256	0.000000	4.2
1641	-0.083631	113.598111	0.002363	4.0
1642	-0.000000	113.559002	0.000000	4.7
1643	-0.000000	113.519929	0.000000	4.9
1644	-1.003213	113.480892	0.007781	4.3
1645	-0.675258	113.441891	0.005862	4.1
1646	-0.631500	113.402925	0.016763	5.2
1647	-0.368728	113.363995	0.003516	4.3
1648	-0.897612	113.325101	0.008570	4.1
1649	-0.780957	113.286242	0.005710	5.1
1650	-0.085265	113.247419	0.002854	4.4
1651	-0.196944	113.208631	0.005345	4.3
1652	-0.845892	113.169879	0.005684	4.4
1653	-1.050286	113.131162	0.009059	5.2
1654	-0.927786	113.092480	0.007679	4.1
1655	-0.702728	113.053833	0.005853	4.3
1656	-0.046091	113.015222	0.000815	5.1
1657	0.000000	112.976646	0.000000	4.3
1658	-0.082967	112.938105	0.003286	4.2
1659	-1.082890	112.899599	0.014511	4.8
1660	-0.354644	112.861128	0.003722	4.7
1661	-0.596184	112.822692	0.012077	4.3
1662	0.000000	112.784291	0.000000	5.2
1663	-0.225664	112.745924	0.002838	4.9
1664	0.000000	112.707593	0.000000	4.4
1665	-1.148902	112.669296	0.012158	4.2
1666	-0.382052	112.631034	0.005772	5.3
1667	-1.017597	112.592806	0.004679	4.5
1668	-0.906027	112.554613	0.008754	5.0
1669	-0.000000	112.516455	0.000000	5.2
1670	-1.125794	112.478331	0.008729	4.6
1671	-0.671018	112.440241	0.010012	5.0
1672	-0.916052	112.402186	0.007799	4.5
1673	-0.000000	112.364165	0.000000	4.9
1674	-0.914488	112.326179	0.004196	4.6
1675	-0.898033	112.288227	0.012350	4.3
1676	-0.000000	112.250309	0.000000	4.8
1677	-0.635338	112.212425	0.009709	4.3
1678	-1.054987	112.174575	0.008448	4.8
1679	-0.978461	112.136759	0.010502	4.8
1680	-1.149068	112.098977	0.015247	4.6
1681	-0.016807	112.061229	0.001168	4.8
1682	-1.004370	112.023515	0.004172	4.3
1683	-0.074502	111.985834	0.001957	4.9
1684	-1.140990	111.948188	0.017000	4.8
1685	-1.223754	111.910575	0.015700	4.3
1686	-1.010004	111.872996	0.006095	5.0
1687	-0.588260	111.835450	0.010177	4.8
1688	-0.214754	111.797939	0.004897	4.5
1689	-0.025429	111.760460	0.000728	4.8
1690	-0.666601	111.723015	0.010181	4.9
1691	-0.559165	111.685604	0.007078	4.3
1692	0.000000	111.648226	0.000000	4.3
1693	-0.758258	111.610881	0.002933	5.0
1694	-1.073828	111.573570	0.006083	4.4
1695	-1.039156	111.536292	0.006477	4.3
1696	-0.641587	111.499047	0.003295	5.3
1697	-1.151434	111.461835	0.014585	4.7
1698	-0.615582	111.424656	0.003723	4.6
1699	-0.658873	111.387510	0.010020	5.4
1700	0.000000	111.350398	0.000000	4.6
1701	0.000000	111.313318	0.000000	4.3
1702	-0.297505	111.276271	0.006684	4.9
1703	-0.535795	111.239257	0.005943	5.4
1704	-0.961673	111.202276	0.004249	4.6
1705	-0.969008	111.165328	0.003414	4.6
1706	-0.956629	111.128412	0.005785	4.9
1707	-0.000007	111.091529	0.000003	4.5
1708	-0.757098	111.054679	0.005800	4.6
1709	-0.682023	111.017861	0.007979	4.9
1710	-0.683320	110.981076	0.005933	4.7
1711	0.000000	110.944323	0.000000	4.6
1712	-0.815893	110.907603	0.019015	4.3
1713	-0.000000	110.870915	0.000000	4.7
1714	-0.985374	110.834259	0.006551	4.5
1715	-0.911942	110.797636	0.012114	4.7
1716	-0.496904	110.761045	0.008690	4.9
1717	-1.000656	110.724486	0.020191	4.4
1718	-0.823693	110.687959	0.009272	4.8
1719	-0.049448	110.651465	0.001339	4.6
1720	0.000000	110.615002	0.000000	4.6
1721	-0.552554	110.578572	0.008533	4.7
1722	-0.628545	110.542173	0.011344	4.4
1723	-0.650493	110.505807	0.009994	4.8
1724	-0.000000	110.469472	0.000000	4.9
1725	-0.329168	110.433169	0.005214	4.6
1726	-0.879078	110.396898	0.008047	5.0
1727	-0.017821	110.360659	0.000912	4.9
1728	-0.687590	110.324451	0.018994	4.3
1729	-1.036018	110.288276	0.022626	4.3
1730	-0.802221	110.252131	0.004026	5.2
1731	-0.362258	110.216019	0.002713	4.2
1732	-0.673600	110.179937	0.003931	4.5
1733	-1.076090	110.143888	0.005143	5.1
1734	-0.021834	110.107869	0.000401	4.4
1735	-1.118978	110.071882	0.007555	4.0
1736	-0.043862	110.035927	0.002144	5.3
1737	-0.969050	110.000003	0.008619	4.3
1738	-0.918546	109.964110	0.007885	4.1
1739	-0.468867	109.928248	0.010154	5.6
1740	0.000000	109.892417	0.000000	4.4
1741	-0.000000	109.856618	0.000000	4.1
1742	-0.984612	109.820850	0.012287	4.7
1743	-0.579199	109.785112	0.005820	4.4
1744	-0.022137	109.749406	0.000754	4.3
1745	-0.520129	109.713730	0.005245	4.5
1746	-0.003098	109.678086	0.000169	4.8
1747	-0.656834	109.642472	0.009442	4.2
1748	-0.134849	109.606890	0.001273	4.7
1749	-1.022857	109.571337	0.005840	4.5
1750	-0.626072	109.535816	0.007037	4.6
1751	-0.000000	109.500326	0.000000	4.3
1752	-0.582744	109.464866	0.009756	4.2
1753	-0.029555	109.429436	0.000868	4.6
1754	-0.982571	109.394038	0.008197	4.3
1755	-0.915801	109.358669	0.003742	5.3
1756	-0.190209	109.323331	0.005240	4.9
1757	-1.022808	109.288024	0.007056	4.4
1758	0.000000	109.252747	0.000000	4.6
1759	-0.300384	109.217501	0.005079	3.8
1760	-0.785890	109.182284	0.010335	4.8
1761	0.000000	109.147098	0.000000	4.7
1762	-0.308780	109.111942	0.003595	4.3
1763	-0.764803	109.076817	0.005703	4.5
1764	-0.776127	109.041721	0.005871	4.7
1765	-0.000000	109.006656	0.000000	4.8
1766	-1.025551	108.971620	0.012307	4.9
1767	-0.547148	108.936615	0.005504	5.2
1768	-0.765410	108.901640	0.005769	4.2
1769	-0.636791	108.866694	0.004837	4.5
1770	-0.996378	108.831779	0.006585	6.2
1771	-0.455460	108.796893	0.006924	4.6
1772	-0.618037	108.762037	0.010443	4.3
1773	-0.251247	108.727211	0.004171	5.3
1774	-0.235071	108.692415	0.004943	5.0
1775	-0.897537	108.657648	0.010594	4.9
1776	0.000000	108.622911	0.000000	5.5
1777	-0.708700	108.588203	0.006762	4.4
1778	-0.740022	108.553525	0.005331	4.2
1779	-1.246129	108.518877	0.025297	5.1
1780	0.000000	108.484258	0.000000	4.2
1781	-1.018649	108.449668	0.009360	4.3
1782	-0.540585	108.415108	0.014400	6.0
1783	-0.682870	108.380578	0.011534	4.6
1784	-0.127828	108.346076	0.001449	4.2
1785	-0.971619	108.311604	0.003861	4.9
1786	-0.521368	108.277161	0.004094	4.7
1787	-0.995187	108.242747	0.013778	4.4
1788	-0.000313	108.208363	0.000054	5.2
1789	-0.248761	108.174007	0.004466	5.1
1790	-0.590221	108.139681	0.007499	4.6
1791	-0.219901	108.105383	0.002462	5.5
1792	-1.078995	108.071115	0.008169	5.0
1793	-0.922028	108.036875	0.038199	5.4
1794	-0.941594	108.002665	0.005080	4.8
1795	-1.150883	107.968483	0.020693	5.2
1796	-0.971795	107.934330	0.009335	4.4
1797	-0.743956	107.900206	0.030965	5.0
1798	-1.135190	107.866111	0.006177	5.0
1799	-0.666201	107.832044	0.008242	4.8
1800	-0.629010	107.798007	0.006490	4.7
1801	-0.718121	107.763997	0.004490	4.4
1802	-0.965337	107.730017	0.008165	4.7
1803	-0.363596	107.696065	0.004468	5.3
1804	-0.960382	107.662141	0.010522	4.6
1805	0.000000	107.628246	0.000000	4.9
1806	-0.743502	107.594379	0.020555	4.7
1807	-1.004117	107.560541	0.006552	4.5
1808	0.000000	107.526731	0.000000	4.9
1809	0.000000	107.492949	0.000000	4.8
1810	-0.948159	107.459196	0.009586	4.2
1811	0.000000	107.425471	0.000000	4.4
1812	-0.817823	107.391774	0.006724	5.2
1813	-0.824821	107.358106	0.015901	4.4
1814	-0.973302	107.324465	0.004542	4.4
1815	-0.758112	107.290853	0.009827	5.2
1816	-1.117094	107.257268	0.020118	4.6
1817	0.000000	107.223712	0.000000	4.5
1818	-0.786608	107.190184	0.004871	5.1
1819	-0.598783	107.156683	0.005145	4.3
1820	-0.000000	107.123211	0.000000	4.3
1821	-0.203022	107.089766	0.003696	4.3
1822	0.000000	107.056349	0.000000	4.8
1823	-0.788872	107.022960	0.009855	4.5
1824	-0.220917	106.989599	0.005243	4.4
1825	-0.035389	106.956265	0.000953	4.8
1826	-1.046476	106.922960	0.008445	4.3
1827	0.000000	106.889681	0.000000	4.4
1828	-0.000000	106.856431	0.000000	5.0
1829	-0.866615	106.823208	0.006220	4.6
1830	-0.554458	106.790012	0.006647	4.6
1831	-0.063286	106.756844	0.002363	4.5
1832	-1.148301	106.723703	0.009625	4.7
1833	0.000000	106.690590	0.000000	4.3
1834	-1.159859	106.657505	0.012520	4.7
1835	-0.183677	106.624446	0.003332	4.8
1836	-0.836031	106.591415	0.014200	4.4
1837	-0.000000	106.558411	0.000000	4.8
1838	-0.912912	106.525435	0.015559	4.6
1839	-0.695035	106.492485	0.006127	4.7
1840	-0.210556	106.459563	0.004678	4.6
1841	-0.101062	106.426668	0.002019	4.3
1842	-1.060344	106.393800	0.011155	4.8
1843	-0.579766	106.360959	0.006525	4.9
1844	-0.835897	106.328145	0.007127	4.5
1845	-0.612581	106.295358	0.006092	5.3
1846	-0.989691	106.262598	0.007153	4.8
1847	-0.734526	106.229865	0.006197	4.5
1848	-0.644740	106.197158	0.007521	4.5
1849	0.000000	106.164479	0.000000	5.0
1850	0.000000	106.131826	0.000000	4.3
1851	-0.868169	106.099201	0.005248	4.3
1852	-0.420289	106.066602	0.002024	5.1
1853	-0.564169	106.034029	0.005457	4.3
1854	-0.415420	106.001483	0.008110	4.3
1855	-1.027848	105.968964	0.010626	5.3
1856	-0.381536	105.936472	0.004912	4.5
1857	-1.136142	105.904006	0.015047	4.4
1858	-1.037049	105.871566	0.007532	4.4
1859	-0.470965	105.839153	0.005888	4.6
1860	-0.179926	105.806767	0.004812	4.3
1861	0.000000	105.774407	0.000000	4.5
1862	-0.852304	105.742073	0.008267	4.9
1863	-0.502381	105.709766	0.004291	4.7
1864	-0.536576	105.677485	0.011394	4.2
1865	-0.708534	105.645230	0.003618	5.2
1866	0.000000	105.613001	0.000000	4.4
1867	0.000000	105.580799	0.000000	4.1
1868	-1.126108	105.548623	0.007113	5.5
1869	-0.008272	105.516473	0.000670	4.7
1870	0.000000	105.484349	0.000000	4.3
1871	0.000000	105.452251	0.000000	4.8
1872	0.000000	105.420179	0.000000	4.9
1873	-1.126280	105.388133	0.011317	4.3
1874	-0.136563	105.356113	0.001987	4.4
1875	-0.972535	105.324119	0.015076	5.0
1876	0.000000	105.292151	0.000000	4.5
1877	-1.176389	105.260209	0.009278	4.8
1878	0.000000	105.228293	0.000000	4.4
1879	-0.539496	105.196402	0.005122	4.6
1880	-0.000094	105.164537	0.000040	4.7
1881	-0.932509	105.132698	0.007122	4.4
1882	-0.765971	105.100885	0.005590	4.9
1883	-0.943598	105.069097	0.007112	4.7
1884	0.000000	105.037335	0.000000	4.4
1885	-0.786869	105.005598	0.010650	4.9
1886	0.000000	104.973887	0.000000	4.7
1887	-0.840374	104.942202	0.007664	4.3
1888	-0.589849	104.910542	0.003805	4.3
1889	-0.186866	104.878907	0.001352	5.0
1890	-0.833270	104.847298	0.005901	4.3
1891	-0.779566	104.815715	0.006692	4.2
1892	-0.003858	104.784156	0.000427	4.9
1893	-0.001132	104.752623	0.000104	5.0
1894	-0.555421	104.721116	0.007024	4.3
1895	-0.871508	104.689633	0.005914	4.6
1896	-0.336431	104.658176	0.004369	5.0
1897	0.000000	104.626744	0.000000	3.9
1898	0.000000	104.595337	0.000000	4.3
1899	-1.114032	104.563955	0.010365	5.2
1900	-0.129199	104.532599	0.003746	4.4
1901	-0.872611	104.501267	0.006526	4.3
1902	-0.031230	104.469960	0.001074	5.4
1903	-0.393866	104.438679	0.005349	4.6
1904	-1.116419	104.407422	0.009462	4.2
1905	-0.155516	104.376191	0.003950	4.0
1906	0.000000	104.344984	0.000000	4.8
1907	-0.783408	104.313802	0.005386	4.2
1908	-0.668807	104.282645	0.008631	4.3
1909	-0.002976	104.251513	0.000237	5.1
1910	-0.858290	104.220405	0.008112	4.3
1911	-1.011585	104.189323	0.007625	4.0
1912	-0.497559	104.158265	0.004720	4.5
1913	0.000000	104.127231	0.000000	4.7
1914	-0.000000	104.096222	0.000000	4.3
1915	0.000000	104.065238	0.000000	4.6
1916	-0.060318	104.034279	0.001408	4.6
1917	-1.094306	104.003344	0.006971	4.6
1918	-1.164022	103.972433	0.009278	4.3
1919	-0.449814	103.941547	0.002988	4.4
1920	-0.132615	103.910686	0.002657	4.7
1921	-1.087561	103.879849	0.011787	4.4
1922	0.000000	103.849036	0.000000	5.1
1923	-0.758616	103.818248	0.008892	5.2
1924	-0.610016	103.787484	0.010394	4.7
1925	-0.992669	103.756744	0.007851	4.3
1926	-0.318510	103.726029	0.004540	4.9
1927	-0.767581	103.695338	0.007191	4.7
1928	0.000000	103.664671	0.000000	4.6
1929	-0.579982	103.634028	0.006911	4.5
1930	-0.881013	103.603409	0.006876	4.9
1931	-0.866802	103.572814	0.006327	4.2
1932	0.000000	103.542244	0.000000	4.3
1933	0.000000	103.511698	0.000000	5.0
1934	-1.108628	103.481175	0.010191	4.5
1935	-0.991098	103.450677	0.012513	4.2
1936	-0.590716	103.420202	0.008120	4.9
1937	-0.672409	103.389752	0.009591	5.3
1938	-0.800508	103.359325	0.016388	4.4
1939	-0.333991	103.328922	0.005273	4.5
1940	-0.036632	103.298543	0.002191	5.0
1941	-0.747912	103.268188	0.006650	4.3
1942	0.000000	103.237857	0.000000	4.4
1943	-1.070170	103.207549	0.012355	5.2
1944	-0.859212	103.177265	0.004939	4.5
1945	0.000000	103.147005	0.000000	4.4
1946	0.000000	103.116768	0.000000	5.3
1947	-0.987289	103.086556	0.007055	4.6
1948	-1.103789	103.056366	0.005025	4.3
1949	-0.984846	103.026200	0.007142	4.5
1950	-0.087689	102.996058	0.001620	4.9
1951	-0.000000	102.965939	0.000000	4.3
1952	0.000000	102.935844	0.000000	4.5
1953	-0.513066	102.905772	0.007004	4.8
1954	-0.149064	102.875724	0.002730	4.4
1955	-0.755417	102.845699	0.005961	4.7
1956	-0.378236	102.815697	0.004652	4.9
1957	-1.089689	102.785719	0.007818	4.4
1958	-0.620616	102.755764	0.003889	4.7
1959	-0.581887	102.725832	0.003984	5.2
1960	-0.941346	102.695924	0.006232	5.2
1961	-0.451847	102.666038	0.006711	4.7
1962	-0.026892	102.636176	0.000739	5.0
1963	-0.677352	102.606337	0.005164	5.7
1964	-1.063721	102.576521	0.010842	5.2
1965	-1.169325	102.546728	0.008071	5.4
1966	-1.019227	102.516959	0.010666	4.7
1967	-0.885930	102.487212	0.006920	5.0
1968	-0.321460	102.457488	0.001854	4.9
1969	-0.816866	102.427788	0.013442	5.3
1970	-0.000000	102.398110	0.000000	5.0
1971	0.000000	102.368455	0.000000	4.5
1972	-0.816700	102.338823	0.006113	5.3
1973	-0.044619	102.309214	0.001977	5.6
1974	-0.665946	102.279628	0.011259	5.0
1975	-0.000000	102.250064	0.000000	5.6
1976	-0.052789	102.220524	0.001117	5.1
1977	0.000000	102.191006	0.000000	4.8
1978	-0.232502	102.161511	0.004205	5.1
1979	-1.174275	102.132038	0.011151	4.3
1980	-1.101803	102.102588	0.011148	4.3
1981	-0.945716	102.073161	0.006140	4.5
1982	-1.055536	102.043757	0.009712	4.8
1983	-0.000000	102.014375	0.000000	4.4
1984	-0.941783	101.985015	0.005393	4.2
1985	-0.047441	101.955678	0.001407	5.3
1986	-0.441995	101.926364	0.005922	4.4
1987	-1.006949	101.897072	0.006251	4.4
1988	-0.943069	101.867802	0.005172	5.3
1989	-0.000107	101.838555	0.000007	4.7
1990	0.000000	101.809330	0.000000	4.4
1991	0.000000	101.780128	0.000000	6.8
1992	0.000000	101.750948	0.000000	4.6
1993	-0.000000	101.721790	0.000000	4.3
1994	-0.493317	101.692654	0.004530	4.9
1995	-0.528260	101.663541	0.007291	4.5
1996	-0.976752	101.634450	0.006714	4.2
1997	-0.000389	101.605381	0.000097	4.6
1998	-0.625126	101.576335	0.007067	5.0
1999	-0.052506	101.547310	0.002106	4.4
