1:ItNr	2:Metric	3:StepSize	4:||Gradient||	Time[ms]
0	-0.089332	627.201626	0.004764	681.7
1	-0.775110	623.504937	0.020964	3.4
2	-0.000000	619.865785	0.000000	3.3
3	-0.821107	616.282728	0.017440	3.8
4	-0.000000	612.754375	0.000000	4.3
5	-0.017135	609.279381	0.001939	3.4
6	-0.976077	605.856447	0.012949	3.3
7	-0.877528	602.484317	0.010093	3.6
8	-0.283631	599.161779	0.001636	4.1
9	-0.000000	595.887656	0.000000	3.3
10	-0.706322	592.660813	0.014366	3.5
11	-0.005129	589.480151	0.001270	3.5
12	-0.895681	586.344606	0.020280	4.1
13	-0.733606	583.253145	0.012384	3.7
14	-0.625931	580.204771	0.004709	3.5
15	-0.000000	577.198517	0.000000	3.6
16	-0.818486	574.233444	0.016759	4.2
17	-0.800984	571.308645	0.010530	3.4
18	-0.000033	568.423237	0.000004	3.1
19	-0.719562	565.576365	0.026347	3.2
20	-0.052984	562.767201	0.001307	3.7
21	-0.003760	559.994938	0.000298	3.7
22	-1.106486	557.258797	0.012962	3.1
23	-1.128639	554.558018	0.012751	3.2
24	-0.756101	551.891865	0.009547	3.5
25	-0.798364	549.259621	0.029437	3.5
26	-0.517239	546.660592	0.011559	3.3
27	-0.719195	544.094102	0.017817	3.3
28	-0.040968	541.559494	0.001188	3.4
29	-0.001324	539.056129	0.000174	3.4
30	-1.113046	536.583387	0.024056	3.9
31	-0.667649	534.140663	0.024653	3.6
32	-0.283660	531.727370	0.002260	4.0
33	-1.122177	529.342935	0.016602	3.6
34	-1.281756	526.986802	0.018561	4.1
35	-1.090625	524.658430	0.021037	3.6
36	-0.606483	522.357290	0.019334	3.9
37	-0.787052	520.082868	0.029500	3.7
38	-0.968659	517.834665	0.020708	3.9
39	-0.000000	515.612193	0.000000	3.7
40	-0.956049	513.414976	0.013026	4.0
41	-0.857671	511.242551	0.006945	3.7
42	-1.115769	509.094468	0.019175	3.9
43	-0.929551	506.970285	0.034729	3.8
44	-0.127236	504.869574	0.000945	4.8
45	-0.970383	502.791916	0.016886	3.8
46	-0.086376	500.736903	0.001079	3.9
47	-0.908115	498.704137	0.011810	4.3
48	-0.549675	496.693228	0.011834	3.5
49	-0.706304	494.703798	0.005794	3.5
50	-0.000000	492.735476	0.000000	3.9
51	-0.873874	490.787900	0.010331	4.0
52	-0.707939	488.860718	0.015323	3.8
53	-1.204359	486.953585	0.040090	3.6
54	-0.495554	485.066164	0.009673	3.9
55	-0.770055	483.198126	0.015876	4.1
56	-0.617971	481.349149	0.025103	3.7
57	-0.641313	479.518920	0.013557	3.7
58	-0.356313	477.707132	0.004522	4.1
59	-0.915139	475.913485	0.008171	3.7
60	-0.000549	474.137684	0.000016	3.5
61	-1.171829	472.379445	0.015385	3.8
62	-0.000000	470.638485	0.000000	4.3
63	-0.905142	468.914531	0.023383	3.8
64	-1.153370	467.207315	0.020743	4.0
65	-0.862413	465.516573	0.015170	3.6
66	-0.000000	463.842050	0.000000	4.1
67	-0.588080	462.183494	0.007141	4.1
68	-1.056345	460.540658	0.029727	3.8
69	-0.000299	458.913303	0.000005	3.8
70	-1.113194	457.301192	0.025504	4.5
71	-0.586647	455.704096	0.031928	4.2
72	-0.799711	454.121787	0.012853	3.8
73	-0.000644	452.554045	0.000115	4.2
74	-0.000000	451.000653	0.000000	4.2
75	-1.000219	449.461399	0.006603	3.9
76	-0.000000	447.936075	0.000000	3.7
77	-0.417843	446.424477	0.007949	4.1
78	-0.000000	444.926406	0.000000	4.2
79	-0.295638	443.441666	0.004396	3.8
80	-1.019155	441.970065	0.018864	3.7
81	-0.339203	440.511415	0.004465	4.2
82	-0.808890	439.065533	0.009952	4.4
83	-0.000000	437.632238	0.000000	4.0
84	-0.791530	436.211351	0.005703	4.2
85	-0.305523	434.802701	0.004816	4.8
86	-0.330928	433.406117	0.005584	4.4
87	-0.595313	432.021430	0.015496	4.9
88	-0.660166	430.648479	0.009342	3.9
89	-0.000000	429.287101	0.000000	4.4
90	-0.828576	427.937140	0.011776	4.0
91	-1.092192	426.598440	0.009815	4.2
92	-0.906254	425.270849	0.011838	4.0
93	-1.097297	423.954220	0.014907	4.4
94	-0.757064	422.648404	0.014094	4.4
95	-0.853933	421.353259	0.010283	4.0
96	-0.570889	420.068643	0.007107	4.0
97	-0.674375	418.794419	0.007613	4.1
98	-0.099944	417.530451	0.001340	4.5
99	-0.000000	416.276604	0.000000	4.0
100	-1.054817	415.032748	0.027522	4.3
101	-0.994534	413.798754	0.007121	4.6
102	-0.597567	412.574495	0.007538	3.9
103	-1.161394	411.359849	0.008871	4.1
104	-0.926948	410.154691	0.010902	4.6
105	-1.152252	408.958904	0.011352	4.0
106	-0.667815	407.772368	0.014790	4.0
107	-0.968107	406.594968	0.052561	4.1
108	-0.180005	405.426590	0.009764	4.4
109	-1.029354	404.267122	0.016498	4.1
110	-0.000000	403.116456	0.000000	3.9
111	-0.000000	401.974481	0.000000	4.5
112	-0.465409	400.841093	0.003586	4.2
113	-0.731429	399.716187	0.010824	4.1
114	-1.075175	398.599660	0.029111	4.1
115	-0.665187	397.491411	0.006081	4.4
116	-0.373770	396.391342	0.006930	4.1
117	-0.000000	395.299353	0.000000	4.0
118	-0.973462	394.215350	0.012356	4.6
119	-1.129531	393.139238	0.010775	4.2
120	-0.525543	392.070924	0.016204	4.1
121	-0.000000	391.010316	0.000000	4.3
122	-0.552143	389.957325	0.011856	4.6
123	-0.000000	388.911862	0.000000	4.1
124	-1.191944	387.873839	0.032485	4.1
125	-0.761232	386.843173	0.014030	4.3
126	-0.494052	385.819777	0.010164	4.4
127	-0.735493	384.803569	0.010863	4.2
128	-0.811574	383.794468	0.003604	4.4
129	-1.011847	382.792393	0.030850	4.5
130	-0.097582	381.797264	0.006601	4.2
131	-0.933979	380.809005	0.009318	4.1
132	-0.000000	379.827537	0.000000	4.4
133	-1.000550	378.852786	0.023587	4.6
134	-0.807379	377.884678	0.010097	4.1
135	-0.230452	376.923138	0.004052	4.5
136	-0.480417	375.968095	0.012629	4.6
137	-0.070620	375.019479	0.001646	4.2
138	-0.530644	374.077218	0.005958	4.1
139	-0.830761	373.141244	0.008444	4.4
140	-0.000000	372.211489	0.000000	4.5
141	-0.019151	371.287887	0.001356	4.3
142	-0.201885	370.370370	0.003136	4.4
143	-1.156526	369.458876	0.017197	4.1
144	-0.113810	368.553338	0.001638	4.5
145	-0.604576	367.653696	0.015417	4.5
146	-0.067581	366.759885	0.000933	4.2
147	-0.627536	365.871846	0.014163	4.4
148	-1.089264	364.989518	0.009022	3.9
149	-0.600813	364.112841	0.015136	4.4
150	-0.880357	363.241757	0.017682	4.0
151	-0.977050	362.376208	0.006617	4.6
152	-0.001403	361.516137	0.000311	4.5
153	-0.816488	360.661488	0.008069	4.2
154	-0.987166	359.812206	0.015399	4.1
155	-0.071238	358.968236	0.001139	4.8
156	-0.717520	358.129524	0.010382	4.1
157	-0.646725	357.296018	0.019297	4.3
158	-0.225079	356.467665	0.005838	4.8
159	-0.143371	355.644414	0.004298	4.2
160	-0.158751	354.826213	0.002314	4.1
161	-1.106573	354.013012	0.015168	4.1
162	-0.000302	353.204763	0.000037	5.0
163	-0.000000	352.401415	0.000000	4.6
164	-1.246384	351.602922	0.026959	4.2
165	-1.069427	350.809235	0.008098	5.5
166	-0.204029	350.020308	0.002727	4.1
167	-0.903989	349.236095	0.023650	4.1
168	-0.020855	348.456550	0.000818	4.6
169	-0.982227	347.681627	0.013381	4.1
170	-0.000000	346.911283	0.000000	4.1
171	-1.021857	346.145474	0.019042	4.3
172	-0.860765	345.384157	0.006666	4.2
173	-0.403265	344.627288	0.004561	4.3
174	-1.020602	343.874826	0.014643	4.3
175	-1.038464	343.126729	0.019250	4.8
176	-0.968543	342.382957	0.009961	5.0
177	-1.139310	341.643469	0.033282	4.6
178	-0.564157	340.908224	0.012204	4.2
179	-0.656408	340.177184	0.004421	4.6
180	-0.187353	339.450309	0.004183	4.0
181	-0.293649	338.727561	0.002234	4.9
182	-1.124368	338.008902	0.048146	4.2
183	-0.698207	337.294295	0.005391	4.4
184	-0.996643	336.583703	0.014795	4.4
185	-1.018561	335.877089	0.030322	4.1
186	-1.020529	335.174416	0.004301	4.4
187	-0.077248	334.475651	0.001343	4.2
188	-0.366444	333.780756	0.014028	4.4
189	-0.435972	333.089698	0.034038	4.3
190	-1.098662	332.402443	0.005288	4.6
191	-0.000000	331.718955	0.000000	4.6
192	-0.875281	331.039203	0.024242	4.2
193	-0.000000	330.363153	0.000000	4.4
194	-0.268023	329.690771	0.001906	4.5
195	-0.675671	329.022027	0.014356	4.0
196	-0.774498	328.356888	0.013527	4.1
197	-0.001567	327.695322	0.000222	5.0
198	-0.280921	327.037299	0.001864	4.0
199	-0.952719	326.382787	0.012238	4.1
200	-0.608865	325.731758	0.008431	4.1
201	-0.049588	325.084179	0.001238	5.4
202	-0.079277	324.440023	0.002368	4.0
203	-0.000000	323.799258	0.000000	4.3
204	-1.074318	323.161858	0.019482	4.5
205	-0.071464	322.527792	0.001188	4.3
206	-0.547366	321.897034	0.003587	4.0
207	-0.000104	321.269554	0.000015	4.7
208	-1.194782	320.645325	0.025904	4.3
209	-0.634130	320.024320	0.011347	4.1
210	-1.229545	319.406512	0.023561	4.3
211	-1.186707	318.791875	0.016241	4.4
212	-1.195035	318.180381	0.022268	4.2
213	-1.075761	317.572005	0.007426	4.9
214	-0.000000	316.966721	0.000000	4.6
215	-0.078908	316.364504	0.001220	4.0
216	-0.000000	315.765329	0.000000	4.2
217	-0.221564	315.169170	0.002964	4.2
218	-0.013480	314.576003	0.000584	4.2
219	-0.000415	313.985804	0.000059	4.2
220	-1.300907	313.398548	0.038031	4.4
221	-0.719695	312.814213	0.009951	4.0
222	-0.445719	312.232773	0.005228	4.5
223	-1.169777	311.654207	0.039659	4.7
224	-0.173067	311.078491	0.008223	4.0
225	-0.000000	310.505602	0.000000	4.5
226	-0.978839	309.935518	0.014235	3.8
227	-0.000000	309.368217	0.000000	4.1
228	-1.082707	308.803676	0.021576	4.1
229	-0.517455	308.241874	0.011663	4.6
230	-0.105289	307.682789	0.004759	4.4
231	-0.001321	307.126400	0.000029	4.1
232	-0.059004	306.572687	0.002881	4.2
233	-0.911613	306.021627	0.032906	4.9
234	-0.293483	305.473201	0.004409	4.1
235	-0.922287	304.927388	0.007927	4.2
236	-0.900925	304.384168	0.013408	4.5
237	-0.184117	303.843521	0.005421	4.2
238	-0.614927	303.305427	0.007994	4.3
239	-0.413484	302.769867	0.004789	5.3
240	-0.020061	302.236821	0.000895	5.1
241	-1.045965	301.706270	0.013833	4.7
242	-0.907518	301.178196	0.012077	5.4
243	-0.665539	300.652580	0.006491	5.3
244	-0.402449	300.129402	0.005585	4.6
245	-0.812934	299.608645	0.010180	4.9
246	-0.976845	299.090291	0.013858	4.7
247	-1.125287	298.574321	0.012496	4.8
248	-0.000000	298.060718	0.000000	5.2
249	-0.000000	297.549465	0.000000	4.8
250	-0.062793	297.040543	0.002102	4.6
251	-0.642006	296.533936	0.017289	4.8
252	-0.248321	296.029626	0.005968	4.9
253	-0.904606	295.527597	0.003796	4.1
254	-0.000000	295.027832	0.000000	4.5
255	-0.575810	294.530315	0.010092	5.4
256	-0.816651	294.035028	0.009627	4.2
257	-0.776986	293.541956	0.008794	4.2
258	-1.144586	293.051083	0.013894	5.2
259	-1.134065	292.562393	0.010197	4.5
260	-0.000000	292.075870	0.000000	4.2
261	-0.970297	291.591498	0.022226	4.3
262	-0.803763	291.109263	0.007002	4.4
263	-0.090918	290.629149	0.002561	4.2
264	-0.064621	290.151140	0.002296	4.4
265	-0.739908	289.675222	0.031081	5.0
266	-0.864586	289.201380	0.010914	4.3
267	-0.619266	288.729600	0.009213	4.8
268	-0.080906	288.259866	0.003042	4.3
269	-1.142415	287.792165	0.008374	4.6
270	-0.694777	287.326481	0.015359	4.1
271	-0.700935	286.862802	0.013451	4.1
272	-0.334059	286.401113	0.003233	4.1
273	-0.774509	285.941400	0.012171	4.2
274	-0.817437	285.483649	0.010821	4.4
275	-0.002359	285.027847	0.000179	4.0
276	-1.058503	284.573981	0.019135	4.5
277	-0.777249	284.122037	0.008096	4.5
278	-0.643370	283.672002	0.019555	4.1
279	-0.000000	283.223863	0.000000	4.2
280	-1.023156	282.777607	0.040483	4.7
281	-0.000000	282.333221	0.000000	4.2
282	-0.253536	281.890692	0.004101	4.3
283	-0.000000	281.450008	0.000000	4.3
284	-0.630101	281.011157	0.015739	5.0
285	-0.459115	280.574125	0.007516	4.0
286	-0.954955	280.138901	0.015851	4.1
287	-0.758794	279.705473	0.019072	4.6
288	-1.162470	279.273829	0.008951	4.1
289	-0.635667	278.843956	0.009195	4.1
290	-0.250869	278.415844	0.003318	4.1
291	0.000000	277.989479	0.000000	4.8
292	-0.965207	277.564851	0.011899	4.2
293	-0.973452	277.141949	0.013838	4.2
294	-0.968850	276.720761	0.011861	5.0
295	-1.176758	276.301275	0.018836	4.2
296	-0.000000	275.883480	0.000000	4.1
297	-0.531960	275.467366	0.013979	4.4
298	-1.007222	275.052922	0.018733	4.5
299	-1.017061	274.640136	0.010056	4.1
300	-0.146499	274.228998	0.000796	4.1
301	-1.060673	273.819497	0.023626	4.1
302	-0.726913	273.411623	0.014031	4.4
303	-0.000001	273.005365	0.000000	4.2
304	-0.372216	272.600712	0.011940	4.2
305	-0.000000	272.197655	0.000000	4.6
306	-0.000000	271.796184	0.000000	4.3
307	-0.000548	271.396287	0.000040	5.1
308	-0.003571	270.997956	0.000300	3.8
309	-0.000000	270.601180	0.000000	4.5
310	-0.000000	270.205949	0.000000	4.5
311	-0.606015	269.812254	0.014194	4.2
312	-0.633651	269.420085	0.008315	4.5
313	-0.726818	269.029432	0.014862	4.4
314	-0.000000	268.640287	0.000000	4.0
315	-0.816566	268.252638	0.015267	4.1
316	-0.311486	267.866478	0.005828	4.6
317	-0.152178	267.481796	0.004850	4.9
318	-0.953985	267.098584	0.009283	4.5
319	-0.985217	266.716833	0.011503	4.4
320	-0.393545	266.336533	0.006131	4.6
321	-0.000000	265.957676	0.000000	4.3
322	-0.929284	265.580253	0.012685	4.0
323	-0.266273	265.204254	0.002502	4.8
324	-0.951771	264.829672	0.012427	4.0
325	-0.602852	264.456497	0.007074	4.2
326	-1.154454	264.084721	0.013022	4.1
327	-0.572601	263.714335	0.011839	4.5
328	-0.000000	263.345332	0.000000	4.1
329	-0.001792	262.977702	0.000175	3.9
330	-1.156504	262.611438	0.042926	5.0
331	-0.387640	262.246531	0.007778	4.3
332	-0.682339	261.882973	0.017872	4.1
333	-0.584462	261.520756	0.018685	4.3
334	-0.937114	261.159871	0.015662	4.5
335	-0.233273	260.800312	0.003098	4.1
336	-1.138081	260.442070	0.011111	4.1
337	-0.633193	260.085137	0.011617	4.5
338	-0.383075	259.729505	0.005490	4.5
339	-0.095709	259.375167	0.001051	4.1
340	-0.000000	259.022116	0.000000	4.4
341	-0.000000	258.670343	0.000000	4.6
342	-1.101358	258.319841	0.008896	4.2
343	-1.182348	257.970602	0.010073	4.0
344	-1.064419	257.622620	0.021894	4.5
345	-1.167800	257.275887	0.031167	4.5
346	-0.955875	256.930396	0.005792	4.1
347	-1.128777	256.586139	0.021075	4.3
348	-0.000000	256.243109	0.000000	4.4
349	-0.741989	255.901300	0.016157	4.5
350	-0.105515	255.560703	0.001759	4.6
351	-1.038286	255.221313	0.036711	4.1
352	-0.883934	254.883122	0.014549	4.6
353	-0.813319	254.546124	0.020050	4.1
354	-0.000260	254.210311	0.000067	4.5
355	-0.785856	253.875677	0.030360	4.2
356	-0.734372	253.542215	0.012440	4.3
357	-0.896654	253.209918	0.009367	4.5
358	-0.000008	252.878781	0.000002	4.1
359	-0.205761	252.548795	0.002342	4.5
360	-0.000164	252.219956	0.000044	4.8
361	-0.047020	251.892255	0.001760	4.1
362	-0.894329	251.565688	0.014122	4.1
363	-1.035068	251.240247	0.019308	4.7
364	-1.053450	250.915926	0.012797	4.2
365	-0.933429	250.592720	0.013852	4.1
366	-0.037954	250.270621	0.000117	4.4
367	-0.640670	249.949624	0.013179	4.6
368	-0.034879	249.629723	0.001143	4.3
369	-0.123127	249.310911	0.006424	4.3
370	-0.893262	248.993182	0.015687	4.9
371	-0.944996	248.676531	0.008516	4.3
372	-0.000000	248.360952	0.000000	4.4
373	-1.044820	248.046438	0.013533	5.0
374	-0.000020	247.732984	0.000008	4.4
375	-0.000600	247.420584	0.000132	4.1
376	-1.132830	247.109233	0.024334	4.9
377	-1.012432	246.798924	0.006065	4.0
378	-0.000000	246.489652	0.000000	4.0
379	-0.018741	246.181412	0.001234	4.7
380	-0.000000	245.874197	0.000000	4.8
381	-1.123107	245.568002	0.008129	4.0
382	-1.047620	245.262822	0.012050	4.0
383	-0.009265	244.958652	0.000690	4.7
384	-1.022656	244.655485	0.009775	4.2
385	-0.000000	244.353317	0.000000	4.2
386	-0.845755	244.052142	0.011407	4.4
387	-0.282831	243.751955	0.003716	4.5
388	-0.251058	243.452750	0.005931	4.1
389	-0.143735	243.154523	0.002741	4.6
390	-0.744435	242.857268	0.015701	4.4
391	-1.284841	242.560980	0.014989	4.8
392	-0.274132	242.265654	0.006476	4.8
393	-0.229313	241.971285	0.005384	4.3
394	-0.047529	241.677868	0.002120	4.5
395	-0.970116	241.385397	0.009684	4.6
396	-1.248379	241.093869	0.023006	4.2
397	-0.194859	240.803278	0.002704	4.5
398	-0.479306	240.513619	0.006714	4.8
399	-0.827178	240.224887	0.009007	4.2
400	-1.198657	239.937077	0.012389	4.1
401	-0.976797	239.650186	0.017048	4.8
402	-1.000665	239.364207	0.015549	4.1
403	-0.044756	239.079136	0.000948	4.2
404	-1.139538	238.794969	0.027043	4.1
405	-0.905694	238.511701	0.017128	4.6
406	-0.158974	238.229327	0.004581	4.0
407	-0.019774	237.947843	0.000786	4.1
408	-0.000000	237.667244	0.000000	4.7
409	-0.502237	237.387526	0.007194	4.2
410	-0.760846	237.108684	0.007396	4.1
411	-0.787348	236.830714	0.013855	4.0
412	-0.384659	236.553610	0.003049	4.5
413	-1.053268	236.277370	0.013903	4.2
414	-1.024530	236.001989	0.027027	4.1
415	-0.539384	235.727461	0.013422	5.1
416	-0.934408	235.453784	0.011481	4.1
417	-0.777009	235.180952	0.003883	4.1
418	-0.052954	234.908962	0.000787	4.4
419	-0.962446	234.637809	0.006653	4.6
420	-0.617956	234.367488	0.012673	4.1
421	-1.176540	234.097997	0.038545	4.6
422	-0.358222	233.829331	0.003480	4.4
423	-0.000000	233.561485	0.000000	4.2
424	-0.891376	233.294456	0.008730	4.0
425	-0.914600	233.028239	0.027430	4.4
426	-0.014668	232.762831	0.001300	4.4
427	-1.192759	232.498228	0.022315	4.3
428	-0.568996	232.234425	0.010631	4.4
429	-1.049683	231.971419	0.008818	4.0
430	-0.735332	231.709205	0.013921	4.6
431	-0.128977	231.447781	0.004886	4.4
432	-0.940595	231.187141	0.009734	5.2
433	-0.314477	230.927283	0.001851	4.4
434	-1.206118	230.668202	0.017904	4.3
435	-0.818152	230.409895	0.007937	4.5
436	-1.085820	230.152358	0.013747	4.1
437	-0.023068	229.895587	0.003040	4.4
438	-0.899805	229.639578	0.011176	5.1
439	-0.364252	229.384329	0.008041	4.2
440	-0.060744	229.129834	0.001486	4.5
441	-0.008665	228.876091	0.000993	4.5
442	-0.025325	228.623096	0.000798	4.1
443	-0.361900	228.370846	0.002524	4.0
444	-0.694135	228.119336	0.010017	4.6
445	-1.080558	227.868563	0.011148	4.6
446	-1.121567	227.618525	0.024593	4.1
447	-0.000247	227.369216	0.000068	4.3
448	-0.211058	227.120635	0.002499	4.7
449	-0.000000	226.872777	0.000000	4.6
450	-0.004630	226.625638	0.000256	4.4
451	-1.177374	226.379217	0.017015	5.3
452	-0.440656	226.133509	0.007417	4.7
453	-0.000000	225.888510	0.000000	4.2
454	-0.247592	225.644218	0.004748	4.6
455	-0.812938	225.400630	0.014509	6.6
456	-0.000000	225.157741	0.000000	5.4
457	-1.146303	224.915549	0.012262	4.3
458	-0.976689	224.674051	0.015628	4.0
459	-0.000000	224.433242	0.000000	4.1
460	-0.127066	224.193121	0.001867	4.6
461	-1.125319	223.953684	0.016710	3.8
462	-0.972421	223.714927	0.009554	4.1
463	-0.350643	223.476848	0.003090	4.5
464	-0.000010	223.239444	0.000003	4.4
465	-1.125997	223.002710	0.010835	4.1
466	-0.000000	222.766645	0.000000	4.5
467	-0.151602	222.531245	0.003169	4.5
468	-0.760963	222.296508	0.026116	4.1
469	-1.094602	222.062429	0.043314	4.4
470	-0.426290	221.829007	0.009886	4.0
471	-0.737757	221.596238	0.006368	4.5
472	-1.058525	221.364119	0.006571	4.1
473	-0.759998	221.132647	0.017028	4.4
474	-0.795722	220.901820	0.009464	4.2
475	-1.142537	220.671634	0.020002	4.3
476	-1.255527	220.442086	0.019525	4.4
477	-0.000000	220.213174	0.000000	4.2
478	-0.114379	219.984895	0.002566	4.5
479	-0.168315	219.757246	0.005235	4.1
480	-0.930650	219.530224	0.011268	4.2
481	-0.000000	219.303826	0.000000	4.0
482	-0.000000	219.078050	0.000000	4.6
483	-0.000019	218.852893	0.000009	4.4
484	-0.614825	218.628352	0.005508	4.0
485	-0.954871	218.404424	0.017192	4.3
486	-0.000000	218.181106	0.000000	4.5
487	-0.733970	217.958397	0.006796	4.2
488	-0.831724	217.736292	0.019670	4.1
489	-0.000000	217.514790	0.000000	5.1
490	-0.000000	217.293888	0.000000	5.0
491	-0.401930	217.073584	0.003999	4.3
492	-0.066389	216.853873	0.000710	4.6
493	-1.061810	216.634755	0.013270	4.1
494	-0.000000	216.416227	0.000000	4.2
495	-1.116790	216.198285	0.014366	4.1
496	-0.617418	215.980927	0.019003	5.0
497	-1.083828	215.764151	0.014553	4.3
498	-0.353571	215.547955	0.007013	4.2
499	-1.023393	215.332335	0.014457	4.7
500	-0.267579	215.117289	0.006160	4.2
501	-0.256527	214.902815	0.003068	4.1
502	-0.000004	214.688911	0.000001	4.3
503	-1.050090	214.475573	0.009240	4.7
504	-0.440478	214.262800	0.008305	4.3
505	-0.936826	214.050588	0.021108	4.4
506	-0.466474	213.838936	0.006730	4.4
507	-0.989108	213.627842	0.013651	4.3
508	-0.023395	213.417302	0.001076	4.2
509	-0.736227	213.207314	0.014358	4.1
510	-1.039945	212.997877	0.020865	4.5
511	-0.000013	212.788987	0.000004	4.1
512	-0.568188	212.580642	0.007852	4.4
513	-1.162804	212.372841	0.024623	4.4
514	-0.000000	212.165581	0.000000	4.4
515	-0.891329	211.958859	0.012728	4.6
516	-0.606151	211.752673	0.006638	4.1
517	-1.156146	211.547021	0.009327	4.4
518	-0.799982	211.341902	0.008355	4.4
519	-0.809181	211.137311	0.008579	4.1
520	-0.197150	210.933248	0.001139	4.1
521	-0.055960	210.729710	0.001755	4.5
522	-1.127324	210.526695	0.013651	4.4
523	-0.735966	210.324200	0.010550	4.0
524	-0.829297	210.122224	0.013026	4.4
525	-0.034260	209.920765	0.002044	4.2
526	-0.000000	209.719820	0.000000	4.1
527	-0.792932	209.519387	0.006783	4.2
528	-1.087293	209.319463	0.011184	4.5
529	-0.389183	209.120048	0.004391	4.2
530	-1.035455	208.921139	0.009051	4.0
531	-0.001229	208.722733	0.000183	4.1
532	-0.232148	208.524829	0.004394	5.1
533	-0.644137	208.327425	0.004031	4.3
534	-0.631895	208.130518	0.007411	4.1
535	-0.140889	207.934107	0.001423	4.8
536	-0.921693	207.738189	0.005029	4.1
537	-0.000000	207.542762	0.000000	4.2
538	-0.757113	207.347825	0.014318	4.8
539	-1.077681	207.153376	0.016098	4.0
540	-0.200486	206.959412	0.004020	4.1
541	-0.696612	206.765932	0.006532	4.4
542	-0.000011	206.572933	0.000002	4.6
543	-0.207521	206.380414	0.002911	4.1
544	-0.000000	206.188373	0.000000	4.1
545	-0.204533	205.996807	0.001412	4.2
546	-0.805953	205.805716	0.029621	4.1
547	-1.264330	205.615096	0.020311	4.0
548	-1.098030	205.424946	0.009545	4.3
549	-0.249090	205.235265	0.002350	4.3
550	-0.644217	205.046050	0.025889	4.1
551	-0.801517	204.857299	0.019044	4.0
552	-0.734789	204.669011	0.008701	4.3
553	-1.021944	204.481184	0.014255	4.5
554	-0.787834	204.293816	0.008316	4.0
555	-0.627869	204.106905	0.013113	4.2
556	-0.707254	203.920449	0.010076	3.9
557	-0.751097	203.734447	0.008397	4.3
558	-1.085624	203.548896	0.010504	4.0
559	-1.158863	203.363795	0.011290	4.3
560	-0.163098	203.179143	0.002471	4.2
561	-0.994186	202.994937	0.013765	4.3
562	-0.300136	202.811176	0.003914	4.6
563	-1.124018	202.627857	0.008237	4.2
564	-0.001359	202.444980	0.000163	4.6
565	-1.176236	202.262543	0.009802	5.5
566	-0.706685	202.080543	0.006276	4.2
567	-1.134469	201.898979	0.007236	4.5
568	-0.000097	201.717849	0.000031	4.5
569	-0.121381	201.537153	0.001538	4.3
570	-0.630204	201.356887	0.007062	4.1
571	-0.020412	201.177050	0.000463	4.6
572	-1.032110	200.997642	0.019306	4.1
573	0.000000	200.818659	0.000000	4.0
574	-1.173554	200.640100	0.017467	4.3
575	-0.617393	200.461965	0.011831	4.7
576	-1.033665	200.284250	0.010357	4.2
577	-0.000000	200.106955	0.000000	4.1
578	-1.276129	199.930078	0.023250	4.8
579	-0.000000	199.753617	0.000000	4.0
580	-0.712808	199.577571	0.006912	4.2
581	-0.000000	199.401938	0.000000	4.1
582	-0.000000	199.226717	0.000000	4.5
583	-1.080684	199.051905	0.018048	4.1
584	-0.948248	198.877502	0.011679	3.8
585	-0.961769	198.703506	0.010728	4.9
586	-0.922049	198.529916	0.015510	4.3
587	-0.000000	198.356729	0.000000	4.0
588	-0.702777	198.183944	0.003152	4.5
589	-0.520849	198.011560	0.008687	4.5
590	-0.997608	197.839576	0.010174	4.1
591	-0.000000	197.667989	0.000000	4.3
592	-0.352164	197.496798	0.004870	5.0
593	-0.000384	197.326002	0.000048	4.6
594	-1.215177	197.155600	0.006400	4.5
595	-0.000000	196.985589	0.000000	4.7
596	-0.014276	196.815969	0.000847	4.4
597	-0.557485	196.646738	0.007153	4.2
598	-0.572642	196.477894	0.009124	4.1
599	-0.000243	196.309436	0.000030	4.5
600	-1.069190	196.141363	0.014599	4.1
601	-1.134420	195.973673	0.018581	4.4
602	-0.236016	195.806365	0.003200	4.1
603	-0.488376	195.639437	0.006131	4.6
604	-0.989636	195.472888	0.005761	4.3
605	-0.885326	195.306717	0.018938	4.6
606	-0.705279	195.140922	0.014920	4.7
607	-0.862559	194.975501	0.010618	5.0
608	-0.905317	194.810454	0.009864	4.1
609	-0.000000	194.645779	0.000000	4.0
610	-0.720175	194.481475	0.013898	4.7
611	-0.521091	194.317540	0.009563	4.4
612	-0.000005	194.153973	0.000001	4.2
613	-1.101219	193.990773	0.016567	4.4
614	-0.929111	193.827938	0.012680	4.7
615	-0.998758	193.665467	0.011876	4.2
616	-0.050576	193.503358	0.001911	4.1
617	-0.792120	193.341611	0.009357	4.7
618	-0.000000	193.180224	0.000000	4.2
619	-1.064869	193.019196	0.010668	4.1
620	-0.592079	192.858525	0.007256	4.3
621	-0.839313	192.698210	0.012739	5.2
622	-1.185233	192.538251	0.003642	4.1
623	-1.145423	192.378644	0.016123	4.0
624	-1.093084	192.219391	0.014989	4.8
625	-0.514216	192.060488	0.007664	4.2
626	-0.793546	191.901935	0.007818	4.1
627	-0.000000	191.743730	0.000000	4.6
628	-1.041383	191.585873	0.017659	4.7
629	-0.000000	191.428362	0.000000	4.7
630	-0.259416	191.271196	0.003703	5.1
631	-0.000000	191.114374	0.000000	5.4
632	-0.708833	190.957893	0.016231	4.3
633	-1.213679	190.801755	0.036785	4.4
634	-1.088411	190.645956	0.020885	4.6
635	-0.619434	190.490495	0.011072	4.2
636	-1.123775	190.335373	0.018780	4.1
637	-1.096266	190.180587	0.007999	4.8
638	-0.000259	190.026136	0.000038	4.5
639	-0.185621	189.872019	0.003918	4.3
640	-1.002694	189.718235	0.019444	4.4
641	-1.100758	189.564782	0.015785	4.4
642	-0.162927	189.411661	0.003672	4.3
643	-0.939605	189.258868	0.013002	4.4
644	-1.050930	189.106404	0.022479	4.1
645	-0.879236	188.954267	0.012287	4.5
646	-0.000000	188.802456	0.000000	4.2
647	-1.240314	188.650969	0.019255	4.0
648	-0.639518	188.499807	0.012129	4.6
649	-0.863075	188.348967	0.010941	4.3
650	-0.000000	188.198448	0.000000	4.5
651	-1.123982	188.048250	0.013170	3.9
652	-1.194109	187.898371	0.042655	4.4
653	-0.000000	187.748810	0.000000	4.6
654	-0.858633	187.599566	0.010180	4.1
655	-1.115570	187.450638	0.017632	4.7
656	-0.300367	187.302025	0.004671	5.2
657	-0.000000	187.153725	0.000000	4.2
658	-0.000348	187.005739	0.000136	4.3
659	-0.913045	186.858064	0.013295	4.8
660	-1.095102	186.710699	0.014037	4.5
661	-1.113068	186.563645	0.019762	4.5
662	-0.797982	186.416898	0.010862	4.5
663	-0.000042	186.270459	0.000012	4.5
664	-0.000000	186.124326	0.000000	4.4
665	-0.866998	185.978499	0.010351	4.7
666	-0.968083	185.832976	0.031544	4.7
667	-0.569451	185.687756	0.005877	4.1
668	-1.248511	185.542838	0.017088	4.1
669	-0.933523	185.398222	0.009626	4.6
670	-1.094372	185.253906	0.011467	4.1
671	-1.051020	185.109889	0.013513	4.1
672	-1.119328	184.966170	0.014004	4.5
673	-0.000000	184.822748	0.000000	4.2
674	-0.593724	184.679623	0.007838	4.4
675	-0.278138	184.536792	0.004343	4.6
676	-0.000000	184.394256	0.000000	4.6
677	-0.029692	184.252013	0.001415	4.3
678	-0.874358	184.110062	0.043074	4.3
679	-0.793015	183.968403	0.008617	4.2
680	-1.104485	183.827034	0.007711	4.5
681	-1.093619	183.685954	0.020305	4.3
682	-0.187284	183.545163	0.002710	4.6
683	-0.402394	183.404658	0.009822	5.0
684	-1.013008	183.264441	0.007065	4.3
685	-0.925476	183.124509	0.011552	4.9
686	-1.225273	182.984861	0.022870	4.6
687	-0.000498	182.845497	0.000006	4.9
688	-1.047473	182.706416	0.014565	6.3
689	-0.868950	182.567616	0.032352	4.2
690	-0.759422	182.429098	0.011114	4.9
691	-0.882690	182.290859	0.006764	4.7
692	-1.052910	182.152899	0.014560	4.8
693	-0.000000	182.015217	0.000000	5.1
694	-0.273234	181.877813	0.002523	5.5
695	-0.000110	181.740684	0.000040	4.6
696	-0.000000	181.603832	0.000000	5.1
697	-0.742947	181.467253	0.009368	4.5
698	-0.000000	181.330948	0.000000	4.2
699	-0.681830	181.194916	0.017002	4.8
700	-0.000000	181.059155	0.000000	4.7
701	-0.399937	180.923666	0.005508	4.4
702	-0.000000	180.788446	0.000000	4.6
703	-0.926070	180.653496	0.014742	4.9
704	-0.627507	180.518814	0.010753	4.6
705	-1.169773	180.384399	0.030390	4.0
706	-1.127380	180.250251	0.031800	4.7
707	-0.000000	180.116369	0.000000	4.3
708	-0.000000	179.982752	0.000000	4.1
709	-1.061130	179.849398	0.013259	4.1
710	-0.078197	179.716308	0.001814	4.9
711	-0.233025	179.583480	0.005659	4.3
712	-0.943757	179.450913	0.008493	4.0
713	-0.348112	179.318607	0.003963	4.9
714	-0.000000	179.186561	0.000000	4.2
715	-1.071788	179.054774	0.011108	4.1
716	-0.997628	178.923245	0.008465	4.2
717	-0.000102	178.791973	0.000021	4.5
718	-0.066030	178.660958	0.002731	4.2
719	-1.088892	178.530199	0.019725	4.4
720	-0.759011	178.399694	0.016758	5.0
721	-0.860250	178.269444	0.007558	4.5
722	-1.119536	178.139447	0.027815	4.2
723	-0.112595	178.009702	0.002578	4.0
724	-0.944990	177.880209	0.006026	4.6
725	-0.806606	177.750967	0.008171	4.2
726	-0.498765	177.621975	0.004495	4.4
727	-0.929814	177.493232	0.014124	4.1
728	-1.066996	177.364738	0.014764	4.3
729	-0.685568	177.236492	0.004671	4.4
730	-1.113602	177.108492	0.016859	4.1
731	-0.020033	176.980739	0.000856	4.5
732	-0.814334	176.853231	0.008028	4.6
733	-0.000000	176.725968	0.000000	4.0
734	-0.622914	176.598949	0.009029	4.1
735	-1.022524	176.472173	0.010993	4.6
736	-1.179580	176.345639	0.014511	5.0
737	-0.000000	176.219348	0.000000	4.2
738	-0.000692	176.093296	0.000112	4.5
739	-0.000000	175.967486	0.000000	4.5
740	-1.227994	175.841914	0.018280	4.1
741	-0.282009	175.716581	0.002630	4.0
742	-1.168082	175.591486	0.005712	4.8
743	-0.838574	175.466629	0.013006	4.0
744	-1.185291	175.342008	0.007856	4.0
745	-0.000219	175.217622	0.000064	4.0
746	-0.000920	175.093472	0.000165	5.0
747	-1.037201	174.969556	0.009369	4.5
748	-1.226344	174.845873	0.009853	4.1
749	-0.764624	174.722423	0.005946	5.5
750	-1.175775	174.599206	0.010590	4.1
751	-1.160160	174.476220	0.018139	4.0
752	-0.396104	174.353464	0.007517	4.7
753	-0.860694	174.230939	0.015975	4.3
754	-0.716840	174.108643	0.006064	4.2
755	-0.499713	173.986576	0.003580	4.4
756	-0.006588	173.864737	0.000150	4.5
757	-0.692181	173.743124	0.018698	4.2
758	-0.000145	173.621739	0.000059	4.0
759	-0.136321	173.500579	0.003919	4.3
760	-0.000780	173.379645	0.000292	4.5
761	-0.848788	173.258935	0.015629	4.0
762	-0.866167	173.138449	0.011427	4.5
763	-0.493714	173.018186	0.007710	4.5
764	-1.024265	172.898146	0.008312	4.3
765	-0.000966	172.778327	0.000355	4.5
766	-0.006280	172.658730	0.000286	4.2
767	-1.109486	172.539353	0.012477	4.6
768	-0.284978	172.420196	0.007348	4.1
769	-0.849347	172.301258	0.005413	4.6
770	-0.613595	172.182539	0.013367	4.4
771	-0.765471	172.064037	0.019248	4.4
772	-1.131603	171.945753	0.019275	4.4
773	-1.067545	171.827686	0.015797	4.1
774	-0.713484	171.709834	0.010442	4.4
775	-0.928261	171.592198	0.012846	4.4
776	-0.819023	171.474776	0.017645	4.1
777	-0.895552	171.357568	0.018276	4.0
778	-0.673652	171.240574	0.007633	4.5
779	-0.000000	171.123793	0.000000	4.6
780	-0.242768	171.007223	0.004554	4.3
781	-1.107950	170.890865	0.013139	4.4
782	-0.744941	170.774718	0.007291	4.6
783	-0.182955	170.658782	0.003590	4.1
784	-0.453172	170.543055	0.007270	4.2
785	-0.973623	170.427537	0.009566	4.5
786	-0.553959	170.312227	0.008074	4.3
787	-1.263698	170.197125	0.020581	4.0
788	-0.806520	170.082231	0.010159	4.1
789	-0.009269	169.967543	0.000471	4.8
790	-0.427178	169.853061	0.002601	4.1
791	-1.088334	169.738784	0.009846	4.2
792	0.000000	169.624713	0.000000	4.9
793	-0.137034	169.510845	0.003094	4.2
794	-1.109470	169.397181	0.007979	4.2
795	-0.409190	169.283720	0.006730	4.3
796	-0.998777	169.170462	0.009052	4.6
797	-0.079187	169.057405	0.002141	4.1
798	-0.317729	168.944549	0.005420	4.1
799	-0.819704	168.831895	0.008119	4.7
800	-0.973888	168.719440	0.012648	4.3
801	-1.196931	168.607185	0.014213	4.0
802	-0.475992	168.495129	0.003897	4.5
803	-0.683835	168.383271	0.009961	4.7
804	-0.000000	168.271611	0.000000	4.1
805	-0.803365	168.160148	0.009119	4.5
806	-0.240727	168.048882	0.002739	4.9
807	-0.974352	167.937812	0.008382	4.3
808	-0.046754	167.826938	0.001241	5.4
809	-0.881208	167.716258	0.013106	4.4
810	-0.000000	167.605773	0.000000	4.3
811	-1.165832	167.495482	0.016934	4.4
812	-0.638878	167.385384	0.010604	4.0
813	-0.899878	167.275479	0.009744	4.4
814	-0.769328	167.165766	0.006499	4.3
815	-0.000000	167.056245	0.000000	5.0
816	-0.253019	166.946915	0.002873	4.6
817	-0.000000	166.837776	0.000000	4.3
818	-0.002863	166.728826	0.000087	4.9
819	-0.896060	166.620067	0.013491	4.2
820	-1.105824	166.511496	0.010515	4.6
821	-0.000000	166.403113	0.000000	4.4
822	-0.000000	166.294919	0.000000	4.2
823	-0.640872	166.186912	0.012853	4.2
824	-1.143078	166.079091	0.007124	5.2
825	-0.965737	165.971458	0.010850	4.1
826	-0.859304	165.864009	0.015812	4.1
827	-0.843261	165.756747	0.012585	4.8
828	-0.870971	165.649669	0.019969	4.1
829	-0.954080	165.542775	0.019604	4.2
830	-0.001775	165.436065	0.000158	4.2
831	-0.903125	165.329538	0.014334	4.3
832	-1.127761	165.223194	0.013902	4.1
833	-1.228794	165.117032	0.011168	4.1
834	-0.788277	165.011052	0.016132	4.7
835	-0.007592	164.905253	0.001359	4.4
836	-0.693051	164.799635	0.010688	4.3
837	-0.804533	164.694197	0.005388	4.5
838	-0.000892	164.588939	0.000155	4.6
839	-0.647439	164.483859	0.016306	4.3
840	-0.822233	164.378959	0.007036	4.4
841	-1.168161	164.274237	0.007941	4.5
842	-0.079701	164.169692	0.001082	4.3
843	-1.037926	164.065325	0.014062	4.0
844	-0.000000	163.961135	0.000000	6.1
845	-0.796070	163.857120	0.018749	4.5
846	-1.311444	163.753282	0.021817	4.1
847	-1.146158	163.649619	0.012292	4.6
848	-0.242194	163.546130	0.001784	4.2
849	-1.228664	163.442816	0.020316	4.2
850	-0.009064	163.339676	0.000231	4.5
851	-0.832846	163.236709	0.009346	4.0
852	-0.952444	163.133915	0.005569	4.6
853	-0.142540	163.031294	0.002695	4.4
854	-1.043813	162.928844	0.014293	4.3
855	-0.805670	162.826566	0.011444	4.1
856	-0.517307	162.724459	0.015049	4.3
857	-0.802827	162.622523	0.005490	4.5
858	-0.880289	162.520757	0.009452	4.2
859	-0.634979	162.419160	0.005563	4.3
860	-1.152596	162.317733	0.017547	4.6
861	-1.244935	162.216474	0.020914	4.1
862	-0.865937	162.115383	0.008248	3.7
863	-0.997282	162.014461	0.015715	4.9
864	-1.002384	161.913705	0.015141	4.1
865	-1.159243	161.813117	0.017651	4.2
866	-0.000004	161.712695	0.000001	4.1
867	-0.628047	161.612439	0.004473	4.6
868	-0.685284	161.512349	0.012089	4.1
869	-0.878784	161.412424	0.010795	4.1
870	-1.316933	161.312663	0.013827	4.7
871	-0.405283	161.213067	0.004713	4.4
872	-1.004914	161.113635	0.012348	4.0
873	-0.000000	161.014366	0.000000	4.0
874	-1.256968	160.915260	0.038885	5.2
875	-0.000000	160.816316	0.000000	3.9
876	-0.000000	160.717535	0.000000	4.1
877	-1.078197	160.618915	0.022831	4.7
878	-0.744454	160.520456	0.009989	4.4
879	-0.491896	160.422158	0.005981	3.7
880	-0.697011	160.324021	0.006466	4.0
881	-0.993687	160.226043	0.018358	4.6
882	-0.839197	160.128225	0.022629	4.3
883	-0.977891	160.030566	0.012246	4.2
884	0.000000	159.933066	0.000000	4.5
885	-1.064461	159.835723	0.005948	4.6
886	-0.814094	159.738539	0.008640	4.3
887	-0.973869	159.641512	0.016419	4.2
888	-0.837372	159.544642	0.024715	4.7
889	-0.026666	159.447929	0.001631	4.2
890	-0.747911	159.351372	0.005047	4.2
891	-0.024048	159.254971	0.000904	4.3
892	-0.896212	159.158725	0.012854	4.5
893	-0.681012	159.062634	0.007731	4.1
894	-0.644020	158.966697	0.015258	4.2
895	-0.843748	158.870915	0.003996	4.5
896	-0.881330	158.775286	0.009065	4.3
897	-0.000000	158.679811	0.000000	4.1
898	-1.066805	158.584489	0.016935	4.5
899	-0.666201	158.489319	0.012184	4.3
900	-0.000017	158.394302	0.000004	4.3
901	-0.726906	158.299436	0.016757	5.1
902	-0.316181	158.204721	0.004218	4.4
903	-0.419127	158.110158	0.001726	4.2
904	-0.000000	158.015745	0.000000	4.5
905	-0.624492	157.921482	0.007785	3.9
906	-0.824457	157.827369	0.022162	4.4
907	-0.736297	157.733406	0.011227	4.4
908	-1.121413	157.639591	0.010715	4.4
909	-0.801520	157.545925	0.020372	4.1
910	-0.000001	157.452408	0.000000	4.6
911	-1.004659	157.359038	0.011680	4.4
912	-0.000000	157.265816	0.000000	4.5
913	-0.993696	157.172741	0.010368	5.0
914	-0.560389	157.079813	0.007214	4.6
915	-0.349032	156.987031	0.003070	4.1
916	-0.544823	156.894395	0.010309	4.1
917	-0.193719	156.801904	0.001955	4.7
918	-1.313249	156.709559	0.027414	4.1
919	-1.072207	156.617359	0.018646	4.3
920	-0.327931	156.525304	0.003127	4.4
921	-0.713257	156.433392	0.003448	4.5
922	-0.470078	156.341624	0.007154	4.1
923	-1.189118	156.250000	0.009061	4.1
924	-1.148627	156.158519	0.011618	4.7
925	-0.000000	156.067180	0.000000	4.2
926	-1.182645	155.975984	0.021412	4.2
927	-0.036401	155.884930	0.001360	4.4
928	-1.226077	155.794017	0.013287	4.4
929	-0.749647	155.703246	0.018418	4.2
930	-0.704951	155.612615	0.011943	4.1
931	-0.466641	155.522125	0.005922	5.0
932	-0.880377	155.431775	0.014075	4.3
933	-0.452365	155.341565	0.005134	4.1
934	-1.101241	155.251495	0.010333	4.4
935	-1.097499	155.161563	0.019380	4.5
936	-1.025588	155.071771	0.005290	4.2
937	-0.646032	154.982117	0.008589	4.4
938	-0.839509	154.892601	0.011925	4.4
939	-0.383409	154.803222	0.003889	4.4
940	-0.812749	154.713981	0.006407	4.2
941	-0.495766	154.624878	0.008154	4.0
942	-0.000000	154.535910	0.000000	4.5
943	-0.758345	154.447080	0.013255	4.2
944	-0.000000	154.358385	0.000000	4.5
945	-0.913851	154.269826	0.011782	4.0
946	-0.898478	154.181402	0.004242	4.4
947	-0.940525	154.093114	0.010731	4.3
948	-0.854406	154.004960	0.011675	4.1
949	-1.038573	153.916940	0.010559	4.6
950	-0.929392	153.829054	0.009396	4.5
951	-1.201868	153.741303	0.009011	4.1
952	-0.406891	153.653684	0.008534	4.1
953	-1.004284	153.566198	0.016183	4.5
954	-0.168180	153.478846	0.003152	5.5
955	-0.980266	153.391625	0.014611	4.8
956	-1.040908	153.304537	0.014115	4.7
957	-1.168922	153.217580	0.019373	4.1
958	-0.014778	153.130755	0.000641	4.1
959	-0.463417	153.044061	0.005097	3.9
960	-1.344465	152.957498	0.029443	4.7
961	-0.728705	152.871065	0.010051	4.0
962	-0.096851	152.784762	0.001577	4.1
963	-0.803289	152.698589	0.011311	4.7
964	-0.764791	152.612545	0.034247	4.4
965	-0.868138	152.526631	0.019435	4.4
966	-0.000000	152.440845	0.000000	4.5
967	-0.000000	152.355188	0.000000	4.5
968	-1.123603	152.269660	0.025936	4.3
969	-0.673244	152.184259	0.016758	4.1
970	-0.936181	152.098986	0.019662	4.8
971	-0.737191	152.013840	0.007950	4.3
972	-1.032751	151.928821	0.018991	4.3
973	-1.212836	151.843928	0.025989	4.4
974	-0.000000	151.759163	0.000000	4.6
975	-0.387994	151.674523	0.003490	4.0
976	-1.065232	151.590009	0.010954	4.5
977	-0.923232	151.505620	0.014264	4.4
978	-0.860590	151.421357	0.014403	4.3
979	-0.855414	151.337218	0.006275	4.2
980	-0.000001	151.253204	0.000000	4.1
981	-0.941024	151.169314	0.006194	4.6
982	-0.844938	151.085549	0.009854	4.1
983	-0.555554	151.001907	0.007949	4.5
984	-0.000000	150.918388	0.000000	4.1
985	-1.046016	150.834992	0.016036	4.4
986	-0.000000	150.751719	0.000000	4.3
987	-0.467648	150.668569	0.005511	4.4
988	-0.050770	150.585541	0.001453	4.8
989	-0.161704	150.502634	0.001745	4.8
990	-1.102488	150.419849	0.015119	4.2
991	-0.000043	150.337186	0.000017	4.3
992	-0.686561	150.254644	0.007527	4.3
993	-0.175105	150.172222	0.002759	4.2
994	-1.224886	150.089921	0.013371	4.1
995	-1.243219	150.007740	0.014223	4.4
996	-0.879681	149.925679	0.009934	4.5
997	-1.061223	149.843737	0.019459	4.1
998	-0.010581	149.761915	0.000413	4.2
999	-0.689360	149.680212	0.009273	4.8
1000	-1.143436	149.598627	0.024899	4.1
1001	-1.225766	149.517161	0.023953	4.1
1002	-1.064520	149.435814	0.015341	4.4
1003	-0.802319	149.354584	0.018909	4.4
1004	-1.014571	149.273472	0.011550	4.1
1005	-0.000000	149.192477	0.000000	4.5
1006	-1.150228	149.111599	0.019965	4.8
1007	-0.000000	149.030838	0.000000	4.2
1008	-1.035082	148.950194	0.007068	3.9
1009	-1.101617	148.869666	0.009777	4.8
1010	-0.000000	148.789253	0.000000	4.3
1011	-0.964094	148.708957	0.008828	4.1
1012	-0.710399	148.628776	0.012607	4.2
1013	-0.958671	148.548710	0.008194	4.6
1014	-0.881601	148.468759	0.014965	4.1
1015	-0.000000	148.388923	0.000000	4.1
1016	-0.799989	148.309201	0.021910	4.4
1017	-0.831437	148.229594	0.006848	4.4
1018	-0.616651	148.150100	0.005078	4.1
1019	-1.263698	148.070719	0.028950	4.5
1020	-0.729719	147.991452	0.007328	4.6
1021	-1.115278	147.912298	0.018224	3.8
1022	-1.136228	147.833257	0.015094	4.1
1023	-0.000000	147.754329	0.000000	4.7
1024	-0.935634	147.675512	0.005624	4.8
1025	-0.000000	147.596808	0.000000	4.6
1026	-0.095525	147.518216	0.001869	4.5
1027	-0.678578	147.439735	0.009137	4.5
1028	-0.920083	147.361365	0.009640	4.2
1029	-0.909742	147.283106	0.021137	4.1
1030	-0.831572	147.204958	0.007916	4.1
1031	-0.945584	147.126920	0.009942	4.5
1032	-1.184492	147.048993	0.014283	4.7
1033	-1.004322	146.971175	0.014269	4.4
1034	-0.759978	146.893468	0.012190	4.7
1035	-1.223693	146.815869	0.014697	4.6
1036	-0.662922	146.738380	0.012540	4.2
1037	-1.024638	146.661000	0.023018	4.2
1038	-0.000004	146.583729	0.000001	5.0
1039	-0.000000	146.506566	0.000000	4.1
1040	-1.178454	146.429511	0.012275	4.1
1041	-0.265312	146.352565	0.003200	4.7
1042	-0.733529	146.275726	0.005962	4.3
1043	-0.621564	146.198994	0.009731	4.3
1044	-0.000002	146.122370	0.000001	3.9
1045	-1.317439	146.045853	0.024583	4.5
1046	-0.622364	145.969442	0.009088	4.3
1047	-1.020438	145.893139	0.017100	4.3
1048	-0.000000	145.816941	0.000000	5.4
1049	-0.000000	145.740849	0.000000	4.2
1050	-0.053223	145.664863	0.000825	4.2
1051	-0.732762	145.588983	0.008686	4.4
1052	-0.908657	145.513208	0.004490	4.6
1053	-0.000000	145.437538	0.000000	4.1
1054	-0.000000	145.361973	0.000000	4.2
1055	-1.176746	145.286513	0.016406	4.0
1056	-1.305529	145.211157	0.022314	4.4
1057	-0.966388	145.135905	0.013188	4.1
1058	-0.834339	145.060757	0.008407	4.3
1059	-0.048972	144.985712	0.002430	4.3
1060	-1.078587	144.910771	0.019148	4.4
1061	-0.937910	144.835934	0.013151	4.6
1062	-1.044025	144.761199	0.007189	4.4
1063	-0.962826	144.686567	0.011770	4.5
1064	-0.449298	144.612037	0.004460	4.4
1065	-0.293313	144.537610	0.002922	4.1
1066	-0.047972	144.463285	0.002065	3.7
1067	-0.000000	144.389062	0.000000	4.2
1068	-0.646324	144.314940	0.007865	4.3
1069	-0.201088	144.240920	0.001536	4.0
1070	-0.690541	144.167001	0.007798	4.5
1071	-0.912951	144.093182	0.009016	4.9
1072	-0.000000	144.019465	0.000000	4.8
1073	-1.002367	143.945848	0.015988	4.1
1074	-0.400285	143.872331	0.003142	4.4
1075	-0.066538	143.798914	0.000717	4.4
1076	-0.004986	143.725597	0.000285	4.2
1077	-1.337704	143.652380	0.024037	4.6
1078	-1.167825	143.579262	0.010560	4.6
1079	-0.748441	143.506243	0.015728	4.1
1080	-0.051317	143.433323	0.002049	4.3
1081	-0.895956	143.360502	0.012434	4.8
1082	-1.188730	143.287780	0.011607	4.3
1083	-1.276351	143.215155	0.010223	4.1
1084	-1.125238	143.142629	0.025186	4.7
1085	-1.343328	143.070201	0.059465	5.8
1086	-0.009202	142.997870	0.000083	4.6
1087	-0.680125	142.925637	0.003296	5.1
1088	-0.083196	142.853501	0.000753	4.4
1089	-1.163600	142.781462	0.011425	4.0
1090	-1.044348	142.709519	0.009838	4.7
1091	-0.000000	142.637674	0.000000	5.1
1092	-0.687159	142.565924	0.008155	4.2
1093	-0.675369	142.494271	0.010476	4.1
1094	-1.028886	142.422714	0.016440	5.0
1095	-1.095691	142.351252	0.011330	4.1
1096	-1.178155	142.279886	0.028256	4.1
1097	-1.139647	142.208616	0.012097	4.4
1098	-0.871380	142.137440	0.006197	4.6
1099	-0.470871	142.066360	0.007753	4.1
1100	-0.000000	141.995374	0.000000	4.1
1101	-0.911241	141.924483	0.008629	4.3
1102	-1.098279	141.853685	0.010840	4.3
1103	-0.000000	141.782983	0.000000	4.1
1104	-1.049164	141.712373	0.011036	4.3
1105	-0.048816	141.641858	0.001471	4.5
1106	-1.127170	141.571436	0.017988	4.3
1107	-0.482497	141.501108	0.006098	4.5
1108	-0.795020	141.430872	0.014880	4.1
1109	-1.180938	141.360730	0.038560	4.7
1110	-1.191195	141.290680	0.013585	4.4
1111	-0.728528	141.220722	0.020792	4.2
1112	-0.000000	141.150857	0.000000	4.5
1113	-1.136984	141.081084	0.010127	4.2
1114	-0.623831	141.011403	0.009052	4.4
1115	-0.764447	140.941813	0.002579	4.1
1116	-0.081285	140.872315	0.003245	4.6
1117	-0.436813	140.802909	0.006906	4.7
1118	-0.164529	140.733593	0.004257	4.4
1119	-1.260004	140.664369	0.027711	4.5
1120	-0.036683	140.595235	0.000296	4.6
1121	-1.089908	140.526192	0.013615	4.0
1122	-0.811229	140.457239	0.012325	4.2
1123	-1.038695	140.388376	0.008321	4.8
1124	-0.958188	140.319603	0.018467	4.4
1125	-0.785080	140.250920	0.008950	4.2
1126	-0.005491	140.182326	0.000371	4.8
1127	-1.174874	140.113822	0.006430	5.3
1128	-0.870702	140.045407	0.021133	4.7
1129	-1.101423	139.977081	0.009702	4.9
1130	-0.000009	139.908844	0.000003	4.9
1131	-1.251097	139.840696	0.016995	4.7
1132	-0.000000	139.772635	0.000000	4.9
1133	-0.000000	139.704664	0.000000	4.8
1134	-1.080074	139.636780	0.030082	4.7
1135	-0.000000	139.568984	0.000000	4.6
1136	-1.110512	139.501276	0.012683	4.8
1137	-1.073602	139.433655	0.019329	4.9
1138	-0.906717	139.366122	0.010652	4.5
1139	-0.905747	139.298676	0.008828	4.4
1140	-0.930303	139.231317	0.019640	4.1
1141	-0.000000	139.164045	0.000000	4.5
1142	-0.000000	139.096859	0.000000	4.2
1143	-0.060315	139.029760	0.002295	4.1
1144	-1.185385	138.962747	0.019255	4.3
1145	-1.303092	138.895820	0.019193	4.2
1146	-1.067397	138.828978	0.015227	4.3
1147	-0.000000	138.762223	0.000000	4.2
1148	0.000000	138.695553	0.000000	3.9
1149	-0.000000	138.628969	0.000000	4.3
1150	-0.021346	138.562469	0.001556	4.3
1151	-0.114128	138.496055	0.003526	4.4
1152	-0.059764	138.429725	0.000329	4.1
1153	-0.188001	138.363481	0.005362	4.5
1154	-1.018965	138.297320	0.016006	4.4
1155	-0.000021	138.231244	0.000006	4.0
1156	-0.287801	138.165252	0.004448	4.1
1157	-0.904775	138.099344	0.011118	4.6
1158	-0.193368	138.033520	0.005157	4.3
1159	-0.991453	137.967779	0.008018	4.1
1160	-0.424529	137.902122	0.003606	4.8
1161	-0.000000	137.836548	0.000000	4.2
1162	-0.933406	137.771057	0.006557	4.1
1163	-0.866396	137.705649	0.011392	4.1
1164	-0.944149	137.640324	0.019741	4.9
1165	-0.969102	137.575081	0.014359	4.6
1166	-0.000000	137.509921	0.000000	4.4
1167	-0.651591	137.444842	0.012586	5.2
1168	-0.573063	137.379846	0.013064	4.4
1169	-0.795693	137.314932	0.003748	4.2
1170	-0.000000	137.250100	0.000000	4.5
1171	-0.000000	137.185349	0.000000	4.4
1172	-0.075946	137.120680	0.001889	4.1
1173	-0.657834	137.056092	0.008127	4.2
1174	-1.179039	136.991585	0.025904	4.4
1175	-0.928870	136.927158	0.009380	4.3
1176	-1.032762	136.862813	0.012210	4.1
1177	-0.043741	136.798548	0.002825	4.4
1178	-0.334236	136.734363	0.002992	5.1
1179	-0.866784	136.670259	0.018605	4.2
1180	-0.258574	136.606235	0.002018	4.4
1181	-1.066629	136.542291	0.007451	4.6
1182	-0.090731	136.478426	0.002153	4.2
1183	-0.000000	136.414641	0.000000	4.5
1184	-1.220774	136.350936	0.028885	4.8
1185	-0.000000	136.287310	0.000000	4.7
1186	-1.225099	136.223763	0.029802	4.2
1187	-1.278405	136.160295	0.008966	3.9
1188	-0.691850	136.096905	0.010863	4.6
1189	-0.000000	136.033594	0.000000	4.3
1190	-1.097330	135.970362	0.015219	4.4
1191	-0.527896	135.907208	0.018256	4.2
1192	-0.839622	135.844133	0.005839	4.5
1193	-0.029147	135.781135	0.001155	4.4
1194	-0.946084	135.718215	0.008042	4.1
1195	-0.000129	135.655373	0.000039	4.2
1196	-0.269091	135.592608	0.005191	4.1
1197	-0.187969	135.529921	0.003035	4.1
1198	-0.000000	135.467311	0.000000	4.1
1199	-0.697249	135.404778	0.018836	4.5
1200	-0.672662	135.342322	0.007659	4.6
1201	-0.547461	135.279942	0.004275	4.1
1202	-0.634333	135.217640	0.011450	4.1
1203	-1.195239	135.155413	0.009574	4.8
1204	-1.099124	135.093263	0.013412	4.1
1205	-1.101398	135.031190	0.010592	4.1
1206	-0.784995	134.969192	0.016660	4.7
1207	-0.024535	134.907270	0.001542	4.7
1208	-1.070321	134.845424	0.010060	4.0
1209	-0.875253	134.783653	0.011901	4.6
1210	-1.068126	134.721958	0.013706	4.5
1211	-1.153193	134.660338	0.011265	4.1
1212	-0.000802	134.598793	0.000237	4.1
1213	-0.889869	134.537323	0.012410	5.2
1214	-0.753368	134.475927	0.006181	4.4
1215	-0.992410	134.414607	0.012108	4.0
1216	-0.001932	134.353361	0.000313	4.4
1217	-0.628683	134.292189	0.014707	4.4
1218	-1.207643	134.231092	0.017698	4.2
1219	-0.592924	134.170068	0.006740	4.4
1220	-1.242151	134.109119	0.008585	4.3
1221	-1.269188	134.048243	0.013314	4.5
1222	-1.118223	133.987441	0.003098	4.3
1223	-0.680765	133.926713	0.010237	4.1
1224	-0.677855	133.866057	0.006873	4.4
1225	-1.219315	133.805475	0.022805	4.2
1226	-0.370930	133.744966	0.005529	4.5
1227	-1.144589	133.684530	0.006184	4.1
1228	-0.900508	133.624167	0.012145	4.5
1229	-1.234082	133.563877	0.019372	4.4
1230	-0.000000	133.503658	0.000000	4.1
1231	-1.138970	133.443513	0.016958	4.5
1232	-0.988750	133.383439	0.005556	4.8
1233	-0.939498	133.323437	0.008134	4.1
1234	-0.524817	133.263508	0.005360	4.0
1235	-0.995150	133.203650	0.008452	4.9
1236	-0.000000	133.143864	0.000000	4.2
1237	-0.000000	133.084149	0.000000	4.0
1238	-1.298752	133.024506	0.016983	4.1
1239	-0.307603	132.964934	0.003534	5.2
1240	-0.000268	132.905433	0.000042	4.2
1241	-0.169179	132.846003	0.003145	4.1
1242	-1.370164	132.786643	0.019232	4.6
1243	-0.000000	132.727355	0.000000	4.3
1244	-0.819128	132.668137	0.010820	4.1
1245	-1.015943	132.608989	0.008433	4.1
1246	-1.151493	132.549912	0.016084	4.8
1247	-1.030613	132.490904	0.016559	4.9
1248	-0.000000	132.431967	0.000000	4.4
1249	-1.022523	132.373100	0.012196	5.5
1250	-0.000000	132.314302	0.000000	4.5
1251	-1.108557	132.255574	0.007820	4.1
1252	-1.069748	132.196916	0.009347	4.4
1253	-0.056593	132.138326	0.000805	4.5
1254	-0.000000	132.079806	0.000000	4.1
1255	-0.302979	132.021355	0.003974	4.5
1256	-0.957351	131.962973	0.006557	4.4
1257	-0.600668	131.904660	0.008524	4.0
1258	-1.194785	131.846415	0.017576	4.1
1259	-0.036753	131.788239	0.000612	4.4
1260	-0.936338	131.730131	0.010919	4.4
1261	-0.080199	131.672092	0.002305	4.1
1262	-0.215020	131.614121	0.001381	4.1
1263	-0.906037	131.556217	0.014150	4.4
1264	-0.000000	131.498382	0.000000	4.3
1265	-0.523430	131.440614	0.010588	4.1
1266	-0.000013	131.382914	0.000006	4.2
1267	-0.885624	131.325282	0.008007	4.5
1268	-0.800309	131.267717	0.018000	4.1
1269	-1.094849	131.210219	0.019225	4.6
1270	-0.815973	131.152788	0.008784	4.0
1271	-1.262053	131.095424	0.010898	4.7
1272	-0.002219	131.038127	0.000580	4.4
1273	-0.766915	130.980897	0.009926	4.1
1274	-0.044146	130.923733	0.001145	4.4
1275	-1.042116	130.866636	0.013901	4.5
1276	-0.856809	130.809605	0.012661	4.8
1277	-0.765876	130.752641	0.006262	4.1
1278	-0.962020	130.695742	0.019082	4.5
1279	-1.267831	130.638910	0.012989	4.5
1280	-0.523351	130.582143	0.007887	4.4
1281	-1.104789	130.525442	0.025502	4.3
1282	-1.054033	130.468807	0.013541	4.8
1283	-0.681269	130.412237	0.007113	4.1
1284	-0.699396	130.355733	0.006437	3.9
1285	-0.171494	130.299294	0.003992	4.7
1286	-0.978054	130.242920	0.014907	4.1
1287	-0.508707	130.186611	0.009057	4.1
1288	-1.165533	130.130366	0.006655	3.9
1289	-0.906371	130.074187	0.012402	4.7
1290	-1.019399	130.018072	0.007375	4.2
1291	-0.167924	129.962022	0.003318	4.3
1292	-0.136679	129.906036	0.004917	4.7
1293	-0.000000	129.850114	0.000000	4.2
1294	-1.069642	129.794257	0.010665	4.1
1295	-1.012172	129.738463	0.012519	4.6
1296	-1.058216	129.682734	0.012502	4.5
1297	-0.107806	129.627068	0.001353	4.2
1298	-0.914457	129.571466	0.009343	4.1
1299	-0.950094	129.515927	0.011865	4.6
1300	-0.012316	129.460452	0.000642	4.3
1301	-0.454108	129.405040	0.006029	4.1
1302	-0.814413	129.349692	0.009873	4.5
1303	-0.426735	129.294406	0.004591	4.6
1304	-0.343119	129.239183	0.004267	4.0
1305	-0.508978	129.184024	0.003976	4.0
1306	-0.038849	129.128927	0.001446	5.1
1307	-0.324392	129.073892	0.006866	4.2
1308	-1.083707	129.018921	0.013315	3.8
1309	-0.894555	128.964011	0.006039	4.4
1310	-1.290075	128.909164	0.006868	4.5
1311	-0.958840	128.854379	0.008581	4.4
1312	-1.235931	128.799656	0.016777	4.4
1313	-1.148865	128.744995	0.006203	4.1
1314	-1.234558	128.690396	0.029412	4.8
1315	-0.626554	128.635858	0.010979	4.3
1316	-1.106973	128.581382	0.008637	4.1
1317	-0.540025	128.526968	0.007906	4.5
1318	-0.541295	128.472615	0.007574	4.4
1319	-1.033504	128.418323	0.006370	4.5
1320	-0.000220	128.364092	0.000065	3.9
1321	-1.276129	128.309922	0.017647	4.5
1322	-0.000000	128.255814	0.000000	4.3
1323	-1.020428	128.201766	0.018733	4.1
1324	-0.381222	128.147778	0.005047	4.0
1325	-0.497375	128.093852	0.008337	4.6
1326	-1.266415	128.039985	0.014823	4.1
1327	-0.769808	127.986180	0.012678	4.1
1328	-0.098172	127.932434	0.003152	4.7
1329	-0.150353	127.878749	0.002126	7.1
1330	-0.291899	127.825123	0.002219	4.0
1331	-0.510749	127.771558	0.006218	4.6
1332	-0.875681	127.718052	0.008712	4.1
1333	-0.000000	127.664606	0.000000	4.1
1334	-0.971472	127.611220	0.008825	4.0
1335	-0.000000	127.557893	0.000000	4.8
1336	-0.000000	127.504625	0.000000	4.1
1337	-0.000000	127.451417	0.000000	4.0
1338	-0.098332	127.398268	0.001566	4.4
1339	-0.915552	127.345178	0.013625	3.9
1340	-0.117294	127.292147	0.000715	4.3
1341	-0.076864	127.239175	0.000900	3.8
1342	-1.391334	127.186261	0.038363	5.4
1343	-0.143347	127.133407	0.003557	4.1
1344	-1.011886	127.080610	0.036411	4.1
1345	-0.835601	127.027872	0.028352	4.6
1346	-0.637149	126.975193	0.005864	5.0
1347	-0.249668	126.922572	0.002941	4.8
1348	-0.917420	126.870008	0.004659	4.9
1349	-0.000000	126.817503	0.000000	4.5
1350	-0.000000	126.765056	0.000000	4.0
1351	-1.038287	126.712667	0.009403	4.5
1352	-0.580233	126.660335	0.010239	4.0
1353	-0.750316	126.608061	0.011514	4.7
1354	-0.916531	126.555844	0.007964	4.1
1355	-0.475076	126.503685	0.005144	4.6
1356	-0.304459	126.451583	0.004096	4.5
1357	-1.174548	126.399538	0.023204	4.2
1358	-0.891148	126.347550	0.010384	4.5
1359	-0.808366	126.295619	0.007780	4.4
1360	-1.001243	126.243745	0.004998	4.5
1361	-0.219287	126.191928	0.003171	4.5
1362	-0.540416	126.140168	0.003915	4.1
1363	-0.025221	126.088464	0.001095	4.0
1364	-0.005493	126.036817	0.000587	4.3
1365	-0.724719	125.985226	0.009433	4.3
1366	-1.128780	125.933691	0.016075	4.2
1367	-0.873217	125.882212	0.012358	4.5
1368	-1.277622	125.830790	0.006988	4.6
1369	-0.380440	125.779423	0.006146	4.0
1370	-0.000000	125.728113	0.000000	4.3
1371	-0.206800	125.676858	0.002657	4.7
1372	-1.080205	125.625659	0.012981	3.8
1373	-1.066791	125.574515	0.012309	4.1
1374	-1.072117	125.523427	0.010435	4.1
1375	-0.121000	125.472394	0.002137	4.4
1376	-0.000000	125.421417	0.000000	4.0
1377	-1.184194	125.370495	0.018042	4.3
1378	-0.961654	125.319628	0.008824	4.6
1379	-0.000000	125.268815	0.000000	4.3
1380	-1.175176	125.218058	0.010728	4.1
1381	-0.714788	125.167356	0.020604	4.2
1382	-1.175566	125.116708	0.015970	4.6
1383	-0.940936	125.066115	0.009374	4.1
1384	-1.150862	125.015576	0.011204	4.1
1385	-0.020267	124.965092	0.001261	4.6
1386	-0.703009	124.914662	0.008151	4.3
1387	-0.844438	124.864287	0.011329	4.2
1388	-0.960588	124.813965	0.017907	4.4
1389	-0.768975	124.763698	0.007121	4.5
1390	-0.007152	124.713485	0.000374	4.3
1391	-0.755171	124.663325	0.003881	4.4
1392	-1.110853	124.613219	0.008309	4.4
1393	-1.143709	124.563167	0.018573	4.2
1394	-0.403940	124.513168	0.003977	4.3
1395	-0.368424	124.463223	0.006225	4.7
1396	-0.901845	124.413332	0.011702	4.6
1397	-0.000005	124.363493	0.000002	4.1
1398	-0.648770	124.313708	0.011004	4.3
1399	-0.219179	124.263976	0.005059	4.0
1400	-1.074871	124.214297	0.010000	4.6
1401	-0.774848	124.164671	0.005523	4.4
1402	-0.097974	124.115097	0.000925	4.2
1403	-0.943966	124.065577	0.023176	4.4
1404	-1.050463	124.016109	0.014527	4.4
1405	-0.683492	123.966693	0.015132	4.1
1406	-0.000000	123.917330	0.000000	4.1
1407	-0.903099	123.868020	0.009712	4.7
1408	-0.410410	123.818762	0.003713	4.5
1409	-0.234137	123.769556	0.003054	4.2
1410	-0.728559	123.720402	0.016900	4.3
1411	-0.000289	123.671300	0.000124	4.7
1412	-1.145658	123.622250	0.011614	4.1
1413	-1.118709	123.573252	0.020976	4.1
1414	-0.000000	123.524305	0.000000	4.7
1415	-0.927197	123.475411	0.008554	4.3
1416	-0.000000	123.426568	0.000000	4.1
1417	-0.838341	123.377776	0.012047	4.0
1418	-1.327379	123.329036	0.013748	5.5
1419	-1.195956	123.280347	0.010005	4.9
1420	-0.027530	123.231709	0.000701	4.1
1421	-1.355017	123.183122	0.033689	4.6
1422	-1.233637	123.134587	0.032331	4.1
1423	-0.000000	123.086102	0.000000	4.0
1424	-0.925813	123.037669	0.013220	4.5
1425	-0.919865	122.989286	0.008232	4.3
1426	-0.237412	122.940954	0.004331	4.3
1427	-0.696644	122.892672	0.010149	4.4
1428	-0.605105	122.844441	0.012807	4.5
1429	-0.000000	122.796261	0.000000	4.2
1430	-0.000000	122.748130	0.000000	4.3
1431	-0.889540	122.700050	0.012884	4.3
1432	-0.000000	122.652021	0.000000	4.5
1433	-0.655128	122.604041	0.004494	4.0
1434	-1.119012	122.556111	0.016579	4.3
1435	-1.022190	122.508232	0.015913	4.4
1436	-1.169118	122.460402	0.007844	4.3
1437	-1.211547	122.412622	0.013654	4.4
1438	-0.855144	122.364891	0.006923	4.1
1439	-0.000000	122.317210	0.000000	4.4
1440	-1.165543	122.269579	0.023863	4.3
1441	-0.669462	122.221997	0.009515	4.4
1442	-0.000000	122.174465	0.000000	4.1
1443	-1.111394	122.126981	0.012457	4.6
1444	-0.914513	122.079547	0.014252	4.5
1445	-1.139422	122.032162	0.020060	4.1
1446	-0.000000	121.984826	0.000000	4.5
1447	-0.000000	121.937539	0.000000	4.5
1448	-0.975320	121.890301	0.016502	4.2
1449	-0.000037	121.843112	0.000008	4.0
1450	-0.000000	121.795971	0.000000	4.5
1451	-1.022223	121.748879	0.005475	4.1
1452	-0.000000	121.701835	0.000000	4.1
1453	-0.512813	121.654840	0.009644	4.4
1454	-1.040111	121.607893	0.012711	5.0
1455	-0.295178	121.560994	0.010983	4.5
1456	-1.059958	121.514144	0.011705	4.1
1457	-0.257884	121.467342	0.004227	5.2
1458	-0.557536	121.420588	0.002247	4.1
1459	-0.461874	121.373882	0.003042	4.0
1460	-0.000000	121.327223	0.000000	4.6
1461	-1.089421	121.280613	0.009439	4.2
1462	-0.402743	121.234050	0.004837	4.1
1463	-0.000000	121.187535	0.000000	4.1
1464	-0.936429	121.141067	0.014573	5.1
1465	-0.074786	121.094647	0.003384	4.7
1466	-0.353870	121.048274	0.002457	4.7
1467	-0.948182	121.001949	0.005261	4.5
1468	-0.847740	120.955671	0.018826	4.2
1469	-0.956147	120.909440	0.018168	4.1
1470	-1.000189	120.863256	0.018524	4.4
1471	-0.882928	120.817119	0.013817	4.6
1472	-1.021885	120.771029	0.015363	4.1
1473	-1.134513	120.724986	0.010426	5.4
1474	-1.137681	120.678990	0.008377	4.4
1475	-1.248414	120.633040	0.012172	4.3
1476	-0.816912	120.587137	0.008125	4.9
1477	-1.121367	120.541281	0.010380	4.3
1478	-0.380241	120.495471	0.004596	4.5
1479	-0.035857	120.449707	0.001040	4.4
1480	-0.749450	120.403990	0.010862	4.1
1481	-0.745194	120.358319	0.012190	4.4
1482	-1.044109	120.312694	0.008861	4.2
1483	-0.302633	120.267115	0.003596	4.5
1484	-0.863818	120.221582	0.011589	4.3
1485	-1.236488	120.176096	0.013936	4.6
1486	-0.447610	120.130655	0.005970	4.6
1487	-0.767127	120.085260	0.014983	4.1
1488	-1.255793	120.039910	0.022026	4.5
1489	-0.010029	119.994606	0.000299	4.7
1490	-0.878884	119.949348	0.014485	4.2
1491	-0.893326	119.904135	0.011706	4.1
1492	-1.104180	119.858968	0.022512	4.6
1493	-1.049454	119.813846	0.013054	4.5
1494	-0.791458	119.768769	0.015413	4.2
1495	-0.855683	119.723738	0.009892	4.4
1496	-0.206455	119.678752	0.002517	4.3
1497	-0.006809	119.633810	0.000624	4.1
1498	-0.029724	119.588914	0.001270	4.2
1499	-0.525263	119.544062	0.008140	5.1
1500	-0.336379	119.499256	0.004268	4.2
1501	-1.180924	119.454494	0.048585	4.1
1502	-1.124285	119.409777	0.018668	4.7
1503	-0.501052	119.365104	0.004717	4.3
1504	-0.699506	119.320476	0.008043	4.0
1505	-0.000000	119.275893	0.000000	4.3
1506	-0.000000	119.231353	0.000000	4.9
1507	-0.549862	119.186859	0.006664	4.3
1508	-0.000000	119.142408	0.000000	4.3
1509	-1.103310	119.098002	0.009768	4.4
1510	-1.072117	119.053639	0.011018	3.8
1511	-0.000000	119.009321	0.000000	4.4
1512	-0.727053	118.965047	0.008066	4.9
1513	-0.911036	118.920816	0.008388	4.5
1514	-0.000000	118.876630	0.000000	4.3
1515	-0.000000	118.832487	0.000000	4.9
1516	-0.010498	118.788388	0.000708	4.9
1517	-1.248383	118.744332	0.025617	4.4
1518	-0.679513	118.700320	0.010457	4.5
1519	-0.000000	118.656352	0.000000	4.2
1520	-0.546876	118.612427	0.004666	4.3
1521	-1.064169	118.568545	0.013571	4.5
1522	-1.097285	118.524706	0.019262	4.5
1523	-0.614536	118.480911	0.007916	4.4
1524	-0.000000	118.437159	0.000000	4.4
1525	-0.000000	118.393450	0.000000	5.1
1526	-0.765805	118.349784	0.019241	4.1
1527	-0.877716	118.306160	0.009721	4.6
1528	-0.620423	118.262580	0.005966	4.8
1529	-1.123038	118.219042	0.010936	4.5
1530	-1.249004	118.175548	0.012225	4.6
1531	-0.867271	118.132095	0.015392	4.4
1532	-0.000000	118.088686	0.000000	4.2
1533	-0.034116	118.045319	0.001704	4.0
1534	-0.620239	118.001994	0.009878	4.6
1535	-1.118768	117.958712	0.013318	4.1
1536	-0.716646	117.915472	0.005022	4.0
1537	-0.893224	117.872274	0.007074	4.4
1538	-0.000000	117.829118	0.000000	4.5
1539	-0.000000	117.786005	0.000000	4.0
1540	-0.955934	117.742933	0.008776	4.1
1541	-0.000000	117.699904	0.000000	4.8
1542	-0.000008	117.656916	0.000003	4.3
1543	-0.835382	117.613971	0.021672	4.0
1544	-0.774934	117.571067	0.013975	4.2
1545	-0.874466	117.528205	0.010579	4.4
1546	-0.316821	117.485384	0.005629	3.6
1547	-0.781743	117.442605	0.011774	4.2
1548	-0.032625	117.399867	0.001175	5.2
1549	-0.000000	117.357171	0.000000	4.2
1550	-1.086649	117.314517	0.020171	4.0
1551	-1.011017	117.271903	0.006672	4.1
1552	-1.187546	117.229331	0.011689	4.6
1553	-0.064560	117.186800	0.001165	3.9
1554	-0.000007	117.144311	0.000002	4.1
1555	-0.922407	117.101862	0.011136	4.5
1556	-0.855181	117.059454	0.016368	4.3
1557	-0.617225	117.017087	0.005673	4.2
1558	-0.780576	116.974762	0.012046	4.5
1559	-1.140310	116.932476	0.013145	4.7
1560	-0.564888	116.890232	0.004002	4.2
1561	-0.952985	116.848028	0.010650	4.5
1562	-1.184336	116.805865	0.018184	4.4
1563	-0.614310	116.763743	0.005891	4.4
1564	-1.237209	116.721661	0.014713	4.6
1565	-0.742290	116.679619	0.011680	4.2
1566	-0.000002	116.637618	0.000001	4.5
1567	-1.151125	116.595657	0.011399	4.9
1568	-0.995888	116.553736	0.006499	5.1
1569	-1.119906	116.511855	0.014960	4.9
1570	-1.171729	116.470015	0.005594	5.1
1571	-0.000000	116.428214	0.000000	4.3
1572	-1.210368	116.386454	0.018444	4.9
1573	-0.079804	116.344733	0.001138	4.9
1574	-1.260370	116.303052	0.006833	4.2
1575	-0.188410	116.261412	0.004755	4.5
1576	-0.000000	116.219810	0.000000	5.1
1577	-0.239986	116.178249	0.002657	4.7
1578	-1.231369	116.136727	0.014378	4.3
1579	-0.137599	116.095245	0.001700	4.9
1580	-0.886108	116.053802	0.011863	4.8
1581	-1.190692	116.012398	0.015744	4.7
1582	-1.157481	115.971034	0.013046	4.7
1583	-0.916315	115.929710	0.014199	4.4
1584	-1.156626	115.888424	0.012606	4.5
1585	-0.855024	115.847178	0.016607	5.0
1586	-0.275526	115.805970	0.004755	4.8
1587	-0.866827	115.764802	0.009613	4.0
1588	-0.518926	115.723673	0.004923	4.2
1589	-0.712237	115.682583	0.006900	4.5
1590	-0.871106	115.641532	0.010752	4.3
1591	-0.000621	115.600519	0.000197	4.0
1592	-0.771161	115.559546	0.014279	4.3
1593	-0.000000	115.518610	0.000000	4.6
1594	-0.630049	115.477714	0.011043	4.2
1595	-0.678768	115.436856	0.005364	4.4
1596	-0.000000	115.396037	0.000000	4.4
1597	-1.047666	115.355256	0.020353	4.7
1598	-0.043495	115.314514	0.001554	4.7
1599	-0.078228	115.273810	0.002877	4.5
1600	-1.069131	115.233144	0.014394	4.6
1601	-0.660586	115.192517	0.012510	4.1
1602	-0.906145	115.151927	0.008517	4.2
1603	-0.542852	115.111376	0.003976	4.6
1604	-0.832486	115.070863	0.012205	4.1
1605	-0.712037	115.030388	0.010123	4.6
1606	-0.878936	114.989951	0.009415	4.0
1607	-0.000179	114.949551	0.000048	4.6
1608	-0.001050	114.909190	0.000238	4.3
1609	-0.756761	114.868866	0.004127	4.3
1610	-0.000000	114.828580	0.000000	4.4
1611	-0.582189	114.788332	0.009283	4.3
1612	-0.054902	114.748121	0.002250	4.2
1613	-0.250366	114.707948	0.002837	4.3
1614	-0.001182	114.667812	0.000073	4.4
1615	-0.900434	114.627714	0.050063	4.7
1616	-1.169425	114.587653	0.017135	4.2
1617	-0.859132	114.547629	0.007743	4.4
1618	-0.821096	114.507643	0.012617	5.1
1619	-1.007916	114.467693	0.014402	4.1
1620	-0.469590	114.427781	0.003882	4.2
1621	-0.643871	114.387907	0.005951	4.7
1622	-1.176200	114.348069	0.018918	4.1
1623	-0.723261	114.308268	0.005900	4.1
1624	-1.120596	114.268504	0.015597	4.4
1625	-0.888562	114.228777	0.009046	5.1
1626	-0.828828	114.189086	0.008798	4.3
1627	-0.305862	114.149433	0.001847	4.3
1628	-0.000000	114.109816	0.000000	4.6
1629	-0.000556	114.070235	0.000169	4.3
1630	-0.436887	114.030692	0.008677	4.3
1631	-0.860990	113.991185	0.008438	4.5
1632	-0.779406	113.951714	0.008333	4.4
1633	-1.260070	113.912280	0.011703	4.0
1634	-0.000000	113.872882	0.000000	4.3
1635	-1.046087	113.833521	0.008800	4.5
1636	-0.933761	113.794195	0.012411	4.2
1637	-0.000000	113.754906	0.000000	4.2
1638	-0.521614	113.715653	0.009942	4.4
1639	-0.901728	113.676437	0.008576	4.6
1640	-0.000000	113.637256	0.000000	4.1
1641	-0.000077	113.598111	0.000020	4.5
1642	-0.000000	113.559002	0.000000	4.2
1643	-1.211339	113.519929	0.033417	4.2
1644	-0.522651	113.480892	0.005683	4.3
1645	-0.000000	113.441891	0.000000	4.3
1646	-0.803813	113.402925	0.006502	4.4
1647	-0.871816	113.363995	0.007319	4.1
1648	-1.067971	113.325101	0.016207	5.0
1649	-0.778900	113.286242	0.010985	4.8
1650	-0.000000	113.247419	0.000000	4.3
1651	-0.198595	113.208631	0.003347	4.3
1652	-0.904182	113.169879	0.022169	4.3
1653	-0.002784	113.131162	0.000428	4.4
1654	-0.234619	113.092480	0.003389	4.6
1655	-0.000000	113.053833	0.000000	4.2
1656	-0.819235	113.015222	0.010105	4.1
1657	-1.017725	112.976646	0.008032	4.6
1658	-1.186201	112.938105	0.007389	4.5
1659	-0.681417	112.899599	0.010408	4.0
1660	-0.337897	112.861128	0.007174	4.4
1661	-1.203092	112.822692	0.018746	4.3
1662	-0.761667	112.784291	0.011232	4.1
1663	-0.000000	112.745924	0.000000	3.9
1664	-0.560059	112.707593	0.005960	4.4
1665	-0.075046	112.669296	0.001715	4.1
1666	-0.737538	112.631034	0.007525	4.1
1667	-0.000000	112.592806	0.000000	4.2
1668	-0.000000	112.554613	0.000000	4.8
1669	-0.754526	112.516455	0.007750	4.3
1670	-0.682684	112.478331	0.009061	4.1
1671	-0.000000	112.440241	0.000000	5.2
1672	-0.788665	112.402186	0.013442	4.3
1673	-0.000090	112.364165	0.000026	4.2
1674	-0.000266	112.326179	0.000027	4.6
1675	-0.960965	112.288227	0.010265	4.5
1676	-0.929138	112.250309	0.012263	4.1
1677	-0.985855	112.212425	0.015995	4.4
1678	-0.800662	112.174575	0.019091	5.1
1679	-0.000002	112.136759	0.000000	4.5
1680	-0.841420	112.098977	0.007713	4.9
1681	-0.055043	112.061229	0.002395	4.2
1682	-1.211743	112.023515	0.015035	4.3
1683	-1.026484	111.985834	0.009267	4.1
1684	-0.884282	111.948188	0.010645	4.4
1685	-0.911568	111.910575	0.012251	4.5
1686	-0.000000	111.872996	0.000000	4.3
1687	-0.038959	111.835450	0.001321	4.4
1688	-0.471474	111.797939	0.008567	4.1
1689	-0.000000	111.760460	0.000000	4.6
1690	-1.252471	111.723015	0.013652	4.5
1691	-0.000000	111.685604	0.000000	4.1
1692	-0.366108	111.648226	0.004534	4.3
1693	-1.145976	111.610881	0.008233	4.4
1694	-0.000000	111.573570	0.000000	4.4
1695	-1.103414	111.536292	0.021341	4.0
1696	-0.000000	111.499047	0.000000	4.0
1697	-0.000000	111.461835	0.000000	4.8
1698	-0.000000	111.424656	0.000000	4.1
1699	-0.000000	111.387510	0.000000	4.1
1700	-0.000000	111.350398	0.000000	4.8
1701	-1.103532	111.313318	0.017065	4.2
1702	-0.369393	111.276271	0.006845	4.1
1703	-0.009310	111.239257	0.000641	4.6
1704	-0.596212	111.202276	0.003353	5.6
1705	-0.993667	111.165328	0.003731	4.5
1706	-0.758926	111.128412	0.002989	5.0
1707	-1.091160	111.091529	0.014980	5.9
1708	-0.082005	111.054679	0.003498	4.1
1709	-0.000000	111.017861	0.000000	4.6
1710	-0.373199	110.981076	0.002592	5.7
1711	-0.136876	110.944323	0.004039	4.2
1712	-1.074581	110.907603	0.009548	4.2
1713	-0.000000	110.870915	0.000000	4.6
1714	-1.297844	110.834259	0.010396	4.1
1715	-0.449462	110.797636	0.007081	4.2
1716	-0.877097	110.761045	0.011173	4.6
1717	-0.071530	110.724486	0.001190	4.4
1718	-1.315679	110.687959	0.012948	4.2
1719	-0.735535	110.651465	0.007447	4.6
1720	-1.138681	110.615002	0.013321	4.6
1721	-0.808039	110.578572	0.010585	4.2
1722	-0.000000	110.542173	0.000000	4.1
1723	-0.797863	110.505807	0.007417	4.9
1724	-0.009261	110.469472	0.000930	4.0
1725	-0.865209	110.433169	0.026611	4.1
1726	-0.886879	110.396898	0.005028	4.3
1727	-0.000000	110.360659	0.000000	4.5
1728	-0.000000	110.324451	0.000000	4.1
1729	-1.266720	110.288276	0.018064	5.1
1730	-0.818724	110.252131	0.009625	4.4
1731	-0.706916	110.216019	0.009033	4.2
1732	-0.823639	110.179937	0.002692	4.4
1733	-1.081762	110.143888	0.011849	4.0
1734	-0.459702	110.107869	0.005567	4.6
1735	-1.244589	110.071882	0.012355	4.4
1736	-0.939242	110.035927	0.005957	4.8
1737	-0.918715	110.000003	0.009818	4.2
1738	-1.000640	109.964110	0.015267	4.5
1739	-1.073064	109.928248	0.018287	4.3
1740	-0.662705	109.892417	0.015119	4.1
1741	-0.848612	109.856618	0.008197	4.5
1742	-0.675684	109.820850	0.006200	4.6
1743	-0.000000	109.785112	0.000000	4.1
1744	-0.679728	109.749406	0.007345	4.1
1745	-1.062968	109.713730	0.013298	4.7
1746	-0.837592	109.678086	0.010882	4.0
1747	-0.439197	109.642472	0.004020	4.2
1748	-0.852842	109.606890	0.008852	4.1
1749	-0.000000	109.571337	0.000000	5.0
1750	-0.726188	109.535816	0.017437	4.1
1751	-0.715826	109.500326	0.006013	3.8
1752	-0.727493	109.464866	0.005358	4.5
1753	-1.282487	109.429436	0.020945	4.3
1754	-0.124052	109.394038	0.005007	4.1
1755	-0.952006	109.358669	0.010926	4.2
1756	-0.032404	109.323331	0.002018	4.7
1757	-0.359412	109.288024	0.005183	4.1
1758	-1.097421	109.252747	0.007675	4.2
1759	-1.054297	109.217501	0.014011	4.8
1760	-0.000000	109.182284	0.000000	4.3
1761	-0.785351	109.147098	0.007471	4.1
1762	-0.867755	109.111942	0.008580	4.0
1763	-1.181944	109.076817	0.016575	4.7
1764	-0.541266	109.041721	0.004447	4.4
1765	-0.000000	109.006656	0.000000	3.8
1766	-1.154204	108.971620	0.007937	4.6
1767	-0.719135	108.936615	0.004895	4.4
1768	-0.729822	108.901640	0.011543	4.1
1769	-0.000140	108.866694	0.000042	4.4
1770	-0.487140	108.831779	0.005915	4.6
1771	-1.097359	108.796893	0.013662	4.2
1772	-0.000000	108.762037	0.000000	4.0
1773	-1.144537	108.727211	0.011389	4.5
1774	-1.092820	108.692415	0.015480	4.6
1775	-0.000000	108.657648	0.000000	4.2
1776	-0.822939	108.622911	0.008377	4.4
1777	-0.017973	108.588203	0.000772	4.1
1778	-1.101662	108.553525	0.009580	4.4
1779	-0.000000	108.518877	0.000000	4.4
1780	-0.149501	108.484258	0.002343	4.2
1781	-0.826181	108.449668	0.006288	4.5
1782	-1.026666	108.415108	0.005818	4.2
1783	-0.652051	108.380578	0.003869	4.5
1784	-0.826730	108.346076	0.022973	4.1
1785	-0.991699	108.311604	0.009929	4.5
1786	-0.120245	108.277161	0.002118	4.5
1787	-0.922350	108.242747	0.011043	4.0
1788	-0.647523	108.208363	0.009997	4.3
1789	-0.783136	108.174007	0.011906	4.3
1790	-1.105257	108.139681	0.006334	4.6
1791	-0.679242	108.105383	0.008264	4.1
1792	-1.172532	108.071115	0.010616	4.6
1793	-1.191503	108.036875	0.009379	4.7
1794	-0.748196	108.002665	0.012514	3.9
1795	-0.123539	107.968483	0.004115	4.1
1796	-0.602728	107.934330	0.008591	4.8
1797	-0.960178	107.900206	0.008606	4.3
1798	-1.071759	107.866111	0.013570	4.5
1799	-0.818441	107.832044	0.012875	4.7
1800	-1.014095	107.798007	0.017713	4.4
1801	-1.024338	107.763997	0.013903	4.1
1802	-0.000000	107.730017	0.000000	4.1
1803	-0.896869	107.696065	0.010197	4.9
1804	-0.878385	107.662141	0.008750	4.2
1805	-0.819499	107.628246	0.010729	4.0
1806	-0.651978	107.594379	0.014839	4.6
1807	-1.328294	107.560541	0.022610	4.1
1808	-0.742587	107.526731	0.005553	4.1
1809	-0.411222	107.492949	0.001873	4.1
1810	-0.000000	107.459196	0.000000	4.5
1811	-0.940605	107.425471	0.016116	4.1
1812	-0.150470	107.391774	0.003883	4.1
1813	-0.001510	107.358106	0.000159	4.9
1814	-0.525227	107.324465	0.006132	4.4
1815	-0.019734	107.290853	0.000801	4.0
1816	-1.139524	107.257268	0.009770	4.4
1817	-1.204110	107.223712	0.014727	4.5
1818	-1.208348	107.190184	0.021300	4.1
1819	-0.757170	107.156683	0.010119	4.2
1820	-1.187853	107.123211	0.019805	4.6
1821	-0.000000	107.089766	0.000000	4.2
1822	-0.000000	107.056349	0.000000	4.0
1823	-1.140085	107.022960	0.006170	4.4
1824	-0.386612	106.989599	0.005415	4.4
1825	-0.215770	106.956265	0.003371	4.4
1826	-0.668180	106.922960	0.008774	4.1
1827	-0.598244	106.889681	0.003006	4.3
1828	-0.029639	106.856431	0.001626	4.7
1829	-0.181746	106.823208	0.001732	4.1
1830	-1.105298	106.790012	0.013914	4.4
1831	-1.170994	106.756844	0.015089	4.5
1832	-0.000000	106.723703	0.000000	4.4
1833	-0.000139	106.690590	0.000021	4.1
1834	-0.015221	106.657505	0.001536	4.3
1835	-1.116969	106.624446	0.009740	4.5
1836	-0.016752	106.591415	0.001830	4.2
1837	-0.916555	106.558411	0.024186	4.6
1838	-0.737324	106.525435	0.017891	4.1
1839	-0.918803	106.492485	0.010602	4.5
1840	-0.762512	106.459563	0.009744	4.4
1841	-0.053562	106.426668	0.001834	4.0
1842	-0.855824	106.393800	0.010419	4.3
1843	-1.222705	106.360959	0.012249	4.2
1844	-1.066291	106.328145	0.008503	4.5
1845	-0.000000	106.295358	0.000000	4.1
1846	-0.943403	106.262598	0.008499	4.3
1847	-0.135720	106.229865	0.004858	4.5
1848	-0.578974	106.197158	0.006142	4.0
1849	-0.440800	106.164479	0.007059	4.3
1850	-1.054763	106.131826	0.021993	4.6
1851	-0.568466	106.099201	0.011188	4.2
1852	-0.114180	106.066602	0.001319	4.2
1853	-0.053139	106.034029	0.001761	4.9
1854	-1.011334	106.001483	0.015894	4.3
1855	-0.000000	105.968964	0.000000	4.0
1856	-1.104667	105.936472	0.011581	4.1
1857	-0.173494	105.904006	0.004419	4.8
1858	-1.056939	105.871566	0.007812	4.3
1859	-0.000000	105.839153	0.000000	4.1
1860	-1.009102	105.806767	0.009405	5.6
1861	-0.000754	105.774407	0.000095	4.4
1862	-0.808389	105.742073	0.015782	4.1
1863	-1.023194	105.709766	0.014360	4.3
1864	-1.086513	105.677485	0.016281	4.7
1865	-1.143147	105.645230	0.019264	3.8
1866	-0.008916	105.613001	0.000314	4.2
1867	-0.000000	105.580799	0.000000	4.2
1868	-0.393631	105.548623	0.004877	4.3
1869	-0.683163	105.516473	0.002750	4.4
1870	-0.668962	105.484349	0.006213	4.4
1871	-0.170472	105.452251	0.002334	4.5
1872	-1.100250	105.420179	0.013666	4.1
1873	-0.000014	105.388133	0.000006	4.5
1874	-0.000069	105.356113	0.000027	4.0
1875	-1.101189	105.324119	0.006055	4.7
1876	-0.000000	105.292151	0.000000	4.3
1877	-1.145293	105.260209	0.015958	4.2
1878	-0.000000	105.228293	0.000000	4.4
1879	-0.587606	105.196402	0.015461	4.2
1880	-0.000000	105.164537	0.000000	4.4
1881	-0.734099	105.132698	0.013353	4.0
1882	-0.030827	105.100885	0.001119	4.5
1883	-0.959002	105.069097	0.010687	4.9
1884	-0.000000	105.037335	0.000000	5.4
1885	-0.574633	105.005598	0.007633	5.1
1886	-0.000000	104.973887	0.000000	5.4
1887	-0.702085	104.942202	0.007205	5.0
1888	-0.000021	104.910542	0.000008	4.9
1889	-1.073760	104.878907	0.012717	4.5
1890	-0.844893	104.847298	0.013790	4.3
1891	-1.158903	104.815715	0.010457	4.3
1892	-0.000000	104.784156	0.000000	5.2
1893	-0.961771	104.752623	0.012217	5.0
1894	-0.000000	104.721116	0.000000	4.8
1895	-1.191318	104.689633	0.009467	5.1
1896	-0.003987	104.658176	0.000075	4.4
1897	-0.564467	104.626744	0.010627	4.4
1898	-0.000000	104.595337	0.000000	4.9
1899	-0.766613	104.563955	0.004505	4.4
1900	-0.000000	104.532599	0.000000	4.3
1901	-0.580285	104.501267	0.003904	5.1
1902	-1.207295	104.469960	0.023226	4.5
1903	-0.935271	104.438679	0.008230	4.5
1904	-0.867046	104.407422	0.006328	4.7
1905	-0.729532	104.376191	0.010801	4.7
1906	-0.000000	104.344984	0.000000	4.1
1907	-1.047799	104.313802	0.012300	3.7
1908	-0.956079	104.282645	0.004682	4.1
1909	-0.949993	104.251513	0.003956	4.2
1910	-0.475685	104.220405	0.004425	3.9
1911	-0.589182	104.189323	0.008281	4.4
1912	-0.000000	104.158265	0.000000	4.4
1913	-0.843191	104.127231	0.010147	4.2
1914	-0.000000	104.096222	0.000000	4.4
1915	-1.184807	104.065238	0.018061	4.1
1916	-0.469208	104.034279	0.003585	4.5
1917	-0.998618	104.003344	0.010153	4.2
1918	-0.685879	103.972433	0.007210	4.1
1919	-0.118008	103.941547	0.002215	4.3
1920	-0.731498	103.910686	0.004649	4.5
1921	-1.215540	103.879849	0.011285	5.2
1922	-0.825901	103.849036	0.008004	4.1
1923	-0.000000	103.818248	0.000000	4.5
1924	-0.468203	103.787484	0.006490	4.5
1925	-0.081620	103.756744	0.003296	3.9
1926	-0.000000	103.726029	0.000000	4.1
1927	-0.918252	103.695338	0.007664	4.6
1928	-1.091198	103.664671	0.006803	4.1
1929	-1.225986	103.634028	0.015941	3.9
1930	-0.000000	103.603409	0.000000	5.5
1931	-1.146456	103.572814	0.026316	4.6
1932	-0.768564	103.542244	0.012496	4.1
1933	-0.000000	103.511698	0.000000	4.4
1934	-1.043786	103.481175	0.009313	4.3
1935	-0.000000	103.450677	0.000000	4.8
1936	-0.022890	103.420202	0.000314	4.6
1937	-1.072101	103.389752	0.015235	4.6
1938	-0.000000	103.359325	0.000000	4.6
1939	-0.000000	103.328922	0.000000	3.9
1940	-0.621736	103.298543	0.006037	4.5
1941	-0.671311	103.268188	0.005726	5.0
1942	-0.544889	103.237857	0.009516	4.1
1943	-0.000000	103.207549	0.000000	4.0
1944	-0.000000	103.177265	0.000000	4.5
1945	-0.610555	103.147005	0.008710	3.6
1946	-0.171973	103.116768	0.003375	4.3
1947	-0.834520	103.086556	0.009044	4.5
1948	-0.623281	103.056366	0.006496	4.2
1949	-0.725290	103.026200	0.007530	4.6
1950	-0.000000	102.996058	0.000000	4.1
1951	-0.073395	102.965939	0.000827	4.4
1952	-1.248703	102.935844	0.012820	4.4
1953	-0.000000	102.905772	0.000000	4.1
1954	-0.857382	102.875724	0.004852	4.2
1955	-0.894102	102.845699	0.012892	4.2
1956	-0.445934	102.815697	0.004296	4.5
1957	-0.889958	102.785719	0.010879	4.1
1958	-0.336120	102.755764	0.004937	4.4
1959	-0.827331	102.725832	0.012028	4.5
1960	-0.931763	102.695924	0.008720	4.2
1961	-0.997922	102.666038	0.005925	4.1
1962	-1.140080	102.636176	0.024926	4.7
1963	-1.193929	102.606337	0.006227	4.2
1964	-0.201192	102.576521	0.005477	3.9
1965	-0.518484	102.546728	0.012304	4.3
1966	-0.501323	102.516959	0.009366	4.6
1967	-1.247515	102.487212	0.019399	4.1
1968	-1.069435	102.457488	0.004364	4.1
1969	-1.185521	102.427788	0.009350	5.1
1970	-0.775281	102.398110	0.008312	4.9
1971	-1.380329	102.368455	0.013613	4.0
1972	-0.775073	102.338823	0.010759	4.6
1973	-1.036432	102.309214	0.008810	4.4
1974	-0.188438	102.279628	0.004324	4.2
1975	-0.000000	102.250064	0.000000	4.2
1976	-0.944327	102.220524	0.012926	5.1
1977	-0.490939	102.191006	0.010011	4.2
1978	-0.447149	102.161511	0.007548	4.1
1979	-1.076872	102.132038	0.008128	4.9
1980	-1.366443	102.102588	0.022545	4.7
1981	-0.000000	102.073161	0.000000	4.4
1982	-0.000000	102.043757	0.000000	4.3
1983	-0.802859	102.014375	0.025928	4.5
1984	-1.173256	101.985015	0.012902	4.2
1985	-0.991005	101.955678	0.012026	4.0
1986	-0.000000	101.926364	0.000000	4.7
1987	-1.305220	101.897072	0.020128	4.4
1988	-1.115287	101.867802	0.007915	4.1
1989	-0.367210	101.838555	0.004296	4.9
1990	-1.022027	101.809330	0.010951	4.4
1991	-0.981916	101.780128	0.017587	4.3
1992	-0.000000	101.750948	0.000000	4.4
1993	-1.044072	101.721790	0.007793	4.1
1994	-1.294244	101.692654	0.023197	4.6
1995	-0.814050	101.663541	0.008241	4.4
1996	-0.436224	101.634450	0.004441	4.2
1997	-0.675975	101.605381	0.011205	4.5
1998	-0.006690	101.576335	0.000408	4.2
1999	-0.339388	101.547310	0.001946	4.7
