1:ItNr	2:Metric	3:StepSize	4:||Gradient||	Time[ms]
0	-0.000000	627.201626	0.000000	720.3
1	-0.951678	623.504937	0.007009	25.8
2	-0.800706	619.865785	0.005713	26.0
3	-0.324217	616.282728	0.003860	27.1
4	-0.465076	612.754375	0.006979	27.3
5	-0.000000	609.279381	0.000000	27.5
6	-0.000000	605.856447	0.000000	27.0
7	-0.700103	602.484317	0.004600	28.1
8	-0.572559	599.161779	0.006949	26.9
9	-0.000039	595.887656	0.000015	27.1
10	-0.829585	592.660813	0.008471	26.7
11	-0.000000	589.480151	0.000000	27.8
12	-0.460504	586.344606	0.005406	27.9
13	-0.000000	583.253145	0.000000	29.1
14	-0.664016	580.204771	0.005525	28.5
15	-0.272957	577.198517	0.003781	27.8
16	-0.330325	574.233444	0.003803	27.8
17	-0.479282	571.308645	0.006941	26.4
18	-0.001264	568.423237	0.000053	28.8
19	-0.684591	565.576365	0.006463	27.7
20	-0.000000	562.767201	0.000000	28.6
21	-0.877415	559.994938	0.006811	28.8
22	-0.762677	557.258797	0.005405	27.9
23	-0.864322	554.558018	0.005403	28.8
24	-0.635398	551.891865	0.005464	29.4
25	-0.816834	549.259621	0.008159	27.6
26	-0.577266	546.660592	0.007188	26.8
27	-0.000000	544.094102	0.000000	28.3
28	-0.408409	541.559494	0.005555	27.3
29	-0.138379	539.056129	0.002424	27.7
30	-0.279163	536.583387	0.003864	28.4
31	-0.640854	534.140663	0.006991	27.4
32	-0.027090	531.727370	0.001945	27.3
33	-0.056137	529.342935	0.001652	26.6
34	-0.502289	526.986802	0.005608	28.9
35	-0.716100	524.658430	0.005719	27.6
36	-0.003184	522.357290	0.000071	28.0
37	-0.460446	520.082868	0.005042	28.7
38	-0.408130	517.834665	0.004768	27.8
39	-1.069223	515.612193	0.009233	26.0
40	-0.875153	513.414976	0.007264	29.5
41	-0.478596	511.242551	0.007797	27.2
42	-0.430783	509.094468	0.005194	26.8
43	-0.000167	506.970285	0.000079	28.2
44	-0.729716	504.869574	0.006395	26.7
45	-0.617718	502.791916	0.006645	27.1
46	-0.712369	500.736903	0.005960	28.0
47	-0.000000	498.704137	0.000000	27.3
48	-0.568780	496.693228	0.006995	26.5
49	-0.534828	494.703798	0.003644	28.5
50	-0.000000	492.735476	0.000000	27.1
51	-0.000737	490.787900	0.000046	27.3
52	-0.103294	488.860718	0.001130	28.0
53	-0.492223	486.953585	0.005739	27.6
54	-0.764439	485.066164	0.007636	27.5
55	-0.761208	483.198126	0.005155	26.6
56	-0.000000	481.349149	0.000000	28.2
57	-0.000000	479.518920	0.000000	27.8
58	-0.000000	477.707132	0.000000	28.3
59	-0.307307	475.913485	0.004480	31.5
60	-0.000000	474.137684	0.000000	26.5
61	-0.000056	472.379445	0.000037	27.0
62	-0.445402	470.638485	0.006243	28.6
63	-0.000000	468.914531	0.000000	27.0
64	-0.582630	467.207315	0.007482	27.9
65	-0.920955	465.516573	0.007123	26.7
66	-0.676357	463.842050	0.004385	28.1
67	-0.730535	462.183494	0.008605	26.1
68	-0.858685	460.540658	0.006431	29.6
69	-0.009005	458.913303	0.000453	27.6
70	-0.579671	457.301192	0.005139	27.5
71	-0.720396	455.704096	0.005834	28.4
72	-0.835929	454.121787	0.006664	27.5
73	-0.142201	452.554045	0.002737	26.5
74	-0.647600	451.000653	0.006971	28.4
75	-0.613786	449.461399	0.005488	28.0
76	-0.159661	447.936075	0.001428	28.2
77	-0.000000	446.424477	0.000000	27.6
78	-0.107120	444.926406	0.001945	27.7
79	-0.023992	443.441666	0.001253	27.8
80	-0.000000	441.970065	0.000000	27.5
81	-0.000000	440.511415	0.000000	27.2
82	-0.191802	439.065533	0.002591	28.7
83	-0.348768	437.632238	0.004731	27.5
84	-0.784748	436.211351	0.005643	28.2
85	-0.000000	434.802701	0.000000	28.4
86	-0.181116	433.406117	0.002693	28.7
87	-0.398489	432.021430	0.003855	26.4
88	-0.000000	430.648479	0.000000	29.3
89	-0.015945	429.287101	0.001193	28.5
90	-0.488016	427.937140	0.005859	29.0
91	-0.784091	426.598440	0.006247	29.1
92	-0.763185	425.270849	0.005387	28.3
93	-0.000000	423.954220	0.000000	28.7
94	-0.000000	422.648404	0.000000	26.4
95	-0.663188	421.353259	0.007715	29.6
96	-0.336282	420.068643	0.003489	27.4
97	-0.051017	418.794419	0.002827	28.2
98	-0.331365	417.530451	0.004752	27.7
99	-0.055170	416.276604	0.001394	27.3
100	-0.000009	415.032748	0.000005	28.3
101	-0.523440	413.798754	0.006130	26.1
102	-0.504474	412.574495	0.006649	28.6
103	-0.899246	411.359849	0.006192	28.5
104	-0.556344	410.154691	0.004775	27.7
105	-0.890194	408.958904	0.005557	28.4
106	-0.025625	407.772368	0.000982	27.9
107	-0.820754	406.594968	0.006950	26.2
108	-0.566712	405.426590	0.005684	29.0
109	-0.000000	404.267122	0.000000	27.3
110	-0.000000	403.116456	0.000000	26.9
111	-0.494676	401.974481	0.006424	29.0
112	-0.337992	400.841093	0.004275	28.2
113	-0.662181	399.716187	0.004174	27.9
114	-0.350681	398.599660	0.002859	27.1
115	-0.824693	397.491411	0.007217	27.3
116	-0.278418	396.391342	0.002478	26.6
117	-0.000000	395.299353	0.000000	28.7
118	-0.000000	394.215350	0.000000	28.7
119	-0.192029	393.139238	0.004377	28.6
120	-0.784601	392.070924	0.005583	26.9
121	-0.125902	391.010316	0.002203	28.3
122	-0.882548	389.957325	0.006644	27.1
123	-0.000000	388.911862	0.000000	25.8
124	-0.000000	387.873839	0.000000	28.9
125	-0.000000	386.843173	0.000000	26.8
126	-0.000000	385.819777	0.000000	27.7
127	-0.186233	384.803569	0.002175	27.8
128	-0.695398	383.794468	0.007886	27.2
129	-0.709927	382.792393	0.003636	27.9
130	-0.014919	381.797264	0.000822	27.6
131	-0.000000	380.809005	0.000000	28.1
132	-0.000000	379.827537	0.000000	27.8
133	-0.907455	378.852786	0.007121	28.4
134	-0.848678	377.884678	0.004657	27.8
135	-0.049381	376.923138	0.002071	28.1
136	-0.956711	375.968095	0.008241	26.8
137	-0.574121	375.019479	0.008063	29.9
138	-0.729253	374.077218	0.005501	26.9
139	-0.262588	373.141244	0.002477	28.2
140	-0.645037	372.211489	0.006928	27.6
141	-0.027322	371.287887	0.001814	27.8
142	-0.970183	370.370370	0.008043	25.8
143	-0.854870	369.458876	0.005252	28.9
144	-0.007990	368.553338	0.000956	27.0
145	-0.475906	367.653696	0.006934	28.4
146	-0.486527	366.759885	0.006860	27.1
147	-0.038347	365.871846	0.000967	27.9
148	-0.860634	364.989518	0.007326	27.1
149	-0.435872	364.112841	0.005245	27.8
150	-0.422180	363.241757	0.005542	28.2
151	-0.000000	362.376208	0.000000	26.4
152	-0.546656	361.516137	0.006004	28.6
153	-0.239271	360.661488	0.003308	27.3
154	-0.000000	359.812206	0.000000	27.7
155	-0.000021	358.968236	0.000001	28.0
156	-0.403037	358.129524	0.004002	27.7
157	-0.672807	357.296018	0.005114	28.3
158	-0.702123	356.467665	0.006502	26.7
159	-0.436765	355.644414	0.003567	25.7
160	-0.543147	354.826213	0.005644	27.7
161	-0.000000	354.013012	0.000000	27.6
162	-0.000130	353.204763	0.000049	27.8
163	-0.000000	352.401415	0.000000	29.5
164	-0.000000	351.602922	0.000000	28.4
165	-0.898216	350.809235	0.006258	29.2
166	-0.748170	350.020308	0.005192	29.3
167	-0.000000	349.236095	0.000000	29.3
168	-0.000000	348.456550	0.000000	26.7
169	-0.647784	347.681627	0.005776	28.9
170	-0.945837	346.911283	0.006781	27.9
171	-0.000000	346.145474	0.000000	26.4
172	-0.935673	345.384157	0.008142	28.7
173	-0.000000	344.627288	0.000000	26.8
174	-0.573701	343.874826	0.007353	27.5
175	-0.826518	343.126729	0.005658	28.4
176	-0.481726	342.382957	0.005239	27.1
177	-0.665167	341.643469	0.005287	28.4
178	-0.060463	340.908224	0.002741	26.6
179	-0.000000	340.177184	0.000000	28.1
180	-0.911564	339.450309	0.007326	26.6
181	-0.522273	338.727561	0.006106	28.9
182	-0.474809	338.008902	0.005664	27.7
183	-0.570598	337.294295	0.006158	28.9
184	-0.835831	336.583703	0.005413	26.4
185	-0.295357	335.877089	0.003169	29.0
186	-0.704339	335.174416	0.004647	26.7
187	-0.366707	334.475651	0.004760	27.7
188	-0.000000	333.780756	0.000000	26.8
189	-0.637910	333.089698	0.008419	27.9
190	-0.000000	332.402443	0.000000	27.9
191	-0.903333	331.718955	0.007504	28.1
192	-0.644808	331.039203	0.005842	25.9
193	-0.871529	330.363153	0.004333	28.3
194	-0.000000	329.690771	0.000000	27.9
195	-0.897902	329.022027	0.006671	28.0
196	-0.000000	328.356888	0.000000	26.2
197	-0.414628	327.695322	0.004173	28.8
198	-0.789869	327.037299	0.005620	27.5
199	-0.596222	326.382787	0.006445	26.4
200	-0.737339	325.731758	0.007711	28.8
201	-0.054763	325.084179	0.001072	26.7
202	-0.792694	324.440023	0.004965	27.5
203	-0.877778	323.799258	0.007972	28.6
204	-0.107286	323.161858	0.002134	27.7
205	-0.870168	322.527792	0.006449	27.5
206	-0.989104	321.897034	0.009496	28.6
207	-0.628554	321.269554	0.006515	28.0
208	-0.759102	320.645325	0.010149	28.8
209	-0.536917	320.024320	0.005461	27.5
210	-0.527545	319.406512	0.005541	29.6
211	-0.153183	318.791875	0.003135	27.5
212	-0.220372	318.180381	0.002699	27.5
213	-0.011414	317.572005	0.000265	26.4
214	-0.000000	316.966721	0.000000	28.2
215	-0.831408	316.364504	0.005807	26.7
216	-0.412077	315.765329	0.004481	29.3
217	-0.683883	315.169170	0.005728	28.0
218	-0.574956	314.576003	0.005197	28.2
219	-0.555267	313.985804	0.007395	27.2
220	-0.895159	313.398548	0.007130	28.3
221	-1.119676	312.814213	0.009305	27.9
222	-0.140029	312.232773	0.001779	26.9
223	-0.000267	311.654207	0.000120	28.9
224	-0.000000	311.078491	0.000000	27.9
225	-0.000000	310.505602	0.000000	26.2
226	-0.300891	309.935518	0.003002	28.3
227	-0.000000	309.368217	0.000000	26.7
228	-0.059011	308.803676	0.001300	27.6
229	-0.000000	308.241874	0.000000	28.1
230	-0.226054	307.682789	0.002949	27.5
231	-0.965840	307.126400	0.006752	27.2
232	-0.772598	306.572687	0.007499	28.8
233	-0.928792	306.021627	0.006991	30.0
234	-0.384557	305.473201	0.004727	28.6
235	-0.881591	304.927388	0.006307	29.6
236	-0.789391	304.384168	0.006731	28.3
237	-0.514881	303.843521	0.004809	28.4
238	-0.945792	303.305427	0.007282	28.6
239	-0.480848	302.769867	0.006189	29.3
240	-0.172026	302.236821	0.002708	27.4
241	-0.256336	301.706270	0.004037	30.6
242	-1.000456	301.178196	0.007076	28.5
243	-0.673681	300.652580	0.004451	28.1
244	-0.000000	300.129402	0.000000	28.2
245	-0.645597	299.608645	0.005184	28.0
246	-0.457114	299.090291	0.003515	26.7
247	-0.537216	298.574321	0.005751	29.3
248	-0.412457	298.060718	0.005718	27.9
249	-0.008400	297.549465	0.000117	28.0
250	-0.968349	297.040543	0.007694	27.6
251	-0.764778	296.533936	0.005536	30.0
252	-0.699979	296.029626	0.005795	28.3
253	-0.024594	295.527597	0.000544	27.0
254	-0.729063	295.027832	0.006908	27.6
255	-0.000000	294.530315	0.000000	28.7
256	-0.000000	294.035028	0.000000	28.3
257	-0.000000	293.541956	0.000000	26.2
258	-0.000000	293.051083	0.000000	28.4
259	-0.214408	292.562393	0.002143	26.8
260	-0.396027	292.075870	0.003444	27.8
261	-0.534711	291.591498	0.007220	28.2
262	-0.895655	291.109263	0.007757	27.2
263	-0.984429	290.629149	0.007742	28.0
264	-0.499971	290.151140	0.003408	26.4
265	-0.001089	289.675222	0.000483	28.2
266	-0.236832	289.201380	0.005069	26.2
267	-0.879164	288.729600	0.006120	28.2
268	-0.661783	288.259866	0.007253	26.2
269	-0.848392	287.792165	0.005095	27.8
270	-0.000000	287.326481	0.000000	27.7
271	-0.000000	286.862802	0.000000	27.0
272	-0.435404	286.401113	0.005604	27.6
273	-1.041838	285.941400	0.007659	27.0
274	-0.000000	285.483649	0.000000	29.2
275	-0.000000	285.027847	0.000000	27.8
276	-0.513808	284.573981	0.004203	28.3
277	-0.240153	284.122037	0.002816	27.5
278	-0.000000	283.672002	0.000000	28.3
279	-0.997218	283.223863	0.006097	27.2
280	-0.925421	282.777607	0.006187	29.1
281	-0.345018	282.333221	0.002935	28.4
282	-0.918543	281.890692	0.007182	28.0
283	-0.723490	281.450008	0.005604	28.0
284	-0.433071	281.011157	0.003521	27.6
285	-0.765240	280.574125	0.007756	25.7
286	-0.052502	280.138901	0.001348	28.8
287	-0.021693	279.705473	0.000945	27.0
288	-0.800243	279.273829	0.006160	27.0
289	-0.000000	278.843956	0.000000	28.1
290	-0.052352	278.415844	0.001263	27.8
291	-0.531036	277.989479	0.007872	26.2
292	-1.122173	277.564851	0.008187	28.1
293	-0.692493	277.141949	0.006810	27.5
294	-0.000000	276.720761	0.000000	26.7
295	-0.000000	276.301275	0.000000	28.1
296	-0.476009	275.883480	0.004252	26.8
297	-0.752891	275.467366	0.005306	26.3
298	-0.451667	275.052922	0.004504	29.1
299	-0.702057	274.640136	0.006024	27.5
300	-0.361610	274.228998	0.003250	27.8
301	-0.063794	273.819497	0.002193	28.5
302	-0.033723	273.411623	0.004199	27.6
303	-0.625744	273.005365	0.004699	26.9
304	-0.611050	272.600712	0.006725	28.5
305	-0.273015	272.197655	0.002956	27.7
306	-0.719389	271.796184	0.007518	29.3
307	-0.857885	271.396287	0.005884	27.5
308	-0.213748	270.997956	0.002292	27.8
309	-0.796773	270.601180	0.006380	27.7
310	-0.319779	270.205949	0.002697	28.2
311	-0.619377	269.812254	0.006078	28.5
312	-0.119006	269.420085	0.002561	27.8
313	-0.670060	269.029432	0.005397	26.9
314	-1.007732	268.640287	0.006961	28.2
315	-0.774190	268.252638	0.004602	26.8
316	-0.855555	267.866478	0.006015	29.6
317	-0.000000	267.481796	0.000000	27.6
318	-0.274778	267.098584	0.003389	29.1
319	-0.801834	266.716833	0.005160	29.6
320	-0.625828	266.336533	0.007966	26.6
321	-0.802496	265.957676	0.006404	27.9
322	-0.468309	265.580253	0.004654	27.5
323	-0.585258	265.204254	0.005937	26.8
324	-0.249383	264.829672	0.002788	28.7
325	-0.000000	264.456497	0.000000	27.6
326	-0.000000	264.084721	0.000000	28.2
327	-0.289443	263.714335	0.002804	27.5
328	-0.946814	263.345332	0.006334	28.6
329	-0.652704	262.977702	0.005528	27.8
330	-0.500469	262.611438	0.003579	27.7
331	-0.832963	262.246531	0.006131	26.9
332	-0.000000	261.882973	0.000000	28.5
333	-0.471049	261.520756	0.003970	27.7
334	-1.122234	261.159871	0.009541	28.3
335	-0.577834	260.800312	0.004652	27.9
336	-0.549411	260.442070	0.005801	27.6
337	-0.700517	260.085137	0.005057	26.4
338	-0.842477	259.729505	0.007141	28.5
339	-0.714898	259.375167	0.006595	27.2
340	-0.673582	259.022116	0.005381	28.2
341	-0.000988	258.670343	0.000217	29.0
342	-0.587740	258.319841	0.007384	26.9
343	-0.635274	257.970602	0.007646	27.6
344	-0.688899	257.622620	0.004942	27.7
345	-0.008282	257.275887	0.000200	27.8
346	-0.928356	256.930396	0.007719	26.4
347	-0.235794	256.586139	0.002518	29.4
348	-0.488325	256.243109	0.004322	28.1
349	-0.677781	255.901300	0.006899	28.0
350	-0.651646	255.560703	0.004555	28.4
351	-0.029235	255.221313	0.000905	28.2
352	-0.000000	254.883122	0.000000	27.5
353	-0.074946	254.546124	0.001160	28.9
354	-0.206316	254.210311	0.002552	28.6
355	-0.007682	253.875677	0.000165	26.9
356	-0.489904	253.542215	0.004827	27.6
357	-0.692649	253.209918	0.006165	28.4
358	-0.828091	252.878781	0.005373	27.9
359	-0.687386	252.548795	0.006266	26.0
360	-0.140427	252.219956	0.002696	28.2
361	-0.630051	251.892255	0.007215	27.5
362	-0.249796	251.565688	0.003363	26.5
363	-0.049752	251.240247	0.001694	28.6
364	-0.340814	250.915926	0.003229	26.2
365	-0.656803	250.592720	0.007550	28.7
366	-0.001993	250.270621	0.000476	28.1
367	-0.880282	249.949624	0.007249	28.1
368	-0.396272	249.629723	0.004487	26.2
369	-0.193075	249.310911	0.003633	28.8
370	-0.823115	248.993182	0.005972	28.1
371	-0.360393	248.676531	0.003501	25.9
372	-0.937194	248.360952	0.006648	29.2
373	-0.444682	248.046438	0.004822	29.1
374	-0.847227	247.732984	0.005238	28.1
375	-0.977115	247.420584	0.006805	26.9
376	-0.788191	247.109233	0.007229	28.8
377	-0.000000	246.798924	0.000000	28.3
378	-0.596281	246.489652	0.005864	26.9
379	-0.000000	246.181412	0.000000	28.5
380	-0.582406	245.874197	0.006842	26.9
381	-0.762346	245.568002	0.005680	27.2
382	-0.000000	245.262822	0.000000	28.2
383	-0.534993	244.958652	0.005433	28.6
384	-0.628129	244.655485	0.003605	27.8
385	-0.844603	244.353317	0.005354	26.2
386	-0.276035	244.052142	0.005328	28.6
387	-0.557143	243.751955	0.005379	27.3
388	-0.773949	243.452750	0.008186	27.6
389	-0.000000	243.154523	0.000000	28.3
390	-0.693824	242.857268	0.006660	27.8
391	-0.457535	242.560980	0.004930	29.2
392	-0.113034	242.265654	0.002434	28.9
393	-0.842042	241.971285	0.006095	28.7
394	-0.805131	241.677868	0.006967	27.8
395	-0.481166	241.385397	0.003407	27.5
396	-0.344465	241.093869	0.003143	27.0
397	-0.000000	240.803278	0.000000	28.2
398	-0.614750	240.513619	0.005592	27.0
399	-0.597311	240.224887	0.007024	28.0
400	-0.021892	239.937077	0.000866	28.3
401	-0.853028	239.650186	0.007080	25.6
402	-0.890770	239.364207	0.006534	27.6
403	-0.007162	239.079136	0.000934	27.6
404	-0.000000	238.794969	0.000000	27.2
405	-0.000000	238.511701	0.000000	28.4
406	-0.000000	238.229327	0.000000	28.3
407	-0.727393	237.947843	0.006846	28.6
408	-0.000000	237.667244	0.000000	27.6
409	-0.014458	237.387526	0.001386	28.4
410	-0.000000	237.108684	0.000000	26.5
411	-0.000000	236.830714	0.000000	27.1
412	-0.000000	236.553610	0.000000	28.4
413	-0.846205	236.277370	0.007166	26.4
414	-0.014609	236.001989	0.001311	27.3
415	-0.881141	235.727461	0.006071	27.8
416	-0.647304	235.453784	0.006104	26.6
417	-0.000000	235.180952	0.000000	27.5
418	-0.824485	234.908962	0.006305	28.7
419	-0.553197	234.637809	0.006477	28.5
420	-0.008535	234.367488	0.000065	26.6
421	-0.843935	234.097997	0.006442	27.9
422	-0.000000	233.829331	0.000000	27.3
423	-0.000000	233.561485	0.000000	30.1
424	-0.850589	233.294456	0.005824	26.5
425	-0.492406	233.028239	0.005202	29.2
426	-0.919959	232.762831	0.007832	27.7
427	-0.592181	232.498228	0.007102	26.4
428	-0.000000	232.234425	0.000000	28.6
429	-0.419297	231.971419	0.006139	26.5
430	-0.037634	231.709205	0.000759	27.8
431	-0.838709	231.447781	0.006937	27.9
432	-0.000000	231.187141	0.000000	27.6
433	-0.000000	230.927283	0.000000	25.9
434	-0.769913	230.668202	0.006105	29.5
435	-0.747652	230.409895	0.007120	27.8
436	-0.602155	230.152358	0.005027	28.4
437	-0.807295	229.895587	0.006745	27.6
438	-0.376325	229.639578	0.004600	27.4
439	-0.875133	229.384329	0.005516	28.2
440	-0.513754	229.129834	0.005928	26.5
441	-0.652823	228.876091	0.005651	28.6
442	-0.867798	228.623096	0.004811	28.0
443	-0.042197	228.370846	0.001607	27.3
444	-0.389650	228.119336	0.003929	27.5
445	-0.244370	227.868563	0.002942	28.9
446	-0.567232	227.618525	0.004807	26.7
447	-0.000083	227.369216	0.000024	29.7
448	-0.782999	227.120635	0.006162	26.9
449	-0.703358	226.872777	0.004719	29.2
450	-0.530137	226.625638	0.004354	28.2
451	-0.038630	226.379217	0.001270	27.8
452	-0.316706	226.133509	0.004405	27.5
453	-0.000000	225.888510	0.000000	25.8
454	-0.307919	225.644218	0.003065	28.9
455	-0.895491	225.400630	0.006480	27.5
456	-0.461752	225.157741	0.006055	27.8
457	-0.631116	224.915549	0.004333	28.2
458	-0.000000	224.674051	0.000000	28.7
459	-0.892919	224.433242	0.008282	26.6
460	-0.350542	224.193121	0.005422	28.3
461	-0.000000	223.953684	0.000000	28.1
462	-0.000000	223.714927	0.000000	27.5
463	-0.000000	223.476848	0.000000	26.9
464	-0.786283	223.239444	0.006789	28.0
465	-0.709342	223.002710	0.005039	26.2
466	-0.536396	222.766645	0.006356	28.6
467	-0.695698	222.531245	0.006693	28.8
468	-0.720488	222.296508	0.005200	29.9
469	-0.617154	222.062429	0.004025	27.3
470	-0.258249	221.829007	0.003766	28.7
471	-0.624765	221.596238	0.006626	27.3
472	-0.846573	221.364119	0.006222	26.7
473	-0.452710	221.132647	0.006641	29.4
474	-0.000000	220.901820	0.000000	27.5
475	-0.049610	220.671634	0.001904	27.8
476	-0.667603	220.442086	0.006268	27.9
477	-0.455814	220.213174	0.004124	28.0
478	-0.389552	219.984895	0.004675	28.5
479	-0.792759	219.757246	0.005236	25.7
480	-0.706338	219.530224	0.008243	28.3
481	-0.643359	219.303826	0.007079	27.6
482	-0.719871	219.078050	0.005590	28.2
483	-0.000000	218.852893	0.000000	28.4
484	-0.001756	218.628352	0.000066	26.3
485	-0.130079	218.404424	0.003078	27.6
486	-0.744944	218.181106	0.006588	28.1
487	-0.000000	217.958397	0.000000	27.8
488	-0.740121	217.736292	0.006038	28.1
489	-0.233405	217.514790	0.002591	26.6
490	-0.035908	217.293888	0.002125	29.8
491	-0.000001	217.073584	0.000000	28.0
492	-0.424339	216.853873	0.005226	27.3
493	-0.169469	216.634755	0.003536	27.8
494	-0.174891	216.416227	0.002310	27.1
495	-0.000000	216.198285	0.000000	25.7
496	-0.106965	215.980927	0.002427	28.2
497	-0.904197	215.764151	0.006684	27.5
498	-0.209557	215.547955	0.002737	28.0
499	-0.660938	215.332335	0.006511	28.1
500	-0.606844	215.117289	0.006284	28.0
501	-0.630303	214.902815	0.005875	27.6
502	-0.105881	214.688911	0.001894	28.3
503	-0.950684	214.475573	0.005439	27.8
504	-0.826099	214.262800	0.005487	25.4
505	-0.000000	214.050588	0.000000	28.1
506	-0.080607	213.838936	0.001671	26.4
507	-0.170988	213.627842	0.002413	27.8
508	-0.759363	213.417302	0.005656	26.6
509	-0.524473	213.207314	0.005488	27.1
510	-0.698491	212.997877	0.006881	27.5
511	-0.750436	212.788987	0.007815	28.1
512	-0.428035	212.580642	0.005324	26.6
513	-0.038883	212.372841	0.001133	28.4
514	-0.000000	212.165581	0.000000	34.8
515	-0.779105	211.958859	0.005439	27.1
516	-0.935366	211.752673	0.006011	27.9
517	-0.348834	211.547021	0.005145	25.6
518	-0.051541	211.341902	0.003259	29.0
519	-0.000865	211.137311	0.000073	25.9
520	-0.000000	210.933248	0.000000	28.1
521	-0.789739	210.729710	0.006155	28.5
522	-1.099784	210.526695	0.007606	29.4
523	-0.341038	210.324200	0.004515	28.1
524	-0.194027	210.122224	0.003568	28.3
525	-0.248569	209.920765	0.003225	30.0
526	-0.853069	209.719820	0.006038	27.8
527	-0.000048	209.519387	0.000014	29.1
528	-0.188381	209.319463	0.001901	28.5
529	-0.123997	209.120048	0.001623	29.9
530	-0.202789	208.921139	0.003980	28.1
531	-0.716307	208.722733	0.005083	28.4
532	-0.714540	208.524829	0.007289	28.7
533	-0.000000	208.327425	0.000000	28.2
534	-0.668746	208.130518	0.005046	26.1
535	-0.675032	207.934107	0.006396	27.9
536	-0.000000	207.738189	0.000000	27.2
537	-0.000000	207.542762	0.000000	27.0
538	-0.000262	207.347825	0.000040	28.1
539	-0.000000	207.153376	0.000000	29.1
540	-0.680983	206.959412	0.005676	28.2
541	-0.000000	206.765932	0.000000	28.9
542	-0.482393	206.572933	0.002913	29.9
543	-0.819488	206.380414	0.004973	30.5
544	-0.021440	206.188373	0.002531	30.0
545	-0.424848	205.996807	0.004143	28.5
546	-0.574790	205.805716	0.006889	26.1
547	-0.520564	205.615096	0.004278	29.0
548	-0.000000	205.424946	0.000000	27.6
549	-0.546785	205.235265	0.005072	27.3
550	-0.800782	205.046050	0.007283	27.6
551	-0.788498	204.857299	0.005430	29.1
552	-0.705517	204.669011	0.005691	28.0
553	-0.934145	204.481184	0.006381	29.1
554	-0.478070	204.293816	0.006376	29.0
555	-0.899655	204.106905	0.007563	29.1
556	-0.960463	203.920449	0.006217	27.3
557	-0.424220	203.734447	0.005234	28.5
558	-0.000000	203.548896	0.000000	28.5
559	-0.838679	203.363795	0.006730	29.6
560	-0.953929	203.179143	0.005702	26.5
561	-0.718480	202.994937	0.007057	27.9
562	-0.000000	202.811176	0.000000	27.3
563	-0.643628	202.627857	0.005130	28.3
564	-0.258693	202.444980	0.002415	26.9
565	-0.944820	202.262543	0.007118	28.5
566	-0.107946	202.080543	0.001160	27.0
567	-0.812655	201.898979	0.005717	28.4
568	-0.354909	201.717849	0.003312	29.0
569	-0.716060	201.537153	0.005475	29.1
570	-0.550915	201.356887	0.006312	28.7
571	-0.006798	201.177050	0.001350	28.6
572	-0.000000	200.997642	0.000000	29.8
573	-0.915438	200.818659	0.005793	28.1
574	-0.587262	200.640100	0.005953	27.5
575	-0.463559	200.461965	0.005973	26.9
576	-0.000000	200.284250	0.000000	27.8
577	-0.696123	200.106955	0.007230	27.2
578	-0.936688	199.930078	0.006049	27.1
579	-0.000915	199.753617	0.000070	27.1
580	-0.010973	199.577571	0.000431	27.8
581	-0.004261	199.401938	0.000380	28.3
582	-0.781930	199.226717	0.004729	28.4
583	-0.823782	199.051905	0.006293	29.1
584	-0.267545	198.877502	0.003443	28.9
585	-0.000000	198.703506	0.000000	30.2
586	-0.423276	198.529916	0.003869	31.0
587	-0.575452	198.356729	0.007343	28.5
588	-0.456391	198.183944	0.006319	27.2
589	-0.227473	198.011560	0.002967	28.9
590	-0.416707	197.839576	0.004356	29.2
591	-0.125275	197.667989	0.002784	28.5
592	-0.000000	197.496798	0.000000	29.2
593	-0.698017	197.326002	0.007494	28.8
594	-0.000353	197.155600	0.000216	30.6
595	-0.560208	196.985589	0.006388	30.0
596	-0.223405	196.815969	0.002100	27.7
597	-0.501812	196.646738	0.007422	28.8
598	-0.777918	196.477894	0.004823	29.6
599	-0.000000	196.309436	0.000000	29.6
600	-0.001552	196.141363	0.000099	29.1
601	-0.909920	195.973673	0.006537	28.8
602	-0.946500	195.806365	0.006300	29.0
603	-0.000000	195.639437	0.000000	29.2
604	-0.347888	195.472888	0.003785	28.6
605	-0.891683	195.306717	0.006925	26.2
606	-0.037395	195.140922	0.000637	28.9
607	-0.000000	194.975501	0.000000	27.8
608	-0.000000	194.810454	0.000000	26.8
609	-0.769977	194.645779	0.003999	28.7
610	-0.961010	194.481475	0.007338	29.5
611	-0.615493	194.317540	0.005654	28.9
612	-0.573330	194.153973	0.004554	26.6
613	-0.177913	193.990773	0.002578	28.7
614	-0.000000	193.827938	0.000000	30.5
615	-0.000000	193.665467	0.000000	28.9
616	-0.000000	193.503358	0.000000	29.4
617	-0.850628	193.341611	0.005235	27.6
618	-0.069065	193.180224	0.001773	29.4
619	-0.270413	193.019196	0.004475	29.0
620	-0.301881	192.858525	0.002769	28.1
621	-0.315446	192.698210	0.004916	28.4
622	-0.901638	192.538251	0.007182	27.7
623	-0.005726	192.378644	0.000177	27.7
624	-0.605594	192.219391	0.005377	26.8
625	-0.782629	192.060488	0.006556	29.3
626	-0.618166	191.901935	0.007139	28.4
627	-0.451802	191.743730	0.005941	28.0
628	-0.142367	191.585873	0.003328	28.5
629	-0.682249	191.428362	0.006971	30.4
630	-0.720892	191.271196	0.004970	29.0
631	-0.000000	191.114374	0.000000	26.8
632	-0.944589	190.957893	0.005736	28.0
633	-0.747480	190.801755	0.006197	28.0
634	-0.370101	190.645956	0.005356	27.4
635	-0.942280	190.490495	0.006207	29.9
636	-0.031199	190.335373	0.000208	27.3
637	-0.640151	190.180587	0.005615	28.9
638	-0.575666	190.026136	0.005207	26.7
639	-0.000000	189.872019	0.000000	28.0
640	-0.000000	189.718235	0.000000	27.5
641	-0.771223	189.564782	0.006346	28.5
642	-0.041441	189.411661	0.000487	29.1
643	-0.668763	189.258868	0.006929	28.5
644	-0.404435	189.106404	0.003291	28.7
645	-0.144972	188.954267	0.001734	27.6
646	-0.830651	188.802456	0.006542	29.3
647	-0.794726	188.650969	0.005411	27.9
648	-0.834703	188.499807	0.005406	28.7
649	-0.000000	188.348967	0.000000	27.2
650	-0.268629	188.198448	0.003926	27.3
651	-0.239747	188.048250	0.003820	27.4
652	-0.779046	187.898371	0.005814	27.9
653	-0.063017	187.748810	0.001981	28.5
654	-0.601722	187.599566	0.006407	29.9
655	-0.000000	187.450638	0.000000	28.0
656	-0.663452	187.302025	0.005200	27.9
657	-0.000000	187.153725	0.000000	29.4
658	-0.880531	187.005739	0.006698	28.2
659	-0.659070	186.858064	0.007736	29.1
660	-0.863965	186.710699	0.006439	28.2
661	-0.370812	186.563645	0.004130	29.8
662	-0.000000	186.416898	0.000000	27.9
663	-0.000000	186.270459	0.000000	28.8
664	-0.797336	186.124326	0.004674	28.5
665	-0.536952	185.978499	0.006436	29.1
666	-0.969594	185.832976	0.005839	29.9
667	-0.547613	185.687756	0.006128	27.5
668	-0.864125	185.542838	0.006359	26.7
669	-0.806365	185.398222	0.005387	27.9
670	-0.966197	185.253906	0.007102	26.5
671	-0.000000	185.109889	0.000000	28.9
672	-0.681939	184.966170	0.005210	27.5
673	-0.000000	184.822748	0.000000	27.4
674	-0.000000	184.679623	0.000000	28.2
675	-0.385816	184.536792	0.006068	29.4
676	-0.584893	184.394256	0.005977	28.5
677	-0.355225	184.252013	0.003775	28.3
678	-0.000000	184.110062	0.000000	28.8
679	-0.768976	183.968403	0.005080	30.6
680	-0.930497	183.827034	0.006521	28.0
681	-0.367410	183.685954	0.003867	25.7
682	-0.488340	183.545163	0.003412	28.4
683	-0.023471	183.404658	0.000275	27.2
684	-0.133458	183.264441	0.001968	27.5
685	-0.607312	183.124509	0.006215	27.1
686	-0.502269	182.984861	0.003847	29.1
687	-0.660903	182.845497	0.007404	28.2
688	-0.000000	182.706416	0.000000	28.6
689	-0.000000	182.567616	0.000000	27.7
690	-0.000000	182.429098	0.000000	28.9
691	-0.476201	182.290859	0.005435	26.9
692	-0.353723	182.152899	0.002977	28.7
693	-0.645690	182.015217	0.007554	28.0
694	-0.477975	181.877813	0.004857	28.0
695	-0.000000	181.740684	0.000000	28.6
696	-0.526171	181.603832	0.005155	27.8
697	-0.000000	181.467253	0.000000	27.8
698	-0.239251	181.330948	0.003027	26.0
699	-0.253145	181.194916	0.003323	28.0
700	-0.745982	181.059155	0.006581	28.1
701	-0.000000	180.923666	0.000000	27.7
702	-1.007279	180.788446	0.006393	29.1
703	-0.000000	180.653496	0.000000	27.4
704	-0.843806	180.518814	0.006747	28.1
705	-0.196421	180.384399	0.002966	28.5
706	-0.162480	180.250251	0.002941	28.0
707	-0.864068	180.116369	0.005762	25.9
708	-0.933655	179.982752	0.005123	28.3
709	-0.538748	179.849398	0.007224	27.9
710	-0.733156	179.716308	0.007051	27.5
711	-0.635722	179.583480	0.005402	27.8
712	-0.733289	179.450913	0.006792	28.1
713	-0.708246	179.318607	0.006256	26.8
714	-0.635175	179.186561	0.006592	27.6
715	-0.509411	179.054774	0.003504	28.3
716	-0.883990	178.923245	0.005636	26.9
717	-0.145830	178.791973	0.002722	28.8
718	-0.717737	178.660958	0.007180	27.9
719	-0.626656	178.530199	0.005592	26.9
720	-0.964478	178.399694	0.007477	27.6
721	-0.000000	178.269444	0.000000	28.7
722	-0.554614	178.139447	0.005469	27.5
723	-0.508090	178.009702	0.006201	27.8
724	-0.039792	177.880209	0.001437	28.3
725	-0.401657	177.750967	0.005127	29.6
726	-0.634184	177.621975	0.006194	28.3
727	-0.648934	177.493232	0.004749	27.6
728	-0.204397	177.364738	0.002811	28.0
729	-0.695752	177.236492	0.006666	27.5
730	-0.886291	177.108492	0.004941	27.6
731	-0.882617	176.980739	0.007639	27.3
732	-0.051485	176.853231	0.001341	28.4
733	-0.664917	176.725968	0.006647	26.2
734	-0.487807	176.598949	0.005226	28.5
735	-0.101022	176.472173	0.001950	27.2
736	-0.621697	176.345639	0.006276	27.9
737	-0.256325	176.219348	0.003885	28.7
738	-0.000000	176.093296	0.000000	28.6
739	-0.427372	175.967486	0.005885	26.4
740	-0.211679	175.841914	0.002166	27.5
741	-0.712755	175.716581	0.005327	27.3
742	-0.000000	175.591486	0.000000	29.4
743	-0.423127	175.466629	0.005206	28.3
744	-0.776544	175.342008	0.005479	28.2
745	-0.000000	175.217622	0.000000	28.3
746	-0.702099	175.093472	0.008512	25.9
747	-0.296805	174.969556	0.002723	29.0
748	-0.945044	174.845873	0.006371	27.6
749	-0.918774	174.722423	0.008390	27.1
750	-0.898402	174.599206	0.005057	28.2
751	-0.012480	174.476220	0.000671	28.0
752	-0.719915	174.353464	0.006981	28.8
753	-0.070560	174.230939	0.000927	27.6
754	-0.466623	174.108643	0.003107	28.4
755	-0.138859	173.986576	0.002553	27.7
756	-0.833786	173.864737	0.005456	26.2
757	-0.074263	173.743124	0.001886	29.0
758	-0.299858	173.621739	0.004469	27.8
759	-0.000000	173.500579	0.000000	26.4
760	-0.232141	173.379645	0.003105	28.1
761	-0.000000	173.258935	0.000000	26.7
762	-0.879636	173.138449	0.007398	27.5
763	-0.060159	173.018186	0.001109	28.0
764	-0.537968	172.898146	0.007787	27.5
765	-0.399890	172.778327	0.003886	27.9
766	-0.964402	172.658730	0.007333	26.7
767	-0.021106	172.539353	0.000653	28.2
768	-0.624120	172.420196	0.004870	26.7
769	-0.000000	172.301258	0.000000	29.5
770	-0.612829	172.182539	0.006233	28.4
771	-0.342980	172.064037	0.002728	27.6
772	-0.406580	171.945753	0.004098	27.7
773	-0.793510	171.827686	0.006270	30.6
774	-0.664184	171.709834	0.005732	28.1
775	-0.000000	171.592198	0.000000	27.3
776	-0.788546	171.474776	0.005303	29.1
777	-0.081404	171.357568	0.002139	29.6
778	-0.386528	171.240574	0.004732	28.5
779	-0.000000	171.123793	0.000000	26.5
780	-0.761497	171.007223	0.006930	29.3
781	-0.791758	170.890865	0.006713	28.7
782	-0.003014	170.774718	0.000102	26.3
783	-0.000000	170.658782	0.000000	28.8
784	-0.463723	170.543055	0.006462	29.4
785	-0.015494	170.427537	0.000658	27.2
786	-0.029567	170.312227	0.001157	27.4
787	-0.820770	170.197125	0.007269	26.9
788	-0.081020	170.082231	0.001449	28.7
789	-0.835200	169.967543	0.006424	27.2
790	-0.906913	169.853061	0.006451	28.0
791	-0.137688	169.738784	0.003524	27.4
792	-0.861541	169.624713	0.006781	27.4
793	-0.000000	169.510845	0.000000	28.1
794	-0.269716	169.397181	0.004255	29.3
795	-0.384188	169.283720	0.002926	27.6
796	-0.597779	169.170462	0.004443	27.1
797	-0.000000	169.057405	0.000000	29.2
798	-0.827666	168.944549	0.005754	26.8
799	-0.000000	168.831895	0.000000	27.4
800	-0.728449	168.719440	0.005094	28.0
801	-0.000000	168.607185	0.000000	27.8
802	-0.034819	168.495129	0.000590	27.4
803	-0.423455	168.383271	0.005455	26.5
804	-0.008348	168.271611	0.000303	28.3
805	-0.799406	168.160148	0.006736	27.5
806	-0.619491	168.048882	0.006529	27.9
807	-0.709617	167.937812	0.004484	27.4
808	-0.889173	167.826938	0.004759	27.9
809	-0.659552	167.716258	0.006293	28.5
810	-0.371754	167.605773	0.003936	28.8
811	-0.792358	167.495482	0.007390	26.9
812	-0.738304	167.385384	0.006522	27.5
813	-0.049327	167.275479	0.001717	28.5
814	-0.636616	167.165766	0.004637	28.0
815	-0.843341	167.056245	0.005050	27.7
816	-0.114892	166.946915	0.001615	27.5
817	-0.000000	166.837776	0.000000	27.5
818	-0.922576	166.728826	0.006759	27.8
819	-0.000000	166.620067	0.000000	26.8
820	-0.947466	166.511496	0.006240	27.6
821	-0.000000	166.403113	0.000000	27.8
822	-0.000000	166.294919	0.000000	28.0
823	-0.606620	166.186912	0.004118	27.5
824	-0.853938	166.079091	0.006144	25.4
825	-0.438479	165.971458	0.003256	28.6
826	-0.461686	165.864009	0.005817	27.4
827	-0.026025	165.756747	0.000210	26.7
828	-0.872534	165.649669	0.004229	29.4
829	-0.166289	165.542775	0.002478	27.5
830	-0.000000	165.436065	0.000000	28.1
831	-0.450079	165.329538	0.006006	27.9
832	-1.041834	165.223194	0.007808	27.9
833	-0.007515	165.117032	0.000756	26.4
834	-0.642000	165.011052	0.008265	28.8
835	-0.924459	164.905253	0.006557	27.6
836	-0.000000	164.799635	0.000000	29.2
837	-0.820590	164.694197	0.007293	27.7
838	-0.824537	164.588939	0.006741	28.6
839	-0.208149	164.483859	0.002606	27.2
840	-0.000465	164.378959	0.000080	27.7
841	-0.850165	164.274237	0.005100	26.8
842	-0.044030	164.169692	0.001451	28.1
843	-0.434312	164.065325	0.005038	28.2
844	-0.670519	163.961135	0.006834	29.3
845	-0.657694	163.857120	0.006185	29.2
846	-0.762552	163.753282	0.006193	29.1
847	-0.141772	163.649619	0.002730	25.9
848	-0.000029	163.546130	0.000017	29.8
849	-0.755959	163.442816	0.003564	29.8
850	-0.296335	163.339676	0.004429	30.0
851	-0.824261	163.236709	0.005224	28.8
852	-0.642600	163.133915	0.005758	28.0
853	-0.000000	163.031294	0.000000	28.3
854	-0.000000	162.928844	0.000000	28.9
855	-0.000000	162.826566	0.000000	26.4
856	-0.000000	162.724459	0.000000	29.3
857	-0.000000	162.622523	0.000000	29.4
858	-0.893827	162.520757	0.005587	29.1
859	-0.385832	162.419160	0.003650	28.0
860	-0.764232	162.317733	0.006047	29.2
861	-0.946839	162.216474	0.005594	27.6
862	-0.000000	162.115383	0.000000	27.3
863	-0.756538	162.014461	0.005382	28.9
864	-0.000000	161.913705	0.000000	29.5
865	-0.000000	161.813117	0.000000	31.8
866	-0.000000	161.712695	0.000000	27.9
867	-0.462935	161.612439	0.006078	29.0
868	-0.894144	161.512349	0.006378	26.7
869	-0.803065	161.412424	0.006799	28.2
870	-0.000000	161.312663	0.000000	25.9
871	-0.000088	161.213067	0.000016	28.6
872	-0.300426	161.113635	0.004459	27.2
873	-0.624143	161.014366	0.006886	27.6
874	-0.656463	160.915260	0.004697	28.0
875	-0.000000	160.816316	0.000000	26.8
876	-0.919808	160.717535	0.005862	28.1
877	-0.802863	160.618915	0.006488	28.9
878	-0.833771	160.520456	0.007317	28.6
879	-0.514668	160.422158	0.004250	27.4
880	-0.603611	160.324021	0.006295	27.9
881	-1.057303	160.226043	0.007456	28.6
882	-0.880653	160.128225	0.006022	26.9
883	-0.011890	160.030566	0.000479	28.0
884	-0.014571	159.933066	0.001230	27.0
885	-0.196192	159.835723	0.004307	28.1
886	-0.532330	159.738539	0.006369	27.9
887	-0.581828	159.641512	0.004100	28.1
888	-0.780050	159.544642	0.004487	27.7
889	-0.806385	159.447929	0.004279	25.8
890	-0.761401	159.351372	0.004505	28.6
891	-0.364423	159.254971	0.004762	27.7
892	-0.139063	159.158725	0.002449	26.9
893	-0.254874	159.062634	0.002397	28.0
894	-0.396472	158.966697	0.003929	28.1
895	-0.000044	158.870915	0.000015	27.5
896	-0.402715	158.775286	0.003815	27.7
897	-0.774675	158.679811	0.006877	27.7
898	-0.000000	158.584489	0.000000	27.2
899	-0.004115	158.489319	0.000249	26.3
900	-0.932986	158.394302	0.006991	28.3
901	-0.000000	158.299436	0.000000	26.3
902	-0.584214	158.204721	0.005332	27.6
903	-0.847422	158.110158	0.007372	27.1
904	-0.977133	158.015745	0.008024	27.2
905	-0.693268	157.921482	0.007194	27.8
906	-0.141440	157.827369	0.002164	27.0
907	-0.418698	157.733406	0.003377	28.2
908	-0.202484	157.639591	0.003088	27.5
909	-0.643253	157.545925	0.006471	29.1
910	-0.323033	157.452408	0.004661	26.0
911	-0.682599	157.359038	0.007635	28.4
912	-0.675652	157.265816	0.006231	29.1
913	-0.786223	157.172741	0.004654	27.4
914	-0.389527	157.079813	0.004584	27.8
915	-0.000000	156.987031	0.000000	27.4
916	-0.494404	156.894395	0.005094	28.8
917	-0.493616	156.801904	0.004936	28.0
918	-0.399964	156.709559	0.005172	27.9
919	-0.020259	156.617359	0.000346	28.0
920	-0.815482	156.525304	0.006777	26.1
921	-0.855085	156.433392	0.006017	28.6
922	-0.194022	156.341624	0.004820	28.1
923	-0.529114	156.250000	0.005339	28.1
924	-0.330829	156.158519	0.002999	28.6
925	-0.473246	156.067180	0.004178	27.5
926	-0.021280	155.975984	0.000715	29.0
927	-0.000000	155.884930	0.000000	27.6
928	-0.736857	155.794017	0.004564	29.5
929	-0.975845	155.703246	0.005576	28.0
930	-0.385052	155.612615	0.003358	28.9
931	-0.561292	155.522125	0.005088	26.8
932	-0.842068	155.431775	0.006417	29.3
933	-0.871087	155.341565	0.007482	27.3
934	-0.843514	155.251495	0.005301	28.5
935	-0.570817	155.161563	0.005705	28.8
936	-0.979081	155.071771	0.007368	29.5
937	-0.849722	154.982117	0.005700	28.1
938	-0.655791	154.892601	0.006520	28.4
939	-0.836731	154.803222	0.004786	27.8
940	-0.413812	154.713981	0.004850	29.6
941	-0.000000	154.624878	0.000000	27.7
942	-0.869954	154.535910	0.005628	28.2
943	-0.000023	154.447080	0.000037	28.2
944	-0.331557	154.358385	0.003070	27.4
945	-0.531203	154.269826	0.007093	27.7
946	-0.133929	154.181402	0.001979	27.0
947	-0.482284	154.093114	0.003824	28.1
948	-0.722106	154.004960	0.005166	28.1
949	-0.267773	153.916940	0.002426	28.6
950	-0.000000	153.829054	0.000000	30.2
951	-0.000000	153.741303	0.000000	27.6
952	-0.245414	153.653684	0.004172	28.2
953	-0.886263	153.566198	0.006006	28.1
954	-0.055405	153.478846	0.003757	29.9
955	-0.824974	153.391625	0.005307	27.9
956	-0.000000	153.304537	0.000000	28.4
957	-0.782485	153.217580	0.006210	29.2
958	-0.000000	153.130755	0.000000	27.2
959	-0.673781	153.044061	0.003777	27.0
960	-0.000000	152.957498	0.000000	28.4
961	-0.897423	152.871065	0.006744	27.5
962	-0.529088	152.784762	0.006132	28.3
963	-0.811305	152.698589	0.005076	27.1
964	-0.583701	152.612545	0.005192	28.3
965	-0.651618	152.526631	0.006870	27.5
966	-0.904060	152.440845	0.006810	29.4
967	-0.000000	152.355188	0.000000	33.8
968	-0.495435	152.269660	0.003749	27.6
969	-0.438128	152.184259	0.005133	29.3
970	-0.284739	152.098986	0.005158	29.0
971	-0.000000	152.013840	0.000000	28.0
972	-0.590068	151.928821	0.007242	27.9
973	-1.068819	151.843928	0.007002	28.2
974	-0.789933	151.759163	0.007238	27.8
975	-0.000000	151.674523	0.000000	27.1
976	-0.636496	151.590009	0.005649	29.2
977	-0.873748	151.505620	0.006197	28.6
978	-0.021219	151.421357	0.001301	27.8
979	-0.740482	151.337218	0.004718	27.8
980	-0.000000	151.253204	0.000000	28.2
981	-0.303343	151.169314	0.003841	27.0
982	-0.000000	151.085549	0.000000	28.8
983	-0.295425	151.001907	0.003122	27.9
984	-0.708996	150.918388	0.005921	26.7
985	-0.776036	150.834992	0.005214	28.8
986	-0.000000	150.751719	0.000000	28.6
987	-0.693311	150.668569	0.006057	28.8
988	-0.757054	150.585541	0.007219	28.0
989	-0.644985	150.502634	0.006718	28.7
990	-0.609406	150.419849	0.006431	27.8
991	-0.000000	150.337186	0.000000	27.2
992	-0.000000	150.254644	0.000000	29.3
993	-0.000000	150.172222	0.000000	27.8
994	-0.749014	150.089921	0.006491	28.9
995	-0.321714	150.007740	0.003613	27.6
996	-0.348116	149.925679	0.003232	28.3
997	-0.741332	149.843737	0.006482	27.4
998	-0.143984	149.761915	0.003261	28.3
999	-0.000605	149.680212	0.000031	27.9
1000	-0.749276	149.598627	0.006262	30.2
1001	-0.953418	149.517161	0.006482	27.5
1002	-0.000000	149.435814	0.000000	29.1
1003	-0.000000	149.354584	0.000000	28.1
1004	-0.362964	149.273472	0.002825	29.7
1005	-0.896903	149.192477	0.005086	28.4
1006	-0.662606	149.111599	0.006177	28.3
1007	-0.971204	149.030838	0.007005	28.8
1008	-0.576967	148.950194	0.006924	28.6
1009	-0.950302	148.869666	0.006036	29.0
1010	-0.000000	148.789253	0.000000	28.6
1011	-0.748338	148.708957	0.006589	28.3
1012	-0.218975	148.628776	0.003632	27.8
1013	-0.000000	148.548710	0.000000	28.4
1014	-0.830189	148.468759	0.005395	28.9
1015	-0.835227	148.388923	0.004794	28.0
1016	-0.000000	148.309201	0.000000	28.4
1017	-0.644548	148.229594	0.006101	26.0
1018	-0.874134	148.150100	0.004327	28.6
1019	-0.000000	148.070719	0.000000	27.2
1020	-0.046063	147.991452	0.001451	26.8
1021	-0.073073	147.912298	0.000715	29.6
1022	-0.290731	147.833257	0.003817	27.8
1023	-0.721386	147.754329	0.004313	28.2
1024	-0.846015	147.675512	0.003888	27.3
1025	-0.006851	147.596808	0.000387	27.2
1026	-0.588585	147.518216	0.006481	28.2
1027	-0.911218	147.439735	0.007557	26.2
1028	-0.714112	147.361365	0.005274	28.2
1029	-0.880966	147.283106	0.005717	26.0
1030	-0.824090	147.204958	0.006326	28.3
1031	-0.000078	147.126920	0.000014	26.9
1032	-0.000000	147.048993	0.000000	27.2
1033	-0.001959	146.971175	0.000112	28.1
1034	-0.219594	146.893468	0.002533	27.8
1035	-0.000000	146.815869	0.000000	26.4
1036	-0.840239	146.738380	0.005862	27.7
1037	-0.865394	146.661000	0.005508	27.7
1038	-0.352682	146.583729	0.003325	28.7
1039	-0.819365	146.506566	0.005056	28.1
1040	-0.008006	146.429511	0.000130	27.4
1041	-0.530205	146.352565	0.006452	26.2
1042	-0.520308	146.275726	0.005835	28.2
1043	-0.522936	146.198994	0.006470	28.8
1044	-0.817070	146.122370	0.006588	28.5
1045	-0.000000	146.045853	0.000000	27.3
1046	-0.901291	145.969442	0.005862	28.2
1047	-0.489360	145.893139	0.004360	26.6
1048	-0.000000	145.816941	0.000000	27.4
1049	-0.715573	145.740849	0.003880	27.1
1050	-0.260017	145.664863	0.002945	28.2
1051	-0.347083	145.588983	0.003746	25.7
1052	-0.923312	145.513208	0.007478	29.2
1053	-0.967616	145.437538	0.006402	26.9
1054	-0.000000	145.361973	0.000000	27.5
1055	-0.005754	145.286513	0.000456	28.1
1056	-0.000000	145.211157	0.000000	27.1
1057	-0.695823	145.135905	0.005794	27.5
1058	-0.690596	145.060757	0.006186	27.6
1059	-0.000000	144.985712	0.000000	28.4
1060	-0.483448	144.910771	0.003871	27.1
1061	-0.276131	144.835934	0.004259	26.9
1062	-0.025686	144.761199	0.003466	26.7
1063	-0.399088	144.686567	0.002501	27.9
1064	-0.512784	144.612037	0.005770	28.6
1065	-0.797381	144.537610	0.007069	27.3
1066	-0.000000	144.463285	0.000000	28.4
1067	-0.223721	144.389062	0.002795	27.3
1068	-0.676136	144.314940	0.006348	28.3
1069	-0.634244	144.240920	0.006902	28.1
1070	-0.215514	144.167001	0.003536	29.0
1071	-0.000000	144.093182	0.000000	28.0
1072	-0.714096	144.019465	0.007433	27.4
1073	-0.475418	143.945848	0.005975	28.4
1074	-0.000000	143.872331	0.000000	28.1
1075	-0.530911	143.798914	0.006485	29.6
1076	-0.038521	143.725597	0.000887	27.6
1077	-0.800016	143.652380	0.005397	28.3
1078	-0.541034	143.579262	0.004489	27.7
1079	-0.570469	143.506243	0.008366	27.2
1080	-0.928743	143.433323	0.006537	28.8
1081	-0.000000	143.360502	0.000000	27.6
1082	-0.092012	143.287780	0.002123	28.4
1083	-0.346449	143.215155	0.003439	27.4
1084	-0.848619	143.142629	0.006788	27.9
1085	-0.775606	143.070201	0.005038	28.8
1086	-0.549036	142.997870	0.005787	26.7
1087	-0.000000	142.925637	0.000000	28.1
1088	-0.672767	142.853501	0.007367	28.2
1089	-0.712107	142.781462	0.004729	26.4
1090	-0.344950	142.709519	0.003960	27.9
1091	-0.305979	142.637674	0.003371	27.3
1092	-0.000000	142.565924	0.000000	28.3
1093	-0.000000	142.494271	0.000000	27.9
1094	-0.000000	142.422714	0.000000	28.2
1095	-0.236214	142.351252	0.003160	28.2
1096	-0.226633	142.279886	0.001990	25.7
1097	-0.000083	142.208616	0.000021	29.1
1098	-0.801997	142.137440	0.006186	27.9
1099	-1.118553	142.066360	0.008733	27.0
1100	-1.083590	141.995374	0.009011	28.2
1101	-0.596630	141.924483	0.005021	27.2
1102	-0.694863	141.853685	0.004324	27.3
1103	-0.014828	141.782983	0.001302	28.4
1104	-0.931505	141.712373	0.007153	28.3
1105	-0.000000	141.641858	0.000000	26.3
1106	-0.401871	141.571436	0.005084	27.8
1107	-0.000000	141.501108	0.000000	28.5
1108	-0.006485	141.430872	0.001389	27.7
1109	-0.086713	141.360730	0.001598	28.2
1110	-0.001479	141.290680	0.000052	28.3
1111	-0.453605	141.220722	0.005325	28.2
1112	-0.033200	141.150857	0.000663	27.7
1113	-0.881730	141.081084	0.006339	27.4
1114	-0.683916	141.011403	0.006353	27.6
1115	-0.000000	140.941813	0.000000	27.0
1116	-0.000000	140.872315	0.000000	26.1
1117	-0.969129	140.802909	0.007642	27.6
1118	-1.087883	140.733593	0.007177	27.3
1119	-0.129218	140.664369	0.002309	27.4
1120	-0.000000	140.595235	0.000000	28.7
1121	-0.000000	140.526192	0.000000	27.4
1122	-0.000000	140.457239	0.000000	27.7
1123	-0.000000	140.388376	0.000000	27.3
1124	-0.822436	140.319603	0.005290	26.4
1125	-0.518995	140.250920	0.007041	29.3
1126	-0.776258	140.182326	0.005622	27.7
1127	-0.000000	140.113822	0.000000	26.6
1128	-0.000000	140.045407	0.000000	28.1
1129	-0.496230	139.977081	0.005525	28.8
1130	-0.000000	139.908844	0.000000	28.5
1131	-0.600955	139.840696	0.004227	28.0
1132	-0.000000	139.772635	0.000000	27.7
1133	-0.661525	139.704664	0.006751	27.9
1134	-0.000000	139.636780	0.000000	26.6
1135	-0.819510	139.568984	0.007715	29.1
1136	-0.780192	139.501276	0.008079	27.2
1137	-0.585350	139.433655	0.005339	27.6
1138	-0.954380	139.366122	0.008697	28.1
1139	-0.000000	139.298676	0.000000	27.7
1140	-0.581442	139.231317	0.006393	25.8
1141	-0.788819	139.164045	0.004815	27.7
1142	-0.727270	139.096859	0.005369	27.4
1143	-0.588000	139.029760	0.005523	27.9
1144	-0.000000	138.962747	0.000000	27.5
1145	-0.262895	138.895820	0.001827	28.3
1146	-0.861459	138.828978	0.004959	27.3
1147	-0.051199	138.762223	0.001624	28.4
1148	-0.000000	138.695553	0.000000	29.2
1149	-0.000000	138.628969	0.000000	28.9
1150	-0.688815	138.562469	0.007678	27.9
1151	-0.612923	138.496055	0.003179	28.5
1152	-0.802502	138.429725	0.007386	28.5
1153	-0.718837	138.363481	0.006404	27.9
1154	-0.917905	138.297320	0.007226	27.3
1155	-0.962868	138.231244	0.005790	28.2
1156	-0.747519	138.165252	0.006283	28.1
1157	-0.935944	138.099344	0.007608	26.2
1158	-0.538506	138.033520	0.005882	28.6
1159	-0.706499	137.967779	0.006789	27.1
1160	-0.000000	137.902122	0.000000	28.4
1161	-0.445631	137.836548	0.003972	28.7
1162	-0.953967	137.771057	0.005965	28.0
1163	-0.774058	137.705649	0.005090	26.0
1164	-0.551080	137.640324	0.006101	29.0
1165	-0.370608	137.575081	0.003488	28.8
1166	-0.385113	137.509921	0.004812	27.1
1167	-0.000000	137.444842	0.000000	27.8
1168	-0.772332	137.379846	0.003426	28.9
1169	-0.561028	137.314932	0.005137	27.0
1170	-0.561124	137.250100	0.006037	27.0
1171	-0.462196	137.185349	0.005099	28.3
1172	-0.874066	137.120680	0.005944	27.4
1173	-0.000000	137.056092	0.000000	26.6
1174	-0.492851	136.991585	0.004204	28.5
1175	-0.458578	136.927158	0.005122	26.7
1176	-0.328387	136.862813	0.004099	27.7
1177	-0.511082	136.798548	0.004156	28.4
1178	-0.628276	136.734363	0.004846	27.0
1179	-1.016652	136.670259	0.007011	27.3
1180	-0.087070	136.606235	0.001656	26.1
1181	-0.818241	136.542291	0.006678	28.0
1182	-0.053564	136.478426	0.002400	27.4
1183	-0.000640	136.414641	0.000503	28.3
1184	-0.714302	136.350936	0.004679	26.7
1185	-0.858358	136.287310	0.006100	27.5
1186	-0.333116	136.223763	0.003037	28.4
1187	-0.598127	136.160295	0.005859	26.8
1188	-0.223223	136.096905	0.002280	27.4
1189	-0.590295	136.033594	0.004100	27.3
1190	-0.000000	135.970362	0.000000	28.1
1191	-0.782404	135.907208	0.005648	28.0
1192	-0.695496	135.844133	0.004453	27.7
1193	-1.013758	135.781135	0.005968	27.7
1194	-0.580766	135.718215	0.004099	25.9
1195	-0.127186	135.655373	0.003249	28.8
1196	-0.346738	135.592608	0.003941	27.3
1197	-0.061512	135.529921	0.001860	27.0
1198	-0.000000	135.467311	0.000000	28.4
1199	-0.000687	135.404778	0.000077	27.6
1200	-0.813187	135.342322	0.004667	27.9
1201	-0.518727	135.279942	0.004293	28.6
1202	-0.007737	135.217640	0.000239	27.8
1203	-0.314111	135.155413	0.002673	28.1
1204	-0.017155	135.093263	0.000607	26.8
1205	-0.118069	135.031190	0.003440	29.1
1206	-0.673177	134.969192	0.007066	27.5
1207	-0.963496	134.907270	0.005814	26.9
1208	-0.592843	134.845424	0.004798	29.1
1209	-0.115857	134.783653	0.001959	26.7
1210	-0.965287	134.721958	0.005857	27.4
1211	-0.092006	134.660338	0.002015	28.3
1212	-0.832546	134.598793	0.006579	28.5
1213	-0.895950	134.537323	0.006340	25.8
1214	-0.832303	134.475927	0.005899	27.7
1215	-0.589100	134.414607	0.006785	26.8
1216	-0.743687	134.353361	0.006602	27.5
1217	-0.858483	134.292189	0.009179	27.0
1218	-0.858421	134.231092	0.005898	26.7
1219	-0.236381	134.170068	0.002135	28.8
1220	-0.890766	134.109119	0.005918	27.8
1221	-0.852571	134.048243	0.006094	26.9
1222	-0.483130	133.987441	0.004064	29.0
1223	-0.878091	133.926713	0.007187	27.7
1224	-0.412397	133.866057	0.003801	28.8
1225	-0.000989	133.805475	0.000087	27.9
1226	-0.243706	133.744966	0.002517	28.9
1227	-0.000000	133.684530	0.000000	28.4
1228	-0.921738	133.624167	0.006434	28.5
1229	-0.000000	133.563877	0.000000	28.8
1230	-0.606385	133.503658	0.006862	25.9
1231	-0.303512	133.443513	0.003801	28.7
1232	-0.718526	133.383439	0.006174	28.6
1233	-0.657907	133.323437	0.006194	27.1
1234	-0.884903	133.263508	0.007095	29.5
1235	-0.000000	133.203650	0.000000	27.0
1236	-0.747629	133.143864	0.005944	27.6
1237	-0.815483	133.084149	0.005234	28.8
1238	-0.000000	133.024506	0.000000	27.6
1239	-0.733979	132.964934	0.004485	28.3
1240	-0.917613	132.905433	0.005414	27.9
1241	-0.800980	132.846003	0.005467	27.0
1242	-0.000000	132.786643	0.000000	28.5
1243	-0.839241	132.727355	0.004956	27.9
1244	-0.647357	132.668137	0.004781	28.7
1245	-0.178531	132.608989	0.002855	27.7
1246	-0.625113	132.549912	0.005643	26.0
1247	-0.465683	132.490904	0.003774	28.8
1248	-0.577819	132.431967	0.006573	28.0
1249	-0.000000	132.373100	0.000000	27.1
1250	-0.904329	132.314302	0.006200	28.4
1251	-0.585112	132.255574	0.005912	27.8
1252	-0.734656	132.196916	0.005968	27.8
1253	-0.684388	132.138326	0.006901	26.8
1254	-0.638004	132.079806	0.006954	27.0
1255	-0.000000	132.021355	0.000000	27.8
1256	-0.731596	131.962973	0.004988	27.3
1257	-0.474834	131.904660	0.004959	28.5
1258	-0.338716	131.846415	0.004546	26.3
1259	-0.787644	131.788239	0.007225	28.4
1260	-0.629606	131.730131	0.006455	28.9
1261	-0.000432	131.672092	0.000013	26.9
1262	-0.617732	131.614121	0.007311	27.6
1263	-0.938200	131.556217	0.006917	28.0
1264	-0.345847	131.498382	0.003011	27.3
1265	-0.306328	131.440614	0.005158	27.9
1266	-0.915425	131.382914	0.005919	28.1
1267	-0.883608	131.325282	0.004858	27.0
1268	-0.000000	131.267717	0.000000	27.8
1269	-0.782356	131.210219	0.006421	27.8
1270	-0.588661	131.152788	0.006725	27.0
1271	-0.000002	131.095424	0.000001	27.5
1272	-0.029908	131.038127	0.002378	26.6
1273	-0.103504	130.980897	0.002383	29.8
1274	-0.008743	130.923733	0.001052	27.9
1275	-0.679687	130.866636	0.004184	28.4
1276	-0.130196	130.809605	0.001915	28.2
1277	-0.357801	130.752641	0.004041	28.8
1278	-0.000000	130.695742	0.000000	26.7
1279	-0.000000	130.638910	0.000000	28.6
1280	-0.593036	130.582143	0.006931	27.1
1281	-0.846681	130.525442	0.004660	27.3
1282	-0.473194	130.468807	0.003826	28.6
1283	-0.772019	130.412237	0.004527	27.3
1284	-0.000000	130.355733	0.000000	27.4
1285	-0.000000	130.299294	0.000000	28.0
1286	-0.359607	130.242920	0.004197	27.3
1287	-1.055400	130.186611	0.006948	26.4
1288	-0.022048	130.130366	0.001099	29.1
1289	-0.000000	130.074187	0.000000	27.8
1290	-0.000000	130.018072	0.000000	28.4
1291	-0.151269	129.962022	0.003058	27.7
1292	-0.213247	129.906036	0.002580	28.6
1293	-0.000000	129.850114	0.000000	28.1
1294	-0.026046	129.794257	0.000996	28.0
1295	-0.859756	129.738463	0.006423	30.1
1296	-0.823976	129.682734	0.007063	29.7
1297	-0.097792	129.627068	0.002143	28.2
1298	-0.372815	129.571466	0.003153	28.5
1299	-0.301557	129.515927	0.003259	29.0
1300	-0.147814	129.460452	0.001973	28.3
1301	-0.051993	129.405040	0.001291	28.8
1302	-0.742712	129.349692	0.007040	27.8
1303	-0.880818	129.294406	0.006396	28.8
1304	-0.927219	129.239183	0.005418	27.6
1305	-0.736044	129.184024	0.004696	28.5
1306	-0.031891	129.128927	0.001572	26.2
1307	-0.698958	129.073892	0.004398	28.3
1308	-0.520506	129.018921	0.004980	27.2
1309	-0.614616	128.964011	0.007592	29.3
1310	-0.685151	128.909164	0.004822	28.4
1311	-0.703869	128.854379	0.005842	28.8
1312	-0.030563	128.799656	0.001124	26.4
1313	-0.000000	128.744995	0.000000	28.0
1314	-0.000000	128.690396	0.000000	27.3
1315	-0.520274	128.635858	0.003462	27.0
1316	-0.199844	128.581382	0.002634	28.5
1317	-0.699958	128.526968	0.007815	27.4
1318	-0.721608	128.472615	0.005071	27.6
1319	-0.001405	128.418323	0.000084	28.2
1320	-0.786402	128.364092	0.005970	27.7
1321	-0.526049	128.309922	0.005669	27.2
1322	-0.070011	128.255814	0.000967	26.0
1323	-0.741989	128.201766	0.005525	28.0
1324	-0.007946	128.147778	0.000036	27.0
1325	-0.245996	128.093852	0.002878	28.6
1326	-0.714265	128.039985	0.008298	27.7
1327	-0.000000	127.986180	0.000000	27.5
1328	-0.458131	127.932434	0.005772	28.2
1329	-0.605214	127.878749	0.005918	28.1
1330	-0.000043	127.825123	0.000005	28.1
1331	-0.000000	127.771558	0.000000	25.4
1332	-0.000000	127.718052	0.000000	28.2
1333	-0.000000	127.664606	0.000000	27.0
1334	-0.090937	127.611220	0.001842	28.6
1335	-0.423443	127.557893	0.003191	28.3
1336	-0.833893	127.504625	0.006022	27.4
1337	-0.000000	127.451417	0.000000	27.6
1338	-0.669113	127.398268	0.006035	28.2
1339	-0.210100	127.345178	0.001462	26.5
1340	-0.000000	127.292147	0.000000	27.7
1341	-0.349651	127.239175	0.004246	28.5
1342	-0.657845	127.186261	0.006930	27.4
1343	-0.890940	127.133407	0.005838	28.5
1344	-0.000000	127.080610	0.000000	28.6
1345	-0.506343	127.027872	0.005358	28.9
1346	-0.697688	126.975193	0.005703	27.6
1347	-0.610974	126.922572	0.007129	28.0
1348	-0.163396	126.870008	0.002133	28.0
1349	-0.886671	126.817503	0.005929	28.1
1350	-0.996425	126.765056	0.007575	26.3
1351	-0.801698	126.712667	0.005843	28.5
1352	-0.528807	126.660335	0.005634	27.4
1353	-0.481271	126.608061	0.006499	26.7
1354	-0.232330	126.555844	0.002704	26.4
1355	-0.004300	126.503685	0.000000	27.7
1356	-0.119194	126.451583	0.001618	28.2
1357	-0.559130	126.399538	0.005169	28.0
1358	-0.000000	126.347550	0.000000	27.4
1359	-0.529800	126.295619	0.005711	26.1
1360	-0.690613	126.243745	0.008048	29.1
1361	-0.000000	126.191928	0.000000	28.4
1362	-0.000000	126.140168	0.000000	26.7
1363	-0.781398	126.088464	0.007325	28.8
1364	-0.763740	126.036817	0.007182	27.9
1365	-0.000000	125.985226	0.000000	28.4
1366	-0.089311	125.933691	0.002000	27.9
1367	-0.001388	125.882212	0.000084	27.6
1368	-0.004278	125.830790	0.000153	27.0
1369	-0.704254	125.779423	0.004895	26.8
1370	-0.000000	125.728113	0.000000	29.1
1371	-0.000840	125.676858	0.000034	26.9
1372	-0.961315	125.625659	0.006729	27.9
1373	-0.035887	125.574515	0.000901	27.4
1374	-0.723659	125.523427	0.004428	28.4
1375	-0.549906	125.472394	0.004893	26.3
1376	-0.892106	125.421417	0.006654	28.4
1377	-0.601004	125.370495	0.005883	28.1
1378	-0.784741	125.319628	0.005863	27.8
1379	-0.000000	125.268815	0.000000	28.8
1380	-0.134339	125.218058	0.002904	28.2
1381	-0.794207	125.167356	0.006890	28.6
1382	-0.080627	125.116708	0.002120	27.3
1383	-0.618967	125.066115	0.006251	28.2
1384	-0.378517	125.015576	0.002653	27.6
1385	-0.816308	124.965092	0.005364	27.8
1386	-0.777426	124.914662	0.003949	27.3
1387	-0.250297	124.864287	0.004096	28.5
1388	-0.474682	124.813965	0.004706	27.6
1389	-0.013829	124.763698	0.001069	28.1
1390	-0.225720	124.713485	0.003918	28.8
1391	-0.829298	124.663325	0.006437	27.9
1392	-0.000000	124.613219	0.000000	26.4
1393	-0.565968	124.563167	0.005156	29.1
1394	-0.687702	124.513168	0.004623	27.6
1395	-0.696411	124.463223	0.007390	26.6
1396	-0.128856	124.413332	0.001747	28.6
1397	-0.000000	124.363493	0.000000	27.4
1398	-0.554003	124.313708	0.005901	28.0
1399	-1.042586	124.263976	0.007714	28.7
1400	-0.820122	124.214297	0.004980	28.3
1401	-0.000000	124.164671	0.000000	28.2
1402	-0.854217	124.115097	0.005350	26.2
1403	-0.363121	124.065577	0.004059	28.9
1404	-0.000000	124.016109	0.000000	28.2
1405	-0.512469	123.966693	0.004135	27.9
1406	-0.850580	123.917330	0.006201	27.3
1407	-0.646770	123.868020	0.006946	27.2
1408	-0.000000	123.818762	0.000000	26.2
1409	-0.772206	123.769556	0.006485	28.8
1410	-0.453854	123.720402	0.003482	27.5
1411	-0.815355	123.671300	0.006297	27.7
1412	-0.454235	123.622250	0.005364	27.3
1413	-0.000000	123.573252	0.000000	29.0
1414	-0.000000	123.524305	0.000000	27.5
1415	-0.066766	123.475411	0.002318	27.8
1416	-0.484911	123.426568	0.006926	27.6
1417	-0.487499	123.377776	0.005654	29.0
1418	-0.671494	123.329036	0.004858	26.6
1419	-0.518910	123.280347	0.005961	28.2
1420	-0.000816	123.231709	0.001408	28.2
1421	-0.872555	123.183122	0.005173	28.8
1422	-0.000000	123.134587	0.000000	29.3
1423	-0.000000	123.086102	0.000000	29.1
1424	-0.172135	123.037669	0.001861	27.7
1425	-0.811637	122.989286	0.005921	27.6
1426	-0.858006	122.940954	0.007513	27.9
1427	-0.853778	122.892672	0.006072	26.1
1428	-0.934505	122.844441	0.008937	27.5
1429	-0.313944	122.796261	0.003612	27.3
1430	-0.734983	122.748130	0.006062	28.0
1431	-0.807060	122.700050	0.004866	28.3
1432	-0.758771	122.652021	0.005702	28.4
1433	-0.000000	122.604041	0.000000	27.7
1434	-0.863294	122.556111	0.005057	27.5
1435	-0.741372	122.508232	0.004711	27.1
1436	-0.891060	122.460402	0.004951	28.3
1437	-0.217234	122.412622	0.004161	26.6
1438	-0.000000	122.364891	0.000000	27.7
1439	-0.366614	122.317210	0.004500	26.1
1440	-0.000000	122.269579	0.000000	28.2
1441	-0.000000	122.221997	0.000000	28.6
1442	-0.000708	122.174465	0.000013	27.5
1443	-0.424309	122.126981	0.005340	27.2
1444	-0.638347	122.079547	0.006578	27.1
1445	-0.484877	122.032162	0.006183	28.2
1446	-0.053236	121.984826	0.001882	27.5
1447	-0.472097	121.937539	0.005000	27.6
1448	-0.000000	121.890301	0.000000	27.4
1449	-0.000302	121.843112	0.000322	25.9
1450	-0.082792	121.795971	0.003675	29.1
1451	-0.304997	121.748879	0.003259	27.7
1452	-0.665104	121.701835	0.005788	27.2
1453	-0.859519	121.654840	0.007637	29.5
1454	-0.048930	121.607893	0.000624	28.6
1455	-0.077433	121.560994	0.001624	28.0
1456	-0.000000	121.514144	0.000000	28.6
1457	-0.000042	121.467342	0.000005	27.9
1458	-0.865628	121.420588	0.006208	28.7
1459	-0.442912	121.373882	0.005473	27.8
1460	-0.940219	121.327223	0.006379	28.4
1461	-0.509238	121.280613	0.003949	27.9
1462	-0.000000	121.234050	0.000000	27.7
1463	-0.677755	121.187535	0.004029	25.4
1464	-0.000000	121.141067	0.000000	29.2
1465	-0.659642	121.094647	0.008103	27.7
1466	-0.688852	121.048274	0.005460	26.1
1467	-0.446078	121.001949	0.007444	29.1
1468	-0.452466	120.955671	0.003059	27.2
1469	-0.777269	120.909440	0.004955	27.8
1470	-0.000000	120.863256	0.000000	28.9
1471	-0.000000	120.817119	0.000000	27.3
1472	-0.935931	120.771029	0.007518	27.9
1473	-0.847839	120.724986	0.006034	26.6
1474	-0.676064	120.678990	0.006322	28.2
1475	-0.000000	120.633040	0.000000	27.7
1476	-0.417470	120.587137	0.005030	27.5
1477	-0.005223	120.541281	0.000142	28.3
1478	-0.896583	120.495471	0.006630	26.1
1479	-0.867115	120.449707	0.005936	27.3
1480	-0.769998	120.403990	0.004673	28.2
1481	-0.498263	120.358319	0.004049	29.1
1482	-0.446924	120.312694	0.004886	26.4
1483	-0.560234	120.267115	0.004759	28.1
1484	-0.000000	120.221582	0.000000	28.2
1485	-0.817281	120.176096	0.007482	27.3
1486	-0.685832	120.130655	0.005400	29.5
1487	-0.871171	120.085260	0.006321	28.5
1488	-0.642069	120.039910	0.004658	27.4
1489	-1.074622	119.994606	0.006593	26.9
1490	-0.779945	119.949348	0.005644	28.5
1491	-0.128898	119.904135	0.001607	26.7
1492	-0.813570	119.858968	0.006079	28.5
1493	-0.370285	119.813846	0.004289	28.1
1494	-0.631114	119.768769	0.005829	28.3
1495	-0.521532	119.723738	0.003578	28.0
1496	-0.901136	119.678752	0.006119	28.3
1497	-0.317364	119.633810	0.004250	27.4
1498	-0.005721	119.588914	0.000159	28.0
1499	-0.831025	119.544062	0.006806	26.5
1500	-0.480622	119.499256	0.005908	28.5
1501	-0.931508	119.454494	0.005874	27.2
1502	-0.011043	119.409777	0.000288	28.1
1503	-0.854964	119.365104	0.005658	28.9
1504	-0.855311	119.320476	0.007029	28.8
1505	-0.974717	119.275893	0.005713	25.9
1506	-0.401450	119.231353	0.006000	28.6
1507	-0.981908	119.186859	0.007366	27.1
1508	-0.742148	119.142408	0.006167	27.9
1509	-0.540173	119.098002	0.004160	27.9
1510	-0.000000	119.053639	0.000000	28.0
1511	-0.040597	119.009321	0.000876	27.0
1512	-0.812028	118.965047	0.004959	28.1
1513	-0.034900	118.920816	0.002327	27.5
1514	-0.735970	118.876630	0.005890	28.2
1515	-0.951058	118.832487	0.004990	27.6
1516	-0.769130	118.788388	0.004226	27.7
1517	-0.108951	118.744332	0.001548	25.8
1518	-0.118814	118.700320	0.003430	28.5
1519	-0.000000	118.656352	0.000000	29.0
1520	-0.294944	118.612427	0.003882	26.2
1521	-0.000000	118.568545	0.000000	28.3
1522	-0.008460	118.524706	0.000202	27.7
1523	-0.000056	118.480911	0.000002	29.4
1524	-0.856872	118.437159	0.006718	27.3
1525	-0.000000	118.393450	0.000000	28.9
1526	-0.022820	118.349784	0.003226	27.5
1527	-1.085578	118.306160	0.008400	28.1
1528	-0.227054	118.262580	0.002629	26.3
1529	-0.815286	118.219042	0.005660	29.1
1530	-0.000000	118.175548	0.000000	27.1
1531	-0.732613	118.132095	0.006352	28.5
1532	-0.007294	118.088686	0.000126	28.7
1533	-0.001893	118.045319	0.000087	27.9
1534	-1.030170	118.001994	0.007102	25.6
1535	-0.000742	117.958712	0.000033	29.3
1536	-0.468775	117.915472	0.003708	27.5
1537	-0.928719	117.872274	0.007706	27.4
1538	-0.387042	117.829118	0.005830	26.7
1539	-0.000002	117.786005	0.000001	28.3
1540	-0.976372	117.742933	0.005899	27.3
1541	-0.151507	117.699904	0.002548	28.0
1542	-0.929225	117.656916	0.006478	27.3
1543	-0.561111	117.613971	0.004333	25.5
1544	-0.394096	117.571067	0.003597	29.1
1545	-0.000000	117.528205	0.000000	28.1
1546	-0.851305	117.485384	0.005899	26.7
1547	-0.769471	117.442605	0.006104	28.9
1548	-0.410193	117.399867	0.003028	28.0
1549	-0.798653	117.357171	0.005888	27.8
1550	-0.000000	117.314517	0.000000	28.2
1551	-0.008157	117.271903	0.000249	27.4
1552	-0.920038	117.229331	0.006863	27.8
1553	-0.003678	117.186800	0.000086	26.0
1554	-0.896382	117.144311	0.007050	28.0
1555	-0.349237	117.101862	0.003687	27.9
1556	-0.739519	117.059454	0.006410	27.6
1557	-0.000000	117.017087	0.000000	28.5
1558	-0.775840	116.974762	0.005167	26.4
1559	-0.709701	116.932476	0.007689	28.3
1560	-0.942913	116.890232	0.006784	28.9
1561	-0.000000	116.848028	0.000000	27.8
1562	-0.819664	116.805865	0.005603	26.4
1563	-0.003403	116.763743	0.000077	29.4
1564	-0.568831	116.721661	0.006250	27.1
1565	-0.000750	116.679619	0.000054	27.8
1566	-0.706976	116.637618	0.007101	28.3
1567	-0.864734	116.595657	0.004398	27.3
1568	-0.301875	116.553736	0.003805	27.4
1569	-0.968473	116.511855	0.005569	26.9
1570	-0.729591	116.470015	0.006516	28.8
1571	-0.697602	116.428214	0.006429	26.7
1572	-0.000000	116.386454	0.000000	28.0
1573	-0.985845	116.344733	0.006291	28.4
1574	-0.000000	116.303052	0.000000	28.3
1575	-0.696740	116.261412	0.004676	27.2
1576	-0.747754	116.219810	0.006538	28.1
1577	-0.408774	116.178249	0.003285	27.5
1578	-0.984648	116.136727	0.006013	27.5
1579	-0.009700	116.095245	0.000911	27.0
1580	-0.581802	116.053802	0.003601	28.4
1581	-0.518203	116.012398	0.005031	26.9
1582	-0.877799	115.971034	0.005630	28.8
1583	-0.000000	115.929710	0.000000	27.0
1584	-0.000000	115.888424	0.000000	28.0
1585	-0.000000	115.847178	0.000000	28.2
1586	-0.597343	115.805970	0.005925	27.6
1587	-0.152357	115.764802	0.002474	27.6
1588	-0.585867	115.723673	0.005693	26.8
1589	-0.025200	115.682583	0.001846	28.4
1590	-0.252925	115.641532	0.002760	25.9
1591	-0.001682	115.600519	0.002527	28.1
1592	-0.000000	115.559546	0.000000	27.2
1593	-0.789045	115.518610	0.006807	28.0
1594	-0.000000	115.477714	0.000000	27.7
1595	-0.241739	115.436856	0.002208	27.1
1596	-0.178573	115.396037	0.002860	27.7
1597	-0.867683	115.355256	0.005090	28.0
1598	-0.661747	115.314514	0.006886	28.4
1599	-0.434256	115.273810	0.004737	26.7
1600	-0.402807	115.233144	0.003413	28.4
1601	-0.416650	115.192517	0.004527	29.2
1602	-0.876983	115.151927	0.005489	26.3
1603	-0.725539	115.111376	0.006023	27.2
1604	-0.000000	115.070863	0.000000	28.0
1605	-0.706985	115.030388	0.005779	27.6
1606	-0.702149	114.989951	0.006967	28.5
1607	-0.848060	114.949551	0.004486	27.4
1608	-0.203020	114.909190	0.003247	28.7
1609	-1.083779	114.868866	0.007998	27.8
1610	-0.585232	114.828580	0.006025	28.2
1611	-0.851353	114.788332	0.005034	27.8
1612	-0.555024	114.748121	0.003716	27.9
1613	-0.803846	114.707948	0.006717	27.0
1614	-0.727573	114.667812	0.004551	29.0
1615	-0.816842	114.627714	0.006889	27.7
1616	-0.490367	114.587653	0.003757	28.2
1617	-0.912202	114.547629	0.006531	28.7
1618	-0.172791	114.507643	0.002157	28.0
1619	-0.350250	114.467693	0.004025	25.9
1620	-0.967530	114.427781	0.007116	28.3
1621	-0.580425	114.387907	0.005081	27.7
1622	-0.979975	114.348069	0.006097	26.3
1623	-0.989337	114.308268	0.008093	27.9
1624	-0.000000	114.268504	0.000000	26.4
1625	-0.807578	114.228777	0.006597	27.3
1626	-0.905865	114.189086	0.006042	28.5
1627	-0.730872	114.149433	0.005387	27.2
1628	-0.008494	114.109816	0.000289	27.9
1629	-0.924613	114.070235	0.006873	27.3
1630	-0.711049	114.030692	0.003959	28.2
1631	-0.788957	113.991185	0.006397	27.0
1632	-0.938015	113.951714	0.006047	27.5
1633	-0.541992	113.912280	0.004276	28.3
1634	-0.000000	113.872882	0.000000	26.0
1635	-0.358472	113.833521	0.003919	28.7
1636	-0.485383	113.794195	0.004825	27.3
1637	-0.753239	113.754906	0.006597	26.7
1638	-0.000044	113.715653	0.000003	28.4
1639	-0.902238	113.676437	0.007534	27.7
1640	-0.953859	113.637256	0.005848	28.0
1641	-0.878507	113.598111	0.007609	27.7
1642	-0.802374	113.559002	0.006323	27.8
1643	-0.453841	113.519929	0.005806	26.2
1644	-0.735538	113.480892	0.005739	28.0
1645	-0.000305	113.441891	0.000052	28.8
1646	-0.000000	113.402925	0.000000	29.1
1647	-0.903994	113.363995	0.006689	27.3
1648	-0.882440	113.325101	0.006071	27.7
1649	-0.025115	113.286242	0.001312	27.6
1650	-0.427464	113.247419	0.005260	27.8
1651	-0.000000	113.208631	0.000000	26.8
1652	-0.601261	113.169879	0.003889	28.6
1653	-0.896294	113.131162	0.006231	26.7
1654	-0.676630	113.092480	0.004752	28.5
1655	-0.730434	113.053833	0.006702	26.9
1656	-0.000000	113.015222	0.000000	27.9
1657	-0.000000	112.976646	0.000000	27.4
1658	-0.623513	112.938105	0.004824	27.6
1659	-0.024454	112.899599	0.001499	27.5
1660	-0.927157	112.861128	0.005625	26.7
1661	-0.940884	112.822692	0.007199	28.0
1662	-0.000000	112.784291	0.000000	27.7
1663	-0.652414	112.745924	0.006510	28.1
1664	-0.265671	112.707593	0.003368	28.6
1665	-0.566913	112.669296	0.007112	26.5
1666	-0.878270	112.631034	0.003847	28.3
1667	-0.116626	112.592806	0.001813	28.5
1668	-0.761492	112.554613	0.006277	28.7
1669	-0.808319	112.516455	0.005719	27.3
1670	-0.791931	112.478331	0.004510	28.4
1671	-0.646224	112.440241	0.006876	27.1
1672	-0.384310	112.402186	0.004339	27.6
1673	-0.849506	112.364165	0.007425	28.8
1674	-0.503214	112.326179	0.005607	29.3
1675	-0.265048	112.288227	0.002805	27.5
1676	-0.421386	112.250309	0.004804	26.8
1677	-0.928660	112.212425	0.008696	29.8
1678	-0.537111	112.174575	0.003946	28.1
1679	-0.887610	112.136759	0.005450	26.1
1680	-0.000000	112.098977	0.000000	29.0
1681	-0.874272	112.061229	0.005094	28.0
1682	-0.818807	112.023515	0.005128	27.1
1683	-0.466622	111.985834	0.005751	27.8
1684	-0.944268	111.948188	0.006718	28.4
1685	-0.921541	111.910575	0.007303	27.5
1686	-0.134204	111.872996	0.001985	27.6
1687	-0.000000	111.835450	0.000000	27.2
1688	-0.569353	111.797939	0.005689	27.4
1689	-0.512771	111.760460	0.004451	26.5
1690	-0.800925	111.723015	0.007543	28.6
1691	-0.056410	111.685604	0.002962	27.7
1692	-0.000000	111.648226	0.000000	27.5
1693	-0.792155	111.610881	0.007731	28.2
1694	-0.642052	111.573570	0.004396	28.1
1695	-0.691314	111.536292	0.007399	26.2
1696	-0.103482	111.499047	0.001277	28.6
1697	-0.000000	111.461835	0.000000	27.2
1698	-0.786419	111.424656	0.005503	26.7
1699	-0.558709	111.387510	0.005203	28.5
1700	-0.894584	111.350398	0.006953	27.4
1701	-0.572065	111.313318	0.005225	28.1
1702	-0.000000	111.276271	0.000000	28.2
1703	-0.000000	111.239257	0.000000	28.3
1704	-0.690154	111.202276	0.005431	26.2
1705	-1.057302	111.165328	0.007294	28.8
1706	-0.153586	111.128412	0.001961	28.0
1707	-0.062389	111.091529	0.001758	27.2
1708	-0.000000	111.054679	0.000000	27.9
1709	-0.613753	111.017861	0.006604	27.0
1710	-0.706279	110.981076	0.006194	29.5
1711	-0.000001	110.944323	0.000001	27.6
1712	-0.042723	110.907603	0.001004	28.3
1713	-0.831384	110.870915	0.006250	27.3
1714	-1.069403	110.834259	0.005798	27.1
1715	-0.000000	110.797636	0.000000	27.0
1716	-0.821932	110.761045	0.005139	29.1
1717	-0.506402	110.724486	0.004528	28.1
1718	-0.668910	110.687959	0.005229	27.7
1719	-0.941248	110.651465	0.006104	28.6
1720	-0.000000	110.615002	0.000000	25.7
1721	-0.857351	110.578572	0.004703	28.2
1722	-0.772710	110.542173	0.006809	28.4
1723	-0.000000	110.505807	0.000000	26.8
1724	-0.054743	110.469472	0.001604	28.0
1725	-0.520229	110.433169	0.004112	28.2
1726	-0.673039	110.396898	0.005007	28.2
1727	-0.894939	110.360659	0.008975	27.8
1728	-0.008360	110.324451	0.000219	27.9
1729	-0.700299	110.288276	0.004456	27.1
1730	-0.918098	110.252131	0.005164	28.1
1731	-0.564426	110.216019	0.003979	26.3
1732	-0.866903	110.179937	0.006937	27.7
1733	-0.709422	110.143888	0.005281	26.5
1734	-0.906205	110.107869	0.006303	28.5
1735	-0.380252	110.071882	0.004885	27.5
1736	-0.419654	110.035927	0.004946	26.2
1737	-0.842227	110.000003	0.006611	29.3
1738	-0.879978	109.964110	0.007041	27.4
1739	-0.725063	109.928248	0.005423	28.1
1740	-0.827683	109.892417	0.007349	27.5
1741	-0.010263	109.856618	0.000327	29.6
1742	-0.933138	109.820850	0.006653	28.7
1743	-0.886883	109.785112	0.006374	27.9
1744	-0.000000	109.749406	0.000000	28.1
1745	-0.000000	109.713730	0.000000	27.2
1746	-0.000000	109.678086	0.000000	27.8
1747	-0.354581	109.642472	0.003706	27.1
1748	-0.511418	109.606890	0.005790	27.4
1749	-0.305438	109.571337	0.004362	26.5
1750	-0.916494	109.535816	0.005824	30.1
1751	-0.946762	109.500326	0.007636	27.4
1752	-0.503565	109.464866	0.005728	27.6
1753	-0.000000	109.429436	0.000000	27.9
1754	-0.000000	109.394038	0.000000	28.5
1755	-0.972680	109.358669	0.005709	25.9
1756	-0.795096	109.323331	0.006256	27.8
1757	-0.088900	109.288024	0.001010	28.6
1758	-0.110085	109.252747	0.003989	27.3
1759	-0.742321	109.217501	0.005663	26.2
1760	-0.886331	109.182284	0.007170	29.0
1761	-0.000000	109.147098	0.000000	26.1
1762	-0.868376	109.111942	0.006214	27.8
1763	-0.816753	109.076817	0.006959	28.8
1764	-0.000000	109.041721	0.000000	27.0
1765	-0.936761	109.006656	0.006355	27.9
1766	-0.872524	108.971620	0.005984	28.3
1767	-0.094329	108.936615	0.002401	26.9
1768	-0.405614	108.901640	0.004709	26.8
1769	-0.802749	108.866694	0.005836	29.5
1770	-0.555858	108.831779	0.003745	27.0
1771	-0.903673	108.796893	0.006646	28.0
1772	-0.059290	108.762037	0.000648	28.1
1773	-0.009991	108.727211	0.000299	27.9
1774	-1.020667	108.692415	0.007691	27.6
1775	-0.003923	108.657648	0.000821	27.6
1776	-0.572985	108.622911	0.006335	28.7
1777	-0.965746	108.588203	0.007281	29.3
1778	-0.215685	108.553525	0.002751	28.3
1779	-0.000000	108.518877	0.000000	28.6
1780	-0.007725	108.484258	0.000165	27.6
1781	-0.000000	108.449668	0.000000	28.2
1782	-0.684759	108.415108	0.006794	27.2
1783	-0.209206	108.380578	0.003701	28.2
1784	-0.828834	108.346076	0.007063	27.0
1785	-0.000000	108.311604	0.000000	26.0
1786	-0.495151	108.277161	0.006073	29.3
1787	-0.602373	108.242747	0.004057	27.9
1788	-0.184481	108.208363	0.002231	29.0
1789	-0.686083	108.174007	0.003985	28.0
1790	-0.714869	108.139681	0.004641	28.2
1791	-0.415908	108.105383	0.005911	26.5
1792	-0.038922	108.071115	0.001042	28.4
1793	-0.930181	108.036875	0.006195	27.4
1794	-0.640490	108.002665	0.006122	27.9
1795	-0.000007	107.968483	0.000001	27.7
1796	-0.026931	107.934330	0.000701	28.5
1797	-0.001776	107.900206	0.000126	26.4
1798	-0.641968	107.866111	0.005050	27.6
1799	-0.366826	107.832044	0.003379	28.1
1800	-1.053466	107.798007	0.007349	27.1
1801	-0.000000	107.763997	0.000000	25.9
1802	-0.000000	107.730017	0.000000	29.4
1803	-0.837709	107.696065	0.005931	27.6
1804	-0.805946	107.662141	0.004460	28.1
1805	-0.702661	107.628246	0.006386	28.6
1806	-0.497036	107.594379	0.005147	27.5
1807	-0.954713	107.560541	0.006587	28.4
1808	-0.833505	107.526731	0.005846	26.3
1809	-0.000000	107.492949	0.000000	28.0
1810	-0.000000	107.459196	0.000000	27.8
1811	-0.000000	107.425471	0.000000	29.1
1812	-0.000000	107.391774	0.000000	28.5
1813	-0.834039	107.358106	0.005353	27.7
1814	-0.501922	107.324465	0.005324	27.3
1815	-0.272538	107.290853	0.003128	26.8
1816	-0.531186	107.257268	0.006412	27.9
1817	-0.828211	107.223712	0.007205	26.8
1818	-0.860063	107.190184	0.005734	29.5
1819	-0.000000	107.156683	0.000000	27.3
1820	-0.488661	107.123211	0.005764	27.4
1821	-0.000050	107.089766	0.000013	26.1
1822	-0.422261	107.056349	0.003510	28.3
1823	-0.044111	107.022960	0.000769	26.4
1824	-0.412539	106.989599	0.003115	27.9
1825	-0.000000	106.956265	0.000000	26.9
1826	-0.666748	106.922960	0.006677	27.6
1827	-0.688471	106.889681	0.005861	28.1
1828	-0.828527	106.856431	0.005534	26.8
1829	-0.000920	106.823208	0.000029	27.4
1830	-0.535246	106.790012	0.006380	26.6
1831	-0.467413	106.756844	0.005470	28.5
1832	-0.371014	106.723703	0.004235	26.1
1833	-0.684988	106.690590	0.006943	29.4
1834	-0.000000	106.657505	0.000000	27.4
1835	-0.680934	106.624446	0.005820	28.4
1836	-0.593638	106.591415	0.004407	28.3
1837	-0.457703	106.558411	0.005340	27.2
1838	-0.209035	106.525435	0.003204	27.7
1839	-0.026543	106.492485	0.001289	26.5
1840	-0.819386	106.459563	0.006526	28.4
1841	-0.652959	106.426668	0.005624	26.8
1842	-0.691161	106.393800	0.005705	29.0
1843	-0.907710	106.360959	0.008506	28.1
1844	-0.930657	106.328145	0.006675	27.2
1845	-0.797905	106.295358	0.005699	26.8
1846	-0.033044	106.262598	0.000794	29.2
1847	-0.808329	106.229865	0.006419	27.5
1848	-0.008488	106.197158	0.000330	27.4
1849	-0.000000	106.164479	0.000000	28.7
1850	-0.028571	106.131826	0.001759	29.1
1851	-0.487120	106.099201	0.005786	28.4
1852	-0.677762	106.066602	0.006564	27.7
1853	-0.591900	106.034029	0.008718	28.4
1854	-0.518896	106.001483	0.005490	28.6
1855	-0.583306	105.968964	0.003970	25.8
1856	-0.762453	105.936472	0.005044	28.7
1857	-0.872247	105.904006	0.004979	27.4
1858	-0.943185	105.871566	0.006583	27.3
1859	-0.000030	105.839153	0.000032	29.0
1860	-0.000000	105.806767	0.000000	27.3
1861	-0.105135	105.774407	0.001402	28.7
1862	-0.521747	105.742073	0.005273	29.5
1863	-0.000000	105.709766	0.000000	28.5
1864	-0.057285	105.677485	0.001813	29.1
1865	-0.385415	105.645230	0.005550	26.4
1866	-0.147982	105.613001	0.002740	27.9
1867	-0.512362	105.580799	0.004203	26.8
1868	-0.000000	105.548623	0.000000	28.1
1869	-0.696305	105.516473	0.005830	28.4
1870	-0.752000	105.484349	0.006416	28.6
1871	-0.834481	105.452251	0.004921	26.5
1872	-0.810729	105.420179	0.004397	28.3
1873	-0.941975	105.388133	0.006074	28.4
1874	-0.894907	105.356113	0.008043	27.3
1875	-0.004238	105.324119	0.000109	27.0
1876	-0.000092	105.292151	0.000020	29.4
1877	-0.000000	105.260209	0.000000	26.5
1878	-0.157284	105.228293	0.003523	27.3
1879	-0.832521	105.196402	0.006203	28.0
1880	-0.928529	105.164537	0.005901	27.8
1881	-0.919233	105.132698	0.006108	27.8
1882	-0.678304	105.100885	0.004707	26.9
1883	-0.754173	105.069097	0.004447	27.6
1884	-0.644223	105.037335	0.003808	28.0
1885	-0.786200	105.005598	0.005287	28.3
1886	-0.047983	104.973887	0.001123	30.5
1887	-0.803387	104.942202	0.007711	26.4
1888	-0.334160	104.910542	0.002884	27.5
1889	-0.616207	104.878907	0.007093	27.8
1890	-0.000000	104.847298	0.000000	27.2
1891	-0.293820	104.815715	0.003592	26.6
1892	-0.677323	104.784156	0.005776	29.5
1893	-0.746087	104.752623	0.005566	27.7
1894	-0.361545	104.721116	0.004169	27.7
1895	-0.000004	104.689633	0.000008	28.8
1896	-0.924746	104.658176	0.007832	27.5
1897	-0.460468	104.626744	0.004843	27.7
1898	-0.000044	104.595337	0.000009	26.5
1899	-0.737462	104.563955	0.006867	28.2
1900	-0.831855	104.532599	0.006262	27.3
1901	-0.393147	104.501267	0.004663	28.2
1902	-0.871457	104.469960	0.008486	27.5
1903	-1.046491	104.438679	0.006234	27.5
1904	-1.178502	104.407422	0.008261	26.5
1905	-0.567911	104.376191	0.005607	30.3
1906	-0.103631	104.344984	0.001169	27.8
1907	-0.498855	104.313802	0.003909	30.9
1908	-0.607755	104.282645	0.005089	28.6
1909	-0.646422	104.251513	0.005490	28.4
1910	-0.000000	104.220405	0.000000	27.9
1911	-0.000000	104.189323	0.000000	28.8
1912	-0.310819	104.158265	0.003775	27.1
1913	-0.000000	104.127231	0.000000	28.2
1914	-0.000000	104.096222	0.000000	28.1
1915	-0.000000	104.065238	0.000000	28.0
1916	-0.444786	104.034279	0.005389	28.6
1917	-0.371495	104.003344	0.003093	27.7
1918	-0.000000	103.972433	0.000000	25.7
1919	-0.002706	103.941547	0.000067	29.0
1920	-0.037897	103.910686	0.002053	28.1
1921	-0.000000	103.879849	0.000000	28.4
1922	-0.482780	103.849036	0.006282	28.7
1923	-0.675889	103.818248	0.007315	28.2
1924	-0.164588	103.787484	0.002083	26.4
1925	-0.713341	103.756744	0.005648	28.3
1926	-0.000000	103.726029	0.000000	27.8
1927	-0.059580	103.695338	0.000752	26.9
1928	-0.687843	103.664671	0.003703	28.2
1929	-0.772507	103.634028	0.006424	27.9
1930	-1.117804	103.603409	0.007833	28.8
1931	-1.010723	103.572814	0.006843	27.8
1932	-0.008715	103.542244	0.000429	28.4
1933	-0.014355	103.511698	0.000240	27.4
1934	-0.000000	103.481175	0.000000	27.7
1935	-0.224865	103.450677	0.003471	26.3
1936	-0.706667	103.420202	0.004580	28.6
1937	-0.000000	103.389752	0.000000	27.0
1938	-0.388510	103.359325	0.004854	28.1
1939	-0.000000	103.328922	0.000000	27.6
1940	-0.004323	103.298543	0.000207	27.5
1941	-0.954325	103.268188	0.005377	28.4
1942	-0.883013	103.237857	0.004874	27.7
1943	-0.048291	103.207549	0.001656	28.2
1944	-1.044854	103.177265	0.005650	25.5
1945	-0.467794	103.147005	0.003551	28.1
1946	-0.047179	103.116768	0.000733	26.6
1947	-0.004013	103.086556	0.000227	28.3
1948	-0.182291	103.056366	0.002166	27.9
1949	-0.000000	103.026200	0.000000	28.8
1950	-0.693529	102.996058	0.005526	26.6
1951	-0.618053	102.965939	0.004636	30.1
1952	-0.548977	102.935844	0.005890	26.6
1953	-0.000000	102.905772	0.000000	27.4
1954	-0.593560	102.875724	0.005904	27.2
1955	-0.623478	102.845699	0.005854	27.8
1956	-0.531503	102.815697	0.004100	27.5
1957	-0.361214	102.785719	0.005266	28.6
1958	-0.854520	102.755764	0.006154	27.8
1959	-0.000000	102.725832	0.000000	26.3
1960	-0.963444	102.695924	0.007743	28.4
1961	-0.002273	102.666038	0.000094	27.7
1962	-0.919404	102.636176	0.006844	27.2
1963	-0.628310	102.606337	0.006258	28.4
1964	-0.783758	102.576521	0.006801	28.1
1965	-0.015132	102.546728	0.000204	27.5
1966	-0.282434	102.516959	0.003491	27.9
1967	-0.810008	102.487212	0.006347	28.2
1968	-0.000000	102.457488	0.000000	28.9
1969	-0.863383	102.427788	0.004519	27.0
1970	-0.738858	102.398110	0.005516	28.3
1971	-0.000000	102.368455	0.000000	26.2
1972	-0.842354	102.338823	0.004073	27.5
1973	-0.748369	102.309214	0.006549	28.2
1974	-0.789200	102.279628	0.006385	28.6
1975	-0.001642	102.250064	0.000064	27.8
1976	-0.565112	102.220524	0.005432	28.8
1977	-0.778549	102.191006	0.004504	28.8
1978	-0.942947	102.161511	0.005831	28.2
1979	-0.000000	102.132038	0.000000	27.9
1980	-0.000010	102.102588	0.000003	27.9
1981	-0.487764	102.073161	0.006201	26.8
1982	-0.000000	102.043757	0.000000	28.2
1983	-1.012812	102.014375	0.006040	27.1
1984	-0.000000	101.985015	0.000000	29.5
1985	-0.006980	101.955678	0.000190	28.8
1986	-0.859386	101.926364	0.006172	29.7
1987	-0.000000	101.897072	0.000000	30.1
1988	-0.007840	101.867802	0.000286	29.6
1989	-0.176620	101.838555	0.002997	28.3
1990	-0.026294	101.809330	0.000318	26.9
1991	-0.000132	101.780128	0.000009	29.2
1992	-1.115654	101.750948	0.008591	29.4
1993	-0.000000	101.721790	0.000000	30.1
1994	-0.007988	101.692654	0.000801	29.1
1995	-0.842735	101.663541	0.005694	29.0
1996	-0.799731	101.634450	0.005983	29.8
1997	-0.000000	101.605381	0.000000	30.3
1998	-0.750329	101.576335	0.005974	29.4
1999	-0.000000	101.547310	0.000000	30.0
