1:ItNr	2:Metric	3:StepSize	4:||Gradient||	Time[ms]
0	-0.000000	627.201626	0.000000	748.9
1	-0.856490	623.504937	0.007083	29.6
2	-0.758943	619.865785	0.006559	29.7
3	-0.324428	616.282728	0.007153	27.4
4	-0.395982	612.754375	0.006306	28.7
5	-0.000000	609.279381	0.000000	28.4
6	-0.000000	605.856447	0.000000	30.7
7	-0.681473	602.484317	0.005122	30.3
8	-0.551970	599.161779	0.006201	30.0
9	-0.000000	595.887656	0.000000	29.1
10	-0.762343	592.660813	0.007546	29.9
11	-0.000000	589.480151	0.000000	32.2
12	-0.584089	586.344606	0.004536	28.6
13	-0.000000	583.253145	0.000000	29.2
14	-0.596036	580.204771	0.007578	28.1
15	-0.291630	577.198517	0.005207	30.1
16	-0.300897	574.233444	0.004537	28.7
17	-0.438425	571.308645	0.006436	30.7
18	-0.001701	568.423237	0.000107	28.7
19	-0.606596	565.576365	0.006137	29.6
20	-0.000000	562.767201	0.000000	30.0
21	-0.807065	559.994938	0.005052	29.7
22	-0.802592	557.258797	0.005218	28.4
23	-0.829071	554.558018	0.008120	28.5
24	-0.592213	551.891865	0.007613	31.1
25	-0.810435	549.259621	0.005671	30.1
26	-0.512032	546.660592	0.005719	30.8
27	-0.000000	544.094102	0.000000	29.3
28	-0.319952	541.559494	0.004260	31.6
29	-0.171164	539.056129	0.003618	27.4
30	-0.232212	536.583387	0.002759	30.4
31	-0.605398	534.140663	0.007313	30.4
32	-0.026190	531.727370	0.002426	30.9
33	-0.042695	529.342935	0.001352	29.2
34	-0.404871	526.986802	0.004945	29.5
35	-0.753253	524.658430	0.004738	28.7
36	-0.000000	522.357290	0.000000	30.7
37	-0.591727	520.082868	0.004548	30.9
38	-0.397365	517.834665	0.005186	29.7
39	-0.976034	515.612193	0.007919	30.9
40	-0.950335	513.414976	0.005114	30.5
41	-0.472151	511.242551	0.007348	29.8
42	-0.422250	509.094468	0.004966	29.3
43	-0.000078	506.970285	0.000049	30.0
44	-0.677658	504.869574	0.007301	30.0
45	-0.622963	502.791916	0.006123	29.4
46	-0.674736	500.736903	0.006559	29.7
47	-0.000000	498.704137	0.000000	34.3
48	-0.530853	496.693228	0.006576	29.2
49	-0.555228	494.703798	0.003914	29.9
50	-0.000000	492.735476	0.000000	30.2
51	-0.000009	490.787900	0.000009	28.7
52	-0.089529	488.860718	0.001804	29.1
53	-0.403267	486.953585	0.004899	29.1
54	-0.685811	485.066164	0.008005	30.1
55	-0.724375	483.198126	0.004838	29.5
56	-0.000000	481.349149	0.000000	29.5
57	-0.000000	479.518920	0.000000	30.0
58	-0.000000	477.707132	0.000000	29.6
59	-0.308832	475.913485	0.004149	29.9
60	-0.000000	474.137684	0.000000	29.8
61	-0.000000	472.379445	0.000000	29.7
62	-0.401766	470.638485	0.004970	28.3
63	-0.000000	468.914531	0.000000	28.8
64	-0.532924	467.207315	0.006230	29.7
65	-0.780861	465.516573	0.008389	29.4
66	-0.707980	463.842050	0.008987	27.8
67	-0.636398	462.183494	0.006341	29.1
68	-0.799113	460.540658	0.007300	29.5
69	-0.000214	458.913303	0.000108	30.7
70	-0.524891	457.301192	0.005273	29.5
71	-0.663126	455.704096	0.006670	29.8
72	-0.827810	454.121787	0.005346	29.1
73	-0.177003	452.554045	0.004997	30.5
74	-0.609169	451.000653	0.006282	29.7
75	-0.533106	449.461399	0.006627	29.5
76	-0.145821	447.936075	0.001431	27.8
77	0.000000	446.424477	0.000000	29.6
78	-0.104133	444.926406	0.002300	29.7
79	-0.027847	443.441666	0.000758	29.7
80	-0.000000	441.970065	0.000000	27.9
81	-0.000000	440.511415	0.000000	29.4
82	-0.248119	439.065533	0.003322	30.9
83	-0.276778	437.632238	0.005727	30.1
84	-0.748151	436.211351	0.007464	29.5
85	-0.000000	434.802701	0.000000	30.5
86	-0.186466	433.406117	0.003342	28.3
87	-0.421191	432.021430	0.004755	29.2
88	-0.000000	430.648479	0.000000	29.5
89	-0.018558	429.287101	0.000990	32.3
90	-0.454355	427.937140	0.006059	28.7
91	-0.866708	426.598440	0.005009	30.3
92	-0.760149	425.270849	0.006578	29.1
93	-0.000000	423.954220	0.000000	30.1
94	-0.000000	422.648404	0.000000	29.1
95	-0.597225	421.353259	0.006461	30.6
96	-0.329096	420.068643	0.007562	29.4
97	-0.047468	418.794419	0.004466	28.8
98	-0.353319	417.530451	0.004447	30.7
99	-0.035287	416.276604	0.000845	30.9
100	-0.000000	415.032748	0.000000	29.3
101	-0.495715	413.798754	0.005877	30.1
102	-0.362834	412.574495	0.005507	30.5
103	-0.833683	411.359849	0.004757	31.5
104	-0.484322	410.154691	0.004272	30.5
105	-0.835888	408.958904	0.007937	30.6
106	-0.021309	407.772368	0.001416	31.2
107	-0.790807	406.594968	0.005739	28.9
108	-0.542773	405.426590	0.007162	30.6
109	-0.000000	404.267122	0.000000	29.4
110	-0.000000	403.116456	0.000000	29.9
111	-0.404461	401.974481	0.005143	30.9
112	-0.288962	400.841093	0.004145	29.8
113	-0.650471	399.716187	0.006507	29.7
114	-0.351595	398.599660	0.002724	28.9
115	-0.927538	397.491411	0.006358	28.5
116	-0.228885	396.391342	0.005085	30.7
117	-0.000000	395.299353	0.000000	29.6
118	-0.000000	394.215350	0.000000	29.6
119	-0.170353	393.139238	0.003503	30.5
120	-0.775990	392.070924	0.006731	28.8
121	-0.105133	391.010316	0.001635	29.8
122	-0.914388	389.957325	0.005746	28.0
123	-0.000000	388.911862	0.000000	30.4
124	-0.000000	387.873839	0.000000	29.0
125	-0.000000	386.843173	0.000000	29.3
126	-0.000000	385.819777	0.000000	29.8
127	-0.187212	384.803569	0.002161	29.6
128	-0.628212	383.794468	0.006753	29.9
129	-0.705932	382.792393	0.005096	28.4
130	-0.014204	381.797264	0.000487	29.4
131	-0.000000	380.809005	0.000000	30.1
132	-0.000000	379.827537	0.000000	31.1
133	-0.812471	378.852786	0.009266	28.4
134	-0.880400	377.884678	0.005586	29.6
135	-0.048632	376.923138	0.002337	28.2
136	-0.948245	375.968095	0.006745	30.4
137	-0.571150	375.019479	0.006898	30.2
138	-0.726200	374.077218	0.007020	29.5
139	-0.183899	373.141244	0.002725	30.8
140	-0.660091	372.211489	0.006716	28.5
141	-0.027398	371.287887	0.001514	30.1
142	-0.833150	370.370370	0.007166	29.9
143	-0.832173	369.458876	0.006546	29.7
144	-0.017547	368.553338	0.000438	28.4
145	-0.465515	367.653696	0.006123	31.1
146	-0.438633	366.759885	0.008557	30.1
147	-0.023661	365.871846	0.003338	30.0
148	-0.881292	364.989518	0.005841	29.4
149	-0.375092	364.112841	0.004911	30.2
150	-0.376840	363.241757	0.004676	28.2
151	-0.000000	362.376208	0.000000	30.9
152	-0.494632	361.516137	0.005835	29.5
153	-0.230112	360.661488	0.004356	29.7
154	-0.000000	359.812206	0.000000	27.7
155	-0.000000	358.968236	0.000000	29.8
156	-0.382130	358.129524	0.003343	29.2
157	-0.648755	357.296018	0.005069	30.6
158	-0.708927	356.467665	0.006134	29.3
159	-0.430422	355.644414	0.004445	30.2
160	-0.591164	354.826213	0.005642	27.4
161	-0.000000	354.013012	0.000000	29.6
162	-0.000030	353.204763	0.000037	29.7
163	-0.000000	352.401415	0.000000	29.4
164	-0.000000	351.602922	0.000000	29.2
165	-0.701701	350.809235	0.006962	28.8
166	-0.798333	350.020308	0.004699	30.5
167	-0.000000	349.236095	0.000000	29.1
168	-0.000000	348.456550	0.000000	30.4
169	-0.592478	347.681627	0.007208	28.4
170	-0.986216	346.911283	0.005511	31.5
171	-0.000000	346.145474	0.000000	31.0
172	-0.854649	345.384157	0.007169	31.7
173	-0.000000	344.627288	0.000000	29.1
174	-0.515563	343.874826	0.006789	30.4
175	-0.782621	343.126729	0.006276	30.4
176	-0.488766	342.382957	0.004798	29.6
177	-0.610587	341.643469	0.004870	30.3
178	-0.058439	340.908224	0.002860	30.3
179	-0.000000	340.177184	0.000000	31.3
180	-0.907330	339.450309	0.005253	29.1
181	-0.508806	338.727561	0.005781	30.1
182	-0.372871	338.008902	0.005461	30.2
183	-0.565201	337.294295	0.007713	30.0
184	-0.814079	336.583703	0.003911	29.1
185	-0.263857	335.877089	0.004086	29.7
186	-0.715964	335.174416	0.005482	31.3
187	-0.379309	334.475651	0.004774	29.2
188	-0.000000	333.780756	0.000000	29.8
189	-0.602550	333.089698	0.006284	30.8
190	-0.000000	332.402443	0.000000	30.2
191	-0.948303	331.718955	0.006605	29.5
192	-0.701895	331.039203	0.004898	29.8
193	-0.806501	330.363153	0.005399	28.0
194	-0.000000	329.690771	0.000000	30.0
195	-0.876596	329.022027	0.008465	29.0
196	-0.000000	328.356888	0.000000	31.0
197	-0.417994	327.695322	0.004387	29.2
198	-0.746192	327.037299	0.005711	30.0
199	-0.559341	326.382787	0.005675	29.8
200	-0.877212	325.731758	0.008059	29.9
201	-0.057304	325.084179	0.001485	30.6
202	-0.781318	324.440023	0.006152	29.8
203	-0.821983	323.799258	0.007143	28.0
204	-0.155336	323.161858	0.002019	30.1
205	-0.928689	322.527792	0.006155	29.4
206	-0.933769	321.897034	0.007389	29.6
207	-0.797757	321.269554	0.006293	27.8
208	-0.706488	320.645325	0.005902	29.7
209	-0.457735	320.024320	0.004827	29.6
210	-0.433908	319.406512	0.004950	29.9
211	-0.147296	318.791875	0.005742	29.5
212	-0.298033	318.180381	0.005317	28.3
213	-0.026041	317.572005	0.001257	31.7
214	-0.000000	316.966721	0.000000	29.9
215	-0.725185	316.364504	0.006196	30.1
216	-0.396184	315.765329	0.003586	30.7
217	-0.681581	315.169170	0.005014	30.7
218	-0.564363	314.576003	0.006670	30.7
219	-0.512557	313.985804	0.007641	30.2
220	-0.857240	313.398548	0.006977	30.2
221	-1.028389	312.814213	0.008512	32.1
222	-0.126193	312.232773	0.003522	29.6
223	-0.000122	311.654207	0.000094	29.2
224	-0.000000	311.078491	0.000000	29.2
225	-0.000000	310.505602	0.000000	29.2
226	-0.313655	309.935518	0.006490	27.6
227	-0.000000	309.368217	0.000000	30.3
228	-0.040656	308.803676	0.002205	29.2
229	-0.000000	308.241874	0.000000	29.9
230	-0.186840	307.682789	0.003132	29.0
231	-0.968890	307.126400	0.006884	29.9
232	-0.699189	306.572687	0.006429	29.4
233	-0.951227	306.021627	0.007039	28.7
234	-0.340712	305.473201	0.004720	28.4
235	-0.815982	304.927388	0.005799	29.5
236	-0.761050	304.384168	0.006479	30.3
237	-0.490115	303.843521	0.008275	30.5
238	-0.963481	303.305427	0.005850	30.2
239	-0.455446	302.769867	0.006313	31.4
240	-0.172513	302.236821	0.002886	28.9
241	-0.231892	301.706270	0.003974	31.9
242	-0.950218	301.178196	0.007005	29.2
243	-0.669467	300.652580	0.004600	30.6
244	-0.000000	300.129402	0.000000	28.4
245	-0.601035	299.608645	0.005996	29.4
246	-0.446519	299.090291	0.004465	30.1
247	-0.538533	298.574321	0.006859	30.2
248	-0.352882	298.060718	0.007714	30.0
249	-0.003745	297.549465	0.000313	29.1
250	-0.788521	297.040543	0.008172	28.3
251	-0.736627	296.533936	0.007951	29.9
252	-0.701471	296.029626	0.004583	28.1
253	-0.018209	295.527597	0.000931	30.5
254	-0.583894	295.027832	0.007074	29.2
255	-0.000000	294.530315	0.000000	30.0
256	-0.000000	294.035028	0.000000	30.6
257	-0.000000	293.541956	0.000000	29.5
258	-0.000000	293.051083	0.000000	30.8
259	-0.198389	292.562393	0.002731	29.3
260	-0.362319	292.075870	0.003616	29.6
261	-0.479463	291.591498	0.006468	29.3
262	-0.936123	291.109263	0.005726	29.9
263	-0.997400	290.629149	0.005598	28.8
264	-0.471117	290.151140	0.003752	29.0
265	-0.000132	289.675222	0.000169	28.6
266	-0.194707	289.201380	0.004612	29.6
267	-0.875400	288.729600	0.005844	30.3
268	-0.575002	288.259866	0.005844	30.8
269	-0.817463	287.792165	0.006765	28.8
270	-0.000000	287.326481	0.000000	29.4
271	-0.000000	286.862802	0.000000	28.8
272	-0.291500	286.401113	0.003915	30.4
273	-0.999997	285.941400	0.006643	29.7
274	-0.000000	285.483649	0.000000	28.0
275	-0.000000	285.027847	0.000000	30.1
276	-0.508289	284.573981	0.005098	30.5
277	-0.235162	284.122037	0.004676	30.4
278	-0.000000	283.672002	0.000000	29.8
279	-0.937506	283.223863	0.007778	29.4
280	-0.969765	282.777607	0.005838	30.2
281	-0.293530	282.333221	0.004128	29.2
282	-0.948107	281.890692	0.006004	29.4
283	-0.673100	281.450008	0.003995	28.5
284	-0.410287	281.011157	0.005803	27.9
285	-0.653518	280.574125	0.007489	29.4
286	-0.054446	280.138901	0.001400	28.0
287	-0.024581	279.705473	0.000929	30.3
288	-0.687583	279.273829	0.006003	29.6
289	-0.000000	278.843956	0.000000	29.2
290	-0.080362	278.415844	0.001335	30.3
291	-0.509780	277.989479	0.005927	31.5
292	-1.017390	277.564851	0.008345	31.1
293	-0.639167	277.141949	0.005423	29.9
294	-0.000000	276.720761	0.000000	28.1
295	-0.000000	276.301275	0.000000	29.5
296	-0.451565	275.883480	0.004678	30.2
297	-0.707274	275.467366	0.004479	31.5
298	-0.421270	275.052922	0.006360	30.6
299	-0.600372	274.640136	0.007251	32.0
300	-0.373737	274.228998	0.003746	30.8
301	-0.053157	273.819497	0.004394	29.9
302	-0.030635	273.411623	0.004559	29.9
303	-0.632573	273.005365	0.004268	30.6
304	-0.547244	272.600712	0.006448	30.1
305	-0.258961	272.197655	0.003313	30.1
306	-0.599348	271.796184	0.006730	30.0
307	-0.852419	271.396287	0.006625	28.2
308	-0.196665	270.997956	0.002472	29.8
309	-0.873518	270.601180	0.005410	29.8
310	-0.320399	270.205949	0.006770	32.2
311	-0.704314	269.812254	0.006566	30.2
312	-0.150865	269.420085	0.003286	30.5
313	-0.652131	269.029432	0.005574	30.6
314	-0.865177	268.640287	0.006429	29.8
315	-0.705237	268.252638	0.004755	29.5
316	-0.836004	267.866478	0.008858	29.2
317	-0.000000	267.481796	0.000000	29.9
318	-0.261032	267.098584	0.005534	30.4
319	-0.745649	266.716833	0.006800	29.4
320	-0.597606	266.336533	0.006322	28.9
321	-0.917599	265.957676	0.005589	28.8
322	-0.462583	265.580253	0.003526	29.9
323	-0.495301	265.204254	0.006017	30.1
324	-0.234795	264.829672	0.005446	29.1
325	-0.000000	264.456497	0.000000	30.8
326	-0.000000	264.084721	0.000000	33.6
327	-0.278436	263.714335	0.005590	30.2
328	-0.957705	263.345332	0.006052	29.2
329	-0.583480	262.977702	0.005048	30.4
330	-0.529001	262.611438	0.008097	31.3
331	-0.842683	262.246531	0.006935	32.8
332	-0.000000	261.882973	0.000000	28.6
333	-0.450583	261.520756	0.007618	29.1
334	-1.043894	261.159871	0.007331	29.0
335	-0.591941	260.800312	0.007683	31.7
336	-0.482020	260.442070	0.005590	31.1
337	-0.714741	260.085137	0.006319	29.2
338	-0.880627	259.729505	0.006321	30.4
339	-0.660387	259.375167	0.006462	29.1
340	-0.634449	259.022116	0.006230	29.8
341	-0.002265	258.670343	0.000075	29.8
342	-0.580099	258.319841	0.007045	29.2
343	-0.579784	257.970602	0.006874	30.1
344	-0.720021	257.622620	0.005245	27.9
345	-0.000132	257.275887	0.000098	30.3
346	-0.930389	256.930396	0.004811	30.7
347	-0.207173	256.586139	0.002973	29.3
348	-0.531742	256.243109	0.006508	28.5
349	-0.645920	255.901300	0.007070	29.3
350	-0.619907	255.560703	0.004758	29.6
351	-0.032109	255.221313	0.000990	30.5
352	-0.000000	254.883122	0.000000	30.4
353	-0.094149	254.546124	0.001826	28.9
354	-0.199841	254.210311	0.002656	30.2
355	-0.004851	253.875677	0.000576	29.3
356	-0.431352	253.542215	0.004847	30.4
357	-0.604022	253.209918	0.008051	29.1
358	-0.829826	252.878781	0.005793	30.3
359	-0.691672	252.548795	0.004041	31.8
360	-0.133244	252.219956	0.003827	32.8
361	-0.765525	251.892255	0.005322	27.1
362	-0.270900	251.565688	0.003678	29.7
363	-0.044657	251.240247	0.001733	31.6
364	-0.345353	250.915926	0.004842	30.5
365	-0.629339	250.592720	0.006635	28.2
366	-0.003694	250.270621	0.000136	29.1
367	-0.776606	249.949624	0.007779	28.7
368	-0.396688	249.629723	0.004510	30.7
369	-0.233844	249.310911	0.003500	30.3
370	-0.754536	248.993182	0.007331	30.3
371	-0.353898	248.676531	0.004247	30.2
372	-0.962968	248.360952	0.005555	29.8
373	-0.425332	248.046438	0.004910	29.7
374	-0.862677	247.732984	0.004829	30.5
375	-0.872226	247.420584	0.008785	30.0
376	-0.683681	247.109233	0.007439	30.2
377	-0.000000	246.798924	0.000000	28.4
378	-0.498696	246.489652	0.006572	29.9
379	-0.000000	246.181412	0.000000	31.5
380	-0.516733	245.874197	0.006944	32.8
381	-0.717559	245.568002	0.005070	30.1
382	-0.000000	245.262822	0.000000	30.3
383	-0.445364	244.958652	0.005112	28.4
384	-0.627231	244.655485	0.004421	30.1
385	-0.821817	244.353317	0.006670	28.6
386	-0.223351	244.052142	0.005692	31.4
387	-0.495973	243.751955	0.005440	29.5
388	-0.680378	243.452750	0.007298	30.7
389	-0.000000	243.154523	0.000000	27.9
390	-0.732435	242.857268	0.005529	30.0
391	-0.548123	242.560980	0.004081	29.9
392	-0.119324	242.265654	0.003680	29.7
393	-0.815815	241.971285	0.005995	29.9
394	-0.802563	241.677868	0.006091	29.3
395	-0.454439	241.385397	0.004898	30.2
396	-0.302898	241.093869	0.004215	31.1
397	-0.000000	240.803278	0.000000	29.5
398	-0.536706	240.513619	0.005428	30.0
399	-0.527469	240.224887	0.006630	28.5
400	-0.019953	239.937077	0.000867	30.4
401	-0.842827	239.650186	0.006594	29.7
402	-0.865979	239.364207	0.006628	30.0
403	-0.007433	239.079136	0.000812	28.2
404	-0.000000	238.794969	0.000000	30.3
405	-0.000000	238.511701	0.000000	28.4
406	-0.000000	238.229327	0.000000	29.8
407	-0.669519	237.947843	0.007190	29.1
408	-0.000000	237.667244	0.000000	29.7
409	-0.014288	237.387526	0.002761	27.8
410	-0.000000	237.108684	0.000000	30.6
411	-0.000000	236.830714	0.000000	31.0
412	-0.000000	236.553610	0.000000	28.4
413	-0.815981	236.277370	0.004782	29.9
414	-0.008650	236.001989	0.000539	26.7
415	-0.874249	235.727461	0.005255	29.3
416	-0.602455	235.453784	0.005292	29.7
417	-0.000000	235.180952	0.000000	28.5
418	-0.826808	234.908962	0.006157	28.6
419	-0.534363	234.637809	0.005592	29.1
420	-0.008703	234.367488	0.000000	30.6
421	-0.929920	234.097997	0.005250	29.8
422	-0.000000	233.829331	0.000000	28.2
423	-0.000000	233.561485	0.000000	29.5
424	-0.755736	233.294456	0.005816	28.1
425	-0.452648	233.028239	0.004643	30.9
426	-0.841440	232.762831	0.007276	29.0
427	-0.600597	232.498228	0.006515	28.8
428	-0.000000	232.234425	0.000000	30.5
429	-0.418875	231.971419	0.006792	28.7
430	-0.031355	231.709205	0.001121	30.0
431	-0.804750	231.447781	0.007227	29.1
432	-0.000000	231.187141	0.000000	30.1
433	-0.000000	230.927283	0.000000	27.8
434	-0.907270	230.668202	0.006508	30.6
435	-0.865526	230.409895	0.008181	28.1
436	-0.652988	230.152358	0.004220	30.6
437	-0.937455	229.895587	0.006103	30.4
438	-0.568966	229.639578	0.005908	28.6
439	-0.809728	229.384329	0.006046	30.7
440	-0.431809	229.129834	0.006349	31.1
441	-0.651648	228.876091	0.004494	30.5
442	-0.857064	228.623096	0.004749	30.8
443	-0.037488	228.370846	0.001371	29.8
444	-0.390676	228.119336	0.006692	30.1
445	-0.227816	227.868563	0.003014	29.9
446	-0.580128	227.618525	0.007419	30.1
447	-0.000000	227.369216	0.000000	31.0
448	-0.732056	227.120635	0.006852	30.9
449	-0.788398	226.872777	0.005859	29.7
450	-0.579504	226.625638	0.003920	29.3
451	-0.072108	226.379217	0.001560	29.7
452	-0.341665	226.133509	0.003387	29.5
453	-0.000000	225.888510	0.000000	29.9
454	-0.262951	225.644218	0.005261	30.2
455	-0.940996	225.400630	0.006461	27.6
456	-0.393847	225.157741	0.004975	29.2
457	-0.635759	224.915549	0.007162	29.7
458	-0.000000	224.674051	0.000000	29.1
459	-0.807066	224.433242	0.005606	27.9
460	-0.327072	224.193121	0.006239	29.6
461	-0.000000	223.953684	0.000000	30.3
462	-0.000000	223.714927	0.000000	31.3
463	-0.000000	223.476848	0.000000	30.5
464	-0.759964	223.239444	0.006578	28.2
465	-0.706237	223.002710	0.006102	29.8
466	-0.351115	222.766645	0.005116	29.7
467	-0.652584	222.531245	0.006756	29.2
468	-0.670255	222.296508	0.004719	27.7
469	-0.605230	222.062429	0.005378	30.1
470	-0.244989	221.829007	0.004160	29.8
471	-0.501595	221.596238	0.004857	30.5
472	-0.834237	221.364119	0.005677	29.5
473	-0.406860	221.132647	0.006522	29.8
474	-0.000000	220.901820	0.000000	29.3
475	-0.047614	220.671634	0.002797	30.1
476	-0.654166	220.442086	0.006335	29.8
477	-0.486258	220.213174	0.005095	29.0
478	-0.310941	219.984895	0.004297	30.5
479	-0.730631	219.757246	0.004362	29.2
480	-0.705956	219.530224	0.007507	29.8
481	-0.568750	219.303826	0.006745	29.9
482	-0.671905	219.078050	0.004440	29.6
483	-0.000000	218.852893	0.000000	29.1
484	-0.001419	218.628352	0.000178	28.5
485	-0.118473	218.404424	0.003524	30.0
486	-0.674985	218.181106	0.008286	29.8
487	-0.000000	217.958397	0.000000	29.7
488	-0.603562	217.736292	0.006229	27.9
489	-0.236459	217.514790	0.002485	28.9
490	-0.016133	217.293888	0.002239	28.9
491	-0.000001	217.073584	0.000005	29.6
492	-0.606205	216.853873	0.005009	30.8
493	-0.223644	216.634755	0.002299	29.3
494	-0.134197	216.416227	0.001679	30.1
495	-0.000000	216.198285	0.000000	29.3
496	-0.103808	215.980927	0.001744	29.6
497	-0.943624	215.764151	0.005395	31.9
498	-0.226022	215.547955	0.002979	28.6
499	-0.597739	215.332335	0.007146	30.6
500	-0.633870	215.117289	0.006415	30.9
501	-0.685710	214.902815	0.005290	30.6
502	-0.083199	214.688911	0.002255	30.6
503	-0.902748	214.475573	0.007137	30.7
504	-0.832788	214.262800	0.007899	27.9
505	-0.000000	214.050588	0.000000	30.4
506	-0.073657	213.838936	0.001089	29.7
507	-0.174568	213.627842	0.001989	30.6
508	-0.736037	213.417302	0.005943	30.3
509	-0.538875	213.207314	0.005474	29.5
510	-0.642756	212.997877	0.006360	27.6
511	-0.687117	212.788987	0.008062	29.6
512	-0.330625	212.580642	0.004669	29.9
513	-0.037150	212.372841	0.001245	28.3
514	-0.000000	212.165581	0.000000	28.8
515	-0.781643	211.958859	0.006038	29.9
516	-0.975416	211.752673	0.006200	29.8
517	-0.295770	211.547021	0.005559	30.7
518	-0.051073	211.341902	0.003626	30.2
519	-0.000000	211.137311	0.000000	30.8
520	-0.000000	210.933248	0.000000	32.1
521	-0.805929	210.729710	0.006182	35.1
522	-0.959584	210.526695	0.008323	30.8
523	-0.310511	210.324200	0.004138	30.4
524	-0.181502	210.122224	0.006544	30.8
525	-0.251860	209.920765	0.003565	30.6
526	-0.902288	209.719820	0.005246	30.8
527	-0.000000	209.519387	0.000000	31.3
528	-0.182146	209.319463	0.002880	31.0
529	-0.104553	209.120048	0.003476	33.2
530	-0.186921	208.921139	0.005733	34.0
531	-0.682348	208.722733	0.003741	32.4
532	-0.722124	208.524829	0.008264	30.5
533	-0.000000	208.327425	0.000000	33.7
534	-0.751059	208.130518	0.004795	29.5
535	-0.686934	207.934107	0.006394	31.1
536	-0.000000	207.738189	0.000000	28.7
537	-0.000000	207.542762	0.000000	30.1
538	-0.000000	207.347825	0.000000	30.5
539	-0.000000	207.153376	0.000000	31.0
540	-0.646129	206.959412	0.005889	29.5
541	-0.000000	206.765932	0.000000	29.7
542	-0.460967	206.572933	0.004550	28.7
543	-0.823062	206.380414	0.005600	31.0
544	-0.027279	206.188373	0.002627	30.3
545	-0.393985	205.996807	0.004293	29.5
546	-0.529616	205.805716	0.005432	29.3
547	-0.517831	205.615096	0.006136	29.7
548	-0.000000	205.424946	0.000000	29.2
549	-0.548966	205.235265	0.005357	29.9
550	-0.687862	205.046050	0.006340	29.3
551	-0.742123	204.857299	0.005435	30.4
552	-0.594435	204.669011	0.005211	28.8
553	-0.848127	204.481184	0.009007	28.8
554	-0.475327	204.293816	0.005210	30.7
555	-0.747719	204.106905	0.007650	29.5
556	-0.902460	203.920449	0.007602	28.0
557	-0.381840	203.734447	0.006124	31.0
558	-0.000000	203.548896	0.000000	29.2
559	-0.709733	203.363795	0.006518	29.9
560	-0.820565	203.179143	0.006499	28.8
561	-0.715640	202.994937	0.008947	30.0
562	-0.000000	202.811176	0.000000	29.7
563	-0.676688	202.627857	0.007136	30.7
564	-0.256426	202.444980	0.002744	31.0
565	-0.888428	202.262543	0.005964	31.1
566	-0.091809	202.080543	0.005891	31.9
567	-0.818872	201.898979	0.006297	29.7
568	-0.350314	201.717849	0.003848	29.4
569	-0.689802	201.537153	0.004761	29.7
570	-0.502620	201.356887	0.005638	29.4
571	-0.000600	201.177050	0.000778	28.8
572	-0.000000	200.997642	0.000000	29.9
573	-0.879944	200.818659	0.006324	28.3
574	-0.506586	200.640100	0.006364	29.7
575	-0.379504	200.461965	0.004123	30.4
576	-0.000000	200.284250	0.000000	29.8
577	-0.708888	200.106955	0.007792	30.2
578	-0.889298	199.930078	0.004684	27.9
579	-0.000475	199.753617	0.000171	30.1
580	-0.007340	199.577571	0.000539	30.9
581	-0.000000	199.401938	0.000000	29.9
582	-0.746183	199.226717	0.005408	29.6
583	-0.793593	199.051905	0.005228	29.5
584	-0.227403	198.877502	0.003609	29.7
585	-0.000000	198.703506	0.000000	29.2
586	-0.386713	198.529916	0.004988	30.6
587	-0.528620	198.356729	0.005622	30.3
588	-0.474463	198.183944	0.006604	29.6
589	-0.245145	198.011560	0.004919	31.2
590	-0.588031	197.839576	0.006699	30.3
591	-0.170044	197.667989	0.002443	30.2
592	-0.000000	197.496798	0.000000	29.5
593	-0.523532	197.326002	0.007932	29.1
594	-0.000018	197.155600	0.000037	28.9
595	-0.512452	196.985589	0.006246	30.4
596	-0.254015	196.815969	0.001981	28.9
597	-0.461363	196.646738	0.009788	29.6
598	-0.731564	196.477894	0.005701	29.0
599	-0.000000	196.309436	0.000000	29.1
600	-0.000524	196.141363	0.000236	29.7
601	-0.920664	195.973673	0.007194	33.2
602	-0.962879	195.806365	0.005840	28.5
603	-0.000000	195.639437	0.000000	32.5
604	-0.332531	195.472888	0.005884	29.4
605	-0.823624	195.306717	0.005170	30.2
606	-0.038087	195.140922	0.000671	29.6
607	-0.000000	194.975501	0.000000	29.2
608	-0.000000	194.810454	0.000000	30.1
609	-0.794329	194.645779	0.004483	29.1
610	-0.916599	194.481475	0.007523	28.3
611	-0.574606	194.317540	0.006579	29.6
612	-0.582221	194.153973	0.004428	29.8
613	-0.142121	193.990773	0.002574	30.1
614	-0.000000	193.827938	0.000000	28.8
615	-0.000000	193.665467	0.000000	30.1
616	-0.000000	193.503358	0.000000	28.3
617	-0.863615	193.341611	0.005544	30.2
618	-0.109856	193.180224	0.002743	29.4
619	-0.250874	193.019196	0.004958	28.5
620	-0.287627	192.858525	0.003138	29.1
621	-0.280944	192.698210	0.005610	30.1
622	-0.850604	192.538251	0.005974	29.6
623	-0.000220	192.378644	0.000125	29.9
624	-0.577899	192.219391	0.005898	29.4
625	-0.760066	192.060488	0.006458	30.0
626	-0.598322	191.901935	0.006250	30.1
627	-0.407847	191.743730	0.004879	30.7
628	-0.098266	191.585873	0.001470	29.8
629	-0.682072	191.428362	0.006341	29.7
630	-0.782827	191.271196	0.007142	29.3
631	-0.000000	191.114374	0.000000	28.8
632	-0.876496	190.957893	0.006115	29.9
633	-0.756951	190.801755	0.005859	29.4
634	-0.499478	190.645956	0.006249	30.5
635	-1.012035	190.490495	0.005636	33.7
636	-0.035015	190.335373	0.000989	29.5
637	-0.621305	190.180587	0.004951	28.7
638	-0.615522	190.026136	0.005797	29.4
639	-0.000000	189.872019	0.000000	29.2
640	-0.000000	189.718235	0.000000	30.7
641	-0.741454	189.564782	0.006490	30.1
642	-0.031714	189.411661	0.000937	30.0
643	-0.611883	189.258868	0.007122	29.2
644	-0.353588	189.106404	0.003582	30.6
645	-0.130310	188.954267	0.002131	30.0
646	-0.791230	188.802456	0.007520	30.1
647	-0.804313	188.650969	0.004001	30.4
648	-0.793175	188.499807	0.005269	29.9
649	-0.000000	188.348967	0.000000	30.0
650	-0.232192	188.198448	0.005663	29.9
651	-0.330077	188.048250	0.004285	29.2
652	-0.865457	187.898371	0.006313	29.4
653	-0.072745	187.748810	0.002479	28.1
654	-0.523994	187.599566	0.005987	30.1
655	-0.000000	187.450638	0.000000	29.9
656	-0.578165	187.302025	0.005856	29.6
657	-0.000000	187.153725	0.000000	29.0
658	-0.782226	187.005739	0.007455	29.8
659	-0.797099	186.858064	0.006859	29.5
660	-0.718871	186.710699	0.006412	30.8
661	-0.366449	186.563645	0.005435	31.0
662	-0.000000	186.416898	0.000000	30.4
663	-0.000000	186.270459	0.000000	27.9
664	-0.743905	186.124326	0.005008	30.2
665	-0.499257	185.978499	0.005605	28.9
666	-0.868876	185.832976	0.006103	31.0
667	-0.449541	185.687756	0.006242	29.7
668	-0.746693	185.542838	0.007217	29.3
669	-0.832690	185.398222	0.006452	38.6
670	-0.949010	185.253906	0.006423	28.7
671	-0.000000	185.109889	0.000000	30.9
672	-0.672898	184.966170	0.006731	27.8
673	-0.000000	184.822748	0.000000	31.2
674	-0.000000	184.679623	0.000000	30.2
675	-0.401777	184.536792	0.004823	31.0
676	-0.544698	184.394256	0.006089	29.4
677	-0.323394	184.252013	0.003106	29.4
678	-0.000000	184.110062	0.000000	28.2
679	-0.722112	183.968403	0.005629	30.5
680	-0.938999	183.827034	0.006527	29.0
681	-0.352507	183.685954	0.003548	30.2
682	-0.449794	183.545163	0.004001	29.4
683	-0.015313	183.404658	0.004521	30.2
684	-0.174007	183.264441	0.001940	32.0
685	-0.538807	183.124509	0.005358	30.1
686	-0.411521	182.984861	0.003577	29.4
687	-0.582563	182.845497	0.005745	29.2
688	-0.000000	182.706416	0.000000	27.8
689	-0.000000	182.567616	0.000000	29.7
690	-0.000000	182.429098	0.000000	29.9
691	-0.408113	182.290859	0.006402	29.7
692	-0.350285	182.152899	0.004978	27.8
693	-0.549880	182.015217	0.005652	29.6
694	-0.448368	181.877813	0.005432	29.0
695	-0.000000	181.740684	0.000000	31.8
696	-0.468593	181.603832	0.005186	30.1
697	-0.000000	181.467253	0.000000	29.7
698	-0.284623	181.330948	0.002788	28.0
699	-0.239654	181.194916	0.004594	29.6
700	-0.644185	181.059155	0.004184	28.9
701	-0.000000	180.923666	0.000000	27.4
702	-0.909133	180.788446	0.005730	30.5
703	-0.000000	180.653496	0.000000	29.6
704	-0.827114	180.518814	0.006167	32.7
705	-0.235295	180.384399	0.003437	28.7
706	-0.168916	180.250251	0.003536	29.9
707	-0.878787	180.116369	0.006105	27.8
708	-0.867997	179.982752	0.006809	30.7
709	-0.490837	179.849398	0.005593	29.3
710	-0.676749	179.716308	0.006798	29.7
711	-0.745059	179.583480	0.005775	28.0
712	-0.723125	179.450913	0.005744	29.9
713	-0.572650	179.318607	0.005124	28.1
714	-0.767350	179.186561	0.007013	29.8
715	-0.516192	179.054774	0.005002	27.7
716	-0.805768	178.923245	0.005585	29.2
717	-0.138107	178.791973	0.002388	29.7
718	-0.627879	178.660958	0.005934	29.7
719	-0.587756	178.530199	0.004791	28.8
720	-0.812072	178.399694	0.006479	29.5
721	-0.000000	178.269444	0.000000	28.0
722	-0.474055	178.139447	0.003749	30.7
723	-0.494844	178.009702	0.006729	29.0
724	-0.027990	177.880209	0.001059	29.9
725	-0.328665	177.750967	0.004550	27.1
726	-0.564723	177.621975	0.005823	29.8
727	-0.626878	177.493232	0.005448	29.9
728	-0.210191	177.364738	0.003086	29.3
729	-0.659364	177.236492	0.006718	28.7
730	-0.906686	177.108492	0.008207	30.0
731	-0.707153	176.980739	0.006385	30.3
732	-0.045698	176.853231	0.001995	31.1
733	-0.665486	176.725968	0.006823	28.5
734	-0.455273	176.598949	0.005379	28.8
735	-0.075456	176.472173	0.003354	27.9
736	-0.544392	176.345639	0.006219	30.7
737	-0.228308	176.219348	0.003257	29.7
738	-0.000000	176.093296	0.000000	30.2
739	-0.464780	175.967486	0.005905	29.8
740	-0.207011	175.841914	0.002362	29.8
741	-0.671611	175.716581	0.005353	30.4
742	-0.000000	175.591486	0.000000	28.9
743	-0.428838	175.466629	0.005279	28.9
744	-0.817132	175.342008	0.004850	28.5
745	-0.000000	175.217622	0.000000	28.1
746	-0.669141	175.093472	0.009820	29.7
747	-0.270033	174.969556	0.006084	28.9
748	-0.948058	174.845873	0.006478	27.5
749	-0.989440	174.722423	0.006221	29.2
750	-0.878117	174.599206	0.005117	29.9
751	-0.013269	174.476220	0.001801	28.8
752	-0.684557	174.353464	0.008133	30.4
753	-0.071827	174.230939	0.001889	29.6
754	-0.429768	174.108643	0.004487	29.5
755	-0.148001	173.986576	0.002716	30.2
756	-0.849868	173.864737	0.005056	29.0
757	-0.058764	173.743124	0.001635	29.1
758	-0.352210	173.621739	0.004411	27.9
759	-0.000000	173.500579	0.000000	29.3
760	-0.187741	173.379645	0.006054	28.5
761	-0.000000	173.258935	0.000000	30.6
762	-0.895082	173.138449	0.008407	27.9
763	-0.028901	173.018186	0.000978	29.8
764	-0.497788	172.898146	0.007551	30.3
765	-0.439190	172.778327	0.003634	29.2
766	-0.907696	172.658730	0.005552	30.4
767	-0.070956	172.539353	0.001049	28.4
768	-0.566953	172.420196	0.005333	29.6
769	-0.000000	172.301258	0.000000	29.2
770	-0.568345	172.182539	0.005878	29.9
771	-0.317946	172.064037	0.002605	29.6
772	-0.388198	171.945753	0.005575	28.8
773	-0.790715	171.827686	0.007071	29.1
774	-0.719248	171.709834	0.005735	31.2
775	-0.000000	171.592198	0.000000	33.1
776	-0.801761	171.474776	0.006097	29.4
777	-0.077415	171.357568	0.002351	28.1
778	-0.372391	171.240574	0.005645	29.5
779	-0.000000	171.123793	0.000000	29.3
780	-0.650529	171.007223	0.006315	29.0
781	-0.687164	170.890865	0.005574	27.8
782	-0.003549	170.774718	0.000384	28.9
783	-0.000000	170.658782	0.000000	28.6
784	-0.395474	170.543055	0.005077	29.8
785	-0.011742	170.427537	0.001126	29.3
786	-0.014072	170.312227	0.000979	29.7
787	-0.682555	170.197125	0.006616	29.7
788	-0.060824	170.082231	0.001649	30.1
789	-0.780480	169.967543	0.005628	30.1
790	-0.840351	169.853061	0.005009	30.6
791	-0.134971	169.738784	0.003766	28.5
792	-0.924658	169.624713	0.006929	27.9
793	-0.000000	169.510845	0.000000	29.3
794	-0.266759	169.397181	0.006630	29.5
795	-0.361969	169.283720	0.006725	28.2
796	-0.512687	169.170462	0.003587	29.9
797	-0.000000	169.057405	0.000000	28.9
798	-0.804184	168.944549	0.006072	29.7
799	-0.000000	168.831895	0.000000	30.8
800	-0.721561	168.719440	0.005330	28.6
801	-0.000000	168.607185	0.000000	29.3
802	-0.036219	168.495129	0.000786	29.4
803	-0.350621	168.383271	0.005030	29.9
804	-0.008660	168.271611	0.000901	30.2
805	-0.834019	168.160148	0.006821	31.9
806	-0.646716	168.048882	0.006070	29.8
807	-0.674445	167.937812	0.004465	30.5
808	-0.897400	167.826938	0.004898	30.3
809	-0.689588	167.716258	0.005846	29.6
810	-0.279808	167.605773	0.003012	30.4
811	-0.782302	167.495482	0.007081	28.5
812	-0.631023	167.385384	0.006361	29.9
813	-0.049676	167.275479	0.001699	29.9
814	-0.616314	167.165766	0.005658	29.6
815	-0.875338	167.056245	0.005299	28.4
816	-0.109407	166.946915	0.002340	29.4
817	-0.000000	166.837776	0.000000	29.9
818	-0.858095	166.728826	0.007319	29.7
819	-0.000000	166.620067	0.000000	29.6
820	-0.902567	166.511496	0.005697	28.1
821	-0.000000	166.403113	0.000000	30.3
822	-0.000000	166.294919	0.000000	30.2
823	-0.572274	166.186912	0.005762	29.9
824	-0.884904	166.079091	0.008220	30.7
825	-0.455811	165.971458	0.002979	28.1
826	-0.450403	165.864009	0.007179	29.4
827	-0.039039	165.756747	0.000339	28.4
828	-0.850066	165.649669	0.003946	30.9
829	-0.176649	165.542775	0.002387	29.2
830	-0.000000	165.436065	0.000000	30.9
831	-0.528891	165.329538	0.006718	28.8
832	-1.002827	165.223194	0.007246	30.4
833	-0.000904	165.117032	0.000362	29.1
834	-0.493330	165.011052	0.006717	30.2
835	-0.966754	164.905253	0.005261	29.8
836	-0.000000	164.799635	0.000000	29.2
837	-0.804807	164.694197	0.007765	29.1
838	-0.754948	164.588939	0.007969	30.4
839	-0.211063	164.483859	0.004889	30.6
840	-0.000086	164.378959	0.000055	29.5
841	-0.807198	164.274237	0.005053	28.5
842	-0.039628	164.169692	0.003303	30.3
843	-0.383431	164.065325	0.005545	29.6
844	-0.584144	163.961135	0.005982	30.3
845	-0.590078	163.857120	0.005453	30.4
846	-0.780845	163.753282	0.005974	30.4
847	-0.133771	163.649619	0.002071	30.5
848	-0.000000	163.546130	0.000000	31.1
849	-0.739996	163.442816	0.006061	28.4
850	-0.245880	163.339676	0.005321	30.2
851	-0.806780	163.236709	0.005418	28.3
852	-0.585931	163.133915	0.005648	30.4
853	-0.000000	163.031294	0.000000	30.4
854	-0.000000	162.928844	0.000000	30.4
855	-0.000000	162.826566	0.000000	29.6
856	-0.000000	162.724459	0.000000	30.1
857	-0.000000	162.622523	0.000000	30.0
858	-0.856364	162.520757	0.006345	28.8
859	-0.317120	162.419160	0.003438	30.2
860	-0.802948	162.317733	0.006755	29.1
861	-0.897353	162.216474	0.004887	30.0
862	-0.000000	162.115383	0.000000	28.5
863	-0.715805	162.014461	0.004328	29.8
864	-0.000000	161.913705	0.000000	28.0
865	-0.000000	161.813117	0.000000	30.3
866	-0.000000	161.712695	0.000000	29.1
867	-0.410669	161.612439	0.006718	30.2
868	-0.884069	161.512349	0.005619	29.3
869	-0.700326	161.412424	0.007202	29.4
870	-0.000000	161.312663	0.000000	30.7
871	-0.000401	161.213067	0.000129	31.2
872	-0.259464	161.113635	0.004511	30.8
873	-0.510363	161.014366	0.005261	31.0
874	-0.653566	160.915260	0.005318	30.1
875	-0.000000	160.816316	0.000000	29.6
876	-0.911829	160.717535	0.004531	30.5
877	-0.758998	160.618915	0.005909	30.1
878	-0.775446	160.520456	0.006696	30.3
879	-0.490597	160.422158	0.006618	29.4
880	-0.544137	160.324021	0.007803	29.2
881	-0.879978	160.226043	0.006046	31.5
882	-0.857634	160.128225	0.006556	30.8
883	-0.002540	160.030566	0.000265	29.6
884	-0.013265	159.933066	0.001733	30.0
885	-0.183890	159.835723	0.004046	29.3
886	-0.480397	159.738539	0.007186	28.9
887	-0.539890	159.641512	0.005111	28.1
888	-0.739779	159.544642	0.005192	30.9
889	-0.758265	159.447929	0.004713	29.4
890	-0.746537	159.351372	0.003848	30.7
891	-0.391019	159.254971	0.003716	30.5
892	-0.197959	159.158725	0.003507	27.9
893	-0.296902	159.062634	0.004260	29.8
894	-0.362895	158.966697	0.004856	29.4
895	-0.000010	158.870915	0.000017	30.4
896	-0.395908	158.775286	0.005116	29.7
897	-0.751579	158.679811	0.006235	31.3
898	-0.000000	158.584489	0.000000	30.5
899	-0.003908	158.489319	0.000339	30.7
900	-0.927971	158.394302	0.006539	30.2
901	-0.000000	158.299436	0.000000	31.6
902	-0.506860	158.204721	0.005932	30.6
903	-0.828583	158.110158	0.006635	30.7
904	-0.895600	158.015745	0.005392	30.0
905	-0.550123	157.921482	0.007950	29.7
906	-0.107832	157.827369	0.001527	31.0
907	-0.386850	157.733406	0.004040	30.5
908	-0.159381	157.639591	0.004035	31.2
909	-0.492385	157.545925	0.005114	31.2
910	-0.293652	157.452408	0.004492	31.4
911	-0.600871	157.359038	0.007618	29.1
912	-0.597675	157.265816	0.007465	29.8
913	-0.811594	157.172741	0.004584	29.4
914	-0.365860	157.079813	0.004374	31.1
915	-0.000000	156.987031	0.000000	32.8
916	-0.454279	156.894395	0.004510	33.4
917	-0.429678	156.801904	0.004855	32.6
918	-0.302860	156.709559	0.004556	29.5
919	-0.030505	156.617359	0.000769	29.7
920	-0.831076	156.525304	0.006818	28.2
921	-0.795387	156.433392	0.004224	29.7
922	-0.179145	156.341624	0.005307	29.6
923	-0.461090	156.250000	0.005416	29.3
924	-0.275356	156.158519	0.003888	29.2
925	-0.421526	156.067180	0.004120	30.2
926	-0.020424	155.975984	0.002035	28.9
927	-0.000000	155.884930	0.000000	31.9
928	-0.732764	155.794017	0.006210	30.2
929	-0.888849	155.703246	0.006460	31.8
930	-0.384735	155.612615	0.003763	30.3
931	-0.515417	155.522125	0.004998	30.1
932	-0.818031	155.431775	0.004560	29.3
933	-0.691652	155.341565	0.007089	29.3
934	-0.852400	155.251495	0.006318	30.3
935	-0.532294	155.161563	0.006065	29.0
936	-1.003270	155.071771	0.006559	29.5
937	-0.771573	154.982117	0.005682	30.6
938	-0.634234	154.892601	0.005777	31.6
939	-0.883796	154.803222	0.004989	31.8
940	-0.325602	154.713981	0.004519	30.8
941	-0.000000	154.624878	0.000000	31.1
942	-0.841058	154.535910	0.007399	30.9
943	-0.000006	154.447080	0.000014	30.6
944	-0.304618	154.358385	0.003047	30.6
945	-0.492578	154.269826	0.008381	31.1
946	-0.136699	154.181402	0.002573	29.6
947	-0.477167	154.093114	0.007077	30.1
948	-0.772889	154.004960	0.006961	31.8
949	-0.337244	153.916940	0.003966	31.3
950	-0.000000	153.829054	0.000000	32.2
951	-0.000000	153.741303	0.000000	30.1
952	-0.318505	153.653684	0.003644	28.6
953	-0.864958	153.566198	0.005678	28.9
954	-0.086415	153.478846	0.002790	28.9
955	-0.801113	153.391625	0.005706	29.7
956	-0.000000	153.304537	0.000000	29.2
957	-0.755567	153.217580	0.006000	28.3
958	-0.000000	153.130755	0.000000	30.1
959	-0.657154	153.044061	0.003571	29.3
960	-0.000000	152.957498	0.000000	30.4
961	-0.904867	152.871065	0.006464	32.2
962	-0.497613	152.784762	0.006656	30.9
963	-0.777187	152.698589	0.005719	33.7
964	-0.569620	152.612545	0.004827	35.3
965	-0.594861	152.526631	0.006704	30.1
966	-0.854175	152.440845	0.006091	29.4
967	-0.000000	152.355188	0.000000	27.3
968	-0.433420	152.269660	0.006421	30.3
969	-0.394645	152.184259	0.004897	30.2
970	-0.273431	152.098986	0.004494	30.6
971	-0.000000	152.013840	0.000000	30.8
972	-0.523369	151.928821	0.005680	29.5
973	-0.966699	151.843928	0.007548	29.4
974	-0.621906	151.759163	0.007531	30.9
975	-0.000000	151.674523	0.000000	32.5
976	-0.498594	151.590009	0.006404	31.6
977	-0.866650	151.505620	0.007176	32.9
978	-0.007741	151.421357	0.002496	32.2
979	-0.753067	151.337218	0.003203	30.8
980	-0.000000	151.253204	0.000000	29.1
981	-0.273169	151.169314	0.004178	30.0
982	-0.000000	151.085549	0.000000	27.7
983	-0.219514	151.001907	0.002817	31.1
984	-0.721767	150.918388	0.005371	32.6
985	-0.765571	150.834992	0.005378	29.4
986	-0.000000	150.751719	0.000000	29.5
987	-0.696096	150.668569	0.005894	29.2
988	-0.674435	150.585541	0.007180	29.5
989	-0.607897	150.502634	0.005496	30.1
990	-0.556871	150.419849	0.005183	32.4
991	-0.000000	150.337186	0.000000	29.9
992	-0.000000	150.254644	0.000000	28.7
993	-0.000000	150.172222	0.000000	29.3
994	-0.652316	150.089921	0.007342	31.7
995	-0.309468	150.007740	0.003601	30.9
996	-0.320281	149.925679	0.003081	30.1
997	-0.757368	149.843737	0.007078	30.7
998	-0.142375	149.761915	0.003868	30.5
999	-0.000000	149.680212	0.000000	27.7
1000	-0.671723	149.598627	0.008699	28.9
1001	-0.792141	149.517161	0.005123	30.6
1002	-0.000000	149.435814	0.000000	29.8
1003	-0.000000	149.354584	0.000000	30.9
1004	-0.310808	149.273472	0.002622	29.7
1005	-0.849284	149.192477	0.005585	29.3
1006	-0.598807	149.111599	0.005829	30.0
1007	-0.929464	149.030838	0.005389	32.9
1008	-0.516547	148.950194	0.007422	31.1
1009	-0.922242	148.869666	0.005140	32.7
1010	-0.000000	148.789253	0.000000	30.9
1011	-0.711135	148.708957	0.005692	31.2
1012	-0.200910	148.628776	0.004488	29.2
1013	-0.000000	148.548710	0.000000	31.0
1014	-0.847889	148.468759	0.007138	28.9
1015	-0.773700	148.388923	0.005581	32.0
1016	-0.000000	148.309201	0.000000	31.3
1017	-0.543541	148.229594	0.006158	35.1
1018	-0.883269	148.150100	0.006224	33.2
1019	-0.000000	148.070719	0.000000	32.2
1020	-0.045492	147.991452	0.001360	30.7
1021	-0.095289	147.912298	0.001251	29.4
1022	-0.397053	147.833257	0.004011	30.8
1023	-0.731716	147.754329	0.006409	32.0
1024	-0.783594	147.675512	0.006249	29.5
1025	-0.004197	147.596808	0.000283	33.4
1026	-0.488725	147.518216	0.006435	29.6
1027	-0.765627	147.439735	0.006737	30.8
1028	-0.718483	147.361365	0.005403	29.0
1029	-0.941662	147.283106	0.005910	31.2
1030	-0.877969	147.204958	0.005505	28.6
1031	-0.000188	147.126920	0.000088	29.3
1032	-0.000000	147.048993	0.000000	29.5
1033	-0.001643	146.971175	0.000230	31.2
1034	-0.229862	146.893468	0.003500	30.8
1035	-0.000000	146.815869	0.000000	30.8
1036	-0.795720	146.738380	0.007357	29.6
1037	-0.919694	146.661000	0.004590	31.7
1038	-0.353814	146.583729	0.004675	31.6
1039	-0.828778	146.506566	0.007961	28.5
1040	-0.007884	146.429511	0.000137	30.1
1041	-0.488948	146.352565	0.009149	30.4
1042	-0.499604	146.275726	0.005310	28.6
1043	-0.468619	146.198994	0.006021	29.4
1044	-0.829671	146.122370	0.005136	29.7
1045	-0.000000	146.045853	0.000000	30.8
1046	-0.911982	145.969442	0.006684	32.0
1047	-0.658153	145.893139	0.005506	32.6
1048	-0.000000	145.816941	0.000000	33.9
1049	-0.725201	145.740849	0.005262	32.8
1050	-0.183099	145.664863	0.003541	30.7
1051	-0.273629	145.588983	0.003111	29.9
1052	-0.778893	145.513208	0.008592	34.2
1053	-0.911914	145.437538	0.007400	28.3
1054	-0.000000	145.361973	0.000000	29.0
1055	-0.000722	145.286513	0.000214	30.1
1056	-0.000000	145.211157	0.000000	29.8
1057	-0.771436	145.135905	0.005135	29.2
1058	-0.677734	145.060757	0.006248	30.0
1059	-0.000000	144.985712	0.000000	28.6
1060	-0.441311	144.910771	0.005857	30.0
1061	-0.250726	144.835934	0.004617	30.0
1062	-0.026068	144.761199	0.005781	30.1
1063	-0.397376	144.686567	0.003756	28.7
1064	-0.468004	144.612037	0.008484	29.0
1065	-0.724008	144.537610	0.006158	30.2
1066	-0.000000	144.463285	0.000000	29.6
1067	-0.218288	144.389062	0.003043	29.8
1068	-0.660252	144.314940	0.005308	28.0
1069	-0.568075	144.240920	0.007133	29.9
1070	-0.206349	144.167001	0.006088	30.3
1071	-0.000000	144.093182	0.000000	30.0
1072	-0.618323	144.019465	0.007067	29.4
1073	-0.447297	143.945848	0.005382	29.4
1074	-0.000000	143.872331	0.000000	27.7
1075	-0.465369	143.798914	0.003816	29.9
1076	-0.037556	143.725597	0.001199	29.9
1077	-0.805770	143.652380	0.005626	30.8
1078	-0.531711	143.579262	0.005113	29.3
1079	-0.546930	143.506243	0.006582	29.3
1080	-0.885569	143.433323	0.007399	29.9
1081	-0.000000	143.360502	0.000000	30.2
1082	-0.079646	143.287780	0.004297	30.0
1083	-0.401960	143.215155	0.003238	28.6
1084	-0.790872	143.142629	0.005897	30.8
1085	-0.735774	143.070201	0.005980	30.7
1086	-0.469001	142.997870	0.004724	30.5
1087	-0.000000	142.925637	0.000000	31.3
1088	-0.620687	142.853501	0.005503	32.1
1089	-0.763545	142.781462	0.006675	29.4
1090	-0.351039	142.709519	0.003440	31.5
1091	-0.352970	142.637674	0.005438	30.4
1092	-0.000000	142.565924	0.000000	29.3
1093	-0.000000	142.494271	0.000000	29.5
1094	-0.000000	142.422714	0.000000	29.9
1095	-0.237115	142.351252	0.004995	29.5
1096	-0.218270	142.279886	0.002934	28.4
1097	-0.000000	142.208616	0.000000	29.3
1098	-0.853313	142.137440	0.005630	30.0
1099	-1.001517	142.066360	0.007238	30.3
1100	-0.960208	141.995374	0.007208	29.0
1101	-0.576130	141.924483	0.006684	29.3
1102	-0.701288	141.853685	0.005394	28.2
1103	-0.012399	141.782983	0.001203	30.8
1104	-0.951645	141.712373	0.005552	30.5
1105	-0.000000	141.641858	0.000000	28.6
1106	-0.404756	141.571436	0.005130	30.1
1107	-0.000000	141.501108	0.000000	30.1
1108	-0.007157	141.430872	0.001204	29.9
1109	-0.095884	141.360730	0.001903	29.7
1110	-0.000811	141.290680	0.000119	29.6
1111	-0.352967	141.220722	0.004501	29.6
1112	-0.034772	141.150857	0.001367	28.2
1113	-0.868259	141.081084	0.006037	30.2
1114	-0.587791	141.011403	0.006177	29.7
1115	-0.000000	140.941813	0.000000	30.7
1116	-0.000000	140.872315	0.000000	30.5
1117	-0.973497	140.802909	0.007179	29.5
1118	-1.014045	140.733593	0.006272	29.8
1119	-0.131312	140.664369	0.002392	29.7
1120	-0.000000	140.595235	0.000000	30.0
1121	-0.000000	140.526192	0.000000	31.6
1122	-0.000000	140.457239	0.000000	34.0
1123	-0.000000	140.388376	0.000000	29.2
1124	-0.733764	140.319603	0.007533	29.7
1125	-0.413791	140.250920	0.004204	29.6
1126	-0.860699	140.182326	0.005345	29.6
1127	-0.000000	140.113822	0.000000	29.3
1128	-0.000000	140.045407	0.000000	29.3
1129	-0.466701	139.977081	0.005020	28.7
1130	-0.000000	139.908844	0.000000	28.9
1131	-0.536614	139.840696	0.003242	28.8
1132	-0.000000	139.772635	0.000000	29.9
1133	-0.586061	139.704664	0.007365	29.3
1134	-0.000000	139.636780	0.000000	28.8
1135	-0.736239	139.568984	0.004735	29.4
1136	-0.644873	139.501276	0.007190	29.9
1137	-0.558292	139.433655	0.004901	29.8
1138	-0.889226	139.366122	0.007072	28.1
1139	-0.000000	139.298676	0.000000	30.2
1140	-0.645043	139.231317	0.005955	30.0
1141	-0.775226	139.164045	0.006369	28.9
1142	-0.716985	139.096859	0.005236	30.4
1143	-0.489103	139.029760	0.006117	27.6
1144	-0.000000	138.962747	0.000000	31.7
1145	-0.272041	138.895820	0.002149	30.3
1146	-0.870027	138.828978	0.008080	29.0
1147	-0.064827	138.762223	0.001599	28.8
1148	-0.000000	138.695553	0.000000	29.4
1149	-0.000000	138.628969	0.000000	27.6
1150	-0.856737	138.562469	0.005485	30.2
1151	-0.619891	138.496055	0.003716	29.4
1152	-0.664118	138.429725	0.007224	29.3
1153	-0.677429	138.363481	0.006613	30.1
1154	-0.958118	138.297320	0.006341	30.7
1155	-0.894398	138.231244	0.004609	32.6
1156	-0.710208	138.165252	0.006137	37.2
1157	-1.004748	138.099344	0.006198	30.5
1158	-0.712391	138.033520	0.006856	30.0
1159	-0.663712	137.967779	0.005809	30.8
1160	-0.000000	137.902122	0.000000	30.9
1161	-0.412307	137.836548	0.006123	29.2
1162	-0.904867	137.771057	0.005389	30.2
1163	-0.735322	137.705649	0.005498	28.9
1164	-0.513100	137.640324	0.005852	30.9
1165	-0.371779	137.575081	0.007345	29.2
1166	-0.320547	137.509921	0.007473	29.0
1167	-0.000000	137.444842	0.000000	29.5
1168	-0.810996	137.379846	0.004183	30.1
1169	-0.583103	137.314932	0.004551	29.8
1170	-0.539520	137.250100	0.005700	31.6
1171	-0.442609	137.185349	0.005749	30.1
1172	-0.836863	137.120680	0.006946	30.4
1173	-0.000000	137.056092	0.000000	30.0
1174	-0.451457	136.991585	0.004759	28.7
1175	-0.449670	136.927158	0.004458	30.2
1176	-0.297549	136.862813	0.004589	30.2
1177	-0.500729	136.798548	0.003797	30.4
1178	-0.607538	136.734363	0.005263	30.2
1179	-0.937200	136.670259	0.006720	29.6
1180	-0.085300	136.606235	0.001588	29.9
1181	-0.824072	136.542291	0.005817	30.6
1182	-0.038428	136.478426	0.004068	30.2
1183	-0.000340	136.414641	0.000529	29.8
1184	-0.678898	136.350936	0.004529	30.1
1185	-0.844543	136.287310	0.006014	28.4
1186	-0.328931	136.223763	0.003242	30.4
1187	-0.574541	136.160295	0.005712	29.4
1188	-0.207962	136.096905	0.002188	29.7
1189	-0.578070	136.033594	0.007166	29.4
1190	-0.000000	135.970362	0.000000	31.6
1191	-0.836080	135.907208	0.004926	31.5
1192	-0.692233	135.844133	0.005273	29.5
1193	-0.943210	135.781135	0.005601	30.7
1194	-0.560818	135.718215	0.004857	31.6
1195	-0.120618	135.655373	0.003919	31.1
1196	-0.404232	135.592608	0.004329	29.5
1197	-0.048910	135.529921	0.003644	29.8
1198	-0.000000	135.467311	0.000000	29.5
1199	-0.000019	135.404778	0.000019	29.1
1200	-0.805622	135.342322	0.005882	29.3
1201	-0.456566	135.279942	0.006193	28.3
1202	-0.020872	135.217640	0.001080	29.5
1203	-0.305079	135.155413	0.005213	31.3
1204	-0.017003	135.093263	0.001093	30.0
1205	-0.117580	135.031190	0.003499	31.6
1206	-0.726937	134.969192	0.005287	34.6
1207	-0.910324	134.907270	0.005221	32.3
1208	-0.643767	134.845424	0.005235	30.4
1209	-0.127160	134.783653	0.003149	30.3
1210	-0.900112	134.721958	0.004715	28.3
1211	-0.045272	134.660338	0.001972	30.2
1212	-0.824470	134.598793	0.005121	30.5
1213	-0.965115	134.537323	0.005019	29.4
1214	-0.699269	134.475927	0.006231	29.3
1215	-0.597145	134.414607	0.005376	28.3
1216	-0.716320	134.353361	0.005992	29.5
1217	-0.803529	134.292189	0.008740	30.2
1218	-0.836997	134.231092	0.004806	29.4
1219	-0.235014	134.170068	0.001839	27.7
1220	-0.921460	134.109119	0.005468	29.8
1221	-0.831186	134.048243	0.005825	29.6
1222	-0.528535	133.987441	0.004511	31.5
1223	-0.881341	133.926713	0.005520	32.3
1224	-0.409282	133.866057	0.003400	34.3
1225	-0.000484	133.805475	0.000252	30.4
1226	-0.237451	133.744966	0.003389	29.7
1227	-0.000000	133.684530	0.000000	27.8
1228	-0.773158	133.624167	0.005356	30.8
1229	-0.000000	133.563877	0.000000	30.0
1230	-0.548356	133.503658	0.005614	30.0
1231	-0.458932	133.443513	0.005539	29.1
1232	-0.628760	133.383439	0.007297	30.1
1233	-0.647668	133.323437	0.005735	29.4
1234	-0.901964	133.263508	0.006318	30.0
1235	-0.000000	133.203650	0.000000	30.6
1236	-0.709135	133.143864	0.006240	31.3
1237	-0.827167	133.084149	0.007947	30.3
1238	-0.000000	133.024506	0.000000	30.7
1239	-0.754385	132.964934	0.003818	29.8
1240	-0.864737	132.905433	0.005056	29.1
1241	-0.803253	132.846003	0.005657	29.1
1242	-0.000000	132.786643	0.000000	30.2
1243	-0.863781	132.727355	0.005293	28.8
1244	-0.596324	132.668137	0.005077	28.5
1245	-0.150442	132.608989	0.003275	29.0
1246	-0.593621	132.549912	0.005424	30.1
1247	-0.435721	132.490904	0.002947	30.0
1248	-0.512028	132.431967	0.008168	28.4
1249	-0.000000	132.373100	0.000000	29.5
1250	-0.947929	132.314302	0.005741	29.8
1251	-0.557961	132.255574	0.006895	30.9
1252	-0.714818	132.196916	0.008308	31.1
1253	-0.625898	132.138326	0.005663	30.8
1254	-0.579518	132.079806	0.006832	28.4
1255	-0.000000	132.021355	0.000000	29.0
1256	-0.665876	131.962973	0.005772	30.4
1257	-0.668277	131.904660	0.007246	29.5
1258	-0.326172	131.846415	0.005193	29.6
1259	-0.713617	131.788239	0.005621	29.6
1260	-0.562491	131.730131	0.008187	29.5
1261	-0.000000	131.672092	0.000000	30.2
1262	-0.563031	131.614121	0.006531	30.3
1263	-0.905831	131.556217	0.006523	29.2
1264	-0.333511	131.498382	0.002802	28.2
1265	-0.305230	131.440614	0.005044	30.2
1266	-0.920994	131.382914	0.005651	29.1
1267	-0.875713	131.325282	0.006836	30.8
1268	-0.000000	131.267717	0.000000	29.7
1269	-0.735462	131.210219	0.006535	30.8
1270	-0.533346	131.152788	0.007100	28.7
1271	-0.000000	131.095424	0.000000	29.4
1272	-0.025645	131.038127	0.003604	30.4
1273	-0.116722	130.980897	0.007667	28.6
1274	-0.000576	130.923733	0.000658	28.7
1275	-0.688430	130.866636	0.005602	29.7
1276	-0.157262	130.809605	0.003257	29.0
1277	-0.462160	130.752641	0.004407	29.0
1278	-0.000000	130.695742	0.000000	29.8
1279	-0.000000	130.638910	0.000000	27.4
1280	-0.683504	130.582143	0.008236	30.1
1281	-0.837162	130.525442	0.005488	30.5
1282	-0.483731	130.468807	0.006568	30.2
1283	-0.758634	130.412237	0.004646	30.3
1284	-0.000000	130.355733	0.000000	28.8
1285	-0.000000	130.299294	0.000000	29.8
1286	-0.362184	130.242920	0.004517	29.3
1287	-1.027629	130.186611	0.006476	29.1
1288	-0.022469	130.130366	0.000943	30.1
1289	-0.000000	130.074187	0.000000	30.5
1290	-0.000000	130.018072	0.000000	29.3
1291	-0.135990	129.962022	0.001886	30.5
1292	-0.198694	129.906036	0.003984	30.7
1293	-0.000000	129.850114	0.000000	30.1
1294	-0.016977	129.794257	0.002363	28.0
1295	-0.792892	129.738463	0.008264	37.9
1296	-0.704211	129.682734	0.007265	27.9
1297	-0.113126	129.627068	0.001907	29.5
1298	-0.397611	129.571466	0.003848	31.4
1299	-0.276628	129.515927	0.003080	30.5
1300	-0.139666	129.460452	0.002807	29.1
1301	-0.052090	129.405040	0.002426	30.3
1302	-0.652878	129.349692	0.006785	28.6
1303	-0.816931	129.294406	0.004271	29.8
1304	-0.907966	129.239183	0.005504	29.7
1305	-0.697799	129.184024	0.007039	30.6
1306	-0.039596	129.128927	0.001317	30.1
1307	-0.684111	129.073892	0.005886	27.4
1308	-0.394395	129.018921	0.005147	29.9
1309	-0.601841	128.964011	0.006511	30.6
1310	-0.710568	128.909164	0.005898	31.2
1311	-0.712856	128.854379	0.007256	28.6
1312	-0.067150	128.799656	0.001220	29.0
1313	-0.000000	128.744995	0.000000	30.1
1314	-0.000000	128.690396	0.000000	29.8
1315	-0.553022	128.635858	0.003885	30.0
1316	-0.192183	128.581382	0.002807	29.2
1317	-0.654179	128.526968	0.007118	29.1
1318	-0.670968	128.472615	0.005701	29.7
1319	-0.000443	128.418323	0.000177	29.7
1320	-0.791549	128.364092	0.006503	28.8
1321	-0.463060	128.309922	0.005042	32.1
1322	-0.070760	128.255814	0.001462	28.1
1323	-0.640188	128.201766	0.003539	30.3
1324	-0.008021	128.147778	0.000169	29.8
1325	-0.229018	128.093852	0.002492	30.0
1326	-0.635427	128.039985	0.006535	28.7
1327	-0.000000	127.986180	0.000000	30.0
1328	-0.368648	127.932434	0.004476	29.5
1329	-0.455911	127.878749	0.006263	29.0
1330	-0.000000	127.825123	0.000000	34.5
1331	-0.000000	127.771558	0.000000	28.8
1332	-0.000000	127.718052	0.000000	30.2
1333	-0.000000	127.664606	0.000000	30.1
1334	-0.075140	127.611220	0.003159	29.4
1335	-0.415727	127.557893	0.002873	29.5
1336	-0.870267	127.504625	0.005845	30.1
1337	-0.000000	127.451417	0.000000	29.6
1338	-0.839812	127.398268	0.005284	27.8
1339	-0.243918	127.345178	0.002172	31.0
1340	-0.000000	127.292147	0.000000	30.3
1341	-0.362748	127.239175	0.007670	29.3
1342	-0.561949	127.186261	0.006187	29.7
1343	-0.898373	127.133407	0.006690	30.9
1344	-0.000000	127.080610	0.000000	28.1
1345	-0.475019	127.027872	0.004747	29.6
1346	-0.801181	126.975193	0.004506	31.0
1347	-0.550398	126.922572	0.006476	30.1
1348	-0.162355	126.870008	0.002283	29.7
1349	-0.876880	126.817503	0.004971	29.4
1350	-1.010868	126.765056	0.005264	29.4
1351	-0.730067	126.712667	0.007783	29.3
1352	-0.446161	126.660335	0.004983	29.0
1353	-0.383311	126.608061	0.006142	28.6
1354	-0.196351	126.555844	0.002629	30.4
1355	-0.004346	126.503685	0.000000	28.8
1356	-0.091500	126.451583	0.001776	30.7
1357	-0.543628	126.399538	0.004406	29.2
1358	-0.000000	126.347550	0.000000	29.3
1359	-0.553232	126.295619	0.005519	28.3
1360	-0.587909	126.243745	0.006892	29.4
1361	-0.000000	126.191928	0.000000	30.3
1362	-0.000000	126.140168	0.000000	28.9
1363	-0.669415	126.088464	0.006263	27.7
1364	-0.634627	126.036817	0.006868	30.2
1365	-0.000000	125.985226	0.000000	32.3
1366	-0.062939	125.933691	0.002257	29.9
1367	-0.000726	125.882212	0.000303	30.2
1368	-0.007700	125.830790	0.000608	29.4
1369	-0.710625	125.779423	0.007754	30.1
1370	-0.000000	125.728113	0.000000	28.5
1371	-0.000746	125.676858	0.000065	30.1
1372	-0.925502	125.625659	0.005893	29.3
1373	-0.038332	125.574515	0.000705	29.7
1374	-0.654293	125.523427	0.004611	27.7
1375	-0.520576	125.472394	0.005650	30.3
1376	-0.739064	125.421417	0.007468	30.5
1377	-0.555314	125.370495	0.006209	30.4
1378	-0.813670	125.319628	0.005326	29.2
1379	-0.000000	125.268815	0.000000	28.1
1380	-0.111109	125.218058	0.003696	30.8
1381	-0.806062	125.167356	0.006126	29.9
1382	-0.075094	125.116708	0.003576	30.1
1383	-0.541573	125.066115	0.005567	29.4
1384	-0.395305	125.015576	0.003666	27.5
1385	-0.798644	124.965092	0.005358	29.7
1386	-0.742314	124.914662	0.005038	30.3
1387	-0.238921	124.864287	0.007568	30.4
1388	-0.432440	124.813965	0.005375	28.6
1389	-0.012632	124.763698	0.001455	29.3
1390	-0.228697	124.713485	0.006477	28.6
1391	-0.755009	124.663325	0.005605	30.3
1392	-0.000000	124.613219	0.000000	29.3
1393	-0.563753	124.563167	0.006351	30.4
1394	-0.696916	124.513168	0.005674	29.2
1395	-0.590938	124.463223	0.007616	30.3
1396	-0.195134	124.413332	0.002315	29.2
1397	-0.000000	124.363493	0.000000	31.2
1398	-0.497724	124.313708	0.005699	31.0
1399	-0.858496	124.263976	0.006050	32.6
1400	-0.820859	124.214297	0.005118	33.9
1401	-0.000000	124.164671	0.000000	29.3
1402	-0.823291	124.115097	0.006665	32.5
1403	-0.377086	124.065577	0.006565	28.0
1404	-0.000000	124.016109	0.000000	30.2
1405	-0.485002	123.966693	0.006283	30.5
1406	-0.726766	123.917330	0.006479	29.8
1407	-0.578452	123.868020	0.006065	29.2
1408	-0.000000	123.818762	0.000000	29.3
1409	-0.706133	123.769556	0.005996	30.0
1410	-0.560321	123.720402	0.003684	29.5
1411	-0.798150	123.671300	0.008135	29.4
1412	-0.396374	123.622250	0.004374	28.8
1413	-0.000000	123.573252	0.000000	28.7
1414	-0.000000	123.524305	0.000000	29.1
1415	-0.065490	123.475411	0.002931	30.0
1416	-0.433727	123.426568	0.005857	28.5
1417	-0.430623	123.377776	0.005401	29.8
1418	-0.674466	123.329036	0.004151	30.0
1419	-0.526284	123.280347	0.005934	30.5
1420	-0.000431	123.231709	0.001333	31.1
1421	-0.807735	123.183122	0.006187	30.7
1422	-0.000000	123.134587	0.000000	29.5
1423	-0.000000	123.086102	0.000000	30.5
1424	-0.169221	123.037669	0.002355	30.0
1425	-0.713069	122.989286	0.004027	30.1
1426	-0.743811	122.940954	0.007573	30.2
1427	-0.883020	122.892672	0.005108	31.0
1428	-0.849491	122.844441	0.005666	28.4
1429	-0.495056	122.796261	0.007171	28.2
1430	-0.732780	122.748130	0.005778	28.3
1431	-0.750491	122.700050	0.006205	30.4
1432	-0.815841	122.652021	0.005192	28.5
1433	-0.000000	122.604041	0.000000	29.2
1434	-0.855214	122.556111	0.006294	31.5
1435	-0.746418	122.508232	0.004156	30.9
1436	-0.877808	122.460402	0.005992	29.4
1437	-0.226534	122.412622	0.005757	30.7
1438	-0.000000	122.364891	0.000000	31.1
1439	-0.338694	122.317210	0.004490	30.4
1440	-0.000000	122.269579	0.000000	31.0
1441	-0.000000	122.221997	0.000000	29.2
1442	-0.001547	122.174465	0.000123	28.4
1443	-0.437447	122.126981	0.005952	29.5
1444	-0.567446	122.079547	0.005894	30.7
1445	-0.427410	122.032162	0.006147	28.2
1446	-0.042200	121.984826	0.003319	29.0
1447	-0.396699	121.937539	0.005492	30.2
1448	-0.000000	121.890301	0.000000	30.0
1449	-0.000388	121.843112	0.000378	28.6
1450	-0.086796	121.795971	0.002140	30.0
1451	-0.301924	121.748879	0.004255	29.9
1452	-0.615419	121.701835	0.006695	30.0
1453	-0.753103	121.654840	0.006528	30.5
1454	-0.036410	121.607893	0.000788	29.9
1455	-0.058639	121.560994	0.001182	30.4
1456	-0.000000	121.514144	0.000000	30.5
1457	-0.000000	121.467342	0.000000	29.7
1458	-0.861069	121.420588	0.008001	29.6
1459	-0.362844	121.373882	0.005185	28.8
1460	-0.983884	121.327223	0.005876	28.6
1461	-0.547137	121.280613	0.005872	29.8
1462	-0.000000	121.234050	0.000000	30.5
1463	-0.658485	121.187535	0.003412	30.3
1464	-0.000000	121.141067	0.000000	29.5
1465	-0.550982	121.094647	0.006571	28.1
1466	-0.672666	121.048274	0.005843	30.5
1467	-0.450126	121.001949	0.006836	29.3
1468	-0.452418	120.955671	0.004254	34.0
1469	-0.687709	120.909440	0.003794	30.8
1470	-0.000000	120.863256	0.000000	29.7
1471	-0.000000	120.817119	0.000000	29.6
1472	-0.843229	120.771029	0.007210	28.1
1473	-0.755694	120.724986	0.006609	29.7
1474	-0.769466	120.678990	0.005023	30.3
1475	-0.000000	120.633040	0.000000	30.3
1476	-0.388713	120.587137	0.007691	28.9
1477	-0.003254	120.541281	0.000398	30.0
1478	-0.856140	120.495471	0.006439	30.3
1479	-0.938777	120.449707	0.005578	29.6
1480	-0.697634	120.403990	0.005508	29.7
1481	-0.494041	120.358319	0.005579	28.8
1482	-0.402606	120.312694	0.004983	29.2
1483	-0.675319	120.267115	0.005364	29.9
1484	-0.000000	120.221582	0.000000	31.2
1485	-0.753576	120.176096	0.004144	31.0
1486	-0.703553	120.130655	0.004585	29.8
1487	-0.757862	120.085260	0.008104	30.0
1488	-0.783060	120.039910	0.004225	29.3
1489	-1.015294	119.994606	0.006619	29.9
1490	-0.714405	119.949348	0.005817	30.1
1491	-0.134476	119.904135	0.004679	30.8
1492	-0.851020	119.858968	0.006459	29.0
1493	-0.547057	119.813846	0.005583	29.1
1494	-0.807735	119.768769	0.006648	26.2
1495	-0.518672	119.723738	0.003371	31.0
1496	-0.788490	119.678752	0.006657	29.2
1497	-0.276676	119.633810	0.004285	31.2
1498	-0.007762	119.588914	0.000404	31.7
1499	-0.735937	119.544062	0.005487	30.0
1500	-0.415662	119.499256	0.005043	31.8
1501	-0.863649	119.454494	0.005948	29.4
1502	-0.005613	119.409777	0.000302	31.7
1503	-0.840215	119.365104	0.005102	32.1
1504	-0.860761	119.320476	0.005945	33.6
1505	-1.008877	119.275893	0.005246	30.7
1506	-0.390387	119.231353	0.006026	30.1
1507	-1.015044	119.186859	0.006095	31.2
1508	-0.689560	119.142408	0.006171	29.7
1509	-0.550200	119.098002	0.004703	30.1
1510	-0.000000	119.053639	0.000000	29.6
1511	-0.104554	119.009321	0.001303	31.1
1512	-0.847669	118.965047	0.007289	30.3
1513	-0.048802	118.920816	0.001911	29.6
1514	-0.775188	118.876630	0.006223	30.2
1515	-0.894162	118.832487	0.005249	29.4
1516	-0.773069	118.788388	0.006134	29.7
1517	-0.107208	118.744332	0.002308	30.6
1518	-0.091437	118.700320	0.003145	29.1
1519	-0.000000	118.656352	0.000000	29.5
1520	-0.303723	118.612427	0.003574	30.8
1521	-0.000000	118.568545	0.000000	29.1
1522	-0.003347	118.524706	0.000277	30.1
1523	-0.000012	118.480911	0.000009	29.3
1524	-0.834972	118.437159	0.005464	27.3
1525	-0.000000	118.393450	0.000000	29.4
1526	-0.019915	118.349784	0.002043	28.5
1527	-0.990444	118.306160	0.006924	30.1
1528	-0.266683	118.262580	0.004121	29.1
1529	-0.715902	118.219042	0.006380	29.4
1530	-0.000000	118.175548	0.000000	29.6
1531	-0.561186	118.132095	0.006814	29.9
1532	-0.008907	118.088686	0.000325	29.5
1533	-0.000058	118.045319	0.000062	28.7
1534	-0.952501	118.001994	0.006499	30.4
1535	-0.000001	117.958712	0.000001	29.9
1536	-0.453197	117.915472	0.002703	29.8
1537	-1.004692	117.872274	0.005971	28.5
1538	-0.383873	117.829118	0.005559	36.6
1539	-0.000000	117.786005	0.000000	29.7
1540	-0.936617	117.742933	0.004824	29.2
1541	-0.148008	117.699904	0.002515	28.4
1542	-0.916823	117.656916	0.005575	30.8
1543	-0.504884	117.613971	0.003453	30.2
1544	-0.385115	117.571067	0.006272	31.4
1545	-0.000000	117.528205	0.000000	28.5
1546	-0.801474	117.485384	0.005015	28.8
1547	-0.834176	117.442605	0.008385	28.3
1548	-0.410475	117.399867	0.004904	30.3
1549	-0.774000	117.357171	0.006838	29.5
1550	-0.000000	117.314517	0.000000	29.7
1551	-0.007037	117.271903	0.000309	28.0
1552	-0.838879	117.229331	0.010202	31.5
1553	-0.006185	117.186800	0.000326	30.0
1554	-0.841879	117.144311	0.005488	31.3
1555	-0.297292	117.101862	0.002270	29.2
1556	-0.747364	117.059454	0.004603	30.4
1557	-0.000000	117.017087	0.000000	29.0
1558	-0.726174	116.974762	0.005910	29.6
1559	-0.664305	116.932476	0.006904	30.0
1560	-0.775559	116.890232	0.006515	29.8
1561	-0.000000	116.848028	0.000000	29.0
1562	-0.828115	116.805865	0.004854	29.0
1563	-0.005377	116.763743	0.000247	29.9
1564	-0.427271	116.721661	0.005335	29.6
1565	-0.002318	116.679619	0.000364	28.7
1566	-0.565029	116.637618	0.005915	28.3
1567	-0.901436	116.595657	0.004209	29.4
1568	-0.252300	116.553736	0.005995	28.5
1569	-0.884394	116.511855	0.005955	29.8
1570	-0.681958	116.470015	0.006276	29.2
1571	-0.631694	116.428214	0.007664	30.5
1572	-0.000000	116.386454	0.000000	30.1
1573	-0.935728	116.344733	0.005410	32.9
1574	-0.000000	116.303052	0.000000	30.2
1575	-0.692176	116.261412	0.005521	30.2
1576	-0.653127	116.219810	0.004779	29.6
1577	-0.353765	116.178249	0.003467	29.9
1578	-0.996891	116.136727	0.005831	29.9
1579	-0.005924	116.095245	0.000568	30.0
1580	-0.553373	116.053802	0.008198	30.0
1581	-0.462940	116.012398	0.007067	30.5
1582	-0.833114	115.971034	0.005294	31.7
1583	-0.000000	115.929710	0.000000	35.2
1584	-0.000000	115.888424	0.000000	30.6
1585	-0.000000	115.847178	0.000000	30.8
1586	-0.499669	115.805970	0.004531	28.4
1587	-0.150586	115.764802	0.003506	29.7
1588	-0.524823	115.723673	0.005478	31.3
1589	-0.018974	115.682583	0.001992	30.7
1590	-0.252581	115.641532	0.003316	30.5
1591	-0.004358	115.600519	0.001284	29.7
1592	-0.000000	115.559546	0.000000	29.6
1593	-0.774479	115.518610	0.006964	31.5
1594	-0.000000	115.477714	0.000000	31.5
1595	-0.234870	115.436856	0.005215	30.7
1596	-0.177638	115.396037	0.003684	28.7
1597	-0.817015	115.355256	0.005388	32.2
1598	-0.660048	115.314514	0.007189	30.5
1599	-0.389170	115.273810	0.004458	30.0
1600	-0.376843	115.233144	0.003657	30.5
1601	-0.387280	115.192517	0.005470	29.1
1602	-0.859956	115.151927	0.004674	29.5
1603	-0.677820	115.111376	0.005724	29.3
1604	-0.000000	115.070863	0.000000	29.2
1605	-0.689460	115.030388	0.006576	30.0
1606	-0.591746	114.989951	0.005853	30.6
1607	-0.809340	114.949551	0.005340	33.0
1608	-0.204409	114.909190	0.003413	29.5
1609	-1.009419	114.868866	0.007285	29.1
1610	-0.517872	114.828580	0.006632	29.1
1611	-0.716384	114.788332	0.005593	29.4
1612	-0.534159	114.748121	0.004377	28.7
1613	-0.856478	114.707948	0.005577	28.6
1614	-0.705379	114.667812	0.005753	29.8
1615	-0.719263	114.627714	0.007803	27.8
1616	-0.450953	114.587653	0.004660	29.8
1617	-0.871201	114.547629	0.006171	29.2
1618	-0.159575	114.507643	0.002100	30.0
1619	-0.313442	114.467693	0.004284	29.7
1620	-0.844334	114.427781	0.007296	29.8
1621	-0.477562	114.387907	0.004270	29.7
1622	-0.997624	114.348069	0.005792	30.0
1623	-0.916440	114.308268	0.008638	29.0
1624	-0.000000	114.268504	0.000000	29.2
1625	-0.930445	114.228777	0.006277	28.4
1626	-0.922099	114.189086	0.005931	30.5
1627	-0.757820	114.149433	0.007472	28.9
1628	-0.007767	114.109816	0.000895	28.2
1629	-0.863023	114.070235	0.006762	30.9
1630	-0.726271	114.030692	0.005129	30.3
1631	-0.793987	113.991185	0.004845	29.8
1632	-0.894122	113.951714	0.007166	29.0
1633	-0.522703	113.912280	0.004522	30.4
1634	-0.000000	113.872882	0.000000	26.2
1635	-0.482887	113.833521	0.004249	29.7
1636	-0.414776	113.794195	0.005652	28.9
1637	-0.774630	113.754906	0.007092	29.3
1638	-0.000000	113.715653	0.000000	29.1
1639	-0.946182	113.676437	0.005742	30.1
1640	-0.874552	113.637256	0.004712	30.6
1641	-0.718962	113.598111	0.007311	29.3
1642	-0.661402	113.559002	0.006524	30.3
1643	-0.410870	113.519929	0.006129	30.3
1644	-0.613781	113.480892	0.006172	29.0
1645	-0.000000	113.441891	0.000000	28.9
1646	-0.000000	113.402925	0.000000	27.8
1647	-0.843117	113.363995	0.006228	29.5
1648	-0.869708	113.325101	0.005347	28.9
1649	-0.007100	113.286242	0.002649	28.8
1650	-0.385675	113.247419	0.004337	29.1
1651	-0.000000	113.208631	0.000000	29.2
1652	-0.596543	113.169879	0.004795	30.1
1653	-0.827950	113.131162	0.006560	30.2
1654	-0.671203	113.092480	0.004535	30.1
1655	-0.649566	113.053833	0.008555	30.2
1656	-0.000000	113.015222	0.000000	28.8
1657	-0.000000	112.976646	0.000000	28.5
1658	-0.603025	112.938105	0.006088	29.0
1659	-0.026507	112.899599	0.000909	30.3
1660	-0.911285	112.861128	0.006335	30.3
1661	-0.911137	112.822692	0.006189	29.2
1662	-0.000000	112.784291	0.000000	28.8
1663	-0.583962	112.745924	0.006789	29.1
1664	-0.219185	112.707593	0.002975	29.6
1665	-0.383685	112.669296	0.005378	29.0
1666	-0.853593	112.631034	0.005383	28.9
1667	-0.105034	112.592806	0.001659	29.8
1668	-0.667470	112.554613	0.005624	30.9
1669	-0.765823	112.516455	0.007845	29.3
1670	-0.868426	112.478331	0.007457	28.9
1671	-0.518053	112.440241	0.006640	29.3
1672	-0.314700	112.402186	0.004713	29.0
1673	-0.798004	112.364165	0.006206	29.5
1674	-0.408888	112.326179	0.004590	29.6
1675	-0.222195	112.288227	0.002726	29.7
1676	-0.318663	112.250309	0.004183	28.6
1677	-0.758411	112.212425	0.006778	36.8
1678	-0.543307	112.174575	0.004622	30.5
1679	-0.856971	112.136759	0.006155	29.1
1680	-0.000000	112.098977	0.000000	29.7
1681	-0.831082	112.061229	0.007068	29.0
1682	-0.725284	112.023515	0.005927	28.1
1683	-0.416928	111.985834	0.005308	27.8
1684	-0.961973	111.948188	0.006522	31.1
1685	-0.986962	111.910575	0.005821	29.9
1686	-0.131942	111.872996	0.002650	29.3
1687	-0.000000	111.835450	0.000000	29.0
1688	-0.489491	111.797939	0.004564	27.9
1689	-0.554140	111.760460	0.005320	30.3
1690	-0.675904	111.723015	0.004941	29.0
1691	-0.047160	111.685604	0.004624	28.5
1692	-0.000000	111.648226	0.000000	28.6
1693	-0.754849	111.610881	0.005982	28.8
1694	-0.610342	111.573570	0.004968	28.1
1695	-0.661568	111.536292	0.006469	29.3
1696	-0.120399	111.499047	0.002644	28.0
1697	-0.000000	111.461835	0.000000	29.5
1698	-0.756030	111.424656	0.006671	28.6
1699	-0.513373	111.387510	0.007735	29.0
1700	-0.986502	111.350398	0.007455	28.8
1701	-0.556927	111.313318	0.005100	28.4
1702	-0.000000	111.276271	0.000000	29.7
1703	-0.000000	111.239257	0.000000	27.0
1704	-0.738963	111.202276	0.006292	28.8
1705	-1.012891	111.165328	0.006971	28.1
1706	-0.146748	111.128412	0.001912	30.3
1707	-0.056817	111.091529	0.001232	29.4
1708	-0.000000	111.054679	0.000000	28.9
1709	-0.650091	111.017861	0.006143	29.1
1710	-0.756199	110.981076	0.007992	29.4
1711	-0.000000	110.944323	0.000000	27.3
1712	-0.048814	110.907603	0.001075	28.9
1713	-0.875353	110.870915	0.005584	28.8
1714	-0.995367	110.834259	0.006398	31.1
1715	-0.000000	110.797636	0.000000	27.6
1716	-0.786312	110.761045	0.005360	29.0
1717	-0.489337	110.724486	0.004375	29.7
1718	-0.599139	110.687959	0.004837	28.9
1719	-0.899941	110.651465	0.004600	27.9
1720	-0.000000	110.615002	0.000000	28.5
1721	-0.763491	110.578572	0.004421	31.0
1722	-0.799468	110.542173	0.007426	30.4
1723	-0.000000	110.505807	0.000000	28.3
1724	-0.050222	110.469472	0.001480	29.9
1725	-0.624441	110.433169	0.003848	28.3
1726	-0.645222	110.396898	0.007132	30.1
1727	-0.786092	110.360659	0.007160	28.9
1728	-0.005560	110.324451	0.000609	28.9
1729	-0.741276	110.288276	0.004142	29.4
1730	-0.890863	110.252131	0.005158	29.5
1731	-0.617726	110.216019	0.003682	28.9
1732	-0.888149	110.179937	0.006070	27.9
1733	-0.623612	110.143888	0.005107	29.4
1734	-0.906080	110.107869	0.005548	27.8
1735	-0.407510	110.071882	0.003265	29.9
1736	-0.421065	110.035927	0.004873	29.5
1737	-0.799662	110.000003	0.005841	28.6
1738	-0.742957	109.964110	0.009345	28.6
1739	-0.708651	109.928248	0.006224	29.1
1740	-0.622946	109.892417	0.007231	30.0
1741	-0.008398	109.856618	0.000993	28.1
1742	-0.783076	109.820850	0.007982	28.7
1743	-0.824327	109.785112	0.005350	28.6
1744	-0.000000	109.749406	0.000000	30.2
1745	-0.000000	109.713730	0.000000	30.0
1746	-0.000000	109.678086	0.000000	28.9
1747	-0.541224	109.642472	0.005940	28.9
1748	-0.498596	109.606890	0.004055	30.7
1749	-0.297369	109.571337	0.011560	31.8
1750	-0.863923	109.535816	0.004137	29.0
1751	-1.021077	109.500326	0.006168	27.9
1752	-0.473596	109.464866	0.005532	29.5
1753	-0.000000	109.429436	0.000000	30.0
1754	-0.000000	109.394038	0.000000	30.2
1755	-0.994989	109.358669	0.005432	29.6
1756	-0.822490	109.323331	0.007019	29.5
1757	-0.085349	109.288024	0.002521	28.0
1758	-0.098934	109.252747	0.003398	31.7
1759	-0.719565	109.217501	0.005109	29.9
1760	-0.758717	109.182284	0.008022	30.8
1761	-0.000000	109.147098	0.000000	29.5
1762	-0.863273	109.111942	0.006783	28.7
1763	-0.713046	109.076817	0.008285	29.1
1764	-0.000000	109.041721	0.000000	29.0
1765	-0.973776	109.006656	0.005980	27.8
1766	-0.769952	108.971620	0.007082	28.7
1767	-0.093695	108.936615	0.002929	27.6
1768	-0.379428	108.901640	0.004292	29.9
1769	-0.770339	108.866694	0.004616	29.7
1770	-0.547284	108.831779	0.003068	29.3
1771	-0.772577	108.796893	0.006845	30.6
1772	-0.053832	108.762037	0.001791	29.0
1773	-0.000613	108.727211	0.000193	28.7
1774	-0.964611	108.692415	0.005890	28.0
1775	-0.001410	108.657648	0.000679	29.8
1776	-0.487762	108.622911	0.005719	29.2
1777	-0.894991	108.588203	0.006244	30.2
1778	-0.189700	108.553525	0.004514	30.2
1779	-0.000000	108.518877	0.000000	27.5
1780	-0.010313	108.484258	0.000599	30.6
1781	-0.000000	108.449668	0.000000	29.6
1782	-0.707812	108.415108	0.005981	31.4
1783	-0.195728	108.380578	0.005652	28.9
1784	-0.705691	108.346076	0.007005	32.9
1785	-0.000000	108.311604	0.000000	27.8
1786	-0.493687	108.277161	0.006229	29.8
1787	-0.632005	108.242747	0.003770	29.9
1788	-0.187833	108.208363	0.002875	29.7
1789	-0.715435	108.174007	0.004459	27.7
1790	-0.761610	108.139681	0.005277	28.0
1791	-0.430372	108.105383	0.005805	30.3
1792	-0.042081	108.071115	0.002133	29.3
1793	-0.855705	108.036875	0.006405	30.2
1794	-0.565383	108.002665	0.005826	27.5
1795	-0.000000	107.968483	0.000000	30.2
1796	-0.012478	107.934330	0.001052	30.0
1797	-0.001351	107.900206	0.000358	30.3
1798	-0.549457	107.866111	0.005281	29.6
1799	-0.346471	107.832044	0.002829	30.0
1800	-1.022609	107.798007	0.005834	29.4
1801	-0.000000	107.763997	0.000000	28.9
1802	-0.000000	107.730017	0.000000	29.7
1803	-0.909103	107.696065	0.005875	29.0
1804	-0.777450	107.662141	0.006557	29.3
1805	-0.649426	107.628246	0.006022	30.0
1806	-0.500928	107.594379	0.005174	29.7
1807	-0.997569	107.560541	0.005842	28.2
1808	-0.808236	107.526731	0.004569	29.4
1809	-0.000000	107.492949	0.000000	28.1
1810	-0.000000	107.459196	0.000000	30.9
1811	-0.000000	107.425471	0.000000	30.4
1812	-0.000000	107.391774	0.000000	29.6
1813	-0.789091	107.358106	0.005874	30.0
1814	-0.454052	107.324465	0.005050	29.4
1815	-0.211390	107.290853	0.003352	29.1
1816	-0.461726	107.257268	0.004677	30.0
1817	-0.814085	107.223712	0.006392	29.6
1818	-0.888080	107.190184	0.005582	27.0
1819	-0.000000	107.156683	0.000000	32.2
1820	-0.433598	107.123211	0.004950	30.0
1821	-0.000000	107.089766	0.000000	29.6
1822	-0.479704	107.056349	0.003453	30.8
1823	-0.048834	107.022960	0.000830	28.9
1824	-0.422271	106.989599	0.003837	28.4
1825	-0.000000	106.956265	0.000000	29.1
1826	-0.677744	106.922960	0.006672	28.1
1827	-0.627427	106.889681	0.005995	29.8
1828	-0.774174	106.856431	0.007309	29.3
1829	-0.000154	106.823208	0.000087	29.7
1830	-0.505398	106.790012	0.006041	29.3
1831	-0.412799	106.756844	0.005147	29.7
1832	-0.345508	106.723703	0.005379	29.1
1833	-0.535532	106.690590	0.006337	28.5
1834	-0.000000	106.657505	0.000000	30.1
1835	-0.591531	106.624446	0.005369	30.0
1836	-0.576132	106.591415	0.003282	30.1
1837	-0.459674	106.558411	0.005203	28.4
1838	-0.209321	106.525435	0.005025	29.0
1839	-0.023439	106.492485	0.001957	28.3
1840	-0.827870	106.459563	0.007994	29.7
1841	-0.653675	106.426668	0.005985	29.8
1842	-0.603072	106.393800	0.007512	29.5
1843	-0.967612	106.360959	0.006396	29.4
1844	-0.906132	106.328145	0.008613	30.3
1845	-0.837450	106.295358	0.006322	29.9
1846	-0.031534	106.262598	0.001307	29.1
1847	-0.830812	106.229865	0.005947	27.6
1848	-0.029163	106.197158	0.000561	30.2
1849	-0.000000	106.164479	0.000000	29.1
1850	-0.015185	106.131826	0.002169	30.6
1851	-0.714221	106.099201	0.007719	27.0
1852	-0.574154	106.066602	0.005958	29.9
1853	-0.506204	106.034029	0.008056	31.4
1854	-0.489005	106.001483	0.005336	31.8
1855	-0.570398	105.968964	0.007185	28.7
1856	-0.744376	105.936472	0.007114	29.8
1857	-0.843741	105.904006	0.007008	29.4
1858	-0.863013	105.871566	0.006013	29.4
1859	-0.000001	105.839153	0.000001	29.8
1860	-0.000000	105.806767	0.000000	30.2
1861	-0.092622	105.774407	0.003312	29.5
1862	-0.391321	105.742073	0.004617	27.6
1863	-0.000000	105.709766	0.000000	29.3
1864	-0.046179	105.677485	0.001594	28.5
1865	-0.384618	105.645230	0.003863	30.8
1866	-0.128864	105.613001	0.002647	29.9
1867	-0.577475	105.580799	0.003666	30.4
1868	-0.000000	105.548623	0.000000	30.5
1869	-0.649780	105.516473	0.004769	29.4
1870	-0.657887	105.484349	0.006433	29.8
1871	-0.833462	105.452251	0.006910	29.6
1872	-0.838361	105.420179	0.004429	29.6
1873	-0.938576	105.388133	0.004964	29.7
1874	-0.742709	105.356113	0.007565	29.2
1875	-0.010752	105.324119	0.000624	30.1
1876	-0.000022	105.292151	0.000020	29.3
1877	-0.000000	105.260209	0.000000	28.9
1878	-0.253969	105.228293	0.004433	28.6
1879	-0.754797	105.196402	0.006608	30.7
1880	-0.950394	105.164537	0.006274	30.6
1881	-0.847139	105.132698	0.007485	29.8
1882	-0.691704	105.100885	0.005655	29.4
1883	-0.671603	105.069097	0.004294	28.2
1884	-0.556666	105.037335	0.003517	30.7
1885	-0.727873	105.005598	0.006860	31.3
1886	-0.042538	104.973887	0.003496	30.3
1887	-0.734144	104.942202	0.005861	32.2
1888	-0.324955	104.910542	0.003746	29.5
1889	-0.565456	104.878907	0.006456	31.6
1890	-0.000000	104.847298	0.000000	28.4
1891	-0.282390	104.815715	0.005640	30.4
1892	-0.715759	104.784156	0.004644	30.3
1893	-0.687985	104.752623	0.005377	30.2
1894	-0.341047	104.721116	0.006035	30.0
1895	-0.000080	104.689633	0.000112	28.5
1896	-0.894549	104.658176	0.006726	29.0
1897	-0.360127	104.626744	0.004550	29.7
1898	-0.000000	104.595337	0.000000	29.6
1899	-0.692090	104.563955	0.005757	28.5
1900	-0.786737	104.532599	0.005929	29.8
1901	-0.405716	104.501267	0.006735	30.0
1902	-0.874180	104.469960	0.006487	30.8
1903	-1.051714	104.438679	0.006049	30.7
1904	-1.012965	104.407422	0.008326	28.9
1905	-0.470753	104.376191	0.005557	29.9
1906	-0.101956	104.344984	0.001661	29.5
1907	-0.510211	104.313802	0.004688	30.4
1908	-0.678617	104.282645	0.007420	28.8
1909	-0.623304	104.251513	0.003833	29.8
1910	-0.000000	104.220405	0.000000	27.4
1911	-0.000000	104.189323	0.000000	29.8
1912	-0.264742	104.158265	0.003774	30.8
1913	-0.000000	104.127231	0.000000	28.7
1914	-0.000000	104.096222	0.000000	27.7
1915	-0.000000	104.065238	0.000000	29.7
1916	-0.476568	104.034279	0.005497	29.7
1917	-0.353393	104.003344	0.002975	30.6
1918	-0.000000	103.972433	0.000000	29.6
1919	-0.001537	103.941547	0.000205	28.9
1920	-0.037281	103.910686	0.003534	29.1
1921	-0.000000	103.879849	0.000000	29.3
1922	-0.486564	103.849036	0.005902	30.5
1923	-0.621419	103.818248	0.007805	30.6
1924	-0.170398	103.787484	0.001777	30.3
1925	-0.660472	103.756744	0.005834	27.6
1926	-0.000000	103.726029	0.000000	30.1
1927	-0.059264	103.695338	0.001212	30.2
1928	-0.677622	103.664671	0.003639	29.0
1929	-0.872823	103.634028	0.004770	29.1
1930	-0.994355	103.603409	0.007124	31.1
1931	-1.016784	103.572814	0.006964	30.5
1932	-0.007881	103.542244	0.000449	29.8
1933	-0.023352	103.511698	0.000676	28.3
1934	-0.000000	103.481175	0.000000	29.1
1935	-0.336603	103.450677	0.004107	29.1
1936	-0.659358	103.420202	0.003987	29.9
1937	-0.000000	103.389752	0.000000	29.5
1938	-0.390446	103.359325	0.004531	29.8
1939	-0.000000	103.328922	0.000000	29.0
1940	-0.003082	103.298543	0.000382	31.1
1941	-0.931449	103.268188	0.005296	30.0
1942	-0.867205	103.237857	0.006809	30.2
1943	-0.048886	103.207549	0.003833	28.1
1944	-0.939260	103.177265	0.007414	30.1
1945	-0.475887	103.147005	0.004544	28.6
1946	-0.043101	103.116768	0.003344	30.5
1947	-0.004129	103.086556	0.000000	30.3
1948	-0.168983	103.056366	0.002747	29.0
1949	-0.000000	103.026200	0.000000	29.1
1950	-0.665820	102.996058	0.005715	29.7
1951	-0.545874	102.965939	0.003686	29.5
1952	-0.526941	102.935844	0.007508	29.6
1953	-0.000000	102.905772	0.000000	29.4
1954	-0.453760	102.875724	0.004665	29.5
1955	-0.610529	102.845699	0.004924	30.9
1956	-0.525893	102.815697	0.004578	30.2
1957	-0.319722	102.785719	0.004474	30.7
1958	-0.801921	102.755764	0.008077	33.0
1959	-0.000000	102.725832	0.000000	32.6
1960	-0.937901	102.695924	0.007572	30.4
1961	-0.001499	102.666038	0.000323	28.7
1962	-0.988524	102.636176	0.006344	29.3
1963	-0.545179	102.606337	0.005282	29.9
1964	-0.889261	102.576521	0.005360	30.3
1965	-0.072185	102.546728	0.000744	28.2
1966	-0.233337	102.516959	0.004526	29.2
1967	-0.786317	102.487212	0.006894	29.3
1968	-0.000000	102.457488	0.000000	28.7
1969	-0.885288	102.427788	0.004027	31.0
1970	-0.725131	102.398110	0.003888	28.9
1971	-0.000000	102.368455	0.000000	29.1
1972	-0.829146	102.338823	0.003666	28.6
1973	-0.612937	102.309214	0.005695	29.8
1974	-0.654368	102.279628	0.005650	29.0
1975	-0.000000	102.250064	0.000000	28.1
1976	-0.453535	102.220524	0.005486	31.2
1977	-0.799845	102.191006	0.006068	30.0
1978	-0.899696	102.161511	0.006547	30.7
1979	-0.000000	102.132038	0.000000	29.8
1980	-0.000002	102.102588	0.000001	29.4
1981	-0.351208	102.073161	0.005379	29.1
1982	-0.000000	102.043757	0.000000	29.6
1983	-0.977524	102.014375	0.006944	28.5
1984	-0.000000	101.985015	0.000000	30.0
1985	-0.006762	101.955678	0.000313	29.4
1986	-0.859651	101.926364	0.005853	29.6
1987	-0.000000	101.897072	0.000000	30.1
1988	-0.007850	101.867802	0.000093	30.0
1989	-0.174110	101.838555	0.003109	29.3
1990	-0.057560	101.809330	0.001193	28.9
1991	-0.000000	101.780128	0.000000	30.2
1992	-1.001096	101.750948	0.007145	28.6
1993	-0.000000	101.721790	0.000000	30.5
1994	-0.006343	101.692654	0.000498	33.1
1995	-0.837364	101.663541	0.005687	30.1
1996	-0.732906	101.634450	0.006877	31.1
1997	-0.000000	101.605381	0.000000	31.1
1998	-0.739125	101.576335	0.006016	27.7
1999	-0.000000	101.547310	0.000000	29.5
