1:ItNr	2:Metric	3a:Time	3b:StepSize	4:||Gradient||	Time[ms]
0	-0.664645	0.000000	9.458931	0.033000	678.4
1	-0.652692	0.000000	9.458931	0.023081	6.0
2	-0.663668	0.000000	9.458931	0.012883	6.6
3	-0.683240	0.986503	9.034522	0.016302	6.7
4	-0.712855	0.593505	9.198949	0.014966	5.9
5	-0.674643	0.230691	9.356151	0.015823	6.2
6	-0.694552	0.000000	9.458931	0.025566	4.4
7	-0.667500	0.000000	9.458931	0.015969	4.2
8	-0.676541	0.999971	9.028992	0.019941	4.6
9	-0.688125	1.960622	8.651227	0.010089	4.3
10	-0.708520	1.567579	8.801899	0.027460	5.1
11	-0.667953	2.562236	8.430336	0.015466	5.8
12	-0.669539	3.562235	8.087112	0.014739	6.5
13	-0.655582	4.043677	7.931645	0.019107	8.3
14	-0.696770	4.033022	7.935021	0.016296	6.0
15	-0.705522	4.912086	7.665826	0.013609	5.8
16	-0.676291	4.519553	7.783740	0.021960	4.2
17	-0.639654	5.518943	7.490403	0.016537	3.9
18	-0.690650	6.518942	7.218212	0.017979	3.9
19	-0.682247	6.807402	7.143334	0.012185	3.9
20	-0.676863	6.513709	7.219585	0.018914	3.8
21	-0.680131	6.121598	7.323962	0.016875	3.6
22	-0.665530	5.743047	7.427634	0.011464	3.4
23	-0.663961	5.721419	7.433645	0.020130	3.6
24	-0.673404	6.717547	7.166491	0.012806	3.7
25	-0.660652	6.575615	7.203377	0.014746	4.4
26	-0.642992	6.933986	7.110963	0.015044	5.0
27	-0.672218	7.929971	6.866151	0.016090	6.6
28	-0.687438	8.811332	6.663156	0.016772	6.3
29	-0.664062	9.810882	6.446993	0.018295	6.2
30	-0.685708	10.810882	6.244327	0.018260	5.2
31	-0.658620	11.810370	6.054109	0.024110	6.6
32	-0.632838	11.417188	6.127538	0.022493	8.3
33	-0.653950	11.029152	6.201774	0.013003	12.6
34	-0.686354	10.635967	6.278852	0.019635	8.0
35	-0.688904	10.242782	6.357870	0.020271	4.9
36	-0.681453	11.242771	6.160685	0.015831	6.3
37	-0.654083	12.242771	5.975361	0.013519	9.4
38	-0.682334	11.948594	6.028711	0.017093	5.3
39	-0.672703	11.555553	6.101495	0.013583	5.8
40	-0.660080	12.555261	5.919714	0.012885	4.7
41	-0.692467	12.326320	5.960381	0.012201	3.9
42	-0.664407	13.285530	5.793626	0.012298	4.0
43	-0.660833	13.002784	5.841803	0.011702	4.5
44	-0.692361	12.621710	5.908015	0.012213	5.5
45	-0.662790	12.728638	5.889285	0.010722	4.8
46	-0.632559	12.337909	5.958309	0.019255	6.8
47	-0.704305	11.992585	6.020673	0.012468	6.0
48	-0.656474	12.992205	5.843621	0.018317	7.0
49	-0.669741	12.607771	5.910465	0.010429	8.2
50	-0.661193	12.216038	5.980170	0.012725	4.5
51	-0.668915	11.825388	6.051339	0.018580	5.5
52	-0.695764	11.433019	6.124547	0.012347	7.0
53	-0.671325	11.039835	6.199706	0.018775	6.6
54	-0.660008	12.032209	6.013451	0.012869	5.3
55	-0.694942	11.656890	6.082562	0.014326	7.4
56	-0.666621	11.264769	6.156485	0.015742	6.2
57	-0.684576	10.885575	6.229700	0.014041	5.4
58	-0.685826	11.769142	6.061726	0.015227	4.9
59	-0.683052	12.596926	5.912373	0.008406	5.6
60	-0.677298	12.217153	5.979969	0.011542	7.0
61	-0.695173	11.869852	6.043153	0.011417	6.2
62	-0.666896	11.528076	6.106649	0.010690	4.2
63	-0.672889	11.339610	6.142237	0.012971	4.4
64	-0.632594	11.277467	6.154063	0.024867	5.2
65	-0.660887	12.277395	5.969144	0.011173	5.3
66	-0.687817	13.271664	5.795971	0.021702	4.5
67	-0.665271	14.261967	5.633195	0.022320	3.8
68	-0.666866	13.868862	5.696703	0.017170	3.5
69	-0.687528	13.475677	5.761672	0.016699	3.2
70	-0.677963	14.475677	5.599260	0.014419	3.2
71	-0.709769	14.082561	5.662003	0.021260	3.4
72	-0.679172	15.082500	5.505094	0.012590	3.5
73	-0.684379	14.716442	5.561516	0.024542	3.4
74	-0.663462	14.515726	5.592946	0.016860	3.2
75	-0.676854	15.225209	5.483407	0.013013	3.8
76	-0.670402	14.834530	5.543189	0.017650	4.9
77	-0.638281	15.826341	5.393899	0.015163	5.1
78	-0.674286	16.818532	5.252387	0.011978	5.5
79	-0.684167	17.785434	5.121447	0.008425	4.6
80	-0.650351	17.408150	5.171755	0.019428	5.0
81	-0.635938	17.052141	5.220141	0.011914	5.8
82	-0.663593	18.052085	5.086478	0.010868	4.8
83	-0.702968	18.158975	5.072593	0.011210	5.6
84	-0.676116	18.748489	4.997361	0.011453	5.1
85	-0.670634	18.389959	5.042847	0.018326	5.7
86	-0.661076	18.029522	5.089418	0.018584	6.1
87	-0.660643	18.090827	5.081436	0.024190	4.2
88	-0.657862	19.090827	4.954688	0.016204	4.1
89	-0.685877	18.697642	5.003762	0.013044	3.9
90	-0.659739	18.318197	5.052051	0.015968	4.6
91	-0.653738	17.929881	5.102444	0.013274	4.7
92	-0.624135	17.538675	5.154239	0.006401	4.4
93	-0.658401	18.016092	5.091170	0.011668	6.0
94	-0.663137	18.742974	4.998055	0.016242	6.6
95	-0.709385	18.349833	5.047990	0.024693	6.0
96	-0.661006	19.349825	4.922885	0.018585	6.9
97	-0.679846	20.349825	4.803831	0.019210	6.7
98	-0.705495	19.956652	4.849946	0.015313	7.7
99	-0.672647	19.563467	4.896957	0.015009	6.1
100	-0.697770	19.231671	4.937343	0.012983	3.2
101	-0.690902	20.098574	4.833198	0.016228	4.6
102	-0.655507	19.709179	4.879429	0.015211	5.5
103	-0.656220	20.708902	4.762474	0.014030	6.0
104	-0.650954	21.707619	4.651103	0.013399	5.5
105	-0.676145	21.314709	4.694291	0.017457	4.6
106	-0.692801	22.310923	4.586315	0.019568	6.8
107	-0.675731	23.299973	4.483920	0.011760	6.9
108	-0.647360	22.906793	4.524073	0.013032	6.9
109	-0.674556	23.087792	4.505500	0.015197	6.7
110	-0.678182	22.731292	4.542229	0.015778	5.9
111	-0.677160	22.418417	4.574961	0.023852	6.0
112	-0.674824	22.382570	4.578741	0.017219	4.7
113	-0.638786	23.379206	4.475915	0.009204	4.7
114	-0.643359	23.876179	4.426347	0.012492	4.7
115	-0.673610	23.505592	4.463204	0.019279	4.8
116	-0.659031	24.505589	4.365124	0.015834	5.0
117	-0.659565	24.118968	4.402529	0.018994	6.2
118	-0.652643	25.085967	4.310153	0.016986	5.2
119	-0.686442	24.693246	4.347197	0.025234	4.4
120	-0.676154	25.690144	4.254379	0.015344	4.3
121	-0.641726	26.690143	4.165170	0.014679	4.0
122	-0.676411	26.870478	4.149479	0.012959	4.4
123	-0.673201	26.750888	4.159871	0.014781	4.8
124	-0.674698	26.388269	4.191703	0.025115	4.7
125	-0.661720	27.371963	4.106460	0.021189	5.7
126	-0.661845	28.371961	4.023287	0.018451	5.7
127	-0.690284	29.371961	3.943415	0.015455	6.5
128	-0.677864	30.371960	3.866653	0.015061	6.1
129	-0.656592	31.367560	3.793141	0.016912	6.3
130	-0.683181	30.984254	3.821110	0.019429	5.0
131	-0.681030	31.640483	3.773475	0.014464	5.7
132	-0.672498	32.640113	3.703153	0.015179	6.6
133	-0.695534	33.639402	3.635427	0.017935	8.4
134	-0.678005	33.298154	3.658275	0.018418	11.9
135	-0.654789	32.904969	3.684958	0.017414	10.7
136	-0.681058	32.516945	3.711676	0.009192	4.1
137	-0.658872	32.451400	3.716227	0.012274	3.8
138	-0.679632	33.443232	3.648526	0.013668	3.6
139	-0.679824	33.609488	3.637418	0.022657	3.7
140	-0.681532	34.275043	3.593621	0.017905	3.8
141	-0.682597	33.881859	3.619366	0.009407	3.6
142	-0.662947	34.806223	3.559416	0.018244	3.8
143	-0.661782	34.416364	3.584457	0.015554	4.2
144	-0.665608	35.413737	3.521085	0.013032	4.6
145	-0.665461	35.031284	3.545119	0.013963	4.9
146	-0.657314	34.739135	3.563700	0.014376	4.9
147	-0.637391	35.726533	3.501669	0.013533	5.8
148	-0.662914	35.335878	3.525951	0.012326	6.5
149	-0.698484	34.955551	3.549917	0.016122	5.6
150	-0.661205	35.079422	3.542076	0.010545	6.2
151	-0.639363	34.932287	3.551393	0.018962	7.1
152	-0.658735	35.930860	3.489102	0.011621	7.6
153	-0.651541	36.820337	3.435427	0.015418	7.7
154	-0.649480	37.754671	3.380796	0.019471	7.7
155	-0.660368	38.754671	3.324218	0.017681	5.5
156	-0.670140	39.754670	3.269503	0.014357	5.0
157	-0.684318	39.361499	3.290799	0.020944	5.9
158	-0.672356	39.062942	3.307157	0.015398	6.8
159	-0.653500	40.060641	3.253119	0.011518	6.2
160	-0.659859	39.670717	3.274027	0.021299	7.7
161	-0.676004	40.670635	3.220942	0.015753	8.8
162	-0.657541	40.277664	3.241598	0.014337	6.4
163	-0.642622	39.889240	3.262277	0.014479	4.4
164	-0.688475	40.645286	3.222267	0.015527	4.9
165	-0.667763	41.645261	3.170831	0.011682	5.5
166	-0.690968	42.469727	3.129642	0.021141	5.1
167	-0.671546	42.077721	3.149092	0.012439	5.4
168	-0.686972	42.868355	3.110109	0.015154	4.8
169	-0.686080	43.846296	3.063206	0.017419	5.5
170	-0.668306	44.846116	3.016694	0.018483	5.4
171	-0.689305	45.846113	2.971565	0.014137	6.9
172	-0.648031	46.845389	2.927797	0.016561	7.2
173	-0.680226	46.477302	2.943768	0.022695	5.7
174	-0.679775	47.477284	2.900780	0.011919	6.4
175	-0.682230	47.084827	2.917501	0.016269	11.6
176	-0.681316	46.708494	2.933717	0.012523	7.2
177	-0.659738	47.215531	2.911911	0.014771	5.5
178	-0.646257	46.958407	2.922928	0.015701	4.8
179	-0.672218	47.756270	2.889010	0.012092	6.3
180	-0.650379	48.056633	2.876444	0.012938	8.9
181	-0.670917	47.684014	2.892049	0.016274	6.7
182	-0.654692	47.669933	2.892642	0.015709	5.1
183	-0.681706	48.653660	2.851789	0.019697	4.3
184	-0.680912	49.653641	2.811427	0.013489	6.8
185	-0.653239	50.653618	2.772192	0.019279	5.9
186	-0.662577	50.261380	2.787450	0.013547	6.5
187	-0.664186	49.868226	2.802914	0.017762	6.6
188	-0.696864	49.532772	2.816245	0.025244	6.9
189	-0.694351	50.532765	2.776875	0.008958	7.7
190	-0.639691	50.842828	2.764891	0.012837	8.7
191	-0.658278	51.703001	2.732178	0.015978	6.4
192	-0.672217	51.332548	2.746171	0.017601	5.5
193	-0.644272	51.962847	2.722448	0.006669	7.4
194	-0.664104	51.741872	2.730718	0.014405	8.0
195	-0.643036	51.412121	2.743153	0.012673	5.9
196	-0.701314	51.550735	2.737912	0.011538	7.0
197	-0.625325	52.323951	2.709041	0.015070	9.3
198	-0.642371	51.941332	2.723251	0.016776	9.0
199	-0.665021	52.336862	2.708564	0.017170	6.7
200	-0.662665	51.948441	2.722986	0.021806	10.2
201	-0.691327	52.948441	2.686163	0.015789	8.4
202	-0.683342	53.948441	2.650323	0.013094	9.9
203	-0.659848	54.947654	2.615453	0.015185	8.3
204	-0.670508	55.943222	2.581612	0.016469	7.7
205	-0.690092	56.831822	2.552138	0.016196	8.5
206	-0.679012	56.438671	2.565095	0.016874	9.0
207	-0.655706	57.345805	2.535395	0.010542	6.7
208	-0.680821	58.342965	2.503531	0.016749	5.4
209	-0.651786	59.323687	2.472964	0.011902	5.5
210	-0.671322	59.406343	2.470421	0.022976	4.8
211	-0.662017	60.399158	2.440290	0.015202	4.7
212	-0.654307	60.006138	2.452130	0.018128	4.9
213	-0.660226	59.612953	2.464090	0.008950	5.6
214	-0.690777	59.262440	2.474851	0.015517	6.2
215	-0.673539	59.342613	2.472381	0.011312	7.4
216	-0.672518	60.342205	2.441999	0.017467	7.1
217	-0.677972	59.949039	2.453859	0.018171	5.2
218	-0.692274	60.948886	2.423920	0.015079	5.8
219	-0.667869	61.865022	2.397122	0.011603	9.7
220	-0.693270	62.802798	2.370297	0.014409	6.2
221	-0.693689	62.475739	2.379584	0.012135	10.2
222	-0.662624	62.153251	2.388813	0.015386	7.7
223	-0.662296	63.151966	2.360462	0.010834	7.2
224	-0.615470	62.762532	2.371437	0.010070	9.1
225	-0.664486	62.439451	2.380619	0.011781	7.4
226	-0.655030	62.048565	2.391824	0.021298	7.6
227	-0.644273	63.004623	2.364603	0.019271	5.8
228	-0.674583	64.004622	2.336785	0.016619	5.9
229	-0.659677	65.004622	2.309615	0.011976	6.1
230	-0.664712	64.627881	2.319777	0.011206	5.7
231	-0.696769	64.242125	2.330275	0.015248	5.2
232	-0.675111	64.437459	2.324947	0.022348	4.7
233	-0.697140	65.437459	2.298049	0.022929	4.8
234	-0.701475	66.437459	2.271767	0.012786	4.4
235	-0.678543	67.435412	2.246131	0.012460	4.0
236	-0.659501	67.317014	2.249143	0.015547	5.1
237	-0.660199	67.035159	2.256343	0.010735	4.2
238	-0.660083	68.029908	2.231133	0.019120	4.5
239	-0.661155	67.664814	2.240320	0.015474	7.4
240	-0.673928	68.575307	2.217548	0.016501	7.6
241	-0.687600	69.011246	2.206808	0.014349	6.2
242	-0.693834	68.636820	2.216026	0.016395	6.5
243	-0.689185	68.243639	2.225790	0.017583	5.3
244	-0.679458	69.243629	2.201126	0.026294	6.1
245	-0.673908	70.243626	2.177002	0.015310	5.6
246	-0.673802	69.851550	2.186397	0.013550	5.4
247	-0.645169	70.808609	2.163605	0.016969	6.2
248	-0.670232	70.415433	2.172911	0.025104	5.3
249	-0.665483	71.413459	2.149444	0.012054	4.7
