1:ItNr	2:Metric	3:StepSize	4:||Gradient||	Time[ms]
0	-0.000000	627.201626	0.000000	712.8
1	-0.970786	623.504937	0.007021	25.6
2	-0.773389	619.865785	0.006923	26.6
3	-0.336722	616.282728	0.003497	27.4
4	-0.489778	612.754375	0.006949	25.9
5	-0.000000	609.279381	0.000000	27.1
6	-0.000000	605.856447	0.000000	26.9
7	-0.687870	602.484317	0.004850	26.8
8	-0.587007	599.161779	0.006206	28.8
9	-0.000000	595.887656	0.000001	27.5
10	-0.840424	592.660813	0.009245	28.1
11	-0.000000	589.480151	0.000000	27.8
12	-0.529178	586.344606	0.005249	26.0
13	-0.000000	583.253145	0.000000	28.7
14	-0.672279	580.204771	0.006391	28.4
15	-0.278151	577.198517	0.005061	26.5
16	-0.343818	574.233444	0.003822	28.2
17	-0.487869	571.308645	0.007153	27.5
18	-0.001780	568.423237	0.000062	28.3
19	-0.708830	565.576365	0.006451	28.4
20	-0.000000	562.767201	0.000000	28.4
21	-0.913648	559.994938	0.006813	30.4
22	-0.811864	557.258797	0.006289	27.3
23	-0.860692	554.558018	0.006557	28.8
24	-0.621757	551.891865	0.005311	28.2
25	-0.877824	549.259621	0.008833	29.0
26	-0.527684	546.660592	0.006684	26.9
27	-0.000000	544.094102	0.000000	29.5
28	-0.330143	541.559494	0.005834	27.5
29	-0.139876	539.056129	0.002086	27.2
30	-0.282916	536.583387	0.006722	29.6
31	-0.651842	534.140663	0.007040	28.5
32	-0.029384	531.727370	0.000966	27.4
33	-0.065504	529.342935	0.001138	28.1
34	-0.405094	526.986802	0.005818	26.7
35	-0.772389	524.658430	0.006544	28.7
36	-0.005540	522.357290	0.000163	26.9
37	-0.561535	520.082868	0.006716	28.1
38	-0.437014	517.834665	0.006805	27.7
39	-1.103147	515.612193	0.010732	27.8
40	-0.989262	513.414976	0.008931	27.1
41	-0.531885	511.242551	0.008124	28.4
42	-0.441897	509.094468	0.005480	27.4
43	-0.000356	506.970285	0.000088	28.0
44	-0.705675	504.869574	0.006569	28.4
45	-0.721545	502.791916	0.007489	28.0
46	-0.743065	500.736903	0.005682	26.3
47	-0.000000	498.704137	0.000000	29.0
48	-0.570686	496.693228	0.007211	26.9
49	-0.565525	494.703798	0.005909	28.3
50	-0.000000	492.735476	0.000000	28.0
51	-0.001151	490.787900	0.000109	28.0
52	-0.110931	488.860718	0.001605	27.5
53	-0.462128	486.953585	0.005482	28.2
54	-0.781813	485.066164	0.008186	28.3
55	-0.725743	483.198126	0.005432	26.8
56	-0.000000	481.349149	0.000000	27.9
57	-0.000000	479.518920	0.000000	26.5
58	-0.000000	477.707132	0.000000	28.4
59	-0.266699	475.913485	0.004719	27.4
60	-0.000000	474.137684	0.000000	28.6
61	-0.000000	472.379445	0.000000	28.8
62	-0.475448	470.638485	0.006260	25.4
63	-0.000000	468.914531	0.000000	30.4
64	-0.557827	467.207315	0.005850	28.8
65	-0.843567	465.516573	0.008010	27.4
66	-0.733795	463.842050	0.006760	27.7
67	-0.695059	462.183494	0.007355	27.9
68	-0.893874	460.540658	0.006964	29.0
69	-0.007653	458.913303	0.000515	28.4
70	-0.533260	457.301192	0.006293	28.8
71	-0.645534	455.704096	0.006645	29.2
72	-0.935964	454.121787	0.008551	27.1
73	-0.144356	452.554045	0.002353	27.8
74	-0.640217	451.000653	0.007114	27.7
75	-0.618902	449.461399	0.006360	29.0
76	-0.147365	447.936075	0.001730	27.2
77	-0.000000	446.424477	0.000000	27.9
78	-0.110949	444.926406	0.003857	27.6
79	-0.026368	443.441666	0.001103	27.8
80	-0.000000	441.970065	0.000000	26.6
81	-0.000000	440.511415	0.000000	27.4
82	-0.192296	439.065533	0.003226	27.9
83	-0.368750	437.632238	0.004254	28.5
84	-0.766946	436.211351	0.005685	27.9
85	-0.000000	434.802701	0.000000	28.3
86	-0.183942	433.406117	0.002377	26.6
87	-0.430947	432.021430	0.005037	27.9
88	-0.000000	430.648479	0.000000	26.6
89	-0.016405	429.287101	0.000955	27.9
90	-0.516051	427.937140	0.008013	27.7
91	-0.888289	426.598440	0.008315	28.2
92	-0.772122	425.270849	0.005861	28.1
93	-0.000000	423.954220	0.000000	28.2
94	-0.000000	422.648404	0.000000	28.5
95	-0.582886	421.353259	0.007747	27.5
96	-0.325721	420.068643	0.003587	28.7
97	-0.052556	418.794419	0.001358	26.9
98	-0.344708	417.530451	0.004530	28.3
99	-0.057770	416.276604	0.001084	27.7
100	-0.000007	415.032748	0.000006	28.1
101	-0.524550	413.798754	0.005522	26.1
102	-0.458269	412.574495	0.005952	27.8
103	-0.913620	411.359849	0.005926	28.3
104	-0.507943	410.154691	0.005665	26.7
105	-0.810945	408.958904	0.007639	27.8
106	-0.028606	407.772368	0.000880	28.2
107	-0.738641	406.594968	0.007524	29.3
108	-0.599120	405.426590	0.005893	25.2
109	-0.000000	404.267122	0.000000	28.6
110	-0.000000	403.116456	0.000000	26.8
111	-0.464499	401.974481	0.006564	27.8
112	-0.357211	400.841093	0.004673	27.8
113	-0.649818	399.716187	0.003967	27.7
114	-0.351392	398.599660	0.002935	28.5
115	-0.956544	397.491411	0.008121	28.8
116	-0.232552	396.391342	0.003056	28.4
117	-0.000000	395.299353	0.000000	25.7
118	-0.000000	394.215350	0.000000	28.5
119	-0.196764	393.139238	0.004092	27.8
120	-0.796858	392.070924	0.005873	27.5
121	-0.142265	391.010316	0.002966	28.4
122	-0.933229	389.957325	0.007602	29.5
123	-0.000000	388.911862	0.000000	28.1
124	-0.000000	387.873839	0.000000	24.8
125	-0.000000	386.843173	0.000000	28.8
126	-0.000000	385.819777	0.000000	27.8
127	-0.185390	384.803569	0.002831	27.2
128	-0.665026	383.794468	0.006926	27.3
129	-0.763390	382.792393	0.005827	28.7
130	-0.014767	381.797264	0.000845	28.3
131	-0.000000	380.809005	0.000000	28.4
132	-0.000000	379.827537	0.000000	29.1
133	-0.826136	378.852786	0.007181	26.8
134	-0.858722	377.884678	0.004927	28.4
135	-0.049489	376.923138	0.002036	28.4
136	-1.030334	375.968095	0.009662	27.9
137	-0.608859	375.019479	0.007403	27.2
138	-0.732452	374.077218	0.005349	28.7
139	-0.235849	373.141244	0.002313	27.1
140	-0.654921	372.211489	0.007793	28.1
141	-0.026357	371.287887	0.001302	28.8
142	-0.888037	370.370370	0.007591	28.2
143	-0.832805	369.458876	0.007210	29.4
144	-0.010824	368.553338	0.000650	26.8
145	-0.511678	367.653696	0.007170	29.2
146	-0.522040	366.759885	0.005838	27.5
147	-0.041949	365.871846	0.000850	27.8
148	-0.819444	364.989518	0.005557	28.1
149	-0.439858	364.112841	0.005841	28.2
150	-0.445544	363.241757	0.005274	27.7
151	-0.000000	362.376208	0.000000	27.7
152	-0.469281	361.516137	0.005639	27.7
153	-0.249810	360.661488	0.003312	28.5
154	-0.000000	359.812206	0.000000	28.0
155	-0.000048	358.968236	0.000004	28.2
156	-0.429313	358.129524	0.005874	27.2
157	-0.639529	357.296018	0.006940	28.4
158	-0.726846	356.467665	0.006012	26.9
159	-0.449728	355.644414	0.003828	29.2
160	-0.594771	354.826213	0.005557	28.6
161	-0.000000	354.013012	0.000000	28.3
162	-0.000054	353.204763	0.000014	28.1
163	-0.000000	352.401415	0.000000	27.3
164	-0.000000	351.602922	0.000000	28.3
165	-0.865093	350.809235	0.008735	27.3
166	-0.812955	350.020308	0.006008	27.9
167	-0.000000	349.236095	0.000000	27.3
168	-0.000000	348.456550	0.000000	28.3
169	-0.599369	347.681627	0.006605	28.9
170	-1.010341	346.911283	0.008970	26.5
171	-0.000000	346.145474	0.000000	28.5
172	-0.931223	345.384157	0.007093	27.7
173	-0.000000	344.627288	0.000000	28.5
174	-0.617163	343.874826	0.007814	27.4
175	-0.745762	343.126729	0.005804	27.3
176	-0.515294	342.382957	0.005830	27.1
177	-0.654824	341.643469	0.004475	27.8
178	-0.067897	340.908224	0.002449	27.6
179	-0.000000	340.177184	0.000000	27.6
180	-1.028442	339.450309	0.009079	27.7
181	-0.567150	338.727561	0.006130	30.2
182	-0.463881	338.008902	0.006436	27.7
183	-0.585932	337.294295	0.007633	28.6
184	-0.838409	336.583703	0.005281	26.5
185	-0.277029	335.877089	0.003650	28.3
186	-0.708442	335.174416	0.005620	27.6
187	-0.331410	334.475651	0.004490	27.3
188	-0.000000	333.780756	0.000000	27.4
189	-0.614953	333.089698	0.007613	28.8
190	-0.000000	332.402443	0.000000	27.8
191	-0.942757	331.718955	0.007980	28.4
192	-0.703684	331.039203	0.006532	29.8
193	-0.848270	330.363153	0.005399	28.2
194	-0.000000	329.690771	0.000000	28.4
195	-0.901780	329.022027	0.006416	28.3
196	-0.000000	328.356888	0.000000	27.2
197	-0.449123	327.695322	0.004244	27.1
198	-0.822492	327.037299	0.006156	28.5
199	-0.563649	326.382787	0.006145	28.0
200	-0.786598	325.731758	0.009290	27.8
201	-0.055571	325.084179	0.000840	28.3
202	-0.801766	324.440023	0.004293	28.2
203	-0.932422	323.799258	0.008091	28.1
204	-0.148644	323.161858	0.002975	28.4
205	-1.019783	322.527792	0.008047	26.9
206	-1.013260	321.897034	0.009734	27.9
207	-0.725291	321.269554	0.006705	28.1
208	-0.741137	320.645325	0.010221	28.2
209	-0.461517	320.024320	0.005628	27.4
210	-0.520363	319.406512	0.006131	27.8
211	-0.159942	318.791875	0.003187	26.7
212	-0.258783	318.180381	0.003811	27.8
213	-0.026768	317.572005	0.000719	27.8
214	-0.000000	316.966721	0.000000	27.8
215	-0.815977	316.364504	0.007660	28.2
216	-0.425952	315.765329	0.006209	27.5
217	-0.681276	315.169170	0.004844	29.0
218	-0.609298	314.576003	0.004709	29.7
219	-0.575197	313.985804	0.008068	29.1
220	-0.872554	313.398548	0.006908	27.7
221	-1.166197	312.814213	0.011159	28.5
222	-0.141398	312.232773	0.002115	28.5
223	-0.000478	311.654207	0.000093	27.5
224	-0.000000	311.078491	0.000000	27.0
225	-0.000000	310.505602	0.000000	29.3
226	-0.295763	309.935518	0.004229	27.5
227	-0.000000	309.368217	0.000000	27.8
228	-0.063335	308.803676	0.001237	27.6
229	-0.000000	308.241874	0.000000	30.2
230	-0.238536	307.682789	0.004183	27.7
231	-1.047062	307.126400	0.007129	27.5
232	-0.787090	306.572687	0.007247	28.3
233	-0.984200	306.021627	0.010666	27.4
234	-0.375006	305.473201	0.004965	26.3
235	-0.829213	304.927388	0.006898	28.5
236	-0.842048	304.384168	0.006468	27.2
237	-0.477741	303.843521	0.004914	27.1
238	-1.010762	303.305427	0.007803	28.0
239	-0.495289	302.769867	0.006077	27.3
240	-0.172073	302.236821	0.003574	27.3
241	-0.206732	301.706270	0.003818	28.0
242	-1.066607	301.178196	0.008853	28.1
243	-0.703829	300.652580	0.006225	28.2
244	-0.000000	300.129402	0.000000	28.3
245	-0.688051	299.608645	0.005759	28.1
246	-0.448520	299.090291	0.003138	27.6
247	-0.571488	298.574321	0.007396	25.2
248	-0.416831	298.060718	0.004327	29.1
249	-0.013613	297.549465	0.000142	28.3
250	-0.951191	297.040543	0.009583	27.0
251	-0.813879	296.533936	0.005775	29.5
252	-0.759355	296.029626	0.006903	28.7
253	-0.032827	295.527597	0.000862	28.2
254	-0.725070	295.027832	0.007593	27.2
255	-0.000000	294.530315	0.000000	28.2
256	-0.000000	294.035028	0.000000	28.4
257	-0.000000	293.541956	0.000000	28.0
258	-0.000000	293.051083	0.000000	28.7
259	-0.222487	292.562393	0.003577	27.0
260	-0.410887	292.075870	0.004173	27.4
261	-0.549709	291.591498	0.006461	28.6
262	-0.976324	291.109263	0.008643	28.0
263	-1.115495	290.629149	0.008971	26.8
264	-0.518558	290.151140	0.004299	28.0
265	-0.000896	289.675222	0.000453	28.0
266	-0.243939	289.201380	0.003339	29.2
267	-0.853705	288.729600	0.006276	27.7
268	-0.684967	288.259866	0.007234	28.5
269	-0.843365	287.792165	0.005348	27.5
270	-0.000000	287.326481	0.000000	29.0
271	-0.000000	286.862802	0.000000	25.8
272	-0.416224	286.401113	0.005902	29.3
273	-1.080939	285.941400	0.009705	27.9
274	-0.000000	285.483649	0.000000	28.8
275	-0.000000	285.027847	0.000000	28.5
276	-0.520036	284.573981	0.004223	26.9
277	-0.257155	284.122037	0.003393	27.4
278	-0.000000	283.672002	0.000000	28.2
279	-1.007599	283.223863	0.009479	26.9
280	-0.956438	282.777607	0.006189	27.4
281	-0.328307	282.333221	0.003618	28.7
282	-0.966884	281.890692	0.007162	27.9
283	-0.753249	281.450008	0.004993	27.2
284	-0.437951	281.011157	0.003364	27.6
285	-0.753942	280.574125	0.007663	27.1
286	-0.058500	280.138901	0.001244	27.4
287	-0.022801	279.705473	0.001161	27.8
288	-0.712418	279.273829	0.005944	29.4
289	-0.000000	278.843956	0.000000	26.8
290	-0.090512	278.415844	0.001365	28.0
291	-0.522120	277.989479	0.006318	28.2
292	-1.119795	277.564851	0.008339	26.3
293	-0.694904	277.141949	0.006345	28.7
294	-0.000000	276.720761	0.000000	28.2
295	-0.000000	276.301275	0.000000	28.4
296	-0.479812	275.883480	0.004601	28.9
297	-0.752524	275.467366	0.004907	26.5
298	-0.415761	275.052922	0.006082	29.2
299	-0.682739	274.640136	0.006584	28.5
300	-0.357568	274.228998	0.003418	27.9
301	-0.064161	273.819497	0.002744	28.8
302	-0.034119	273.411623	0.002151	28.9
303	-0.710604	273.005365	0.005529	27.5
304	-0.575591	272.600712	0.006386	26.8
305	-0.277123	272.197655	0.004299	28.7
306	-0.719247	271.796184	0.006711	26.2
307	-0.896763	271.396287	0.006562	27.7
308	-0.209120	270.997956	0.004019	28.6
309	-0.935098	270.601180	0.007762	28.8
310	-0.339178	270.205949	0.002626	25.6
311	-0.659304	269.812254	0.006352	28.5
312	-0.155193	269.420085	0.003228	26.7
313	-0.673386	269.029432	0.004258	28.8
314	-1.010226	268.640287	0.008088	28.4
315	-0.817798	268.252638	0.006517	28.2
316	-0.900503	267.866478	0.006604	27.1
317	-0.000000	267.481796	0.000000	27.4
318	-0.280029	267.098584	0.003267	28.9
319	-0.752443	266.716833	0.006977	26.3
320	-0.670264	266.336533	0.008994	28.3
321	-0.966061	265.957676	0.007664	27.9
322	-0.527655	265.580253	0.005750	25.8
323	-0.627747	265.204254	0.006850	27.3
324	-0.253913	264.829672	0.003382	26.8
325	-0.000000	264.456497	0.000000	28.1
326	-0.000000	264.084721	0.000000	27.9
327	-0.289729	263.714335	0.004173	28.5
328	-1.046754	263.345332	0.007171	27.0
329	-0.685328	262.977702	0.007746	27.2
330	-0.506196	262.611438	0.005015	29.0
331	-0.835904	262.246531	0.006540	27.3
332	-0.000000	261.882973	0.000000	28.5
333	-0.434631	261.520756	0.004329	28.4
334	-1.193153	261.159871	0.010842	27.1
335	-0.629124	260.800312	0.005193	27.8
336	-0.521674	260.442070	0.005772	28.4
337	-0.697379	260.085137	0.005978	27.2
338	-0.871734	259.729505	0.008178	27.7
339	-0.730056	259.375167	0.007926	28.2
340	-0.684788	259.022116	0.006030	27.7
341	-0.001954	258.670343	0.000068	27.8
342	-0.543606	258.319841	0.005084	28.0
343	-0.637010	257.970602	0.007432	28.9
344	-0.745877	257.622620	0.005618	28.4
345	-0.008355	257.275887	0.000271	26.8
346	-1.031882	256.930396	0.008294	29.2
347	-0.237100	256.586139	0.003493	27.5
348	-0.500220	256.243109	0.007336	27.2
349	-0.675753	255.901300	0.006171	28.5
350	-0.627149	255.560703	0.006138	29.7
351	-0.042704	255.221313	0.000836	28.5
352	-0.000000	254.883122	0.000000	26.2
353	-0.095246	254.546124	0.001920	29.2
354	-0.217378	254.210311	0.002346	27.7
355	-0.009175	253.875677	0.000213	27.5
356	-0.453279	253.542215	0.005537	27.7
357	-0.650847	253.209918	0.009333	28.2
358	-0.837325	252.878781	0.004657	26.0
359	-0.747230	252.548795	0.006504	28.9
360	-0.150413	252.219956	0.002967	27.9
361	-0.747469	251.892255	0.006384	26.6
362	-0.266489	251.565688	0.002863	29.1
363	-0.047187	251.240247	0.000890	28.1
364	-0.357062	250.915926	0.004096	28.8
365	-0.690754	250.592720	0.008723	25.3
366	-0.002935	250.270621	0.000162	28.8
367	-0.918578	249.949624	0.008612	28.5
368	-0.415491	249.629723	0.004550	26.2
369	-0.219952	249.310911	0.003393	30.0
370	-0.809952	248.993182	0.007450	28.4
371	-0.357540	248.676531	0.004110	27.8
372	-1.021690	248.360952	0.007096	29.5
373	-0.369161	248.046438	0.005215	29.4
374	-0.920452	247.732984	0.006441	28.9
375	-1.003321	247.420584	0.007502	26.5
376	-0.707138	247.109233	0.006783	27.8
377	-0.000000	246.798924	0.000000	28.6
378	-0.497508	246.489652	0.007002	26.3
379	-0.000000	246.181412	0.000000	28.6
380	-0.510695	245.874197	0.008068	28.3
381	-0.774751	245.568002	0.005039	29.1
382	-0.000000	245.262822	0.000000	27.4
383	-0.504287	244.958652	0.004846	28.7
384	-0.634403	244.655485	0.004963	27.1
385	-0.845288	244.353317	0.005784	29.3
386	-0.282664	244.052142	0.005644	26.2
387	-0.514768	243.751955	0.005143	27.8
388	-0.803226	243.452750	0.008412	27.6
389	-0.000000	243.154523	0.000000	29.0
390	-0.778480	242.857268	0.007026	28.8
391	-0.539285	242.560980	0.004863	26.6
392	-0.113668	242.265654	0.002516	27.6
393	-0.928429	241.971285	0.006431	28.7
394	-0.788009	241.677868	0.006807	27.3
395	-0.492263	241.385397	0.003078	27.4
396	-0.343263	241.093869	0.004637	26.9
397	-0.000000	240.803278	0.000000	28.0
398	-0.562643	240.513619	0.006155	28.0
399	-0.631184	240.224887	0.008339	28.4
400	-0.026075	239.937077	0.000987	28.2
401	-0.913613	239.650186	0.006844	27.0
402	-0.942297	239.364207	0.006576	27.8
403	-0.006446	239.079136	0.002118	27.9
404	-0.000000	238.794969	0.000000	27.2
405	-0.000000	238.511701	0.000000	28.6
406	-0.000000	238.229327	0.000000	27.8
407	-0.761274	237.947843	0.006784	26.6
408	-0.000000	237.667244	0.000000	27.5
409	-0.015689	237.387526	0.001788	28.5
410	-0.000000	237.108684	0.000000	28.3
411	-0.000000	236.830714	0.000000	26.9
412	-0.000000	236.553610	0.000000	28.9
413	-0.889617	236.277370	0.005819	27.6
414	-0.014720	236.001989	0.001067	28.1
415	-0.983327	235.727461	0.006667	29.0
416	-0.655597	235.453784	0.004955	29.7
417	-0.000000	235.180952	0.000000	27.3
418	-0.776338	234.908962	0.006705	27.0
419	-0.592608	234.637809	0.005847	28.3
420	-0.008582	234.367488	0.000059	27.4
421	-0.945045	234.097997	0.007401	28.1
422	-0.000000	233.829331	0.000000	28.0
423	-0.000000	233.561485	0.000000	27.6
424	-0.863170	233.294456	0.006898	27.6
425	-0.454559	233.028239	0.004781	26.8
426	-0.922869	232.762831	0.009104	28.3
427	-0.592334	232.498228	0.006802	26.7
428	-0.000000	232.234425	0.000000	28.5
429	-0.439659	231.971419	0.006315	28.5
430	-0.047955	231.709205	0.001040	28.5
431	-0.853785	231.447781	0.007226	25.5
432	-0.000000	231.187141	0.000000	29.1
433	-0.000000	230.927283	0.000000	26.7
434	-0.907231	230.668202	0.006063	27.4
435	-0.834769	230.409895	0.006298	29.2
436	-0.629136	230.152358	0.006112	27.0
437	-0.966728	229.895587	0.007372	26.9
438	-0.448795	229.639578	0.004626	28.2
439	-0.906079	229.384329	0.007768	27.0
440	-0.538880	229.129834	0.006163	28.6
441	-0.655022	228.876091	0.006133	27.0
442	-0.917599	228.623096	0.005298	28.3
443	-0.045520	228.370846	0.001144	29.0
444	-0.373215	228.119336	0.003338	27.3
445	-0.251747	227.868563	0.003718	29.1
446	-0.578997	227.618525	0.004532	30.0
447	-0.000020	227.369216	0.000021	26.6
448	-0.800178	227.120635	0.006230	29.4
449	-0.792033	226.872777	0.006225	27.3
450	-0.576608	226.625638	0.004844	28.1
451	-0.080413	226.379217	0.001110	29.3
452	-0.347282	226.133509	0.003221	28.9
453	-0.000000	225.888510	0.000000	29.3
454	-0.317433	225.644218	0.003130	28.5
455	-1.023783	225.400630	0.007835	29.1
456	-0.438817	225.157741	0.006188	28.3
457	-0.669347	224.915549	0.004232	29.5
458	-0.000000	224.674051	0.000000	27.2
459	-0.830238	224.433242	0.005988	27.6
460	-0.378317	224.193121	0.007155	28.1
461	-0.000000	223.953684	0.000000	27.6
462	-0.000000	223.714927	0.000000	27.5
463	-0.000000	223.476848	0.000000	28.3
464	-0.809337	223.239444	0.007450	28.0
465	-0.739107	223.002710	0.006153	26.7
466	-0.563896	222.766645	0.007309	28.1
467	-0.723378	222.531245	0.006561	27.4
468	-0.711683	222.296508	0.004955	27.7
469	-0.655816	222.062429	0.005610	28.2
470	-0.283128	221.829007	0.002925	28.0
471	-0.594008	221.596238	0.006255	27.7
472	-0.821528	221.364119	0.006181	28.1
473	-0.468118	221.132647	0.006762	28.4
474	-0.000000	220.901820	0.000000	28.7
475	-0.050889	220.671634	0.001611	25.6
476	-0.678421	220.442086	0.006346	28.4
477	-0.463869	220.213174	0.004868	27.8
478	-0.344971	219.984895	0.004422	26.7
479	-0.783046	219.757246	0.004769	29.1
480	-0.673080	219.530224	0.007028	26.8
481	-0.557696	219.303826	0.007582	28.1
482	-0.728838	219.078050	0.004203	29.0
483	-0.000000	218.852893	0.000000	28.1
484	-0.003902	218.628352	0.000616	28.6
485	-0.131977	218.404424	0.001667	27.5
486	-0.660791	218.181106	0.007969	29.1
487	-0.000000	217.958397	0.000000	27.3
488	-0.760164	217.736292	0.006230	28.1
489	-0.269253	217.514790	0.003268	28.0
490	-0.038483	217.293888	0.001056	28.9
491	-0.000019	217.073584	0.000003	27.3
492	-0.615428	216.853873	0.006622	28.9
493	-0.224750	216.634755	0.002615	26.7
494	-0.176467	216.416227	0.002090	28.5
495	-0.000000	216.198285	0.000000	27.5
496	-0.129590	215.980927	0.002971	27.8
497	-1.001095	215.764151	0.007816	27.8
498	-0.259551	215.547955	0.002980	26.5
499	-0.710129	215.332335	0.007399	28.6
500	-0.640761	215.117289	0.006178	28.0
501	-0.749782	214.902815	0.007181	28.2
502	-0.107111	214.688911	0.003429	30.8
503	-0.963955	214.475573	0.005857	29.7
504	-0.855260	214.262800	0.005671	28.0
505	-0.000000	214.050588	0.000000	27.0
506	-0.084462	213.838936	0.000840	27.2
507	-0.182492	213.627842	0.002176	28.3
508	-0.777152	213.417302	0.005930	26.6
509	-0.474830	213.207314	0.005581	28.0
510	-0.734431	212.997877	0.006431	29.6
511	-0.767896	212.788987	0.008787	26.9
512	-0.397590	212.580642	0.005323	27.3
513	-0.053773	212.372841	0.001431	28.0
514	-0.000000	212.165581	0.000000	27.8
515	-0.800311	211.958859	0.005341	28.9
516	-1.005556	211.752673	0.008121	27.4
517	-0.361995	211.547021	0.004659	29.0
518	-0.054806	211.341902	0.003229	28.9
519	-0.001244	211.137311	0.000229	28.3
520	-0.000000	210.933248	0.000000	28.6
521	-0.837320	210.729710	0.006742	29.0
522	-1.032998	210.526695	0.008407	28.5
523	-0.339465	210.324200	0.004164	26.1
524	-0.174202	210.122224	0.003423	29.2
525	-0.236939	209.920765	0.002347	26.8
526	-0.962705	209.719820	0.006567	28.0
527	-0.000392	209.519387	0.000077	28.1
528	-0.196477	209.319463	0.002535	27.3
529	-0.131080	209.120048	0.001868	27.7
530	-0.174661	208.921139	0.001951	28.0
531	-0.710129	208.722733	0.005237	28.1
532	-0.784023	208.524829	0.006395	27.1
533	-0.000000	208.327425	0.000000	28.2
534	-0.720341	208.130518	0.004925	26.8
535	-0.739533	207.934107	0.006836	27.5
536	-0.000000	207.738189	0.000000	28.2
537	-0.000000	207.542762	0.000000	27.8
538	-0.000937	207.347825	0.000061	25.8
539	-0.000000	207.153376	0.000000	27.9
540	-0.681117	206.959412	0.005880	28.0
541	-0.000000	206.765932	0.000000	26.4
542	-0.476174	206.572933	0.002700	29.4
543	-0.856253	206.380414	0.005294	30.3
544	-0.023053	206.188373	0.000341	28.2
545	-0.435864	205.996807	0.004300	25.3
546	-0.637045	205.805716	0.006657	28.3
547	-0.550326	205.615096	0.004992	29.5
548	-0.000000	205.424946	0.000000	27.0
549	-0.472947	205.235265	0.004872	28.5
550	-0.778061	205.046050	0.007402	27.6
551	-0.828526	204.857299	0.005553	28.7
552	-0.711525	204.669011	0.005800	26.1
553	-0.851876	204.481184	0.008609	29.4
554	-0.523475	204.293816	0.006957	29.0
555	-0.874296	204.106905	0.007660	29.1
556	-0.905663	203.920449	0.006011	28.3
557	-0.449016	203.734447	0.004160	28.4
558	-0.000000	203.548896	0.000000	28.3
559	-0.854689	203.363795	0.007375	26.6
560	-0.962073	203.179143	0.007441	28.9
561	-0.700931	202.994937	0.007726	28.0
562	-0.000000	202.811176	0.000000	26.6
563	-0.629675	202.627857	0.005048	28.8
564	-0.316344	202.444980	0.005404	27.6
565	-0.982686	202.262543	0.006808	27.8
566	-0.110742	202.080543	0.002331	28.7
567	-0.827368	201.898979	0.006430	29.2
568	-0.395068	201.717849	0.003830	28.1
569	-0.712269	201.537153	0.004572	25.7
570	-0.502877	201.356887	0.005566	29.3
571	-0.005592	201.177050	0.000944	26.6
572	-0.000000	200.997642	0.000000	27.1
573	-0.953425	200.818659	0.005693	28.6
574	-0.525964	200.640100	0.006796	28.1
575	-0.442701	200.461965	0.005188	28.4
576	-0.000000	200.284250	0.000000	28.3
577	-0.683744	200.106955	0.006581	27.8
578	-0.887279	199.930078	0.005423	29.0
579	-0.000846	199.753617	0.000020	26.0
580	-0.017181	199.577571	0.000389	28.7
581	-0.005949	199.401938	0.000174	26.8
582	-0.765003	199.226717	0.004677	28.0
583	-0.857116	199.051905	0.006382	27.6
584	-0.290941	198.877502	0.004858	26.0
585	-0.000000	198.703506	0.000000	28.0
586	-0.436732	198.529916	0.003685	28.9
587	-0.561801	198.356729	0.006771	27.1
588	-0.456004	198.183944	0.006387	27.6
589	-0.219483	198.011560	0.002775	27.4
590	-0.445090	197.839576	0.004529	28.7
591	-0.160101	197.667989	0.002385	28.1
592	-0.000000	197.496798	0.000000	27.9
593	-0.696817	197.326002	0.007278	28.8
594	-0.000209	197.155600	0.000090	26.0
595	-0.549476	196.985589	0.005860	28.3
596	-0.223838	196.815969	0.002660	28.5
597	-0.524435	196.646738	0.007912	28.6
598	-0.780672	196.477894	0.004825	27.7
599	-0.000000	196.309436	0.000000	28.6
600	-0.001862	196.141363	0.000060	27.2
601	-0.941837	195.973673	0.006176	27.9
602	-0.991353	195.806365	0.009219	28.1
603	-0.000000	195.639437	0.000000	26.9
604	-0.359157	195.472888	0.003411	26.8
605	-0.946128	195.306717	0.008088	27.9
606	-0.038606	195.140922	0.000590	29.5
607	-0.000000	194.975501	0.000000	28.6
608	-0.000000	194.810454	0.000000	27.0
609	-0.855111	194.645779	0.005133	27.1
610	-1.001243	194.481475	0.006962	25.8
611	-0.638290	194.317540	0.007748	28.2
612	-0.601021	194.153973	0.005137	28.2
613	-0.187529	193.990773	0.001966	28.0
614	-0.000000	193.827938	0.000000	28.5
615	-0.000000	193.665467	0.000000	27.5
616	-0.000000	193.503358	0.000000	27.6
617	-0.936025	193.341611	0.006454	28.1
618	-0.077137	193.180224	0.001496	28.6
619	-0.278561	193.019196	0.005289	27.7
620	-0.298823	192.858525	0.002929	25.8
621	-0.306471	192.698210	0.003361	28.1
622	-0.884210	192.538251	0.007595	27.8
623	-0.006894	192.378644	0.000330	27.9
624	-0.543983	192.219391	0.006359	26.0
625	-0.745227	192.060488	0.006833	29.4
626	-0.629374	191.901935	0.007288	29.2
627	-0.464734	191.743730	0.006117	28.2
628	-0.137625	191.585873	0.002028	28.4
629	-0.713203	191.428362	0.006408	27.4
630	-0.710906	191.271196	0.005474	27.5
631	-0.000000	191.114374	0.000000	27.7
632	-0.961222	190.957893	0.008776	28.5
633	-0.757695	190.801755	0.007386	26.9
634	-0.498649	190.645956	0.006680	27.9
635	-1.065083	190.490495	0.007161	28.8
636	-0.052540	190.335373	0.000467	26.6
637	-0.670641	190.180587	0.005328	28.6
638	-0.639771	190.026136	0.005808	28.3
639	-0.000000	189.872019	0.000000	28.0
640	-0.000000	189.718235	0.000000	26.8
641	-0.711611	189.564782	0.006892	27.2
642	-0.057597	189.411661	0.000971	27.9
643	-0.683120	189.258868	0.007607	27.1
644	-0.384659	189.106404	0.003053	28.2
645	-0.148220	188.954267	0.002760	27.8
646	-0.849496	188.802456	0.006832	28.0
647	-0.847988	188.650969	0.005085	28.1
648	-0.769184	188.499807	0.005805	28.5
649	-0.000000	188.348967	0.000000	27.4
650	-0.264390	188.198448	0.003248	29.1
651	-0.262204	188.048250	0.003599	27.9
652	-0.786282	187.898371	0.007348	27.6
653	-0.073763	187.748810	0.001798	27.3
654	-0.639749	187.599566	0.006210	28.2
655	-0.000000	187.450638	0.000000	27.7
656	-0.606310	187.302025	0.006937	27.8
657	-0.000000	187.153725	0.000000	27.3
658	-0.823955	187.005739	0.007068	28.3
659	-0.762084	186.858064	0.006769	26.3
660	-0.875987	186.710699	0.007644	27.8
661	-0.375611	186.563645	0.003688	27.6
662	-0.000000	186.416898	0.000000	28.5
663	-0.000000	186.270459	0.000000	27.0
664	-0.789629	186.124326	0.004627	28.4
665	-0.530004	185.978499	0.005858	28.3
666	-0.894281	185.832976	0.007670	26.9
667	-0.639367	185.687756	0.007689	30.0
668	-0.871726	185.542838	0.007050	28.5
669	-0.859745	185.398222	0.006478	28.6
670	-1.037087	185.253906	0.006821	28.6
671	-0.000000	185.109889	0.000000	28.3
672	-0.705177	184.966170	0.005461	28.8
673	-0.000000	184.822748	0.000000	26.7
674	-0.000000	184.679623	0.000000	29.7
675	-0.398250	184.536792	0.006722	27.2
676	-0.611606	184.394256	0.006222	28.5
677	-0.354710	184.252013	0.003117	27.6
678	-0.000000	184.110062	0.000000	28.2
679	-0.735791	183.968403	0.005382	27.5
680	-0.989243	183.827034	0.006315	26.7
681	-0.372758	183.685954	0.005293	29.0
682	-0.480742	183.545163	0.004359	27.6
683	-0.023677	183.404658	0.000501	27.5
684	-0.174445	183.264441	0.001682	28.1
685	-0.554578	183.124509	0.005684	26.2
686	-0.489465	182.984861	0.005924	27.8
687	-0.651800	182.845497	0.007387	29.3
688	-0.000000	182.706416	0.000000	28.3
689	-0.000000	182.567616	0.000000	26.5
690	-0.000000	182.429098	0.000000	28.7
691	-0.473393	182.290859	0.006621	28.4
692	-0.368553	182.152899	0.003246	28.3
693	-0.654254	182.015217	0.007559	26.3
694	-0.498228	181.877813	0.005431	29.6
695	-0.000000	181.740684	0.000000	28.4
696	-0.511476	181.603832	0.005000	27.6
697	-0.000000	181.467253	0.000000	28.4
698	-0.306750	181.330948	0.004012	30.4
699	-0.253755	181.194916	0.002725	28.7
700	-0.767290	181.059155	0.006139	27.3
701	-0.000000	180.923666	0.000000	28.7
702	-1.034235	180.788446	0.007828	27.8
703	-0.000000	180.653496	0.000000	26.6
704	-0.813262	180.518814	0.007577	28.2
705	-0.211224	180.384399	0.002526	27.3
706	-0.164297	180.250251	0.002862	28.2
707	-0.928358	180.116369	0.006977	27.4
708	-0.850057	179.982752	0.005964	27.4
709	-0.569058	179.849398	0.006602	27.1
710	-0.706284	179.716308	0.007040	26.4
711	-0.734191	179.583480	0.006385	29.3
712	-0.631145	179.450913	0.006903	26.6
713	-0.696107	179.318607	0.006636	28.3
714	-0.704654	179.186561	0.006292	28.2
715	-0.512569	179.054774	0.003287	27.5
716	-0.832996	178.923245	0.005887	28.1
717	-0.157975	178.791973	0.003110	28.0
718	-0.738821	178.660958	0.008091	27.6
719	-0.601426	178.530199	0.005804	26.9
720	-0.928282	178.399694	0.006924	28.6
721	-0.000000	178.269444	0.000000	28.1
722	-0.537576	178.139447	0.004681	28.5
723	-0.488760	178.009702	0.007063	27.6
724	-0.039037	177.880209	0.000632	27.3
725	-0.400854	177.750967	0.004998	27.5
726	-0.605705	177.621975	0.006232	26.9
727	-0.651121	177.493232	0.004378	28.1
728	-0.220738	177.364738	0.003211	26.8
729	-0.637138	177.236492	0.006959	28.1
730	-0.929539	177.108492	0.005402	29.3
731	-0.867692	176.980739	0.009385	28.0
732	-0.056123	176.853231	0.001583	26.3
733	-0.696111	176.725968	0.006913	29.0
734	-0.446303	176.598949	0.005343	28.2
735	-0.105157	176.472173	0.002340	27.4
736	-0.631987	176.345639	0.007169	29.1
737	-0.264869	176.219348	0.003647	26.9
738	-0.000000	176.093296	0.000000	29.4
739	-0.422924	175.967486	0.006216	27.7
740	-0.220399	175.841914	0.002754	28.3
741	-0.751236	175.716581	0.005318	27.3
742	-0.000000	175.591486	0.000000	26.0
743	-0.486140	175.466629	0.006025	29.1
744	-0.836167	175.342008	0.005762	27.4
745	-0.000000	175.217622	0.000000	26.5
746	-0.710880	175.093472	0.008383	29.9
747	-0.313361	174.969556	0.003517	28.2
748	-0.949578	174.845873	0.006728	29.1
749	-1.004662	174.722423	0.007835	27.7
750	-0.952919	174.599206	0.005190	28.9
751	-0.013274	174.476220	0.000549	29.2
752	-0.652851	174.353464	0.007677	31.9
753	-0.073085	174.230939	0.002273	28.7
754	-0.456471	174.108643	0.004389	28.6
755	-0.151453	173.986576	0.003034	28.8
756	-0.945142	173.864737	0.005994	28.0
757	-0.081242	173.743124	0.001877	29.5
758	-0.322145	173.621739	0.004774	29.2
759	-0.000000	173.500579	0.000000	29.3
760	-0.241286	173.379645	0.004066	31.6
761	-0.000000	173.258935	0.000000	29.9
762	-0.941156	173.138449	0.006944	29.7
763	-0.053500	173.018186	0.001216	28.6
764	-0.577075	172.898146	0.006768	30.2
765	-0.429198	172.778327	0.003360	29.4
766	-0.946582	172.658730	0.006386	30.5
767	-0.062834	172.539353	0.000553	27.3
768	-0.619005	172.420196	0.005343	29.6
769	-0.000000	172.301258	0.000000	29.5
770	-0.616431	172.182539	0.006697	28.4
771	-0.358120	172.064037	0.002308	26.3
772	-0.432950	171.945753	0.005049	28.4
773	-0.773705	171.827686	0.006043	28.1
774	-0.716856	171.709834	0.006547	27.1
775	-0.000000	171.592198	0.000000	28.2
776	-0.803159	171.474776	0.005430	26.9
777	-0.087146	171.357568	0.002163	29.5
778	-0.357768	171.240574	0.004988	28.1
779	-0.000000	171.123793	0.000000	28.3
780	-0.763266	171.007223	0.006049	27.3
781	-0.790116	170.890865	0.006322	28.0
782	-0.006502	170.774718	0.000147	26.4
783	-0.000000	170.658782	0.000000	28.1
784	-0.503753	170.543055	0.007063	26.5
785	-0.015338	170.427537	0.001344	29.1
786	-0.029195	170.312227	0.001077	26.7
787	-0.836836	170.197125	0.007012	28.1
788	-0.085841	170.082231	0.001733	27.9
789	-0.887138	169.967543	0.006791	27.6
790	-0.864927	169.853061	0.007468	26.2
791	-0.142684	169.738784	0.002139	28.5
792	-0.996373	169.624713	0.008029	27.5
793	-0.000000	169.510845	0.000000	26.7
794	-0.267989	169.397181	0.002887	28.5
795	-0.383353	169.283720	0.005134	28.3
796	-0.557064	169.170462	0.003576	29.6
797	-0.000000	169.057405	0.000000	25.4
798	-0.791634	168.944549	0.005549	28.3
799	-0.000000	168.831895	0.000000	29.6
800	-0.791646	168.719440	0.006684	26.5
801	-0.000000	168.607185	0.000000	28.3
802	-0.029895	168.495129	0.001148	27.5
803	-0.359162	168.383271	0.005155	27.3
804	-0.008389	168.271611	0.000436	28.7
805	-0.855759	168.160148	0.005793	28.1
806	-0.754115	168.048882	0.006834	28.3
807	-0.727890	167.937812	0.005722	27.8
808	-0.908328	167.826938	0.005343	27.7
809	-0.662737	167.716258	0.006955	27.5
810	-0.380889	167.605773	0.004565	27.3
811	-0.781089	167.495482	0.007200	26.9
812	-0.728740	167.385384	0.007727	28.0
813	-0.051227	167.275479	0.002961	27.7
814	-0.618138	167.165766	0.004564	29.0
815	-0.899084	167.056245	0.005879	27.4
816	-0.115934	166.946915	0.001898	26.3
817	-0.000000	166.837776	0.000000	28.7
818	-0.974907	166.728826	0.007527	27.6
819	-0.000000	166.620067	0.000000	26.7
820	-0.986697	166.511496	0.006163	28.6
821	-0.000000	166.403113	0.000000	27.3
822	-0.000000	166.294919	0.000000	27.3
823	-0.592113	166.186912	0.006748	28.5
824	-0.907475	166.079091	0.005812	28.8
825	-0.499275	165.971458	0.004124	28.9
826	-0.478307	165.864009	0.007220	27.9
827	-0.039679	165.756747	0.000293	29.6
828	-0.856936	165.649669	0.005039	28.4
829	-0.173648	165.542775	0.002456	29.4
830	-0.000000	165.436065	0.000000	27.5
831	-0.472848	165.329538	0.006661	28.3
832	-1.080516	165.223194	0.007445	28.1
833	-0.005096	165.117032	0.000574	28.5
834	-0.602673	165.011052	0.006821	26.2
835	-1.003533	164.905253	0.007511	28.1
836	-0.000000	164.799635	0.000000	27.3
837	-0.862448	164.694197	0.006837	29.8
838	-0.874843	164.588939	0.005872	28.2
839	-0.206919	164.483859	0.003238	28.1
840	-0.001000	164.378959	0.000170	26.3
841	-0.823440	164.274237	0.005201	30.0
842	-0.043265	164.169692	0.002053	27.9
843	-0.439267	164.065325	0.005552	27.3
844	-0.633613	163.961135	0.007020	28.3
845	-0.686103	163.857120	0.007651	28.4
846	-0.818543	163.753282	0.006788	28.2
847	-0.162569	163.649619	0.002400	26.4
848	-0.000101	163.546130	0.000039	28.6
849	-0.776974	163.442816	0.005055	27.5
850	-0.295299	163.339676	0.004300	26.9
851	-0.832721	163.236709	0.005997	29.7
852	-0.635531	163.133915	0.006012	26.7
853	-0.000000	163.031294	0.000000	27.5
854	-0.000000	162.928844	0.000000	27.2
855	-0.000000	162.826566	0.000000	28.1
856	-0.000000	162.724459	0.000000	26.2
857	-0.000000	162.622523	0.000000	29.3
858	-0.926513	162.520757	0.006825	27.8
859	-0.392004	162.419160	0.004363	28.5
860	-0.780316	162.317733	0.006044	27.4
861	-0.924953	162.216474	0.005671	27.6
862	-0.000000	162.115383	0.000000	27.3
863	-0.719912	162.014461	0.005038	28.0
864	-0.000000	161.913705	0.000000	27.9
865	-0.000000	161.813117	0.000000	28.9
866	-0.000000	161.712695	0.000000	28.6
867	-0.493904	161.612439	0.005696	27.8
868	-0.932977	161.512349	0.006322	28.3
869	-0.845905	161.412424	0.007224	28.0
870	-0.000000	161.312663	0.000000	26.3
871	-0.000679	161.213067	0.000177	28.5
872	-0.251463	161.113635	0.004377	28.6
873	-0.552080	161.014366	0.006336	27.5
874	-0.687850	160.915260	0.004962	28.6
875	-0.000000	160.816316	0.000000	27.6
876	-1.024728	160.717535	0.006865	28.1
877	-0.774693	160.618915	0.006237	28.6
878	-0.771426	160.520456	0.006920	28.8
879	-0.531173	160.422158	0.004998	26.3
880	-0.605373	160.324021	0.007083	28.5
881	-1.028490	160.226043	0.008266	28.1
882	-0.888321	160.128225	0.005397	27.8
883	-0.016776	160.030566	0.000381	27.3
884	-0.016830	159.933066	0.000945	27.5
885	-0.183769	159.835723	0.002832	28.0
886	-0.436552	159.738539	0.005813	26.8
887	-0.616966	159.641512	0.003746	28.9
888	-0.802641	159.544642	0.006141	27.1
889	-0.818189	159.447929	0.004757	28.1
890	-0.811680	159.351372	0.004977	28.7
891	-0.399992	159.254971	0.004471	28.7
892	-0.143070	159.158725	0.002601	29.0
893	-0.263979	159.062634	0.003499	26.8
894	-0.397981	158.966697	0.005748	28.0
895	-0.000055	158.870915	0.000096	27.1
896	-0.404867	158.775286	0.005161	28.3
897	-0.775607	158.679811	0.006234	28.0
898	-0.000000	158.584489	0.000000	27.6
899	-0.004406	158.489319	0.000309	26.9
900	-0.913672	158.394302	0.006467	29.8
901	-0.000000	158.299436	0.000000	29.4
902	-0.553210	158.204721	0.005625	27.9
903	-0.894427	158.110158	0.007897	28.3
904	-0.992950	158.015745	0.006778	27.4
905	-0.670762	157.921482	0.008018	28.2
906	-0.145446	157.827369	0.002430	26.5
907	-0.407652	157.733406	0.003715	29.1
908	-0.190402	157.639591	0.003473	28.3
909	-0.639146	157.545925	0.005939	29.5
910	-0.297308	157.452408	0.004534	27.2
911	-0.697288	157.359038	0.008071	27.9
912	-0.647430	157.265816	0.007044	28.3
913	-0.889242	157.172741	0.005558	28.2
914	-0.371051	157.079813	0.004305	26.7
915	-0.000002	156.987031	0.000000	28.8
916	-0.455794	156.894395	0.004895	26.6
917	-0.459293	156.801904	0.004597	27.3
918	-0.361409	156.709559	0.005116	27.6
919	-0.026619	156.617359	0.000286	27.4
920	-0.752742	156.525304	0.005898	28.2
921	-0.899397	156.433392	0.005539	28.7
922	-0.203282	156.341624	0.003522	26.3
923	-0.541496	156.250000	0.006521	27.9
924	-0.309480	156.158519	0.004243	27.8
925	-0.493844	156.067180	0.006182	26.2
926	-0.024450	155.975984	0.002554	30.3
927	-0.000000	155.884930	0.000000	28.5
928	-0.722271	155.794017	0.004805	28.0
929	-0.921274	155.703246	0.007899	25.4
930	-0.402879	155.612615	0.004280	29.1
931	-0.531563	155.522125	0.005414	27.3
932	-0.945306	155.431775	0.006329	27.2
933	-0.833113	155.341565	0.006478	27.3
934	-0.883287	155.251495	0.005461	28.0
935	-0.642963	155.161563	0.006378	26.6
936	-1.070626	155.071771	0.007400	28.4
937	-0.846833	154.982117	0.006212	27.5
938	-0.650650	154.892601	0.006579	28.2
939	-0.938793	154.803222	0.005754	28.3
940	-0.335007	154.713981	0.004518	27.6
941	-0.000000	154.624878	0.000000	26.5
942	-0.890042	154.535910	0.006545	28.2
943	-0.000046	154.447080	0.000026	28.0
944	-0.345366	154.358385	0.002975	27.7
945	-0.539185	154.269826	0.007572	27.0
946	-0.131004	154.181402	0.002596	28.0
947	-0.476550	154.093114	0.005317	26.8
948	-0.739466	154.004960	0.006854	28.0
949	-0.293736	153.916940	0.004457	27.9
950	-0.000000	153.829054	0.000000	28.1
951	-0.000000	153.741303	0.000000	28.2
952	-0.315781	153.653684	0.003922	28.0
953	-0.915160	153.566198	0.006507	27.5
954	-0.059561	153.478846	0.002114	27.2
955	-0.846388	153.391625	0.006649	27.4
956	-0.000000	153.304537	0.000000	28.0
957	-0.770611	153.217580	0.006679	27.2
958	-0.000000	153.130755	0.000000	28.8
959	-0.679109	153.044061	0.003985	28.5
960	-0.000000	152.957498	0.000000	29.2
961	-0.971366	152.871065	0.006525	27.5
962	-0.509818	152.784762	0.007276	28.3
963	-0.801253	152.698589	0.006242	27.4
964	-0.573086	152.612545	0.006335	27.8
965	-0.644305	152.526631	0.006729	26.5
966	-0.853009	152.440845	0.006770	28.1
967	-0.000000	152.355188	0.000000	26.2
968	-0.483486	152.269660	0.004078	28.1
969	-0.441209	152.184259	0.005721	27.6
970	-0.256251	152.098986	0.004593	27.7
971	-0.000000	152.013840	0.000000	27.5
972	-0.600932	151.928821	0.005874	28.7
973	-1.026711	151.843928	0.009083	27.5
974	-0.805482	151.759163	0.008399	28.5
975	-0.000000	151.674523	0.000000	28.6
976	-0.614240	151.590009	0.006661	29.1
977	-0.847125	151.505620	0.006855	26.9
978	-0.023921	151.421357	0.000994	29.5
979	-0.752472	151.337218	0.004357	29.0
980	-0.000000	151.253204	0.000000	27.3
981	-0.332804	151.169314	0.004375	28.2
982	-0.000000	151.085549	0.000000	26.9
983	-0.280635	151.001907	0.003845	27.2
984	-0.714751	150.918388	0.005431	27.5
985	-0.782947	150.834992	0.006065	29.3
986	-0.000000	150.751719	0.000000	29.0
987	-0.627758	150.668569	0.005874	27.5
988	-0.778647	150.585541	0.007334	28.5
989	-0.624824	150.502634	0.007458	28.3
990	-0.594858	150.419849	0.005866	28.8
991	-0.000000	150.337186	0.000000	27.4
992	-0.000000	150.254644	0.000000	28.1
993	-0.000000	150.172222	0.000000	28.4
994	-0.723849	150.089921	0.006548	26.4
995	-0.326102	150.007740	0.003593	27.1
996	-0.378116	149.925679	0.005203	28.0
997	-0.717215	149.843737	0.006081	27.7
998	-0.152194	149.761915	0.003003	28.0
999	-0.001550	149.680212	0.000069	28.1
1000	-0.735857	149.598627	0.006491	27.0
1001	-0.950760	149.517161	0.006722	28.2
1002	-0.000000	149.435814	0.000000	27.9
1003	-0.000000	149.354584	0.000000	27.0
1004	-0.375431	149.273472	0.004205	28.0
1005	-0.913476	149.192477	0.005182	27.2
1006	-0.748376	149.111599	0.006536	29.8
1007	-0.972225	149.030838	0.006293	27.5
1008	-0.599216	148.950194	0.007243	28.5
1009	-1.018274	148.869666	0.006265	27.1
1010	-0.000000	148.789253	0.000000	27.5
1011	-0.664986	148.708957	0.006989	27.2
1012	-0.231498	148.628776	0.003506	27.9
1013	-0.000000	148.548710	0.000000	27.5
1014	-0.858558	148.468759	0.005483	28.0
1015	-0.839917	148.388923	0.005277	27.7
1016	-0.000000	148.309201	0.000000	27.5
1017	-0.631742	148.229594	0.006561	29.0
1018	-0.887946	148.150100	0.005235	28.3
1019	-0.000000	148.070719	0.000000	28.8
1020	-0.045214	147.991452	0.000763	26.5
1021	-0.065258	147.912298	0.001584	29.5
1022	-0.371170	147.833257	0.003416	27.1
1023	-0.758333	147.754329	0.005290	27.5
1024	-0.777963	147.675512	0.005761	27.8
1025	-0.006603	147.596808	0.000360	27.4
1026	-0.580404	147.518216	0.006452	26.3
1027	-0.909377	147.439735	0.007374	28.6
1028	-0.690520	147.361365	0.005583	26.7
1029	-1.026274	147.283106	0.006694	27.7
1030	-0.919597	147.204958	0.007182	27.6
1031	-0.000157	147.126920	0.000016	29.1
1032	-0.000000	147.048993	0.000000	25.9
1033	-0.002400	146.971175	0.000110	28.0
1034	-0.211834	146.893468	0.003917	27.5
1035	-0.000000	146.815869	0.000000	27.0
1036	-0.870857	146.738380	0.006663	28.2
1037	-0.873082	146.661000	0.006788	27.5
1038	-0.371271	146.583729	0.003073	26.9
1039	-0.871799	146.506566	0.005505	27.7
1040	-0.008170	146.429511	0.000238	28.2
1041	-0.555441	146.352565	0.007368	26.4
1042	-0.461848	146.275726	0.004691	29.0
1043	-0.580625	146.198994	0.006420	28.6
1044	-0.891850	146.122370	0.007550	27.7
1045	-0.000000	146.045853	0.000000	28.0
1046	-0.966677	145.969442	0.005516	27.4
1047	-0.558774	145.893139	0.005473	29.6
1048	-0.000000	145.816941	0.000000	28.3
1049	-0.696874	145.740849	0.005548	28.8
1050	-0.246970	145.664863	0.003232	29.2
1051	-0.356041	145.588983	0.004107	29.5
1052	-0.936752	145.513208	0.008304	26.5
1053	-1.013092	145.437538	0.005424	28.8
1054	-0.000000	145.361973	0.000000	28.7
1055	-0.007318	145.286513	0.000258	29.0
1056	-0.000000	145.211157	0.000000	28.4
1057	-0.747492	145.135905	0.006913	28.9
1058	-0.654453	145.060757	0.006380	28.3
1059	-0.000000	144.985712	0.000000	26.7
1060	-0.483543	144.910771	0.005373	27.9
1061	-0.246654	144.835934	0.004120	27.3
1062	-0.030233	144.761199	0.004804	29.2
1063	-0.406503	144.686567	0.002464	27.0
1064	-0.528398	144.612037	0.005299	28.0
1065	-0.746346	144.537610	0.007787	26.6
1066	-0.000000	144.463285	0.000000	28.2
1067	-0.247095	144.389062	0.002423	27.1
1068	-0.694218	144.314940	0.004955	27.7
1069	-0.626215	144.240920	0.007381	27.3
1070	-0.218197	144.167001	0.002790	28.0
1071	-0.000045	144.093182	0.000022	28.0
1072	-0.609479	144.019465	0.008071	26.4
1073	-0.538776	143.945848	0.006511	28.0
1074	-0.000000	143.872331	0.000000	27.2
1075	-0.563594	143.798914	0.006422	26.7
1076	-0.043397	143.725597	0.001066	28.8
1077	-0.834198	143.652380	0.005534	27.9
1078	-0.509795	143.579262	0.007072	28.3
1079	-0.616270	143.506243	0.006714	28.4
1080	-0.930555	143.433323	0.006978	28.1
1081	-0.000000	143.360502	0.000000	28.7
1082	-0.082829	143.287780	0.001797	26.4
1083	-0.421834	143.215155	0.004511	28.8
1084	-0.835621	143.142629	0.006925	27.4
1085	-0.717689	143.070201	0.004906	27.2
1086	-0.553131	142.997870	0.005371	28.1
1087	-0.000000	142.925637	0.000000	27.8
1088	-0.671229	142.853501	0.005096	27.3
1089	-0.703199	142.781462	0.004878	27.0
1090	-0.354076	142.709519	0.003340	28.7
1091	-0.322893	142.637674	0.003301	28.0
1092	-0.000000	142.565924	0.000000	28.1
1093	-0.000000	142.494271	0.000000	28.0
1094	-0.000000	142.422714	0.000000	27.9
1095	-0.219144	142.351252	0.002828	26.4
1096	-0.232202	142.279886	0.003744	29.3
1097	-0.000094	142.208616	0.000022	27.6
1098	-0.873771	142.137440	0.007262	27.9
1099	-1.119824	142.066360	0.009458	27.9
1100	-1.081329	141.995374	0.008734	27.6
1101	-0.625910	141.924483	0.005938	26.2
1102	-0.733350	141.853685	0.006919	28.1
1103	-0.023199	141.782983	0.001363	27.7
1104	-1.041161	141.712373	0.007408	28.1
1105	-0.000000	141.641858	0.000000	28.2
1106	-0.454109	141.571436	0.005372	28.1
1107	-0.000000	141.501108	0.000000	25.5
1108	-0.006603	141.430872	0.001336	28.2
1109	-0.088323	141.360730	0.002253	28.1
1110	-0.001800	141.290680	0.000211	26.3
1111	-0.450627	141.220722	0.005590	28.3
1112	-0.040626	141.150857	0.000749	27.7
1113	-0.881364	141.081084	0.006302	27.9
1114	-0.650103	141.011403	0.006356	27.8
1115	-0.000000	140.941813	0.000000	28.4
1116	-0.000000	140.872315	0.000000	27.9
1117	-0.980209	140.802909	0.006425	26.4
1118	-1.135112	140.733593	0.007683	29.2
1119	-0.132528	140.664369	0.002464	27.3
1120	-0.000000	140.595235	0.000000	27.7
1121	-0.000000	140.526192	0.000000	29.2
1122	-0.000000	140.457239	0.000000	28.3
1123	-0.000000	140.388376	0.000000	29.0
1124	-0.775652	140.319603	0.007396	25.7
1125	-0.476161	140.250920	0.006344	29.0
1126	-0.883999	140.182326	0.006604	27.2
1127	-0.000000	140.113822	0.000000	27.4
1128	-0.000000	140.045407	0.000000	28.1
1129	-0.526358	139.977081	0.005665	29.0
1130	-0.000000	139.908844	0.000000	28.9
1131	-0.577422	139.840696	0.003723	28.2
1132	-0.000000	139.772635	0.000000	29.2
1133	-0.563463	139.704664	0.006954	27.8
1134	-0.000000	139.636780	0.000000	27.8
1135	-0.754442	139.568984	0.006591	27.2
1136	-0.727106	139.501276	0.007593	27.7
1137	-0.581081	139.433655	0.005451	27.7
1138	-0.954810	139.366122	0.008533	27.7
1139	-0.000000	139.298676	0.000000	27.7
1140	-0.640762	139.231317	0.006967	26.9
1141	-0.828707	139.164045	0.006388	27.5
1142	-0.771962	139.096859	0.005408	27.7
1143	-0.553542	139.029760	0.007663	26.2
1144	-0.000000	138.962747	0.000000	28.5
1145	-0.268147	138.895820	0.001902	27.8
1146	-0.905673	138.828978	0.005815	27.1
1147	-0.082404	138.762223	0.001148	28.8
1148	-0.000000	138.695553	0.000000	28.8
1149	-0.000000	138.628969	0.000000	28.8
1150	-0.842134	138.562469	0.007439	26.9
1151	-0.682709	138.496055	0.004559	27.4
1152	-0.799637	138.429725	0.007149	28.4
1153	-0.756948	138.363481	0.007090	27.5
1154	-0.949913	138.297320	0.007259	28.0
1155	-0.968529	138.231244	0.005229	27.8
1156	-0.732400	138.165252	0.006722	27.1
1157	-0.970171	138.099344	0.008190	27.9
1158	-0.635659	138.033520	0.006979	27.0
1159	-0.688320	137.967779	0.006085	27.7
1160	-0.000000	137.902122	0.000000	28.1
1161	-0.422160	137.836548	0.004306	28.1
1162	-1.031485	137.771057	0.005899	26.4
1163	-0.806649	137.705649	0.005998	28.3
1164	-0.619208	137.640324	0.006729	28.5
1165	-0.368155	137.575081	0.002894	29.0
1166	-0.391190	137.509921	0.005074	25.8
1167	-0.000000	137.444842	0.000000	28.5
1168	-0.860121	137.379846	0.004818	27.4
1169	-0.582449	137.314932	0.004711	27.9
1170	-0.455803	137.250100	0.005476	28.7
1171	-0.482138	137.185349	0.004307	28.3
1172	-0.898267	137.120680	0.006954	27.9
1173	-0.000000	137.056092	0.000000	27.2
1174	-0.506563	136.991585	0.004822	27.1
1175	-0.465069	136.927158	0.005044	27.2
1176	-0.346092	136.862813	0.004299	27.1
1177	-0.524544	136.798548	0.003625	28.7
1178	-0.662740	136.734363	0.005999	26.2
1179	-1.077265	136.670259	0.007186	29.2
1180	-0.093384	136.606235	0.001708	28.0
1181	-0.837019	136.542291	0.007613	29.2
1182	-0.058199	136.478426	0.002009	25.7
1183	-0.001357	136.414641	0.000291	28.1
1184	-0.702114	136.350936	0.004014	26.1
1185	-0.857193	136.287310	0.006140	27.8
1186	-0.328258	136.223763	0.002415	28.4
1187	-0.586342	136.160295	0.006212	29.0
1188	-0.243105	136.096905	0.002963	27.8
1189	-0.600316	136.033594	0.003716	27.7
1190	-0.000000	135.970362	0.000000	27.6
1191	-0.846072	135.907208	0.006134	27.8
1192	-0.698929	135.844133	0.004746	29.3
1193	-1.070967	135.781135	0.006706	28.2
1194	-0.579140	135.718215	0.004817	28.7
1195	-0.125800	135.655373	0.000953	28.6
1196	-0.401926	135.592608	0.004740	28.3
1197	-0.061493	135.529921	0.002038	28.1
1198	-0.000000	135.467311	0.000000	27.9
1199	-0.000062	135.404778	0.000055	27.0
1200	-0.870378	135.342322	0.005754	26.6
1201	-0.534995	135.279942	0.005301	29.7
1202	-0.020384	135.217640	0.000635	27.8
1203	-0.316248	135.155413	0.003571	28.0
1204	-0.020521	135.093263	0.000777	28.2
1205	-0.119124	135.031190	0.001714	26.5
1206	-0.804800	134.969192	0.007810	30.0
1207	-1.003258	134.907270	0.006453	26.8
1208	-0.675762	134.845424	0.005481	28.9
1209	-0.121405	134.783653	0.001751	28.5
1210	-1.019508	134.721958	0.006092	28.8
1211	-0.090817	134.660338	0.002075	28.5
1212	-0.878009	134.598793	0.006103	26.8
1213	-1.007255	134.537323	0.007157	28.5
1214	-0.779355	134.475927	0.007301	27.6
1215	-0.579501	134.414607	0.006224	27.2
1216	-0.697876	134.353361	0.007009	28.5
1217	-0.856278	134.292189	0.009362	27.7
1218	-0.860971	134.231092	0.005308	28.0
1219	-0.239474	134.170068	0.001730	27.0
1220	-0.942356	134.109119	0.008224	27.4
1221	-0.868257	134.048243	0.006015	25.7
1222	-0.492073	133.987441	0.005689	28.8
1223	-0.947816	133.926713	0.007806	27.9
1224	-0.423496	133.866057	0.004141	26.5
1225	-0.002110	133.805475	0.000125	28.3
1226	-0.254014	133.744966	0.003944	28.7
1227	-0.000000	133.684530	0.000000	28.1
1228	-0.860871	133.624167	0.008860	28.2
1229	-0.000000	133.563877	0.000000	27.4
1230	-0.631161	133.503658	0.006572	27.9
1231	-0.353923	133.443513	0.003105	27.0
1232	-0.776809	133.383439	0.008180	29.7
1233	-0.595922	133.323437	0.006228	27.4
1234	-0.891828	133.263508	0.007419	27.4
1235	-0.000000	133.203650	0.000000	28.0
1236	-0.785757	133.143864	0.005296	27.6
1237	-0.873234	133.084149	0.006613	29.3
1238	-0.000000	133.024506	0.000000	27.1
1239	-0.826287	132.964934	0.005088	29.3
1240	-0.859052	132.905433	0.006016	28.1
1241	-0.811517	132.846003	0.005624	28.7
1242	-0.000000	132.786643	0.000000	27.6
1243	-0.897662	132.727355	0.006051	26.8
1244	-0.626911	132.668137	0.005436	26.8
1245	-0.187655	132.608989	0.002805	27.0
1246	-0.551919	132.549912	0.005744	28.7
1247	-0.518421	132.490904	0.004389	26.1
1248	-0.656673	132.431967	0.007845	28.9
1249	-0.000000	132.373100	0.000000	28.4
1250	-0.988914	132.314302	0.006402	26.1
1251	-0.513346	132.255574	0.007449	28.0
1252	-0.671880	132.196916	0.005821	27.6
1253	-0.665477	132.138326	0.005754	27.8
1254	-0.657187	132.079806	0.006430	27.3
1255	-0.000000	132.021355	0.000000	29.9
1256	-0.699549	131.962973	0.006870	27.2
1257	-0.555318	131.904660	0.005154	27.7
1258	-0.348980	131.846415	0.003935	27.8
1259	-0.859540	131.788239	0.008179	28.1
1260	-0.710577	131.730131	0.008155	28.1
1261	-0.000703	131.672092	0.000043	27.1
1262	-0.699325	131.614121	0.008750	29.4
1263	-0.970798	131.556217	0.006842	28.7
1264	-0.410222	131.498382	0.003428	28.4
1265	-0.319976	131.440614	0.006558	29.3
1266	-0.886594	131.382914	0.005901	28.2
1267	-0.787879	131.325282	0.007393	29.0
1268	-0.000000	131.267717	0.000000	26.5
1269	-0.759929	131.210219	0.005726	29.7
1270	-0.563041	131.152788	0.006958	27.0
1271	-0.000000	131.095424	0.000000	28.2
1272	-0.029436	131.038127	0.002125	28.5
1273	-0.104525	130.980897	0.002295	28.8
1274	-0.012525	130.923733	0.000878	27.7
1275	-0.721080	130.866636	0.005043	28.3
1276	-0.173869	130.809605	0.003386	26.9
1277	-0.392091	130.752641	0.003685	28.3
1278	-0.000000	130.695742	0.000000	28.0
1279	-0.000000	130.638910	0.000000	29.8
1280	-0.627804	130.582143	0.006882	28.9
1281	-0.856615	130.525442	0.005462	27.7
1282	-0.471950	130.468807	0.004060	26.9
1283	-0.818997	130.412237	0.005364	29.0
1284	-0.000000	130.355733	0.000000	27.6
1285	-0.000000	130.299294	0.000000	28.1
1286	-0.340283	130.242920	0.004726	27.9
1287	-1.078525	130.186611	0.008704	27.7
1288	-0.022515	130.130366	0.001151	27.3
1289	-0.000000	130.074187	0.000000	28.6
1290	-0.000000	130.018072	0.000000	27.8
1291	-0.158473	129.962022	0.002862	29.1
1292	-0.231084	129.906036	0.003312	27.0
1293	-0.000000	129.850114	0.000000	28.2
1294	-0.028583	129.794257	0.000946	28.0
1295	-0.785977	129.738463	0.007007	27.7
1296	-0.821437	129.682734	0.006705	26.8
1297	-0.128345	129.627068	0.001986	26.4
1298	-0.402884	129.571466	0.004128	27.8
1299	-0.317152	129.515927	0.003944	28.4
1300	-0.147467	129.460452	0.002916	27.7
1301	-0.052749	129.405040	0.001091	27.3
1302	-0.740675	129.349692	0.006992	27.0
1303	-0.933028	129.294406	0.007687	28.7
1304	-0.906727	129.239183	0.005569	28.4
1305	-0.735647	129.184024	0.007340	28.5
1306	-0.032169	129.128927	0.001384	28.3
1307	-0.717336	129.073892	0.004413	27.7
1308	-0.502644	129.018921	0.006455	27.6
1309	-0.653273	128.964011	0.007892	29.0
1310	-0.745756	128.909164	0.005756	28.1
1311	-0.782465	128.854379	0.006845	26.4
1312	-0.036074	128.799656	0.000826	28.1
1313	-0.000000	128.744995	0.000000	27.0
1314	-0.000000	128.690396	0.000000	27.8
1315	-0.548043	128.635858	0.003824	28.5
1316	-0.208967	128.581382	0.003816	28.2
1317	-0.751564	128.526968	0.007114	26.0
1318	-0.770315	128.472615	0.005270	28.6
1319	-0.003262	128.418323	0.000103	28.2
1320	-0.792965	128.364092	0.006022	26.9
1321	-0.517427	128.309922	0.005118	27.7
1322	-0.071356	128.255814	0.000973	27.0
1323	-0.749007	128.201766	0.005575	28.2
1324	-0.007959	128.147778	0.000099	27.2
1325	-0.281097	128.093852	0.003104	28.1
1326	-0.722363	128.039985	0.007023	28.7
1327	-0.000000	127.986180	0.000000	26.6
1328	-0.394355	127.932434	0.005526	28.9
1329	-0.664336	127.878749	0.006338	28.0
1330	-0.000145	127.825123	0.000013	27.0
1331	-0.000000	127.771558	0.000000	28.0
1332	-0.000000	127.718052	0.000000	29.2
1333	-0.000000	127.664606	0.000000	26.0
1334	-0.094034	127.611220	0.002316	28.6
1335	-0.445765	127.557893	0.003429	29.1
1336	-0.902051	127.504625	0.005875	28.3
1337	-0.000000	127.451417	0.000000	27.3
1338	-0.796714	127.398268	0.006371	28.8
1339	-0.183198	127.345178	0.002687	27.5
1340	-0.000000	127.292147	0.000000	27.2
1341	-0.345014	127.239175	0.003601	27.9
1342	-0.638426	127.186261	0.007135	29.0
1343	-0.930974	127.133407	0.007190	27.4
1344	-0.000000	127.080610	0.000000	28.0
1345	-0.496439	127.027872	0.005442	28.1
1346	-0.792869	126.975193	0.006571	28.0
1347	-0.689123	126.922572	0.006571	28.1
1348	-0.177019	126.870008	0.001772	28.4
1349	-0.885378	126.817503	0.006356	27.8
1350	-1.100627	126.765056	0.007470	27.6
1351	-0.812496	126.712667	0.005659	27.6
1352	-0.520707	126.660335	0.005661	29.6
1353	-0.494236	126.608061	0.006487	28.2
1354	-0.232180	126.555844	0.003802	28.0
1355	-0.004300	126.503685	0.000000	28.5
1356	-0.131099	126.451583	0.001653	28.1
1357	-0.561615	126.399538	0.005636	27.2
1358	-0.000000	126.347550	0.000000	28.3
1359	-0.620343	126.295619	0.006111	26.8
1360	-0.648842	126.243745	0.007174	27.9
1361	-0.000000	126.191928	0.000000	27.7
1362	-0.000000	126.140168	0.000000	28.4
1363	-0.755616	126.088464	0.006868	26.4
1364	-0.720626	126.036817	0.006305	27.7
1365	-0.000000	125.985226	0.000000	28.1
1366	-0.093355	125.933691	0.002093	27.0
1367	-0.001944	125.882212	0.000072	27.3
1368	-0.009791	125.830790	0.000387	27.1
1369	-0.737159	125.779423	0.004853	26.9
1370	-0.000000	125.728113	0.000000	27.9
1371	-0.000744	125.676858	0.000067	28.2
1372	-0.972520	125.625659	0.006103	27.2
1373	-0.037067	125.574515	0.001203	27.7
1374	-0.755137	125.523427	0.006196	28.6
1375	-0.566002	125.472394	0.004776	27.6
1376	-0.883704	125.421417	0.007304	26.5
1377	-0.635180	125.370495	0.006063	29.5
1378	-0.847702	125.319628	0.006498	27.8
1379	-0.000000	125.268815	0.000000	27.9
1380	-0.141175	125.218058	0.001986	28.3
1381	-0.872046	125.167356	0.006473	29.6
1382	-0.101001	125.116708	0.002071	28.0
1383	-0.611701	125.066115	0.006582	27.9
1384	-0.380570	125.015576	0.002881	26.6
1385	-0.833675	124.965092	0.005708	27.8
1386	-0.787435	124.914662	0.005041	28.0
1387	-0.256479	124.864287	0.003304	27.7
1388	-0.471926	124.813965	0.004841	27.1
1389	-0.014082	124.763698	0.000841	27.2
1390	-0.247155	124.713485	0.003395	28.4
1391	-0.748658	124.663325	0.007257	28.1
1392	-0.000000	124.613219	0.000000	26.2
1393	-0.514557	124.563167	0.006727	28.7
1394	-0.665791	124.513168	0.004411	27.8
1395	-0.691446	124.463223	0.006435	29.1
1396	-0.159935	124.413332	0.001342	28.0
1397	-0.000000	124.363493	0.000000	29.4
1398	-0.525636	124.313708	0.005851	28.1
1399	-1.033611	124.263976	0.007879	27.8
1400	-0.829412	124.214297	0.004509	26.7
1401	-0.000000	124.164671	0.000000	28.8
1402	-0.887886	124.115097	0.005483	27.1
1403	-0.391722	124.065577	0.004473	28.3
1404	-0.000000	124.016109	0.000000	29.1
1405	-0.524992	123.966693	0.003953	29.2
1406	-0.900336	123.917330	0.006748	27.0
1407	-0.630036	123.868020	0.007112	27.9
1408	-0.000000	123.818762	0.000000	27.7
1409	-0.819341	123.769556	0.006872	28.6
1410	-0.535741	123.720402	0.004417	28.3
1411	-0.834105	123.671300	0.006942	27.8
1412	-0.436246	123.622250	0.004559	27.7
1413	-0.000000	123.573252	0.000000	27.8
1414	-0.000000	123.524305	0.000000	27.4
1415	-0.066533	123.475411	0.004288	27.7
1416	-0.526937	123.426568	0.006358	27.9
1417	-0.485201	123.377776	0.006170	28.5
1418	-0.686125	123.329036	0.004028	28.7
1419	-0.536034	123.280347	0.006579	27.4
1420	-0.001811	123.231709	0.000693	29.0
1421	-0.813567	123.183122	0.007208	28.8
1422	-0.000000	123.134587	0.000000	28.0
1423	-0.000000	123.086102	0.000000	25.5
1424	-0.155855	123.037669	0.001827	29.2
1425	-0.822105	122.989286	0.005572	27.9
1426	-0.899583	122.940954	0.007602	27.9
1427	-0.926056	122.892672	0.007668	26.9
1428	-0.910736	122.844441	0.007707	28.3
1429	-0.367412	122.796261	0.003357	28.7
1430	-0.707747	122.748130	0.005344	28.9
1431	-0.786661	122.700050	0.005371	29.1
1432	-0.863890	122.652021	0.007061	27.7
1433	-0.000000	122.604041	0.000000	28.9
1434	-0.919405	122.556111	0.005550	26.8
1435	-0.772654	122.508232	0.005342	28.7
1436	-0.881454	122.460402	0.005009	28.7
1437	-0.222119	122.412622	0.003181	28.4
1438	-0.000000	122.364891	0.000000	27.5
1439	-0.355764	122.317210	0.004679	28.5
1440	-0.000000	122.269579	0.000000	26.8
1441	-0.000000	122.221997	0.000000	28.2
1442	-0.000866	122.174465	0.000120	27.7
1443	-0.454143	122.126981	0.006718	26.3
1444	-0.575879	122.079547	0.005637	28.0
1445	-0.429888	122.032162	0.006126	27.6
1446	-0.056620	121.984826	0.001995	27.8
1447	-0.437936	121.937539	0.005282	28.2
1448	-0.000000	121.890301	0.000000	27.9
1449	-0.002055	121.843112	0.000252	27.2
1450	-0.089159	121.795971	0.001657	28.0
1451	-0.325041	121.748879	0.003700	28.4
1452	-0.689799	121.701835	0.005750	28.7
1453	-0.796256	121.654840	0.007045	26.3
1454	-0.047874	121.607893	0.000606	28.6
1455	-0.079985	121.560994	0.001352	28.0
1456	-0.000000	121.514144	0.000000	26.9
1457	-0.000082	121.467342	0.000004	28.2
1458	-0.862821	121.420588	0.006672	27.0
1459	-0.394253	121.373882	0.005211	28.4
1460	-1.047938	121.327223	0.008101	28.2
1461	-0.522449	121.280613	0.003753	27.8
1462	-0.000000	121.234050	0.000000	27.6
1463	-0.697047	121.187535	0.004091	26.8
1464	-0.000000	121.141067	0.000000	28.2
1465	-0.673495	121.094647	0.006856	27.4
1466	-0.703619	121.048274	0.005299	29.1
1467	-0.506076	121.001949	0.006859	27.6
1468	-0.468807	120.955671	0.004742	26.0
1469	-0.805211	120.909440	0.005196	28.0
1470	-0.000000	120.863256	0.000000	28.4
1471	-0.000000	120.817119	0.000000	27.8
1472	-0.927760	120.771029	0.008265	27.3
1473	-0.883354	120.724986	0.006620	25.8
1474	-0.756420	120.678990	0.005353	29.4
1475	-0.000000	120.633040	0.000000	26.5
1476	-0.434484	120.587137	0.003925	29.4
1477	-0.008418	120.541281	0.000203	27.6
1478	-0.870477	120.495471	0.006351	28.1
1479	-1.014202	120.449707	0.006929	29.7
1480	-0.735624	120.403990	0.006187	31.4
1481	-0.508339	120.358319	0.004588	28.8
1482	-0.466314	120.312694	0.005128	30.0
1483	-0.693595	120.267115	0.005366	28.8
1484	-0.000000	120.221582	0.000000	28.2
1485	-0.879655	120.176096	0.006235	28.5
1486	-0.750115	120.130655	0.004360	27.2
1487	-0.860986	120.085260	0.006580	28.0
1488	-0.770930	120.039910	0.005241	26.4
1489	-1.077327	119.994606	0.008870	29.3
1490	-0.741576	119.949348	0.006687	26.9
1491	-0.130705	119.904135	0.003026	28.2
1492	-0.892744	119.858968	0.006713	27.7
1493	-0.461896	119.813846	0.003619	27.8
1494	-0.766561	119.768769	0.006547	28.0
1495	-0.555656	119.723738	0.003261	27.5
1496	-0.850050	119.678752	0.005349	28.5
1497	-0.227095	119.633810	0.003704	27.3
1498	-0.013582	119.588914	0.000319	28.9
1499	-0.751642	119.544062	0.006876	27.9
1500	-0.549181	119.499256	0.005915	27.1
1501	-0.972741	119.454494	0.006323	27.9
1502	-0.011579	119.409777	0.000115	27.2
1503	-0.900210	119.365104	0.005129	28.5
1504	-0.878588	119.320476	0.007499	29.2
1505	-1.086164	119.275893	0.006918	29.1
1506	-0.441774	119.231353	0.005981	29.6
1507	-1.089968	119.186859	0.007742	27.6
1508	-0.703903	119.142408	0.006161	28.0
1509	-0.554745	119.098002	0.004545	27.6
1510	-0.000000	119.053639	0.000000	27.8
1511	-0.080467	119.009321	0.000912	28.0
1512	-0.866743	118.965047	0.006687	28.4
1513	-0.033907	118.920816	0.002366	25.9
1514	-0.707118	118.876630	0.006552	28.9
1515	-0.997724	118.832487	0.005492	28.7
1516	-0.814047	118.788388	0.004866	27.7
1517	-0.115878	118.744332	0.001509	27.8
1518	-0.133078	118.700320	0.003030	27.0
1519	-0.000000	118.656352	0.000000	27.7
1520	-0.316853	118.612427	0.003172	28.1
1521	-0.000000	118.568545	0.000000	28.5
1522	-0.011306	118.524706	0.000298	27.7
1523	-0.000150	118.480911	0.000007	26.6
1524	-0.816785	118.437159	0.006429	29.5
1525	-0.000000	118.393450	0.000000	28.1
1526	-0.023638	118.349784	0.003861	28.5
1527	-1.111111	118.306160	0.008584	27.7
1528	-0.238383	118.262580	0.003198	28.4
1529	-0.809546	118.219042	0.006804	28.5
1530	-0.000000	118.175548	0.000000	27.9
1531	-0.749618	118.132095	0.007356	26.6
1532	-0.008973	118.088686	0.000135	28.7
1533	-0.001701	118.045319	0.000229	26.7
1534	-1.097150	118.001994	0.007308	28.0
1535	-0.000736	117.958712	0.000088	28.0
1536	-0.502201	117.915472	0.003226	27.0
1537	-1.029587	117.872274	0.008064	27.9
1538	-0.399516	117.829118	0.006516	28.0
1539	-0.000007	117.786005	0.000002	26.7
1540	-0.997962	117.742933	0.007041	28.0
1541	-0.156540	117.699904	0.001929	26.7
1542	-0.980594	117.656916	0.006937	27.9
1543	-0.590622	117.613971	0.004939	26.9
1544	-0.399726	117.571067	0.004569	30.3
1545	-0.000000	117.528205	0.000000	27.5
1546	-0.820197	117.485384	0.005908	28.4
1547	-0.729618	117.442605	0.006544	28.7
1548	-0.427598	117.399867	0.003339	28.9
1549	-0.808154	117.357171	0.004932	27.7
1550	-0.000000	117.314517	0.000000	28.6
1551	-0.008728	117.271903	0.000157	28.7
1552	-0.842392	117.229331	0.008549	29.3
1553	-0.006170	117.186800	0.000120	27.1
1554	-0.874611	117.144311	0.006375	28.3
1555	-0.365068	117.101862	0.004036	28.8
1556	-0.766974	117.059454	0.005140	28.8
1557	-0.000000	117.017087	0.000000	29.6
1558	-0.798428	116.974762	0.005872	28.4
1559	-0.721577	116.932476	0.007797	27.8
1560	-0.898809	116.890232	0.007439	29.2
1561	-0.000000	116.848028	0.000000	27.5
1562	-0.844157	116.805865	0.006170	28.5
1563	-0.005827	116.763743	0.000102	28.2
1564	-0.595220	116.721661	0.007017	28.7
1565	-0.002151	116.679619	0.000235	28.2
1566	-0.698091	116.637618	0.006449	27.7
1567	-0.907996	116.595657	0.005079	27.5
1568	-0.301472	116.553736	0.003785	27.5
1569	-1.014874	116.511855	0.006311	27.2
1570	-0.711274	116.470015	0.006036	28.1
1571	-0.776120	116.428214	0.006384	27.8
1572	-0.000003	116.386454	0.000001	28.1
1573	-0.982718	116.344733	0.005999	28.5
1574	-0.000000	116.303052	0.000000	27.0
1575	-0.708727	116.261412	0.004528	27.8
1576	-0.688840	116.219810	0.005196	28.0
1577	-0.435336	116.178249	0.004627	27.3
1578	-1.035791	116.136727	0.006210	26.8
1579	-0.009806	116.095245	0.000156	29.7
1580	-0.619229	116.053802	0.004198	27.8
1581	-0.529546	116.012398	0.004172	28.4
1582	-0.817606	115.971034	0.006250	28.7
1583	-0.000000	115.929710	0.000000	28.9
1584	-0.000000	115.888424	0.000000	27.7
1585	-0.000000	115.847178	0.000000	26.5
1586	-0.506825	115.805970	0.004953	30.9
1587	-0.159120	115.764802	0.002427	27.5
1588	-0.532263	115.723673	0.004914	27.7
1589	-0.027684	115.682583	0.001126	27.9
1590	-0.252369	115.641532	0.002982	28.1
1591	-0.003550	115.600519	0.000480	28.2
1592	-0.000000	115.559546	0.000000	27.7
1593	-0.742955	115.518610	0.006168	27.9
1594	-0.000000	115.477714	0.000000	28.6
1595	-0.251857	115.436856	0.003774	26.9
1596	-0.178218	115.396037	0.003418	28.8
1597	-0.918799	115.355256	0.006501	27.0
1598	-0.673686	115.314514	0.006848	27.8
1599	-0.447660	115.273810	0.004674	26.9
1600	-0.406893	115.233144	0.003996	28.4
1601	-0.429774	115.192517	0.004968	26.9
1602	-0.937982	115.151927	0.005989	28.2
1603	-0.710835	115.111376	0.006560	29.2
1604	-0.000000	115.070863	0.000000	28.8
1605	-0.747504	115.030388	0.006318	27.3
1606	-0.715016	114.989951	0.007419	27.4
1607	-0.888647	114.949551	0.005202	28.5
1608	-0.201221	114.909190	0.002929	26.4
1609	-1.092165	114.868866	0.009167	29.3
1610	-0.616066	114.828580	0.006480	28.0
1611	-0.803318	114.788332	0.006070	26.9
1612	-0.556742	114.748121	0.003237	29.0
1613	-0.804294	114.707948	0.006052	29.1
1614	-0.740548	114.667812	0.005498	28.8
1615	-0.772081	114.627714	0.007624	27.1
1616	-0.477686	114.587653	0.004761	28.6
1617	-0.867353	114.547629	0.005498	28.3
1618	-0.194830	114.507643	0.002969	27.0
1619	-0.317667	114.467693	0.004436	28.3
1620	-0.891661	114.427781	0.006907	28.3
1621	-0.574759	114.387907	0.005955	29.0
1622	-1.014474	114.348069	0.006346	27.7
1623	-1.053752	114.308268	0.008242	28.7
1624	-0.000000	114.268504	0.000000	28.0
1625	-0.973417	114.228777	0.008110	28.0
1626	-0.977526	114.189086	0.005946	27.8
1627	-0.691256	114.149433	0.004488	29.1
1628	-0.010313	114.109816	0.000502	28.2
1629	-0.998175	114.070235	0.006428	27.3
1630	-0.725323	114.030692	0.004859	28.1
1631	-0.766119	113.991185	0.005290	29.5
1632	-0.973015	113.951714	0.006491	28.7
1633	-0.569964	113.912280	0.005479	29.3
1634	-0.000000	113.872882	0.000000	26.8
1635	-0.403293	113.833521	0.004245	29.3
1636	-0.493426	113.794195	0.006275	27.1
1637	-0.796237	113.754906	0.005690	28.4
1638	-0.000116	113.715653	0.000009	27.9
1639	-1.002693	113.676437	0.007501	26.7
1640	-0.958080	113.637256	0.005803	28.1
1641	-0.851204	113.598111	0.008002	28.1
1642	-0.799577	113.559002	0.007841	29.2
1643	-0.406382	113.519929	0.005912	27.9
1644	-0.743766	113.480892	0.007349	27.9
1645	-0.000831	113.441891	0.000034	27.3
1646	-0.000000	113.402925	0.000000	27.7
1647	-0.941452	113.363995	0.007435	26.5
1648	-0.882389	113.325101	0.006280	28.0
1649	-0.032229	113.286242	0.001465	26.6
1650	-0.427144	113.247419	0.004901	29.5
1651	-0.000000	113.208631	0.000000	27.5
1652	-0.681052	113.169879	0.004920	28.6
1653	-0.817375	113.131162	0.005415	27.8
1654	-0.686311	113.092480	0.005113	28.3
1655	-0.618302	113.053833	0.006716	28.8
1656	-0.000000	113.015222	0.000000	27.8
1657	-0.000000	112.976646	0.000000	28.1
1658	-0.650352	112.938105	0.004887	28.5
1659	-0.025488	112.899599	0.000562	28.3
1660	-0.923374	112.861128	0.005083	26.3
1661	-0.918608	112.822692	0.006628	28.3
1662	-0.000000	112.784291	0.000000	26.9
1663	-0.710300	112.745924	0.006242	29.1
1664	-0.276727	112.707593	0.003372	27.0
1665	-0.584168	112.669296	0.006756	29.1
1666	-0.899652	112.631034	0.004940	27.4
1667	-0.141416	112.592806	0.001270	28.2
1668	-0.708089	112.554613	0.006803	29.5
1669	-0.779912	112.516455	0.007116	26.9
1670	-0.829002	112.478331	0.006922	28.4
1671	-0.622300	112.440241	0.006775	29.3
1672	-0.346966	112.402186	0.004441	27.6
1673	-0.875825	112.364165	0.007516	28.3
1674	-0.482494	112.326179	0.007046	28.0
1675	-0.270881	112.288227	0.002803	27.0
1676	-0.392110	112.250309	0.004534	27.6
1677	-0.902468	112.212425	0.007823	27.0
1678	-0.498137	112.174575	0.003786	28.5
1679	-0.935997	112.136759	0.005326	26.5
1680	-0.000000	112.098977	0.000000	28.2
1681	-0.903010	112.061229	0.005515	27.1
1682	-0.772823	112.023515	0.005665	28.0
1683	-0.521290	111.985834	0.006410	27.8
1684	-0.968293	111.948188	0.006405	27.8
1685	-1.052366	111.910575	0.009016	28.4
1686	-0.136949	111.872996	0.002212	28.4
1687	-0.000000	111.835450	0.000000	28.5
1688	-0.515226	111.797939	0.004979	27.1
1689	-0.541064	111.760460	0.005971	27.3
1690	-0.755083	111.723015	0.006253	28.9
1691	-0.060289	111.685604	0.002936	27.9
1692	-0.000000	111.648226	0.000000	28.6
1693	-0.771639	111.610881	0.007720	26.7
1694	-0.656654	111.573570	0.005533	28.5
1695	-0.643352	111.536292	0.006939	27.2
1696	-0.109202	111.499047	0.001354	29.0
1697	-0.000000	111.461835	0.000000	28.0
1698	-0.727591	111.424656	0.005905	25.5
1699	-0.605945	111.387510	0.005351	28.5
1700	-0.974064	111.350398	0.008631	27.8
1701	-0.552657	111.313318	0.005848	27.2
1702	-0.000000	111.276271	0.000000	27.2
1703	-0.000000	111.239257	0.000000	29.3
1704	-0.725573	111.202276	0.007879	28.0
1705	-1.135973	111.165328	0.006688	27.7
1706	-0.161925	111.128412	0.002196	28.2
1707	-0.056108	111.091529	0.001027	28.0
1708	-0.000000	111.054679	0.000000	27.8
1709	-0.524199	111.017861	0.006578	26.4
1710	-0.691827	110.981076	0.006526	28.2
1711	-0.000003	110.944323	0.000000	26.8
1712	-0.044837	110.907603	0.001109	27.7
1713	-0.927505	110.870915	0.006834	28.7
1714	-1.119411	110.834259	0.005711	27.6
1715	-0.000000	110.797636	0.000000	28.5
1716	-0.864052	110.761045	0.005482	27.6
1717	-0.532791	110.724486	0.006174	28.1
1718	-0.640859	110.687959	0.005565	26.7
1719	-0.997435	110.651465	0.005360	28.7
1720	-0.000000	110.615002	0.000000	26.9
1721	-0.862698	110.578572	0.005630	27.9
1722	-0.824894	110.542173	0.006974	28.1
1723	-0.000000	110.505807	0.000000	28.2
1724	-0.068694	110.469472	0.001317	26.2
1725	-0.629482	110.433169	0.004784	28.3
1726	-0.716527	110.396898	0.004963	28.1
1727	-0.877066	110.360659	0.008506	27.0
1728	-0.012783	110.324451	0.000454	28.1
1729	-0.743085	110.288276	0.005417	27.8
1730	-0.901732	110.252131	0.005296	28.7
1731	-0.596629	110.216019	0.005380	28.6
1732	-0.895746	110.179937	0.006918	29.0
1733	-0.664315	110.143888	0.005854	28.0
1734	-0.993692	110.107869	0.007054	27.6
1735	-0.402855	110.071882	0.003239	27.3
1736	-0.379554	110.035927	0.004901	29.0
1737	-0.899406	110.000003	0.007222	27.4
1738	-0.798055	109.964110	0.006637	27.6
1739	-0.712431	109.928248	0.005190	29.4
1740	-0.794925	109.892417	0.007093	27.9
1741	-0.020777	109.856618	0.000556	26.0
1742	-0.927709	109.820850	0.007411	29.1
1743	-0.846204	109.785112	0.005160	27.2
1744	-0.000000	109.749406	0.000000	26.4
1745	-0.000000	109.713730	0.000000	28.2
1746	-0.000000	109.678086	0.000000	28.1
1747	-0.436307	109.642472	0.004322	28.2
1748	-0.591921	109.606890	0.005782	27.5
1749	-0.305417	109.571337	0.003448	27.6
1750	-1.027567	109.535816	0.006394	27.7
1751	-1.023065	109.500326	0.007194	28.1
1752	-0.443804	109.464866	0.005369	27.9
1753	-0.000000	109.429436	0.000000	29.4
1754	-0.000000	109.394038	0.000000	27.5
1755	-1.020586	109.358669	0.005894	27.7
1756	-0.849175	109.323331	0.005436	29.0
1757	-0.088020	109.288024	0.001220	28.2
1758	-0.119418	109.252747	0.004171	27.8
1759	-0.735071	109.217501	0.004809	29.3
1760	-0.876091	109.182284	0.007253	28.2
1761	-0.000000	109.147098	0.000000	27.0
1762	-0.861671	109.111942	0.005614	28.1
1763	-0.823770	109.076817	0.007859	27.4
1764	-0.000000	109.041721	0.000000	28.3
1765	-1.016183	109.006656	0.006703	28.1
1766	-0.926200	108.971620	0.006939	28.5
1767	-0.096786	108.936615	0.002068	28.0
1768	-0.422786	108.901640	0.003146	27.9
1769	-0.805981	108.866694	0.005515	26.6
1770	-0.548006	108.831779	0.003511	28.4
1771	-0.897572	108.796893	0.006883	27.7
1772	-0.063893	108.762037	0.000989	28.0
1773	-0.013148	108.727211	0.000468	28.2
1774	-1.045732	108.692415	0.007240	26.0
1775	-0.004422	108.657648	0.000825	28.8
1776	-0.608939	108.622911	0.005565	28.5
1777	-0.942355	108.588203	0.006340	27.9
1778	-0.216162	108.553525	0.003377	29.0
1779	-0.000000	108.518877	0.000000	28.3
1780	-0.011915	108.484258	0.000597	28.0
1781	-0.000000	108.449668	0.000000	28.1
1782	-0.651625	108.415108	0.006532	28.0
1783	-0.189952	108.380578	0.002786	27.6
1784	-0.797995	108.346076	0.007025	27.4
1785	-0.000000	108.311604	0.000000	27.4
1786	-0.505570	108.277161	0.007232	28.5
1787	-0.620011	108.242747	0.004431	26.5
1788	-0.195040	108.208363	0.001803	27.7
1789	-0.733028	108.174007	0.004487	27.8
1790	-0.781298	108.139681	0.004727	28.7
1791	-0.451630	108.105383	0.005656	26.9
1792	-0.039937	108.071115	0.001311	28.6
1793	-0.969102	108.036875	0.006630	27.8
1794	-0.631932	108.002665	0.006309	27.3
1795	-0.000017	107.968483	0.000004	26.5
1796	-0.029540	107.934330	0.000434	28.3
1797	-0.004025	107.900206	0.000240	27.9
1798	-0.582675	107.866111	0.005338	27.3
1799	-0.390130	107.832044	0.004771	26.2
1800	-1.155356	107.798007	0.008700	27.6
1801	-0.000000	107.763997	0.000000	28.3
1802	-0.000000	107.730017	0.000000	27.9
1803	-0.986404	107.696065	0.007182	31.5
1804	-0.753965	107.662141	0.005806	27.4
1805	-0.721794	107.628246	0.007149	26.9
1806	-0.524357	107.594379	0.006342	27.2
1807	-0.958055	107.560541	0.006276	30.0
1808	-0.866256	107.526731	0.004930	26.8
1809	-0.000000	107.492949	0.000000	28.4
1810	-0.000000	107.459196	0.000000	27.9
1811	-0.000000	107.425471	0.000000	29.4
1812	-0.000000	107.391774	0.000000	26.4
1813	-0.829096	107.358106	0.005860	29.4
1814	-0.470263	107.324465	0.005638	27.5
1815	-0.271517	107.290853	0.004390	27.2
1816	-0.565172	107.257268	0.006638	27.4
1817	-0.851769	107.223712	0.005896	28.7
1818	-0.934376	107.190184	0.006287	27.3
1819	-0.000000	107.156683	0.000000	28.4
1820	-0.551445	107.123211	0.005761	27.7
1821	-0.000101	107.089766	0.000006	28.6
1822	-0.500757	107.056349	0.004597	26.1
1823	-0.054247	107.022960	0.000712	28.3
1824	-0.440077	106.989599	0.003919	26.9
1825	-0.000000	106.956265	0.000000	27.8
1826	-0.737450	106.922960	0.006475	29.8
1827	-0.718943	106.889681	0.005211	27.2
1828	-0.766166	106.856431	0.007148	27.2
1829	-0.001418	106.823208	0.000043	28.3
1830	-0.546367	106.790012	0.006525	27.4
1831	-0.412806	106.756844	0.004992	27.7
1832	-0.373608	106.723703	0.003467	27.5
1833	-0.655870	106.690590	0.007786	28.4
1834	-0.000000	106.657505	0.000000	28.3
1835	-0.640058	106.624446	0.006114	27.7
1836	-0.610897	106.591415	0.004369	27.6
1837	-0.403838	106.558411	0.005496	29.3
1838	-0.222998	106.525435	0.003326	26.4
1839	-0.028880	106.492485	0.001661	29.2
1840	-0.847818	106.459563	0.006500	27.3
1841	-0.617049	106.426668	0.005825	28.1
1842	-0.691155	106.393800	0.006794	29.1
1843	-1.000838	106.360959	0.007882	27.6
1844	-0.955245	106.328145	0.005811	26.9
1845	-0.793276	106.295358	0.005736	27.3
1846	-0.037134	106.262598	0.000920	28.9
1847	-0.852058	106.229865	0.007190	26.9
1848	-0.015751	106.197158	0.000204	28.0
1849	-0.000000	106.164479	0.000000	29.0
1850	-0.030874	106.131826	0.001912	27.4
1851	-0.539050	106.099201	0.005648	28.2
1852	-0.656218	106.066602	0.006688	26.8
1853	-0.597193	106.034029	0.006911	28.2
1854	-0.479000	106.001483	0.004794	26.3
1855	-0.623515	105.968964	0.005196	28.5
1856	-0.785135	105.936472	0.006111	27.0
1857	-0.903894	105.904006	0.006240	27.6
1858	-0.981716	105.871566	0.006176	28.0
1859	-0.000068	105.839153	0.000046	27.2
1860	-0.000000	105.806767	0.000000	28.1
1861	-0.107314	105.774407	0.001385	27.5
1862	-0.453202	105.742073	0.004873	29.0
1863	-0.000000	105.709766	0.000000	27.8
1864	-0.064351	105.677485	0.001295	27.4
1865	-0.416934	105.645230	0.005738	28.3
1866	-0.153227	105.613001	0.002597	28.6
1867	-0.564914	105.580799	0.003965	26.0
1868	-0.000000	105.548623	0.000000	28.6
1869	-0.737964	105.516473	0.004778	26.2
1870	-0.675110	105.484349	0.006527	28.1
1871	-0.792757	105.452251	0.005357	27.5
1872	-0.846762	105.420179	0.005795	29.2
1873	-0.950627	105.388133	0.006843	27.7
1874	-0.846948	105.356113	0.006965	28.8
1875	-0.014984	105.324119	0.000406	28.5
1876	-0.000101	105.292151	0.000035	28.9
1877	-0.000000	105.260209	0.000000	26.5
1878	-0.171174	105.228293	0.002849	28.4
1879	-0.847323	105.196402	0.006634	28.0
1880	-1.033215	105.164537	0.007012	29.0
1881	-0.858500	105.132698	0.006611	28.3
1882	-0.736812	105.100885	0.006747	29.4
1883	-0.787964	105.069097	0.005244	29.0
1884	-0.663096	105.037335	0.004732	32.1
1885	-0.810652	105.005598	0.005538	30.1
1886	-0.048074	104.973887	0.002104	29.8
1887	-0.746210	104.942202	0.006266	29.1
1888	-0.327628	104.910542	0.002418	29.9
1889	-0.587752	104.878907	0.006594	29.1
1890	-0.000000	104.847298	0.000000	29.0
1891	-0.302407	104.815715	0.002853	29.2
1892	-0.761870	104.784156	0.006351	32.7
1893	-0.746673	104.752623	0.005310	31.4
1894	-0.365256	104.721116	0.004004	31.7
1895	-0.000014	104.689633	0.000024	31.0
1896	-0.977169	104.658176	0.007261	32.4
1897	-0.427822	104.626744	0.005383	31.1
1898	-0.000131	104.595337	0.000006	29.3
1899	-0.773382	104.563955	0.007468	26.1
1900	-0.756302	104.532599	0.006522	29.3
1901	-0.382698	104.501267	0.003793	28.4
1902	-0.905570	104.469960	0.008303	29.9
1903	-1.111560	104.438679	0.008075	29.5
1904	-1.169964	104.407422	0.009787	30.4
1905	-0.553706	104.376191	0.005775	29.2
1906	-0.109181	104.344984	0.001289	30.8
1907	-0.481240	104.313802	0.003305	26.7
1908	-0.624827	104.282645	0.007481	29.2
1909	-0.747185	104.251513	0.005715	26.8
1910	-0.000000	104.220405	0.000000	27.0
1911	-0.000000	104.189323	0.000000	27.5
1912	-0.326084	104.158265	0.004959	28.4
1913	-0.000000	104.127231	0.000000	26.4
1914	-0.000000	104.096222	0.000000	29.8
1915	-0.000000	104.065238	0.000000	29.2
1916	-0.412796	104.034279	0.005173	29.8
1917	-0.394589	104.003344	0.005011	29.6
1918	-0.000000	103.972433	0.000000	28.6
1919	-0.003347	103.941547	0.000086	29.9
1920	-0.037785	103.910686	0.001779	28.5
1921	-0.000000	103.879849	0.000000	29.2
1922	-0.481223	103.849036	0.005621	25.7
1923	-0.770970	103.818248	0.008156	29.2
1924	-0.178141	103.787484	0.002134	27.6
1925	-0.655683	103.756744	0.005856	27.1
1926	-0.000000	103.726029	0.000000	29.7
1927	-0.056594	103.695338	0.001307	30.3
1928	-0.732902	103.664671	0.004488	30.7
1929	-0.844152	103.634028	0.007190	28.2
1930	-1.109330	103.603409	0.009419	28.8
1931	-1.057852	103.572814	0.007198	28.7
1932	-0.009746	103.542244	0.000215	27.7
1933	-0.029835	103.511698	0.000247	29.4
1934	-0.000000	103.481175	0.000000	27.4
1935	-0.248692	103.450677	0.003321	29.3
1936	-0.758902	103.420202	0.006152	27.1
1937	-0.000000	103.389752	0.000000	27.7
1938	-0.380058	103.359325	0.005023	28.5
1939	-0.000000	103.328922	0.000000	27.7
1940	-0.008170	103.298543	0.000187	30.4
1941	-1.051050	103.268188	0.006461	28.8
1942	-0.929659	103.237857	0.006055	29.4
1943	-0.047225	103.207549	0.002846	29.5
1944	-0.935493	103.177265	0.007326	29.3
1945	-0.478199	103.147005	0.003823	27.2
1946	-0.048894	103.116768	0.000940	27.9
1947	-0.004309	103.086556	0.000001	27.4
1948	-0.184731	103.056366	0.002530	26.6
1949	-0.000000	103.026200	0.000000	28.6
1950	-0.740445	102.996058	0.005470	28.2
1951	-0.644241	102.965939	0.004776	29.2
1952	-0.508937	102.935844	0.006681	26.3
1953	-0.000000	102.905772	0.000000	28.9
1954	-0.572995	102.875724	0.006530	27.8
1955	-0.650775	102.845699	0.006097	27.9
1956	-0.528191	102.815697	0.003768	29.6
1957	-0.281409	102.785719	0.004685	31.2
1958	-0.833249	102.755764	0.006462	29.6
1959	-0.000000	102.725832	0.000000	29.7
1960	-1.050214	102.695924	0.007683	29.7
1961	-0.006081	102.666038	0.000142	26.4
1962	-1.015728	102.636176	0.006340	29.2
1963	-0.653596	102.606337	0.005689	27.1
1964	-0.959175	102.576521	0.006508	29.7
1965	-0.053479	102.546728	0.000462	28.2
1966	-0.292860	102.516959	0.003084	29.0
1967	-0.842575	102.487212	0.006314	26.3
1968	-0.000000	102.457488	0.000000	28.5
1969	-0.920170	102.427788	0.005427	27.9
1970	-0.758222	102.398110	0.005121	26.8
1971	-0.000000	102.368455	0.000000	28.0
1972	-0.862872	102.338823	0.004936	29.7
1973	-0.764648	102.309214	0.006690	29.2
1974	-0.740088	102.279628	0.007058	27.4
1975	-0.003198	102.250064	0.000072	29.1
1976	-0.583451	102.220524	0.007009	31.3
1977	-0.779555	102.191006	0.005357	30.8
1978	-1.014662	102.161511	0.006688	28.3
1979	-0.000000	102.132038	0.000000	27.7
1980	-0.000013	102.102588	0.000008	28.1
1981	-0.546680	102.073161	0.006463	28.0
1982	-0.000000	102.043757	0.000000	27.9
1983	-1.053107	102.014375	0.006159	28.0
1984	-0.000000	101.985015	0.000000	28.0
1985	-0.007788	101.955678	0.000249	27.2
1986	-0.807305	101.926364	0.005902	28.3
1987	-0.000000	101.897072	0.000000	29.2
1988	-0.007769	101.867802	0.000069	27.8
1989	-0.170022	101.838555	0.002377	26.2
1990	-0.040653	101.809330	0.000985	29.7
1991	-0.000236	101.780128	0.000035	29.1
1992	-1.134427	101.750948	0.009077	28.0
1993	-0.000000	101.721790	0.000000	28.9
1994	-0.009646	101.692654	0.000611	29.4
1995	-0.857410	101.663541	0.005855	29.1
1996	-0.782568	101.634450	0.006055	28.4
1997	-0.000000	101.605381	0.000000	27.1
1998	-0.741871	101.576335	0.007083	28.9
1999	-0.000000	101.547310	0.000000	27.0
