1:ItNr	2:Metric	3:StepSize	4:||Gradient||	Time[ms]
0	-0.762339	627.201626	0.017581	729.3
1	-1.073175	623.504937	0.015276	3.6
2	-1.178305	619.865785	0.030552	4.1
3	-0.703673	616.282728	0.051561	4.2
4	-0.000000	612.754375	0.000000	3.5
5	-0.356482	609.279381	0.007682	3.4
6	-0.670520	605.856447	0.020797	4.3
7	-0.000000	602.484317	0.000000	4.2
8	-0.000000	599.161779	0.000000	3.7
9	-0.641700	595.887656	0.022553	3.6
10	-0.000000	592.660813	0.000000	4.8
11	-0.550424	589.480151	0.008140	3.7
12	-0.855328	586.344606	0.012843	3.6
13	-0.236457	583.253145	0.002547	3.9
14	-0.000000	580.204771	0.000000	4.5
15	-0.677185	577.198517	0.015662	3.9
16	-0.842451	574.233444	0.028261	3.8
17	-0.885445	571.308645	0.025559	3.7
18	-0.973617	568.423237	0.019166	5.5
19	-0.319050	565.576365	0.015748	3.9
20	-0.000000	562.767201	0.000000	3.8
21	-0.754192	559.994938	0.011700	4.9
22	-0.606601	557.258797	0.012263	4.0
23	-0.041675	554.558018	0.000619	3.8
24	-1.030120	551.891865	0.020517	4.9
25	-0.918253	549.259621	0.015398	4.4
26	-0.590719	546.660592	0.020185	3.9
27	-0.666919	544.094102	0.012011	4.5
28	-0.565694	541.559494	0.008924	4.2
29	-0.388014	539.056129	0.010508	4.3
30	-0.000000	536.583387	0.000000	4.2
31	-0.662884	534.140663	0.021860	4.0
32	-0.000000	531.727370	0.000000	4.6
33	-0.126135	529.342935	0.002255	4.1
34	-0.990026	526.986802	0.017062	4.8
35	-0.218835	524.658430	0.003842	4.8
36	-0.201348	522.357290	0.004137	4.5
37	-0.000000	520.082868	0.000000	4.0
38	-0.011319	517.834665	0.000437	4.0
39	-0.847907	515.612193	0.026150	4.5
40	-0.754122	513.414976	0.014133	4.4
41	-0.338717	511.242551	0.004160	4.0
42	-0.997067	509.094468	0.022237	4.1
43	-0.871230	506.970285	0.032804	5.0
44	-0.000000	504.869574	0.000000	4.8
45	-0.433637	502.791916	0.015663	5.1
46	-0.283855	500.736903	0.003673	5.8
47	-0.978376	498.704137	0.033321	4.6
48	-0.145632	496.693228	0.004588	4.1
49	-0.000000	494.703798	0.000000	4.8
50	-0.000000	492.735476	0.000000	4.6
51	-0.000000	490.787900	0.000000	4.5
52	-0.458238	488.860718	0.023513	5.4
53	-0.310896	486.953585	0.011060	4.7
54	-0.920627	485.066164	0.020021	4.8
55	-0.216358	483.198126	0.002785	4.9
56	-0.903252	481.349149	0.009250	4.2
57	-0.352560	479.518920	0.012723	4.0
58	-0.815322	477.707132	0.020059	4.6
59	-0.504040	475.913485	0.006842	4.6
60	-0.955884	474.137684	0.022454	4.5
61	-0.515649	472.379445	0.017048	4.6
62	-0.000000	470.638485	0.000000	4.8
63	-0.252567	468.914531	0.008341	4.5
64	-0.706874	467.207315	0.009527	4.2
65	-1.043051	465.516573	0.036501	5.3
66	-0.000000	463.842050	0.000000	4.7
67	-0.887925	462.183494	0.010017	5.1
68	-0.666477	460.540658	0.023517	4.4
69	-0.683899	458.913303	0.015225	4.9
70	-0.485241	457.301192	0.010292	4.8
71	-0.285898	455.704096	0.005613	4.2
72	-0.000000	454.121787	0.000000	4.9
73	-0.958751	452.554045	0.030762	4.7
74	-0.649070	451.000653	0.007250	4.3
75	-0.768375	449.461399	0.013654	4.5
76	-0.000000	447.936075	0.000000	5.4
77	-0.660071	446.424477	0.017641	4.3
78	-0.008219	444.926406	0.001294	4.3
79	-0.733006	443.441666	0.009016	5.0
80	-0.854462	441.970065	0.009644	4.4
81	-0.630965	440.511415	0.017022	4.2
82	-0.626501	439.065533	0.033519	5.1
83	-0.656247	437.632238	0.011097	4.4
84	-0.506262	436.211351	0.006833	4.3
85	-0.000000	434.802701	0.000000	4.6
86	-0.737269	433.406117	0.012593	5.6
87	-0.093435	432.021430	0.000913	4.8
88	-0.000067	430.648479	0.000059	4.3
89	-0.000000	429.287101	0.000000	4.7
90	-0.878387	427.937140	0.029059	4.5
91	-0.179581	426.598440	0.000890	4.2
92	-0.499649	425.270849	0.027397	5.2
93	-0.090036	423.954220	0.002288	4.3
94	-0.659761	422.648404	0.006939	4.2
95	-0.069369	421.353259	0.001846	5.3
96	-0.053373	420.068643	0.002209	4.7
97	-0.029511	418.794419	0.000782	4.4
98	-0.000000	417.530451	0.000000	4.7
99	-0.783432	416.276604	0.009774	4.6
100	-0.888083	415.032748	0.014490	4.5
101	-0.904374	413.798754	0.019214	5.5
102	-0.000000	412.574495	0.000000	5.0
103	-0.659350	411.359849	0.009379	4.5
104	-1.072818	410.154691	0.009290	5.3
105	-0.596088	408.958904	0.013335	5.1
106	-0.559071	407.772368	0.007629	5.6
107	-0.813448	406.594968	0.008489	4.9
108	-0.936956	405.426590	0.014372	5.3
109	-0.000008	404.267122	0.000000	5.0
110	-0.535218	403.116456	0.007298	4.5
111	-1.081161	401.974481	0.014636	5.1
112	-0.000000	400.841093	0.000000	5.4
113	-0.939217	399.716187	0.020654	4.7
114	-0.070063	398.599660	0.002260	5.0
115	-0.000000	397.491411	0.000000	4.9
116	-0.000000	396.391342	0.000000	4.4
117	-0.252583	395.299353	0.002088	5.2
118	-0.760863	394.215350	0.017528	5.6
119	-0.134903	393.139238	0.003135	4.7
120	-0.825370	392.070924	0.018127	5.0
121	-0.767634	391.010316	0.006465	5.3
122	-0.000212	389.957325	0.000064	5.6
123	-0.940493	388.911862	0.030034	5.0
124	-0.588503	387.873839	0.006927	5.3
125	-0.918190	386.843173	0.006685	4.5
126	-0.000001	385.819777	0.000001	4.8
127	-0.885959	384.803569	0.022253	4.9
128	-0.786363	383.794468	0.018381	4.9
129	-0.773738	382.792393	0.008015	4.7
130	-1.043971	381.797264	0.028083	5.3
131	-0.241889	380.809005	0.005385	4.4
132	-0.877256	379.827537	0.018210	4.5
133	-0.011234	378.852786	0.000659	5.4
134	-1.051856	377.884678	0.044830	4.7
135	-0.562385	376.923138	0.009566	4.8
136	-0.846245	375.968095	0.009640	5.5
137	-0.589815	375.019479	0.008652	4.4
138	-0.755697	374.077218	0.017729	4.4
139	-0.681216	373.141244	0.026322	5.6
140	-0.097513	372.211489	0.003526	4.6
141	-0.921937	371.287887	0.020634	4.3
142	-0.560018	370.370370	0.017772	6.0
143	-0.353171	369.458876	0.003491	4.6
144	-0.000000	368.553338	0.000000	4.4
145	-0.996414	367.653696	0.023700	4.9
146	-0.943605	366.759885	0.013775	5.0
147	-0.587451	365.871846	0.013020	4.4
148	-0.000709	364.989518	0.000027	4.8
149	-0.336206	364.112841	0.023515	5.1
150	-0.000000	363.241757	0.000000	4.4
151	-0.422108	362.376208	0.011524	4.8
152	-0.018667	361.516137	0.002009	4.9
153	-0.558200	360.661488	0.009033	4.8
154	-0.624996	359.812206	0.011420	4.8
155	-0.106938	358.968236	0.000905	4.4
156	-0.489084	358.129524	0.011177	4.9
157	-0.469722	357.296018	0.010289	4.8
158	-0.000000	356.467665	0.000000	4.4
159	-0.744333	355.644414	0.006519	5.0
160	-0.921130	354.826213	0.010130	5.0
161	-1.079748	354.013012	0.030629	4.5
162	-0.000000	353.204763	0.000000	5.0
163	-0.683987	352.401415	0.007000	5.1
164	-0.000000	351.602922	0.000000	4.8
165	-0.000000	350.809235	0.000000	4.9
166	-0.453316	350.020308	0.010248	4.6
167	-0.946613	349.236095	0.007654	4.6
168	-0.700971	348.456550	0.014308	4.2
169	-0.000000	347.681627	0.000000	4.7
170	-0.740483	346.911283	0.021064	4.6
171	-0.777018	346.145474	0.010727	4.3
172	-0.322247	345.384157	0.004514	4.8
173	-1.066850	344.627288	0.034035	4.9
174	-1.004539	343.874826	0.017288	4.2
175	-0.004188	343.126729	0.000079	4.3
176	-0.915424	342.382957	0.013536	4.9
177	-0.000000	341.643469	0.000000	4.2
178	-0.164334	340.908224	0.003939	4.2
179	-0.547869	340.177184	0.008680	5.2
180	-0.689185	339.450309	0.016525	4.3
181	-0.000000	338.727561	0.000000	4.2
182	-0.076108	338.008902	0.001980	5.3
183	-0.884232	337.294295	0.011907	4.6
184	-0.541769	336.583703	0.006500	4.2
185	-0.878290	335.877089	0.021439	4.2
186	-0.273148	335.174416	0.004618	4.8
187	-1.057874	334.475651	0.015994	4.5
188	-0.753061	333.780756	0.007477	4.9
189	-0.000092	333.089698	0.000036	5.6
190	-0.000000	332.402443	0.000000	4.8
191	-0.783784	331.718955	0.021238	5.0
192	-0.661666	331.039203	0.007211	5.3
193	-0.769326	330.363153	0.007864	4.7
194	-0.364813	329.690771	0.003133	4.8
195	-0.000000	329.022027	0.000000	5.2
196	-1.030844	328.356888	0.038323	4.5
197	-0.000000	327.695322	0.000000	4.8
198	-0.571893	327.037299	0.008998	4.5
199	-0.000000	326.382787	0.000000	4.8
200	-0.306610	325.731758	0.008434	4.8
201	-0.000000	325.084179	0.000000	4.3
202	-1.014335	324.440023	0.037458	5.0
203	-0.857423	323.799258	0.029857	5.0
204	-0.955785	323.161858	0.020021	4.6
205	-0.000649	322.527792	0.000036	4.9
206	-0.530110	321.897034	0.008835	4.9
207	-0.019598	321.269554	0.001018	4.5
208	-0.421676	320.645325	0.003001	4.8
209	-0.060295	320.024320	0.001879	5.1
210	-0.388619	319.406512	0.006779	4.4
211	-0.778270	318.791875	0.009962	4.4
212	-0.919504	318.180381	0.018039	5.1
213	-0.000000	317.572005	0.000000	4.4
214	-0.643677	316.966721	0.008472	4.3
215	-0.000000	316.364504	0.000000	5.1
216	-0.000000	315.765329	0.000000	4.5
217	-0.000000	315.169170	0.000000	4.4
218	-1.084206	314.576003	0.020400	5.0
219	-1.117655	313.985804	0.021480	4.5
220	-0.910227	313.398548	0.014390	4.7
221	-0.000000	312.814213	0.000000	5.5
222	-0.599547	312.232773	0.006122	4.7
223	-0.962794	311.654207	0.011572	4.3
224	-0.543909	311.078491	0.011629	4.7
225	-0.000000	310.505602	0.000000	4.7
226	-0.000000	309.935518	0.000000	4.5
227	-0.852812	309.368217	0.007164	4.3
228	-0.935995	308.803676	0.018738	5.3
229	-0.000000	308.241874	0.000000	4.6
230	-0.497850	307.682789	0.008094	4.3
231	-0.143271	307.126400	0.005331	5.3
232	-0.000000	306.572687	0.000000	4.8
233	-0.000000	306.021627	0.000000	5.1
234	-0.385761	305.473201	0.013962	5.6
235	-0.610663	304.927388	0.009711	4.5
236	-0.524322	304.384168	0.008063	4.3
237	-0.000000	303.843521	0.000000	4.7
238	-0.717676	303.305427	0.014568	4.6
239	-0.866764	302.769867	0.008712	4.3
240	-0.840272	302.236821	0.018927	4.9
241	-0.000000	301.706270	0.000000	5.1
242	-1.010995	301.178196	0.006713	5.1
243	-0.000000	300.652580	0.000000	5.1
244	-0.614996	300.129402	0.012228	4.9
245	-0.859291	299.608645	0.010656	4.4
246	-0.141780	299.090291	0.002017	4.9
247	-0.709034	298.574321	0.012702	5.0
248	-0.902959	298.060718	0.011974	4.6
249	-1.008136	297.549465	0.031348	5.2
250	-0.678037	297.040543	0.008579	5.7
251	-0.665504	296.533936	0.016484	4.7
252	-0.000000	296.029626	0.000000	4.8
253	-0.684038	295.527597	0.005589	4.4
254	-0.505195	295.027832	0.007875	4.9
255	-0.053339	294.530315	0.002661	4.9
256	-0.316511	294.035028	0.007724	4.4
257	-0.860395	293.541956	0.011071	5.2
258	-0.000000	293.051083	0.000000	4.8
259	-0.480574	292.562393	0.006396	4.5
260	-0.000000	292.075870	0.000000	5.0
261	-0.996131	291.591498	0.014605	6.0
262	-0.000000	291.109263	0.000000	4.8
263	-1.076985	290.629149	0.021082	5.5
264	-0.000145	290.151140	0.000097	5.1
265	-0.600740	289.675222	0.009404	5.0
266	-0.106878	289.201380	0.005091	5.1
267	-0.000000	288.729600	0.000000	5.9
268	-0.000000	288.259866	0.000000	4.5
269	-0.876051	287.792165	0.011134	5.5
270	-0.000000	287.326481	0.000000	5.2
271	-0.870642	286.862802	0.009318	4.9
272	-0.001940	286.401113	0.000296	5.7
273	-0.136721	285.941400	0.003543	4.6
274	-0.000000	285.483649	0.000000	5.3
275	-0.677552	285.027847	0.018782	5.8
276	-0.763109	284.573981	0.010500	4.5
277	-0.601507	284.122037	0.007711	5.1
278	-0.954379	283.672002	0.009113	6.3
279	-0.296718	283.223863	0.004024	5.0
280	-0.900427	282.777607	0.017703	5.3
281	-0.000000	282.333221	0.000000	5.0
282	-0.766284	281.890692	0.007431	4.4
283	-0.633080	281.450008	0.006839	4.4
284	-0.940265	281.011157	0.010224	5.0
285	-0.965279	280.574125	0.022292	4.4
286	-0.790421	280.138901	0.006029	4.9
287	-0.236837	279.705473	0.006715	4.9
288	-0.471220	279.273829	0.006792	4.6
289	-0.000000	278.843956	0.000000	4.9
290	-0.804494	278.415844	0.012039	4.5
291	-0.185710	277.989479	0.002603	4.9
292	-0.228399	277.564851	0.004036	4.7
293	-0.255681	277.141949	0.002178	4.5
294	-1.098178	276.720761	0.030958	4.9
295	-0.876971	276.301275	0.024563	4.5
296	-1.241044	275.883480	0.015159	4.5
297	-0.031783	275.467366	0.000912	5.1
298	-0.000000	275.052922	0.000000	4.6
299	-0.269999	274.640136	0.002563	4.8
300	-0.871671	274.228998	0.024892	5.5
301	-0.430331	273.819497	0.012332	4.6
302	-0.000000	273.411623	0.000000	5.2
303	-0.569996	273.005365	0.012099	4.4
304	-0.525345	272.600712	0.008714	4.9
305	-0.000000	272.197655	0.000000	5.1
306	-0.008607	271.796184	0.000759	4.2
307	-0.367680	271.396287	0.007011	5.0
308	-0.518336	270.997956	0.007225	4.3
309	-0.679491	270.601180	0.035001	4.2
310	-0.000034	270.205949	0.000020	4.9
311	-0.675164	269.812254	0.011566	5.0
312	-0.812530	269.420085	0.005944	4.2
313	-0.998371	269.029432	0.008376	4.3
314	-0.454009	268.640287	0.006067	5.2
315	-0.883435	268.252638	0.014342	4.6
316	-0.000000	267.866478	0.000000	4.8
317	-0.173686	267.481796	0.003288	5.2
318	-0.000198	267.098584	0.000004	4.2
319	-0.000000	266.716833	0.000000	4.2
320	-0.583600	266.336533	0.006828	5.3
321	-0.794789	265.957676	0.013126	4.5
322	-0.000000	265.580253	0.000000	4.5
323	-0.761469	265.204254	0.009038	5.2
324	-0.264813	264.829672	0.005851	4.8
325	-1.044547	264.456497	0.012033	4.4
326	-0.371655	264.084721	0.002695	5.3
327	-0.235472	263.714335	0.002444	5.0
328	-0.735262	263.345332	0.008494	4.7
329	-0.576505	262.977702	0.009127	4.8
330	-0.557009	262.611438	0.005693	5.0
331	-0.576934	262.246531	0.006811	4.6
332	-0.647008	261.882973	0.007772	4.9
333	-1.095243	261.520756	0.010139	5.0
334	-0.785859	261.159871	0.007885	4.6
335	-0.738043	260.800312	0.029665	5.0
336	-0.000000	260.442070	0.000000	4.7
337	-0.404856	260.085137	0.007722	4.6
338	-1.053613	259.729505	0.026170	4.9
339	-0.000000	259.375167	0.000000	4.4
340	-0.292507	259.022116	0.005462	4.9
341	-0.793610	258.670343	0.006499	4.3
342	-0.028178	258.319841	0.001642	4.5
343	-0.676872	257.970602	0.024959	5.1
344	-1.055903	257.622620	0.028843	4.5
345	-0.026258	257.275887	0.001909	4.4
346	-1.111144	256.930396	0.031496	5.0
347	-0.318807	256.586139	0.007375	4.7
348	-0.981598	256.243109	0.014434	4.9
349	-0.280788	255.901300	0.006309	4.4
350	-0.658513	255.560703	0.017811	4.8
351	-0.594365	255.221313	0.006122	6.0
352	-0.608184	254.883122	0.007732	4.4
353	-0.635463	254.546124	0.006954	5.0
354	-0.642847	254.210311	0.012811	4.9
355	-0.626710	253.875677	0.006449	4.4
356	-0.109842	253.542215	0.001395	4.8
357	-0.851772	253.209918	0.015013	4.7
358	-0.000562	252.878781	0.000186	4.2
359	-0.736978	252.548795	0.015383	4.4
360	-0.416941	252.219956	0.006637	5.4
361	-0.713143	251.892255	0.014238	4.6
362	-0.644806	251.565688	0.006922	4.2
363	-0.000000	251.240247	0.000000	5.3
364	-0.060926	250.915926	0.001631	4.3
365	-0.000074	250.592720	0.000005	4.2
366	-0.937947	250.270621	0.011767	4.9
367	-0.570696	249.949624	0.004952	4.5
368	-0.733554	249.629723	0.010125	4.2
369	-0.000029	249.310911	0.000015	4.8
370	-0.000000	248.993182	0.000000	4.1
371	-1.146038	248.676531	0.024848	4.3
372	-0.919818	248.360952	0.009951	4.7
373	-0.000000	248.046438	0.000000	5.1
374	-0.000000	247.732984	0.000000	4.1
375	-1.000628	247.420584	0.025312	4.2
376	-0.628465	247.109233	0.006440	4.9
377	-0.025478	246.798924	0.001126	4.5
378	-0.000000	246.489652	0.000000	5.1
379	-0.000000	246.181412	0.000000	4.6
380	-0.000000	245.874197	0.000000	4.5
381	-0.205491	245.568002	0.005233	4.5
382	-0.000208	245.262822	0.000067	4.3
383	-0.688487	244.958652	0.007292	4.8
384	-0.239743	244.655485	0.007614	4.3
385	-0.212183	244.353317	0.005214	6.3
386	-0.009753	244.052142	0.000125	5.4
387	-0.205374	243.751955	0.002561	5.3
388	-0.542882	243.452750	0.006990	4.6
389	-0.478498	243.154523	0.004940	5.3
390	-1.003756	242.857268	0.021182	4.9
391	-1.118303	242.560980	0.029788	4.5
392	-0.503889	242.265654	0.003698	4.9
393	-0.000000	241.971285	0.000000	4.7
394	-0.983131	241.677868	0.012012	4.4
395	-0.738679	241.385397	0.012040	4.3
396	-0.500551	241.093869	0.006476	5.8
397	-0.967241	240.803278	0.013650	5.3
398	-0.000949	240.513619	0.000088	4.9
399	-0.400037	240.224887	0.004815	5.3
400	-0.000000	239.937077	0.000000	4.5
401	-0.513610	239.650186	0.012708	4.3
402	-0.000000	239.364207	0.000000	5.4
403	-0.941918	239.079136	0.005268	4.5
404	-0.799959	238.794969	0.011606	4.5
405	-0.000000	238.511701	0.000000	5.0
406	-1.022540	238.229327	0.008161	4.5
407	-1.032644	237.947843	0.006982	4.4
408	-1.102401	237.667244	0.012183	5.5
409	-0.011111	237.387526	0.000649	4.5
410	-0.000000	237.108684	0.000000	4.1
411	-0.791753	236.830714	0.005288	5.1
412	-0.164798	236.553610	0.001276	4.9
413	-0.000000	236.277370	0.000000	4.4
414	-0.000000	236.001989	0.000000	4.9
415	-0.000000	235.727461	0.000000	5.2
416	-0.572502	235.453784	0.011790	4.5
417	-0.584932	235.180952	0.006014	4.9
418	-0.339681	234.908962	0.006932	5.0
419	-0.578491	234.637809	0.005779	4.4
420	-0.186826	234.367488	0.006237	4.8
421	-0.000000	234.097997	0.000000	5.1
422	-0.690210	233.829331	0.007903	4.6
423	-1.008662	233.561485	0.015270	4.9
424	-0.093426	233.294456	0.001956	4.9
425	-0.211259	233.028239	0.003037	4.6
426	-0.559412	232.762831	0.007766	4.8
427	-0.832777	232.498228	0.009499	4.4
428	-0.148864	232.234425	0.004031	4.9
429	-0.529225	231.971419	0.008069	4.7
430	-0.703649	231.709205	0.013659	4.4
431	-0.734965	231.447781	0.006776	5.0
432	-1.146156	231.187141	0.016379	4.8
433	-0.869384	230.927283	0.023417	4.4
434	-0.000000	230.668202	0.000000	5.0
435	-0.000000	230.409895	0.000000	4.8
436	-0.000000	230.152358	0.000000	4.4
437	-0.000000	229.895587	0.000000	4.3
438	-0.072931	229.639578	0.003214	5.6
439	-0.613165	229.384329	0.005924	4.4
440	-0.814172	229.129834	0.003637	4.4
441	-0.888399	228.876091	0.021310	5.2
442	-1.117506	228.623096	0.017427	4.3
443	-1.083383	228.370846	0.019225	4.4
444	-0.361290	228.119336	0.002853	4.7
445	-0.000000	227.868563	0.000000	4.4
446	-0.024840	227.618525	0.001339	4.2
447	-0.948203	227.369216	0.012652	5.1
448	-0.886301	227.120635	0.009780	4.3
449	-1.155306	226.872777	0.031065	4.4
450	-0.213086	226.625638	0.002001	4.5
451	-0.264799	226.379217	0.005658	4.8
452	-0.353409	226.133509	0.006159	4.3
453	-0.662899	225.888510	0.013169	4.5
454	-1.168089	225.644218	0.051607	4.9
455	-0.000000	225.400630	0.000000	4.4
456	-0.945582	225.157741	0.012771	4.6
457	-0.765702	224.915549	0.007897	5.3
458	-0.000000	224.674051	0.000000	4.2
459	-0.000000	224.433242	0.000000	5.0
460	-0.028529	224.193121	0.000768	5.4
461	-0.000000	223.953684	0.000000	4.6
462	-0.621447	223.714927	0.006848	4.5
463	-0.009045	223.476848	0.000663	4.3
464	-0.148232	223.239444	0.002467	4.8
465	-0.650905	223.002710	0.018419	5.3
466	-0.171142	222.766645	0.007105	4.2
467	-0.370057	222.531245	0.002923	4.9
468	-0.601824	222.296508	0.007831	4.9
469	-0.958090	222.062429	0.015380	4.4
470	-0.000000	221.829007	0.000000	5.0
471	-0.293810	221.596238	0.003589	4.9
472	-0.982834	221.364119	0.006011	4.4
473	-0.169990	221.132647	0.003723	4.4
474	-0.252092	220.901820	0.004339	5.5
475	-0.986464	220.671634	0.022371	4.4
476	-0.965552	220.442086	0.019139	4.3
477	-0.226295	220.213174	0.005264	5.4
478	-0.148702	219.984895	0.002671	4.4
479	-0.707382	219.757246	0.005427	4.4
480	-0.278757	219.530224	0.005423	5.4
481	-0.352350	219.303826	0.008052	4.6
482	-0.377412	219.078050	0.003687	4.4
483	-0.000000	218.852893	0.000000	5.2
484	-1.011174	218.628352	0.010029	5.0
485	-1.119845	218.404424	0.015580	4.4
486	-0.063726	218.181106	0.001283	4.8
487	-0.674007	217.958397	0.006971	5.0
488	-0.000000	217.736292	0.000000	4.4
489	-0.000014	217.514790	0.000008	5.0
490	-0.000000	217.293888	0.000000	5.8
491	-0.000000	217.073584	0.000000	5.2
492	-0.012544	216.853873	0.000750	4.8
493	-0.444831	216.634755	0.006481	5.5
494	-0.873763	216.416227	0.010745	4.7
495	-0.592059	216.198285	0.003561	5.2
496	-0.000000	215.980927	0.000000	5.5
497	-0.056675	215.764151	0.002872	5.7
498	-0.550923	215.547955	0.006367	4.5
499	-0.781535	215.332335	0.007633	5.1
500	-0.000000	215.117289	0.000000	4.8
501	-0.000000	214.902815	0.000000	4.4
502	-0.965797	214.688911	0.009649	4.9
503	-1.038993	214.475573	0.018289	5.3
504	-0.636229	214.262800	0.007474	4.4
505	-0.682646	214.050588	0.006282	4.5
506	-0.302541	213.838936	0.002425	5.3
507	-0.398333	213.627842	0.006074	4.8
508	-0.064730	213.417302	0.000926	4.3
509	-0.000000	213.207314	0.000000	5.2
510	-0.042364	212.997877	0.002580	4.4
511	-0.970979	212.788987	0.007789	4.4
512	-0.039846	212.580642	0.000336	5.3
513	-0.000000	212.372841	0.000000	4.6
514	-0.551892	212.165581	0.007242	4.4
515	-0.322579	211.958859	0.005695	4.5
516	-0.000205	211.752673	0.000016	4.7
517	-1.166847	211.547021	0.034697	4.4
518	-0.543011	211.341902	0.008477	4.3
519	-1.134611	211.137311	0.018612	5.6
520	-1.001985	210.933248	0.016086	4.5
521	-0.754009	210.729710	0.010595	4.4
522	-0.439490	210.526695	0.003494	5.5
523	-1.028710	210.324200	0.006758	4.6
524	-0.000000	210.122224	0.000000	4.3
525	-0.000000	209.920765	0.000000	5.6
526	-0.000000	209.719820	0.000000	4.5
527	-0.429462	209.519387	0.004536	4.5
528	-0.834555	209.319463	0.008959	5.0
529	-0.988621	209.120048	0.015511	4.9
530	-0.651868	208.921139	0.021416	4.4
531	-0.709752	208.722733	0.015155	4.9
532	-1.091080	208.524829	0.011598	5.0
533	-1.136475	208.327425	0.015114	4.6
534	-0.000000	208.130518	0.000000	5.1
535	-1.123234	207.934107	0.023386	5.2
536	-0.860280	207.738189	0.011196	4.4
537	-0.963539	207.542762	0.019659	4.8
538	-0.847419	207.347825	0.007987	4.9
539	-0.641171	207.153376	0.011534	4.7
540	-0.001592	206.959412	0.000204	4.8
541	-0.502868	206.765932	0.004615	4.4
542	-0.597348	206.572933	0.008134	4.9
543	-1.052758	206.380414	0.006642	4.9
544	-0.421814	206.188373	0.007137	4.4
545	-0.011157	205.996807	0.000457	5.0
546	-0.006241	205.805716	0.000905	4.4
547	-0.744989	205.615096	0.015017	4.3
548	-1.087715	205.424946	0.020193	4.8
549	-0.037007	205.235265	0.000958	4.5
550	-0.905995	205.046050	0.009441	4.7
551	-0.583217	204.857299	0.003349	4.3
552	-0.961019	204.669011	0.009513	4.7
553	-0.399857	204.481184	0.006031	4.7
554	-0.000000	204.293816	0.000000	4.1
555	-0.851605	204.106905	0.009084	4.9
556	-0.608961	203.920449	0.006019	4.7
557	-0.800738	203.734447	0.012611	4.4
558	-1.223719	203.548896	0.039589	4.2
559	-0.783096	203.363795	0.008091	4.7
560	-0.382110	203.179143	0.002704	4.7
561	-0.127703	202.994937	0.003883	4.5
562	-1.014395	202.811176	0.009174	5.1
563	-0.000000	202.627857	0.000000	4.9
564	-0.432172	202.444980	0.011340	4.5
565	-0.529059	202.262543	0.006521	5.9
566	-0.000000	202.080543	0.000000	4.5
567	-0.941702	201.898979	0.034258	4.4
568	-0.651954	201.717849	0.005023	5.4
569	-0.959509	201.537153	0.022502	4.6
570	-0.523169	201.356887	0.006953	4.3
571	-0.698233	201.177050	0.012062	5.0
572	-0.231488	200.997642	0.006015	5.1
573	-0.127101	200.818659	0.001494	4.4
574	-0.664812	200.640100	0.006185	4.5
575	-0.000000	200.461965	0.000000	4.6
576	-0.624656	200.284250	0.010528	4.5
577	-0.733311	200.106955	0.007476	4.5
578	-0.554890	199.930078	0.006354	5.1
579	-0.615844	199.753617	0.006540	4.5
580	-0.701142	199.577571	0.005779	6.1
581	-0.710776	199.401938	0.007177	5.5
582	-0.543491	199.226717	0.005719	4.8
583	-0.524787	199.051905	0.017827	5.3
584	-0.856284	198.877502	0.008787	5.5
585	-0.390230	198.703506	0.008411	4.4
586	-0.545702	198.529916	0.004871	4.8
587	-0.017159	198.356729	0.000747	5.0
588	-1.109422	198.183944	0.016305	4.6
589	-0.000000	198.011560	0.000000	5.0
590	-0.000000	197.839576	0.000000	4.4
591	-0.549855	197.667989	0.010292	4.7
592	-1.109612	197.496798	0.024002	4.7
593	-0.000000	197.326002	0.000000	4.3
594	-1.031133	197.155600	0.015548	5.0
595	-0.377046	196.985589	0.004308	4.7
596	-1.159163	196.815969	0.033863	4.4
597	-0.000000	196.646738	0.000000	5.0
598	-0.000000	196.477894	0.000000	5.0
599	-0.551644	196.309436	0.006024	4.4
600	-0.000000	196.141363	0.000000	4.5
601	-0.000000	195.973673	0.000000	5.3
602	-0.000381	195.806365	0.000097	4.6
603	-0.000000	195.639437	0.000000	4.7
604	-0.688461	195.472888	0.022049	6.5
605	-0.002094	195.306717	0.000146	4.5
606	-0.150244	195.140922	0.004097	4.5
607	-1.035605	194.975501	0.032664	5.5
608	-0.000000	194.810454	0.000000	4.6
609	-0.971894	194.645779	0.011461	4.5
610	-0.000753	194.481475	0.000151	5.5
611	-0.004316	194.317540	0.000398	4.5
612	-1.164914	194.153973	0.012951	4.4
613	-0.583052	193.990773	0.006196	5.5
614	-0.694870	193.827938	0.005843	4.8
615	-0.001645	193.665467	0.000533	4.4
616	-0.623417	193.503358	0.007244	5.8
617	-1.011130	193.341611	0.013489	4.7
618	-0.000000	193.180224	0.000000	4.4
619	-0.000031	193.019196	0.000002	4.5
620	-0.792485	192.858525	0.005960	4.9
621	-1.037458	192.698210	0.010620	4.6
622	-0.000000	192.538251	0.000000	4.6
623	-0.976841	192.378644	0.011440	5.1
624	-0.133529	192.219391	0.001198	4.9
625	-0.833774	192.060488	0.012835	4.4
626	-0.721761	191.901935	0.008781	5.3
627	-0.585436	191.743730	0.005518	5.0
628	-0.473352	191.585873	0.012895	4.4
629	-0.818014	191.428362	0.018353	4.8
630	-0.122189	191.271196	0.003612	5.2
631	-1.154368	191.114374	0.032562	4.5
632	-0.000134	190.957893	0.000038	4.3
633	-0.666441	190.801755	0.007424	5.1
634	-1.140561	190.645956	0.010907	4.4
635	-0.857951	190.490495	0.007439	4.2
636	-0.867666	190.335373	0.006876	4.9
637	-0.000000	190.180587	0.000000	4.4
638	-1.032151	190.026136	0.012962	4.3
639	-0.672124	189.872019	0.011579	4.6
640	-0.657600	189.718235	0.005880	4.4
641	-0.858145	189.564782	0.026695	4.3
642	-0.660373	189.411661	0.004721	4.2
643	-1.197188	189.258868	0.020052	5.4
644	-0.791232	189.106404	0.004256	4.4
645	-1.116490	188.954267	0.018156	4.2
646	-0.089123	188.802456	0.002793	5.1
647	-0.560298	188.650969	0.010478	4.5
648	-1.105831	188.499807	0.008516	4.2
649	-0.785388	188.348967	0.007497	4.7
650	-0.401011	188.198448	0.005113	4.5
651	-0.061168	188.048250	0.002366	4.3
652	-1.102655	187.898371	0.015689	4.9
653	-0.000002	187.748810	0.000000	5.0
654	-1.024018	187.599566	0.009269	4.4
655	-0.583610	187.450638	0.009450	4.8
656	-0.772697	187.302025	0.013285	5.1
657	-0.786232	187.153725	0.022328	4.6
658	-0.355396	187.005739	0.003020	4.8
659	-0.020924	186.858064	0.001336	4.6
660	-0.393631	186.710699	0.008038	4.7
661	-0.000544	186.563645	0.000149	4.8
662	-0.000000	186.416898	0.000000	4.5
663	-0.345735	186.270459	0.004976	4.9
664	-0.646517	186.124326	0.008526	4.6
665	-0.037639	185.978499	0.001603	4.4
666	-0.859426	185.832976	0.009185	5.0
667	-0.796267	185.687756	0.010296	4.7
668	-0.992677	185.542838	0.017246	4.6
669	-0.000033	185.398222	0.000022	5.1
670	-0.978629	185.253906	0.012722	4.8
671	-0.508255	185.109889	0.006005	4.4
672	-0.365702	184.966170	0.004425	4.5
673	-0.812762	184.822748	0.034469	5.2
674	-0.000000	184.679623	0.000000	5.9
675	-0.000003	184.536792	0.000000	5.3
676	-0.994567	184.394256	0.010429	5.6
677	-0.787786	184.252013	0.010680	5.2
678	-0.920414	184.110062	0.010810	5.1
679	-0.000000	183.968403	0.000000	5.2
680	-0.000000	183.827034	0.000000	5.0
681	-0.812266	183.685954	0.003742	5.2
682	-0.000000	183.545163	0.000000	5.2
683	-0.753457	183.404658	0.010944	4.8
684	-0.287811	183.264441	0.004039	5.6
685	-0.000000	183.124509	0.000000	5.1
686	-0.512740	182.984861	0.006176	4.6
687	-0.863593	182.845497	0.009716	5.4
688	-0.574142	182.706416	0.008477	5.6
689	-0.295314	182.567616	0.007160	4.9
690	-0.000000	182.429098	0.000000	5.4
691	-0.000002	182.290859	0.000001	4.7
692	-0.612037	182.152899	0.005118	4.7
693	-0.831474	182.015217	0.010587	6.1
694	-0.758699	181.877813	0.007225	4.6
695	-0.979989	181.740684	0.007464	4.4
696	-0.948097	181.603832	0.030921	4.9
697	-0.261584	181.467253	0.003081	4.8
698	-0.663923	181.330948	0.006879	4.4
699	-0.464359	181.194916	0.003521	4.8
700	-0.000000	181.059155	0.000000	5.0
701	-0.000000	180.923666	0.000000	4.1
702	-0.350467	180.788446	0.009468	5.0
703	-0.057655	180.653496	0.002036	5.0
704	-1.101475	180.518814	0.020313	4.6
705	-0.878421	180.384399	0.007769	4.8
706	-0.991384	180.250251	0.010761	4.7
707	-0.123683	180.116369	0.002266	4.7
708	-0.000000	179.982752	0.000000	4.9
709	-0.862936	179.849398	0.007804	4.9
710	-0.000000	179.716308	0.000000	5.1
711	-0.000000	179.583480	0.000000	5.0
712	-0.000000	179.450913	0.000000	4.4
713	-1.086897	179.318607	0.018183	5.1
714	-0.245717	179.186561	0.003266	5.2
715	-0.000009	179.054774	0.000003	4.6
716	-1.014790	178.923245	0.036970	5.2
717	-0.545201	178.791973	0.005839	4.9
718	-0.000000	178.660958	0.000000	4.3
719	-0.544171	178.530199	0.007702	5.2
720	-0.721167	178.399694	0.010656	4.9
721	-1.108862	178.269444	0.020956	4.3
722	-0.895248	178.139447	0.009092	4.2
723	-0.000000	178.009702	0.000000	5.1
724	-1.043320	177.880209	0.012253	4.2
725	-0.473912	177.750967	0.006081	4.2
726	-0.703410	177.621975	0.007138	4.9
727	-0.000000	177.493232	0.000000	5.4
728	-0.758688	177.364738	0.023255	5.1
729	-0.780020	177.236492	0.009348	5.7
730	-0.959012	177.108492	0.009098	4.4
731	-0.389621	176.980739	0.007507	4.3
732	-0.515452	176.853231	0.005441	4.2
733	-0.951164	176.725968	0.009580	5.9
734	-0.444869	176.598949	0.002909	4.2
735	-0.502860	176.472173	0.005457	4.3
736	-0.543341	176.345639	0.008186	5.3
737	-1.147339	176.219348	0.013855	4.6
738	-0.593721	176.093296	0.003440	4.4
739	-0.367139	175.967486	0.008804	5.4
740	-0.419036	175.841914	0.011621	4.5
741	-0.830125	175.716581	0.006724	4.5
742	-0.391499	175.591486	0.008592	4.8
743	-0.587077	175.466629	0.011868	5.0
744	-0.000000	175.342008	0.000000	4.4
745	-0.000000	175.217622	0.000000	4.8
746	-0.001417	175.093472	0.000193	5.0
747	-0.749073	174.969556	0.009201	4.4
748	-1.251057	174.845873	0.037618	5.1
749	-0.496575	174.722423	0.005696	5.2
750	-0.286683	174.599206	0.004096	4.9
751	-0.000000	174.476220	0.000000	4.9
752	-1.111170	174.353464	0.040753	5.1
753	-0.276779	174.230939	0.005152	4.6
754	-0.664406	174.108643	0.015160	5.6
755	-0.159879	173.986576	0.003456	5.0
756	-1.020312	173.864737	0.005487	4.7
757	-0.798456	173.743124	0.018941	4.8
758	-0.741578	173.621739	0.004981	5.1
759	-0.000012	173.500579	0.000002	4.9
760	-0.597872	173.379645	0.005952	4.5
761	-0.756119	173.258935	0.007561	4.3
762	-1.147693	173.138449	0.017260	5.2
763	-0.000000	173.018186	0.000000	4.4
764	-0.905060	172.898146	0.014888	4.6
765	-0.765621	172.778327	0.010448	5.1
766	-0.002223	172.658730	0.000584	4.6
767	-0.791815	172.539353	0.006686	4.4
768	-1.123517	172.420196	0.020055	5.0
769	-0.329682	172.301258	0.002470	5.0
770	-0.037637	172.182539	0.001138	4.4
771	-0.271943	172.064037	0.004190	4.4
772	-0.980767	171.945753	0.016178	5.2
773	-0.078238	171.827686	0.000699	4.4
774	-1.216839	171.709834	0.041915	4.6
775	-0.135648	171.592198	0.002817	6.5
776	-0.902168	171.474776	0.006784	5.1
777	-0.933341	171.357568	0.007774	5.2
778	-1.015510	171.240574	0.008806	5.3
779	-0.000000	171.123793	0.000000	4.4
780	-0.031779	171.007223	0.002172	4.4
781	-0.812923	170.890865	0.007175	5.3
782	-0.583188	170.774718	0.006286	4.6
783	-0.343123	170.658782	0.007385	4.4
784	-0.000000	170.543055	0.000000	5.2
785	-1.007047	170.427537	0.007737	4.6
786	-0.000000	170.312227	0.000000	4.3
787	-0.000000	170.197125	0.000000	5.0
788	-0.905454	170.082231	0.013158	4.6
789	-0.000000	169.967543	0.000000	4.3
790	-1.139749	169.853061	0.013957	4.7
791	-0.055311	169.738784	0.001426	4.9
792	-0.264457	169.624713	0.004716	4.4
793	-0.000000	169.510845	0.000000	4.6
794	-0.826424	169.397181	0.004060	4.9
795	-1.026745	169.283720	0.006995	4.5
796	-0.585194	169.170462	0.006251	4.2
797	-0.602038	169.057405	0.004985	4.8
798	-1.068484	168.944549	0.011605	4.4
799	-0.000000	168.831895	0.000000	4.4
800	-0.482345	168.719440	0.003710	5.0
801	-0.894557	168.607185	0.024867	4.8
802	-0.599446	168.495129	0.006647	4.3
803	-1.016357	168.383271	0.008463	4.7
804	-0.819268	168.271611	0.012874	4.9
805	-0.931952	168.160148	0.006878	4.3
806	-0.000000	168.048882	0.000000	4.6
807	-0.000000	167.937812	0.000000	4.3
808	-1.057146	167.826938	0.007893	4.7
809	-0.717606	167.716258	0.011662	4.7
810	-0.000000	167.605773	0.000000	4.3
811	-1.198258	167.495482	0.011699	5.4
812	-1.044194	167.385384	0.009599	4.5
813	-0.000000	167.275479	0.000000	4.3
814	-0.382336	167.165766	0.004861	4.8
815	-0.819034	167.056245	0.011065	4.6
816	-0.415639	166.946915	0.008855	4.7
817	-0.000000	166.837776	0.000000	4.3
818	-0.000000	166.728826	0.000000	4.9
819	-0.445815	166.620067	0.005855	4.8
820	-0.128851	166.511496	0.002907	4.4
821	-0.000000	166.403113	0.000000	5.2
822	-0.357093	166.294919	0.003787	5.1
823	-0.844337	166.186912	0.006074	4.4
824	-1.044137	166.079091	0.042721	5.0
825	-0.338708	165.971458	0.007576	5.1
826	-0.512396	165.864009	0.005751	4.4
827	-0.670955	165.756747	0.011672	4.3
828	-0.518466	165.649669	0.007150	5.1
829	-0.775765	165.542775	0.007306	4.6
830	-0.819549	165.436065	0.007331	4.3
831	-0.664996	165.329538	0.003663	5.4
832	-0.921888	165.223194	0.012243	4.4
833	-0.130240	165.117032	0.002028	4.3
834	-1.199661	165.011052	0.026638	5.3
835	-0.651720	164.905253	0.004349	4.5
836	-1.009964	164.799635	0.008942	4.4
837	-0.116433	164.694197	0.004681	5.1
838	-0.802271	164.588939	0.009323	4.5
839	-0.127288	164.483859	0.008178	4.4
840	-0.000000	164.378959	0.000000	5.4
841	-0.000000	164.274237	0.000000	4.5
842	-0.393900	164.169692	0.012214	4.4
843	-0.614374	164.065325	0.009317	5.0
844	-1.047805	163.961135	0.040421	4.6
845	-0.000003	163.857120	0.000001	4.4
846	-0.655532	163.753282	0.004474	4.8
847	-0.475745	163.649619	0.006336	4.9
848	-0.036244	163.546130	0.003826	4.4
849	-0.152876	163.442816	0.003895	4.8
850	-0.000000	163.339676	0.000000	5.3
851	-1.166508	163.236709	0.032667	5.0
852	-0.000000	163.133915	0.000000	4.3
853	-0.000000	163.031294	0.000000	4.7
854	-0.000000	162.928844	0.000000	4.4
855	-0.012980	162.826566	0.000889	4.3
856	-1.172785	162.724459	0.024137	4.6
857	-0.546542	162.622523	0.013137	4.5
858	-0.667178	162.520757	0.004268	4.4
859	-0.000000	162.419160	0.000000	4.2
860	-1.000113	162.317733	0.011290	4.9
861	-0.001338	162.216474	0.000137	4.3
862	-0.605596	162.115383	0.005999	4.2
863	-0.593823	162.014461	0.007556	4.8
864	-0.000057	161.913705	0.000002	4.5
865	-0.851152	161.813117	0.022814	4.2
866	-0.000000	161.712695	0.000000	4.0
867	-0.971882	161.612439	0.004861	5.2
868	-1.129229	161.512349	0.017951	4.3
869	-0.000000	161.412424	0.000000	4.2
870	-0.168773	161.312663	0.002871	5.4
871	-0.000000	161.213067	0.000000	4.3
872	-0.000000	161.113635	0.000000	4.5
873	-0.010716	161.014366	0.000668	5.3
874	-0.000000	160.915260	0.000000	5.8
875	-0.348554	160.816316	0.012126	5.1
876	-0.935346	160.717535	0.007242	4.5
877	-0.668786	160.618915	0.007754	4.3
878	-0.002231	160.520456	0.000248	4.4
879	-1.114924	160.422158	0.023847	5.3
880	-0.000000	160.324021	0.000000	4.6
881	-0.001750	160.226043	0.000109	4.9
882	-0.000000	160.128225	0.000000	4.7
883	-0.549654	160.030566	0.005525	4.9
884	-0.000000	159.933066	0.000000	4.3
885	-0.000007	159.835723	0.000001	5.6
886	-0.983648	159.738539	0.008697	4.6
887	-0.112175	159.641512	0.002912	4.5
888	-0.830993	159.544642	0.012600	4.9
889	-0.609287	159.447929	0.007894	5.4
890	-1.139698	159.351372	0.016788	4.9
891	-0.285791	159.254971	0.003591	4.9
892	-0.000000	159.158725	0.000000	4.5
893	-0.413512	159.062634	0.005590	4.4
894	-1.025226	158.966697	0.007181	5.4
895	-0.785120	158.870915	0.011004	5.4
896	-0.881016	158.775286	0.004679	5.5
897	-0.851129	158.679811	0.008731	4.9
898	-0.730901	158.584489	0.005627	4.6
899	-0.351134	158.489319	0.006622	4.8
900	-0.000000	158.394302	0.000000	4.4
901	-0.762950	158.299436	0.006773	4.8
902	-0.728005	158.204721	0.007106	4.9
903	-0.000000	158.110158	0.000000	4.3
904	-0.000000	158.015745	0.000000	4.9
905	-0.826172	157.921482	0.008243	5.2
906	-0.000000	157.827369	0.000000	4.4
907	-0.000000	157.733406	0.000000	5.0
908	-0.200825	157.639591	0.001965	5.2
909	-0.886110	157.545925	0.013102	5.0
910	-0.151166	157.452408	0.002007	5.0
911	-1.072838	157.359038	0.006314	5.2
912	-0.561810	157.265816	0.004323	4.9
913	-1.320615	157.172741	0.020862	4.6
914	-0.991547	157.079813	0.036652	5.0
915	-0.594216	156.987031	0.007617	4.6
916	-0.000119	156.894395	0.000067	4.4
917	-1.072107	156.801904	0.006216	5.4
918	-1.137283	156.709559	0.052243	4.5
919	-0.301576	156.617359	0.003364	4.4
920	-0.660149	156.525304	0.006700	5.4
921	-0.822340	156.433392	0.008368	4.7
922	-1.144133	156.341624	0.022975	4.4
923	-0.990041	156.250000	0.010239	5.3
924	-1.170850	156.158519	0.019966	4.7
925	-0.804346	156.067180	0.010204	4.6
926	-1.084869	155.975984	0.009257	5.4
927	-0.984249	155.884930	0.008386	4.8
928	-0.541092	155.794017	0.002153	4.4
929	-0.913578	155.703246	0.009544	4.8
930	-0.591578	155.612615	0.004629	4.9
931	-0.438979	155.522125	0.002774	4.7
932	-0.000000	155.431775	0.000000	4.8
933	-0.971082	155.341565	0.047899	5.1
934	-0.859477	155.251495	0.008777	4.8
935	-0.724177	155.161563	0.009741	5.8
936	-0.000000	155.071771	0.000000	5.4
937	-0.030632	154.982117	0.000292	4.4
938	-0.000001	154.892601	0.000000	4.7
939	-0.707567	154.803222	0.008101	4.9
940	-0.000000	154.713981	0.000000	4.7
941	-0.329309	154.624878	0.010877	4.8
942	-0.835709	154.535910	0.008949	4.3
943	-0.621438	154.447080	0.006380	4.8
944	-1.231321	154.358385	0.012699	4.7
945	-0.006737	154.269826	0.000433	4.3
946	-0.000000	154.181402	0.000000	4.6
947	-0.555878	154.093114	0.005512	4.4
948	-0.961115	154.004960	0.008519	4.4
949	-1.075826	153.916940	0.025799	4.9
950	-0.009770	153.829054	0.000105	4.7
951	-0.955891	153.741303	0.009940	7.4
952	-0.945697	153.653684	0.007070	4.9
953	-0.871821	153.566198	0.007409	4.7
954	-0.044616	153.478846	0.002528	4.2
955	-0.037267	153.391625	0.000873	4.2
956	-0.925987	153.304537	0.008155	4.8
957	-1.056481	153.217580	0.012030	4.3
958	-0.802953	153.130755	0.016530	4.3
959	-0.248595	153.044061	0.004705	4.9
960	-0.003392	152.957498	0.000294	4.4
961	-0.762119	152.871065	0.006735	4.2
962	-1.118994	152.784762	0.008738	4.9
963	-0.736912	152.698589	0.005808	4.8
964	-1.132567	152.612545	0.039426	4.3
965	-0.049968	152.526631	0.001410	4.3
966	-0.692295	152.440845	0.014285	5.2
967	-0.549756	152.355188	0.025849	4.3
968	-0.447078	152.269660	0.010616	4.3
969	-1.088679	152.184259	0.028738	6.3
970	-0.403035	152.098986	0.004564	4.4
971	-0.816933	152.013840	0.006202	4.2
972	-0.000000	151.928821	0.000000	5.0
973	-0.839835	151.843928	0.003715	5.4
974	-1.056993	151.759163	0.011404	4.9
975	-0.580636	151.674523	0.004578	5.3
976	-0.904598	151.590009	0.009983	4.8
977	-1.086501	151.505620	0.007629	4.2
978	-0.740336	151.421357	0.009052	4.6
979	-0.000000	151.337218	0.000000	4.9
980	-0.721497	151.253204	0.011895	4.4
981	-0.713093	151.169314	0.005736	4.4
982	-0.362854	151.085549	0.007088	4.9
983	-1.192530	151.001907	0.025744	4.3
984	-0.976878	150.918388	0.005730	4.5
985	-0.430331	150.834992	0.006010	4.6
986	-0.001422	150.751719	0.000307	4.5
987	-0.631235	150.668569	0.004815	4.5
988	-1.035638	150.585541	0.039297	4.5
989	-0.811300	150.502634	0.012190	4.8
990	-0.659158	150.419849	0.005997	4.3
991	-0.710953	150.337186	0.003994	4.8
992	-0.095590	150.254644	0.003421	4.8
993	-0.472617	150.172222	0.005397	4.2
994	-1.005455	150.089921	0.006492	4.6
995	-0.007067	150.007740	0.000807	4.2
996	-1.076157	149.925679	0.019380	4.7
997	-0.000000	149.843737	0.000000	4.5
998	-1.007411	149.761915	0.027553	4.2
999	-0.744085	149.680212	0.005092	4.8
1000	-1.127638	149.598627	0.006949	4.4
1001	-0.002544	149.517161	0.000116	4.3
1002	-0.433784	149.435814	0.007711	4.6
1003	-0.848501	149.354584	0.007275	4.5
1004	-0.862652	149.273472	0.012513	4.6
1005	-0.756462	149.192477	0.006272	4.3
1006	-1.115833	149.111599	0.014733	4.9
1007	-0.000000	149.030838	0.000000	5.1
1008	-0.697519	148.950194	0.004309	4.5
1009	-0.000000	148.869666	0.000000	4.9
1010	-0.758548	148.789253	0.007105	5.2
1011	-0.875392	148.708957	0.014633	4.7
1012	-0.574178	148.628776	0.004263	5.7
1013	-0.312838	148.548710	0.005711	5.0
1014	-0.000000	148.468759	0.000000	4.7
1015	-0.000000	148.388923	0.000000	5.9
1016	-1.067792	148.309201	0.007453	4.5
1017	-0.747754	148.229594	0.007485	4.3
1018	-0.697697	148.150100	0.004420	4.5
1019	-0.405793	148.070719	0.007093	4.9
1020	-0.777417	147.991452	0.004936	4.3
1021	-1.227700	147.912298	0.019072	4.5
1022	-0.000000	147.833257	0.000000	4.9
1023	-0.746008	147.754329	0.007520	4.2
1024	-1.061455	147.675512	0.010460	4.2
1025	-0.914181	147.596808	0.010127	5.2
1026	-0.107149	147.518216	0.002582	4.5
1027	-0.497043	147.439735	0.007232	4.2
1028	-0.000000	147.361365	0.000000	4.8
1029	-0.733018	147.283106	0.012956	4.7
1030	-0.789319	147.204958	0.006075	4.4
1031	-0.376071	147.126920	0.005167	4.9
1032	-0.240157	147.048993	0.003290	4.7
1033	-0.947561	146.971175	0.005413	4.2
1034	-0.538260	146.893468	0.014258	4.8
1035	-0.927628	146.815869	0.008565	4.2
1036	-1.181260	146.738380	0.037995	4.6
1037	-1.056297	146.661000	0.018442	4.2
1038	-0.969809	146.583729	0.009614	4.3
1039	-0.858892	146.506566	0.007135	4.8
1040	-0.000000	146.429511	0.000000	4.5
1041	-0.220667	146.352565	0.006069	4.6
1042	-0.408856	146.275726	0.005929	5.0
1043	-0.000000	146.198994	0.000000	4.9
1044	-0.000000	146.122370	0.000000	4.5
1045	-0.845021	146.045853	0.006975	4.1
1046	-0.005925	145.969442	0.000968	4.9
1047	-0.000131	145.893139	0.000009	4.3
1048	-0.000538	145.816941	0.000132	4.3
1049	-0.578032	145.740849	0.006951	5.2
1050	-0.343357	145.664863	0.007388	4.6
1051	-0.878853	145.588983	0.011714	4.2
1052	-0.826129	145.513208	0.014709	5.1
1053	-0.761779	145.437538	0.018261	4.4
1054	-0.625122	145.361973	0.005908	4.4
1055	-0.000000	145.286513	0.000000	4.1
1056	-0.000000	145.211157	0.000000	5.5
1057	-0.000000	145.135905	0.000000	4.2
1058	-0.791290	145.060757	0.022241	4.3
1059	-0.000000	144.985712	0.000000	5.1
1060	-0.863155	144.910771	0.009084	4.6
1061	-0.599298	144.835934	0.013497	4.4
1062	-0.378398	144.761199	0.006094	5.9
1063	-0.000000	144.686567	0.000000	4.8
1064	-0.000000	144.612037	0.000000	4.7
1065	-0.000000	144.537610	0.000000	5.1
1066	-0.611865	144.463285	0.004640	5.0
1067	-0.852837	144.389062	0.008931	4.2
1068	-0.723519	144.314940	0.005488	4.3
1069	-0.297495	144.240920	0.003478	4.7
1070	-0.886758	144.167001	0.020738	4.5
1071	-0.791328	144.093182	0.006999	4.8
1072	-0.672758	144.019465	0.005921	4.6
1073	-0.837781	143.945848	0.026112	4.3
1074	-0.988716	143.872331	0.010262	4.8
1075	-0.686026	143.798914	0.021468	4.3
1076	-0.282963	143.725597	0.003813	4.6
1077	-1.048462	143.652380	0.013799	4.8
1078	-1.149818	143.579262	0.011884	4.4
1079	-1.060178	143.506243	0.011895	4.9
1080	-1.196607	143.433323	0.021964	4.7
1081	-0.833680	143.360502	0.006033	4.2
1082	-0.927433	143.287780	0.008511	4.9
1083	-0.529251	143.215155	0.005703	4.8
1084	-0.295434	143.142629	0.006868	4.3
1085	-0.792798	143.070201	0.022939	4.2
1086	-0.000000	142.997870	0.000000	4.8
1087	-0.584519	142.925637	0.004737	5.9
1088	-0.981704	142.853501	0.007831	4.7
1089	-0.538966	142.781462	0.005429	5.9
1090	-0.183909	142.709519	0.004785	4.8
1091	-0.477354	142.637674	0.005332	4.5
1092	-0.806903	142.565924	0.013330	5.4
1093	-0.884217	142.494271	0.010058	5.0
1094	-0.799315	142.422714	0.008657	4.4
1095	-0.405732	142.351252	0.003071	5.2
1096	-0.858018	142.279886	0.008646	4.7
1097	-0.725024	142.208616	0.014841	4.9
1098	-0.000000	142.137440	0.000000	5.9
1099	-0.083170	142.066360	0.003349	6.1
1100	-0.875524	141.995374	0.012768	5.1
1101	-0.000000	141.924483	0.000000	5.7
1102	-0.924075	141.853685	0.013001	4.7
1103	-1.033734	141.782983	0.008448	5.4
1104	-0.218964	141.712373	0.002211	5.5
1105	-0.272781	141.641858	0.002351	4.6
1106	-1.092299	141.571436	0.013642	5.4
1107	-0.501832	141.501108	0.005580	5.1
1108	-1.050341	141.430872	0.016277	5.3
1109	-0.307185	141.360730	0.003472	5.1
1110	-0.000000	141.290680	0.000000	5.1
1111	-0.618812	141.220722	0.007734	4.8
1112	-0.810955	141.150857	0.010239	4.4
1113	-0.505115	141.081084	0.005029	4.8
1114	-0.268689	141.011403	0.004382	4.7
1115	-0.000000	140.941813	0.000000	4.5
1116	-0.138161	140.872315	0.003310	4.5
1117	-0.000000	140.802909	0.000000	5.2
1118	-0.033560	140.733593	0.001381	4.2
1119	-0.000000	140.664369	0.000000	4.4
1120	-0.000000	140.595235	0.000000	5.3
1121	-0.000000	140.526192	0.000000	4.4
1122	-1.186001	140.457239	0.023772	4.2
1123	-0.572300	140.388376	0.014655	4.7
1124	-0.000000	140.319603	0.000000	4.8
1125	-0.708080	140.250920	0.005230	4.4
1126	-1.174819	140.182326	0.023590	4.2
1127	-0.144888	140.113822	0.004021	5.3
1128	-0.103323	140.045407	0.003387	4.3
1129	-0.203158	139.977081	0.003392	4.2
1130	-0.000000	139.908844	0.000000	5.2
1131	-0.016748	139.840696	0.001836	4.3
1132	-0.100135	139.772635	0.004409	4.4
1133	-0.067379	139.704664	0.003118	4.0
1134	-1.120287	139.636780	0.007201	5.1
1135	-0.205237	139.568984	0.006566	4.2
1136	-0.000000	139.501276	0.000000	4.4
1137	-0.000000	139.433655	0.000000	5.1
1138	-0.050996	139.366122	0.002700	4.5
1139	-0.000000	139.298676	0.000000	4.2
1140	-0.650282	139.231317	0.006139	4.8
1141	-0.244877	139.164045	0.005370	4.5
1142	-0.482277	139.096859	0.007443	4.4
1143	-0.481575	139.029760	0.004290	5.0
1144	-1.080388	138.962747	0.016043	4.9
1145	-0.743927	138.895820	0.009238	4.2
1146	-0.000000	138.828978	0.000000	4.6
1147	-1.027191	138.762223	0.016408	4.9
1148	-1.120483	138.695553	0.009988	4.5
1149	-0.846522	138.628969	0.007215	4.7
1150	-0.000465	138.562469	0.000018	4.6
1151	-0.000000	138.496055	0.000000	4.4
1152	-0.005723	138.429725	0.000315	4.4
1153	-1.178078	138.363481	0.017776	5.0
1154	-0.063963	138.297320	0.001972	4.9
1155	-0.357734	138.231244	0.002636	4.3
1156	-0.822776	138.165252	0.019564	4.3
1157	-0.000054	138.099344	0.000020	4.9
1158	-0.348449	138.033520	0.007014	4.6
1159	-0.441377	137.967779	0.005996	4.3
1160	-0.000000	137.902122	0.000000	4.4
1161	-0.720924	137.836548	0.006968	4.6
1162	-0.205251	137.771057	0.003174	4.3
1163	-0.611502	137.705649	0.005910	4.3
1164	-0.934398	137.640324	0.010594	4.7
1165	-0.967379	137.575081	0.009017	4.3
1166	-0.927916	137.509921	0.017842	4.2
1167	-0.470106	137.444842	0.005019	4.9
1168	-0.802283	137.379846	0.007997	4.6
1169	-0.041725	137.314932	0.002563	4.1
1170	-0.000000	137.250100	0.000000	4.2
1171	-1.281552	137.185349	0.012449	4.9
1172	-1.009305	137.120680	0.005961	4.2
1173	-0.000000	137.056092	0.000000	4.2
1174	-0.902925	136.991585	0.011673	5.7
1175	-0.869148	136.927158	0.009962	5.2
1176	-1.038173	136.862813	0.017989	5.0
1177	-0.625912	136.798548	0.006369	5.4
1178	-0.912331	136.734363	0.006313	4.7
1179	-0.716206	136.670259	0.008545	4.7
1180	-0.571870	136.606235	0.019758	5.5
1181	-0.000000	136.542291	0.000000	5.0
1182	-1.088675	136.478426	0.030832	5.1
1183	-0.219273	136.414641	0.003621	5.5
1184	-0.535640	136.350936	0.009913	4.3
1185	-0.091412	136.287310	0.002223	4.2
1186	-0.004992	136.223763	0.000298	4.9
1187	-0.356401	136.160295	0.002315	4.5
1188	-0.812125	136.096905	0.006613	4.2
1189	-0.038215	136.033594	0.001574	4.4
1190	-0.296596	135.970362	0.003446	4.6
1191	-0.510732	135.907208	0.003925	4.2
1192	-0.360931	135.844133	0.003404	7.1
1193	-0.890066	135.781135	0.005050	4.9
1194	-0.000000	135.718215	0.000000	4.7
1195	-0.340379	135.655373	0.003527	4.3
1196	-0.713899	135.592608	0.007608	4.8
1197	-0.000000	135.529921	0.000000	4.7
1198	-0.021848	135.467311	0.001050	4.2
1199	-0.937022	135.404778	0.005606	4.9
1200	-0.839974	135.342322	0.006375	4.9
1201	-0.705129	135.279942	0.007580	4.3
1202	-0.017433	135.217640	0.000828	4.2
1203	-0.128451	135.155413	0.002493	5.1
1204	-0.686445	135.093263	0.005454	4.2
1205	-0.265705	135.031190	0.004577	4.2
1206	-0.362641	134.969192	0.006356	4.7
1207	-0.681860	134.907270	0.010195	5.2
1208	-0.226309	134.845424	0.005732	4.3
1209	-0.709969	134.783653	0.004208	4.9
1210	-0.000000	134.721958	0.000000	5.3
1211	-0.000000	134.660338	0.000000	4.3
1212	-0.633880	134.598793	0.005416	4.2
1213	-0.590753	134.537323	0.009092	5.1
1214	-0.893519	134.475927	0.013522	4.4
1215	-0.272235	134.414607	0.005984	4.2
1216	-0.000000	134.353361	0.000000	5.0
1217	-0.989599	134.292189	0.018331	4.4
1218	-0.825672	134.231092	0.013827	4.2
1219	-0.634073	134.170068	0.005967	4.6
1220	-0.000000	134.109119	0.000000	5.1
1221	-0.662558	134.048243	0.007012	4.6
1222	-0.000000	133.987441	0.000000	4.9
1223	-0.659303	133.926713	0.006853	4.8
1224	-0.779814	133.866057	0.004556	4.3
1225	-0.743861	133.805475	0.017027	4.4
1226	-1.218040	133.744966	0.019827	4.9
1227	-0.020825	133.684530	0.000628	4.5
1228	-0.853987	133.624167	0.007247	4.5
1229	-0.551536	133.563877	0.004740	5.3
1230	-0.000000	133.503658	0.000000	4.5
1231	-0.909433	133.443513	0.004715	5.2
1232	-0.546960	133.383439	0.003036	4.8
1233	-0.730973	133.323437	0.006791	4.7
1234	-0.412489	133.263508	0.005975	4.7
1235	-1.100517	133.203650	0.009100	4.5
1236	-0.741482	133.143864	0.006849	5.0
1237	-0.912835	133.084149	0.016312	4.7
1238	-0.571588	133.024506	0.005179	4.3
1239	-0.851374	132.964934	0.006278	4.9
1240	-0.706545	132.905433	0.012215	4.9
1241	-1.128364	132.846003	0.020277	4.5
1242	-0.186498	132.786643	0.005108	4.2
1243	-0.986349	132.727355	0.006715	4.7
1244	-0.000000	132.668137	0.000000	4.3
1245	-0.772642	132.608989	0.002760	4.5
1246	-0.000000	132.549912	0.000000	4.8
1247	-0.917369	132.490904	0.012259	4.5
1248	-0.000001	132.431967	0.000000	4.2
1249	-0.418618	132.373100	0.004100	4.9
1250	-0.000000	132.314302	0.000000	4.4
1251	-0.854115	132.255574	0.006776	4.2
1252	-0.014820	132.196916	0.000384	4.1
1253	-0.971571	132.138326	0.026819	4.9
1254	-0.360735	132.079806	0.003120	4.2
1255	-0.000000	132.021355	0.000000	4.4
1256	-0.000000	131.962973	0.000000	5.3
1257	-0.047712	131.904660	0.004166	4.6
1258	-0.725574	131.846415	0.010633	4.4
1259	-0.272773	131.788239	0.001862	5.0
1260	-0.635753	131.730131	0.006600	4.5
1261	-0.758046	131.672092	0.005300	4.5
1262	-0.100648	131.614121	0.002315	4.6
1263	-0.246947	131.556217	0.004656	4.9
1264	-0.640278	131.498382	0.005570	4.3
1265	-0.237879	131.440614	0.003842	4.8
1266	-1.201888	131.382914	0.023088	4.9
1267	-0.793542	131.325282	0.008391	4.7
1268	-0.000000	131.267717	0.000000	4.9
1269	-0.246171	131.210219	0.004064	4.7
1270	-0.579996	131.152788	0.005713	4.4
1271	-0.448218	131.095424	0.006097	4.4
1272	-0.455235	131.038127	0.004379	5.6
1273	-0.074303	130.980897	0.002130	5.1
1274	-0.821006	130.923733	0.009332	4.6
1275	-0.697103	130.866636	0.008206	5.0
1276	-0.378930	130.809605	0.005551	5.2
1277	-0.765392	130.752641	0.006762	4.7
1278	-0.167296	130.695742	0.002470	4.5
1279	-0.449398	130.638910	0.003284	5.2
1280	-1.107549	130.582143	0.005834	5.4
1281	-0.000000	130.525442	0.000000	4.7
1282	-0.474584	130.468807	0.007666	5.1
1283	-0.000000	130.412237	0.000000	5.2
1284	-1.025535	130.355733	0.013384	4.4
1285	-0.044826	130.299294	0.002537	4.9
1286	-0.000000	130.242920	0.000000	4.9
1287	-0.000000	130.186611	0.000000	4.4
1288	-0.915924	130.130366	0.010075	4.4
1289	-1.120519	130.074187	0.009010	5.5
1290	-1.131205	130.018072	0.006754	4.5
1291	-1.000005	129.962022	0.009393	4.5
1292	-0.000000	129.906036	0.000000	5.5
1293	-0.622727	129.850114	0.005329	4.4
1294	-0.000000	129.794257	0.000000	4.4
1295	-1.057342	129.738463	0.016632	5.4
1296	-0.000000	129.682734	0.000000	4.6
1297	-1.246016	129.627068	0.035129	4.4
1298	-0.330157	129.571466	0.002424	4.4
1299	-0.253725	129.515927	0.008993	4.6
1300	-0.000035	129.460452	0.000005	4.3
1301	-0.000000	129.405040	0.000000	4.2
1302	-0.918498	129.349692	0.007910	5.1
1303	-0.766672	129.294406	0.008813	4.3
1304	-0.160297	129.239183	0.003723	4.2
1305	-0.895054	129.184024	0.010656	4.8
1306	-0.610894	129.128927	0.006947	4.7
1307	-0.872350	129.073892	0.011442	4.3
1308	-0.000000	129.018921	0.000000	5.3
1309	-0.000000	128.964011	0.000000	4.7
1310	-0.002155	128.909164	0.000387	4.5
1311	-0.007049	128.854379	0.001325	4.6
1312	-0.321062	128.799656	0.002940	4.9
1313	-0.105251	128.744995	0.003930	4.4
1314	-0.888892	128.690396	0.008649	4.9
1315	-0.992037	128.635858	0.006083	5.6
1316	-0.924338	128.581382	0.007983	4.5
1317	-0.944589	128.526968	0.008225	4.8
1318	-0.000000	128.472615	0.000000	4.3
1319	-0.959924	128.418323	0.035230	4.8
1320	-0.906485	128.364092	0.007249	4.6
1321	-0.813852	128.309922	0.009323	4.2
1322	-0.763616	128.255814	0.005594	4.9
1323	-1.074874	128.201766	0.012520	4.7
1324	-1.067885	128.147778	0.008259	4.3
1325	-0.004122	128.093852	0.000706	4.2
1326	-0.544186	128.039985	0.005122	4.7
1327	-0.712162	127.986180	0.006021	4.3
1328	-1.054234	127.932434	0.007780	4.2
1329	-0.103482	127.878749	0.003001	4.7
1330	-0.000004	127.825123	0.000000	4.3
1331	-0.000000	127.771558	0.000000	4.2
1332	-0.000000	127.718052	0.000000	4.7
1333	-1.002576	127.664606	0.012793	4.4
1334	-0.144457	127.611220	0.002935	4.3
1335	-0.707282	127.557893	0.010760	4.2
1336	-0.000830	127.504625	0.000035	5.1
1337	-0.731233	127.451417	0.006433	4.3
1338	-0.000000	127.398268	0.000000	4.2
1339	-0.935828	127.345178	0.007572	5.4
1340	-0.019528	127.292147	0.001115	4.5
1341	-0.540884	127.239175	0.005232	4.2
1342	-0.215369	127.186261	0.005804	5.1
1343	-1.022353	127.133407	0.006668	4.5
1344	-0.834346	127.080610	0.004682	4.2
1345	-0.859912	127.027872	0.006062	4.7
1346	-1.137009	126.975193	0.025055	4.9
1347	-0.537363	126.922572	0.006192	4.5
1348	-0.563671	126.870008	0.007124	4.8
1349	-0.019437	126.817503	0.000287	5.0
1350	-0.699696	126.765056	0.006558	4.3
1351	-0.471238	126.712667	0.006639	4.7
1352	-0.688877	126.660335	0.005156	4.2
1353	-0.000000	126.608061	0.000000	4.8
1354	-0.025471	126.555844	0.000492	4.4
1355	-0.791182	126.503685	0.015169	4.8
1356	-0.000000	126.451583	0.000000	4.8
1357	-0.698164	126.399538	0.008637	4.7
1358	-0.595068	126.347550	0.010776	4.2
1359	-0.234842	126.295619	0.005775	4.7
1360	-0.499972	126.243745	0.006230	4.9
1361	-0.032129	126.191928	0.000739	4.3
1362	-0.336942	126.140168	0.005580	4.8
1363	-0.629450	126.088464	0.005678	4.9
1364	-0.000000	126.036817	0.000000	4.2
1365	-0.000000	125.985226	0.000000	4.3
1366	-0.760549	125.933691	0.005806	5.1
1367	-0.128185	125.882212	0.002636	4.3
1368	-0.717295	125.830790	0.004961	4.2
1369	-0.803601	125.779423	0.008677	4.9
1370	-0.100639	125.728113	0.002444	4.2
1371	-0.319302	125.676858	0.007836	4.5
1372	-0.539746	125.625659	0.007605	4.5
1373	-0.977082	125.574515	0.008929	4.8
1374	-0.364017	125.523427	0.002932	4.2
1375	-0.581859	125.472394	0.005808	4.3
1376	-0.003357	125.421417	0.000454	5.4
1377	-0.005722	125.370495	0.000180	5.1
1378	-1.060444	125.319628	0.005778	4.6
1379	-1.159970	125.268815	0.026441	5.6
1380	-1.060142	125.218058	0.004921	4.8
1381	-0.540732	125.167356	0.005252	4.2
1382	-0.572314	125.116708	0.003845	5.4
1383	-0.477271	125.066115	0.005110	4.6
1384	-0.146363	125.015576	0.004524	4.2
1385	-0.000000	124.965092	0.000000	4.8
1386	-0.892778	124.914662	0.006970	4.5
1387	-0.157610	124.864287	0.004138	4.3
1388	-0.766756	124.813965	0.005889	4.8
1389	-1.067298	124.763698	0.005392	4.8
1390	-0.768010	124.713485	0.024542	4.2
1391	-0.916953	124.663325	0.009135	4.8
1392	-0.633874	124.613219	0.007899	4.5
1393	-0.000000	124.563167	0.000000	4.6
1394	-0.000000	124.513168	0.000000	4.6
1395	-1.145534	124.463223	0.011062	4.4
1396	-0.000000	124.413332	0.000000	4.7
1397	-0.757171	124.363493	0.009249	4.6
1398	-0.804049	124.313708	0.007260	4.8
1399	-0.736116	124.263976	0.008020	5.5
1400	-0.779876	124.214297	0.007201	5.2
1401	-0.323934	124.164671	0.005722	5.2
1402	-0.000000	124.115097	0.000000	5.0
1403	-0.593608	124.065577	0.006777	5.0
1404	-0.834365	124.016109	0.005170	4.5
1405	-0.790085	123.966693	0.012815	5.0
1406	-0.974660	123.917330	0.005998	4.9
1407	-0.038335	123.868020	0.001408	4.5
1408	-0.000000	123.818762	0.000000	4.8
1409	-0.687154	123.769556	0.010077	4.7
1410	-0.805515	123.720402	0.004548	4.8
1411	-0.686526	123.671300	0.005136	4.4
1412	-0.607026	123.622250	0.004362	4.9
1413	-0.014321	123.573252	0.001542	4.4
1414	-0.819131	123.524305	0.005783	4.3
1415	-1.260530	123.475411	0.016696	4.7
1416	-1.004537	123.426568	0.011078	4.8
1417	-0.000000	123.377776	0.000000	4.2
1418	-0.080488	123.329036	0.001838	4.8
1419	-0.104864	123.280347	0.002131	4.6
1420	-0.115800	123.231709	0.004330	4.3
1421	-0.500015	123.183122	0.006590	4.2
1422	-0.000000	123.134587	0.000000	5.3
1423	-0.660999	123.086102	0.006637	4.2
1424	-1.046083	123.037669	0.010489	4.3
1425	-0.963698	122.989286	0.005109	5.4
1426	-0.000000	122.940954	0.000000	4.5
1427	-0.801058	122.892672	0.005724	4.3
1428	-0.490886	122.844441	0.004995	5.0
1429	-0.696104	122.796261	0.002297	4.7
1430	-0.000000	122.748130	0.000000	4.3
1431	-0.353553	122.700050	0.002709	4.2
1432	-0.959773	122.652021	0.011161	4.9
1433	-0.567152	122.604041	0.005632	4.3
1434	-0.645507	122.556111	0.005422	4.3
1435	-0.000000	122.508232	0.000000	4.6
1436	-0.382983	122.460402	0.004825	4.5
1437	-0.507474	122.412622	0.005961	4.3
1438	-0.905251	122.364891	0.013947	4.6
1439	-1.083031	122.317210	0.010957	4.8
1440	-0.002683	122.269579	0.000354	4.2
1441	-0.600076	122.221997	0.003250	4.8
1442	-0.000000	122.174465	0.000000	4.9
1443	-0.000000	122.126981	0.000000	4.4
1444	-0.907587	122.079547	0.006023	4.6
1445	-0.083646	122.032162	0.002224	4.6
1446	-0.591351	121.984826	0.003729	4.5
1447	-0.842705	121.937539	0.006745	4.8
1448	-0.832279	121.890301	0.007914	4.2
1449	-0.007370	121.843112	0.000612	4.8
1450	-0.984451	121.795971	0.014032	5.3
1451	-0.643206	121.748879	0.003874	4.2
1452	-0.629232	121.701835	0.005889	4.8
1453	-0.940777	121.654840	0.010460	4.8
1454	-0.009628	121.607893	0.000779	4.6
1455	-0.763591	121.560994	0.007615	4.4
1456	-0.846523	121.514144	0.013948	4.9
1457	-0.942639	121.467342	0.007278	4.4
1458	-0.000000	121.420588	0.000000	4.2
1459	-0.560950	121.373882	0.003881	5.0
1460	-0.637081	121.327223	0.004529	4.3
1461	-0.981997	121.280613	0.019974	4.2
1462	-0.000008	121.234050	0.000006	5.0
1463	-0.000017	121.187535	0.000008	5.1
1464	-1.194112	121.141067	0.029854	4.2
1465	-0.762584	121.094647	0.007354	4.3
1466	-1.203028	121.048274	0.014042	5.2
1467	-0.591718	121.001949	0.006273	4.3
1468	-0.326713	120.955671	0.003336	4.2
1469	-0.886283	120.909440	0.015089	5.6
1470	-0.000000	120.863256	0.000000	6.2
1471	-0.000138	120.817119	0.000003	5.2
1472	-0.000000	120.771029	0.000000	4.3
1473	-0.081991	120.724986	0.002572	4.2
1474	-0.000000	120.678990	0.000000	4.5
1475	-1.063317	120.633040	0.004722	4.9
1476	-0.843255	120.587137	0.005996	4.4
1477	-0.435864	120.541281	0.002949	4.2
1478	-0.194563	120.495471	0.004099	5.2
1479	-0.000883	120.449707	0.000079	4.3
1480	-0.842329	120.403990	0.006550	4.5
1481	-0.300530	120.358319	0.002997	4.9
1482	-0.585409	120.312694	0.011227	4.6
1483	-0.000000	120.267115	0.000000	4.2
1484	-0.107061	120.221582	0.002187	5.3
1485	-1.152844	120.176096	0.011408	4.8
1486	-0.561493	120.130655	0.006536	4.3
1487	-0.103468	120.085260	0.003320	4.6
1488	-0.190326	120.039910	0.003827	4.8
1489	-0.967701	119.994606	0.013877	4.5
1490	-0.082629	119.949348	0.001479	5.1
1491	-0.477826	119.904135	0.007306	4.3
1492	-0.315261	119.858968	0.005818	4.6
1493	-1.173513	119.813846	0.035969	4.2
1494	-0.579419	119.768769	0.004267	4.6
1495	-0.440330	119.723738	0.002496	4.9
1496	-0.969907	119.678752	0.008448	4.5
1497	-0.954791	119.633810	0.008159	4.5
1498	-1.061863	119.588914	0.010134	4.5
1499	-0.394519	119.544062	0.004523	4.6
1500	-1.081374	119.499256	0.008513	4.8
1501	-1.177047	119.454494	0.011048	4.2
1502	-0.000001	119.409777	0.000000	4.8
1503	-0.809257	119.365104	0.007423	4.8
1504	-0.857244	119.320476	0.004898	4.6
1505	-0.904929	119.275893	0.004675	5.5
1506	-0.710728	119.231353	0.005552	5.4
1507	-1.174805	119.186859	0.012610	4.8
1508	-0.870094	119.142408	0.008474	5.6
1509	-0.000000	119.098002	0.000000	5.0
1510	-1.032374	119.053639	0.013128	5.0
1511	-0.574139	119.009321	0.004031	5.2
1512	-0.419518	118.965047	0.004694	4.8
1513	-0.024764	118.920816	0.000916	4.6
1514	-0.000000	118.876630	0.000000	5.6
1515	-0.857597	118.832487	0.009519	5.0
1516	-0.762580	118.788388	0.006235	4.3
1517	-1.058610	118.744332	0.012146	5.1
1518	-0.000000	118.700320	0.000000	5.3
1519	-0.000000	118.656352	0.000000	4.3
1520	-1.122979	118.612427	0.006566	5.7
1521	-0.430575	118.568545	0.006838	4.7
1522	-1.034566	118.524706	0.006918	4.2
1523	-0.785375	118.480911	0.004953	4.3
1524	-0.004332	118.437159	0.000017	4.8
1525	-1.151157	118.393450	0.008040	4.3
1526	-0.768789	118.349784	0.005051	4.2
1527	-1.099034	118.306160	0.016028	5.3
1528	-0.315542	118.262580	0.004765	4.3
1529	-0.541666	118.219042	0.004479	4.4
1530	-0.809471	118.175548	0.006738	4.7
1531	-0.708798	118.132095	0.006025	4.7
1532	-0.194066	118.088686	0.003876	4.2
1533	-0.314724	118.045319	0.004536	5.6
1534	-0.214557	118.001994	0.003602	6.0
1535	-0.000000	117.958712	0.000000	4.3
1536	-0.898981	117.915472	0.009822	4.5
1537	-0.358122	117.872274	0.004953	4.8
1538	-0.880914	117.829118	0.004101	4.3
1539	-0.000000	117.786005	0.000000	4.7
1540	-0.045679	117.742933	0.001898	4.8
1541	-1.132340	117.699904	0.008890	4.5
1542	-0.000000	117.656916	0.000000	4.6
1543	-1.012870	117.613971	0.021546	4.3
1544	-0.000000	117.571067	0.000000	4.9
1545	-0.928052	117.528205	0.005715	4.5
1546	-0.834192	117.485384	0.008890	4.3
1547	-0.032336	117.442605	0.001087	5.0
1548	-1.031067	117.399867	0.004307	4.3
1549	-0.000007	117.357171	0.000004	4.8
1550	-0.120953	117.314517	0.003134	4.4
1551	-0.343766	117.271903	0.005236	4.7
1552	-0.000000	117.229331	0.000000	4.6
1553	-0.968168	117.186800	0.008305	4.3
1554	-0.518972	117.144311	0.005747	5.0
1555	-0.922212	117.101862	0.010795	6.4
1556	-0.992856	117.059454	0.004892	4.2
1557	-0.862656	117.017087	0.006430	5.2
1558	-0.403510	116.974762	0.003028	4.4
1559	-0.560370	116.932476	0.004441	4.3
1560	-0.372064	116.890232	0.006804	4.8
1561	-0.203261	116.848028	0.005299	4.9
1562	-0.863592	116.805865	0.004920	4.2
1563	-0.000000	116.763743	0.000000	4.2
1564	-1.168862	116.721661	0.015653	5.1
1565	-0.263580	116.679619	0.002209	4.3
1566	-0.528999	116.637618	0.008341	4.2
1567	-0.839123	116.595657	0.004938	5.7
1568	-0.992762	116.553736	0.010003	4.6
1569	-0.000000	116.511855	0.000000	4.6
1570	-0.891270	116.470015	0.011043	6.1
1571	-0.715412	116.428214	0.004831	5.3
1572	-1.098201	116.386454	0.012846	4.7
1573	-1.066170	116.344733	0.010377	4.8
1574	-1.084964	116.303052	0.007576	4.5
1575	-0.101960	116.261412	0.003319	4.3
1576	-0.913656	116.219810	0.006505	6.8
1577	-0.856920	116.178249	0.008947	5.0
1578	-0.071008	116.136727	0.003918	5.2
1579	-0.591691	116.095245	0.014993	4.9
1580	-0.360561	116.053802	0.009584	4.6
1581	-0.952079	116.012398	0.007620	4.4
1582	-1.313899	115.971034	0.023173	4.3
1583	-1.038526	115.929710	0.012226	5.4
1584	-1.064703	115.888424	0.004781	4.8
1585	-0.813620	115.847178	0.007023	4.2
1586	-0.000000	115.805970	0.000000	4.8
1587	-0.000000	115.764802	0.000000	5.1
1588	-1.115945	115.723673	0.009435	4.4
1589	-0.028912	115.682583	0.001407	4.5
1590	-1.111030	115.641532	0.022650	4.8
1591	-0.000000	115.600519	0.000000	4.2
1592	-0.725059	115.559546	0.008549	4.5
1593	-1.076825	115.518610	0.023735	4.8
1594	-1.198689	115.477714	0.009368	4.8
1595	-1.225880	115.436856	0.021518	4.2
1596	-1.048752	115.396037	0.011601	4.9
1597	-1.118370	115.355256	0.009834	4.8
1598	-1.102653	115.314514	0.009564	4.4
1599	-0.045788	115.273810	0.001601	4.2
1600	-0.825948	115.233144	0.013263	5.3
1601	-0.919560	115.192517	0.008301	4.2
1602	-0.054576	115.151927	0.001495	4.3
1603	-0.608721	115.111376	0.019219	5.3
1604	-0.000042	115.070863	0.000016	4.6
1605	-0.935272	115.030388	0.005495	4.2
1606	-0.356069	114.989951	0.004727	4.7
1607	-0.806971	114.949551	0.008217	4.8
1608	-0.916368	114.909190	0.007646	4.5
1609	-0.000000	114.868866	0.000000	4.9
1610	-0.722153	114.828580	0.009093	5.1
1611	-1.156752	114.788332	0.008136	4.3
1612	-1.130175	114.748121	0.018661	4.8
1613	-1.141964	114.707948	0.013685	5.0
1614	-0.561554	114.667812	0.009015	4.6
1615	-0.482819	114.627714	0.004675	4.5
1616	-0.870906	114.587653	0.012702	4.5
1617	-0.636187	114.547629	0.014233	4.5
1618	-0.836807	114.507643	0.007449	4.3
1619	-1.045720	114.467693	0.004989	4.3
1620	-0.000000	114.427781	0.000000	4.9
1621	-0.165653	114.387907	0.005433	4.3
1622	-0.910512	114.348069	0.004584	4.8
1623	-0.698468	114.308268	0.007894	4.7
1624	-0.983427	114.268504	0.009684	4.5
1625	-0.500063	114.228777	0.004774	4.7
1626	-0.093530	114.189086	0.000685	4.3
1627	-0.848541	114.149433	0.007985	4.6
1628	-0.592789	114.109816	0.005028	5.0
1629	-0.462064	114.070235	0.005614	4.3
1630	-0.155619	114.030692	0.004971	4.8
1631	-0.697300	113.991185	0.005848	4.7
1632	-0.001959	113.951714	0.000142	4.3
1633	-0.000000	113.912280	0.000000	4.4
1634	-1.059236	113.872882	0.007768	4.9
1635	-0.729724	113.833521	0.007842	4.3
1636	-0.327920	113.794195	0.003997	4.2
1637	-0.569952	113.754906	0.003230	5.1
1638	-0.000000	113.715653	0.000000	4.3
1639	-1.006690	113.676437	0.004675	4.2
1640	-0.000000	113.637256	0.000000	4.9
1641	-0.079166	113.598111	0.001720	4.8
1642	-0.000000	113.559002	0.000000	4.4
1643	-0.000000	113.519929	0.000000	4.2
1644	-1.001932	113.480892	0.007389	5.4
1645	-0.665158	113.441891	0.005897	4.3
1646	-0.650889	113.402925	0.006376	4.2
1647	-0.372195	113.363995	0.005329	5.2
1648	-0.930818	113.325101	0.015226	4.3
1649	-0.794070	113.286242	0.005618	4.4
1650	-0.081090	113.247419	0.002430	4.3
1651	-0.239565	113.208631	0.006362	4.5
1652	-0.781393	113.169879	0.004742	4.2
1653	-0.870270	113.131162	0.009403	4.4
1654	-0.796117	113.092480	0.007544	5.2
1655	-0.654160	113.053833	0.006260	4.4
1656	-0.045894	113.015222	0.000989	4.2
1657	-0.000000	112.976646	0.000000	5.2
1658	-0.082689	112.938105	0.002591	4.4
1659	-1.131629	112.899599	0.021365	4.3
1660	-0.365525	112.861128	0.002471	4.5
1661	-0.583142	112.822692	0.005522	4.8
1662	-0.000000	112.784291	0.000000	4.3
1663	-0.222213	112.745924	0.001589	4.9
1664	-0.000000	112.707593	0.000000	5.1
1665	-1.022964	112.669296	0.015819	4.4
1666	-0.392357	112.631034	0.005961	4.7
1667	-0.879078	112.592806	0.007425	4.9
1668	-0.895729	112.554613	0.009170	4.5
1669	-0.000000	112.516455	0.000000	4.4
1670	-1.112249	112.478331	0.008186	5.0
1671	-0.672746	112.440241	0.009736	4.8
1672	-0.877826	112.402186	0.006171	4.8
1673	-0.000000	112.364165	0.000000	4.3
1674	-0.943108	112.326179	0.003813	4.9
1675	-0.998918	112.288227	0.007481	4.7
1676	-0.000000	112.250309	0.000000	4.3
1677	-0.735993	112.212425	0.005541	5.4
1678	-1.071471	112.174575	0.010027	5.1
1679	-0.901231	112.136759	0.009619	4.3
1680	-1.093196	112.098977	0.010410	4.7
1681	-0.015999	112.061229	0.001014	4.9
1682	-1.046397	112.023515	0.007885	4.8
1683	-0.073405	111.985834	0.002978	4.8
1684	-1.184739	111.948188	0.023637	4.8
1685	-1.284777	111.910575	0.013038	4.4
1686	-0.998889	111.872996	0.004779	4.2
1687	-0.599689	111.835450	0.009377	5.6
1688	-0.212308	111.797939	0.004578	4.4
1689	-0.027025	111.760460	0.001332	4.2
1690	-0.663398	111.723015	0.012226	6.0
1691	-0.634130	111.685604	0.004950	4.3
1692	-0.000000	111.648226	0.000000	4.3
1693	-0.769943	111.610881	0.004021	5.1
1694	-1.043649	111.573570	0.006434	4.6
1695	-1.077550	111.536292	0.009156	4.3
1696	-0.589960	111.499047	0.003815	4.7
1697	-1.109928	111.461835	0.020588	4.8
1698	-0.611003	111.424656	0.003452	4.3
1699	-0.628327	111.387510	0.019865	4.8
1700	-0.000000	111.350398	0.000000	6.5
1701	-0.000000	111.313318	0.000000	5.9
1702	-0.325089	111.276271	0.004700	5.4
1703	-0.524835	111.239257	0.009196	5.3
1704	-1.001352	111.202276	0.005075	5.1
1705	-0.943732	111.165328	0.004878	5.0
1706	-0.942017	111.128412	0.007466	5.3
1707	-0.000030	111.091529	0.000010	5.8
1708	-0.742328	111.054679	0.006806	5.4
1709	-0.707969	111.017861	0.006810	5.3
1710	-0.604298	110.981076	0.006379	5.4
1711	-0.000000	110.944323	0.000000	5.4
1712	-0.723321	110.907603	0.008004	5.2
1713	-0.000000	110.870915	0.000000	4.8
1714	-0.848627	110.834259	0.010297	4.8
1715	-0.928599	110.797636	0.020939	5.6
1716	-0.508875	110.761045	0.007092	5.1
1717	-1.015874	110.724486	0.024111	4.6
1718	-0.793207	110.687959	0.010695	4.6
1719	-0.048838	110.651465	0.001557	4.6
1720	-0.000000	110.615002	0.000000	4.3
1721	-0.479455	110.578572	0.007833	4.8
1722	-0.620154	110.542173	0.011893	4.8
1723	-0.690766	110.505807	0.005313	4.3
1724	-0.000000	110.469472	0.000000	4.4
1725	-0.349013	110.433169	0.003765	4.8
1726	-0.844639	110.396898	0.005682	4.5
1727	-0.019833	110.360659	0.000666	4.2
1728	-0.791673	110.324451	0.008594	5.4
1729	-1.001816	110.288276	0.007788	4.3
1730	-0.780605	110.252131	0.008141	4.4
1731	-0.339328	110.216019	0.004675	5.0
1732	-0.659868	110.179937	0.006369	4.6
1733	-1.084794	110.143888	0.009881	4.3
1734	-0.027426	110.107869	0.000520	4.8
1735	-1.126955	110.071882	0.006783	4.9
1736	-0.056479	110.035927	0.001591	5.0
1737	-0.858682	110.000003	0.009807	4.9
1738	-0.994699	109.964110	0.012693	5.3
1739	-0.436097	109.928248	0.012918	4.3
1740	-0.000000	109.892417	0.000000	4.8
1741	-0.000000	109.856618	0.000000	4.9
1742	-0.991658	109.820850	0.010751	4.7
1743	-0.578001	109.785112	0.006377	4.7
1744	-0.024542	109.749406	0.000289	5.0
1745	-0.483846	109.713730	0.002714	4.6
1746	-0.004604	109.678086	0.000116	4.7
1747	-0.706269	109.642472	0.006897	4.4
1748	-0.141802	109.606890	0.004397	4.7
1749	-1.056047	109.571337	0.006589	4.9
1750	-0.596008	109.535816	0.004890	5.1
1751	-0.000000	109.500326	0.000000	5.1
1752	-0.606967	109.464866	0.003871	4.8
1753	-0.032626	109.429436	0.000969	4.2
1754	-0.965233	109.394038	0.008189	4.8
1755	-0.930820	109.358669	0.006720	5.0
1756	-0.201862	109.323331	0.003842	4.9
1757	-0.866349	109.288024	0.006589	4.2
1758	-0.000000	109.252747	0.000000	5.3
1759	-0.286631	109.217501	0.004323	4.1
1760	-0.801504	109.182284	0.010285	4.2
1761	-0.000000	109.147098	0.000000	4.9
1762	-0.299063	109.111942	0.005068	5.0
1763	-0.673364	109.076817	0.003096	4.1
1764	-0.806085	109.041721	0.004292	4.1
1765	-0.000000	109.006656	0.000000	4.8
1766	-0.995272	108.971620	0.008212	4.2
1767	-0.533365	108.936615	0.004115	4.2
1768	-0.763804	108.901640	0.006926	5.1
1769	-0.658190	108.866694	0.007578	4.2
1770	-0.953616	108.831779	0.006397	4.1
1771	-0.349795	108.796893	0.008480	4.0
1772	-0.626461	108.762037	0.012401	5.3
1773	-0.253895	108.727211	0.003933	4.2
1774	-0.231712	108.692415	0.003428	4.0
1775	-0.922206	108.657648	0.012586	6.8
1776	-0.000000	108.622911	0.000000	4.6
1777	-0.708898	108.588203	0.006489	4.6
1778	-0.729339	108.553525	0.005085	5.5
1779	-1.278695	108.518877	0.043557	4.4
1780	-0.000000	108.484258	0.000000	4.3
1781	-0.971252	108.449668	0.006950	4.9
1782	-0.569037	108.415108	0.012176	4.5
1783	-0.651688	108.380578	0.005919	4.3
1784	-0.133627	108.346076	0.004699	4.7
1785	-0.969965	108.311604	0.010190	4.9
1786	-0.472458	108.277161	0.004189	4.3
1787	-0.979837	108.242747	0.009921	4.7
1788	-0.000539	108.208363	0.000013	4.9
1789	-0.229003	108.174007	0.003543	4.3
1790	-0.523192	108.139681	0.005375	4.2
1791	-0.210776	108.105383	0.004369	6.1
1792	-0.894655	108.071115	0.006490	4.5
1793	-0.894853	108.036875	0.036023	4.8
1794	-0.917555	108.002665	0.005591	4.2
1795	-1.180339	107.968483	0.017997	4.8
1796	-1.016341	107.934330	0.006002	4.7
1797	-0.729089	107.900206	0.018330	4.2
1798	-1.148456	107.866111	0.008937	4.8
1799	-0.620352	107.832044	0.007064	4.4
1800	-0.598047	107.798007	0.007878	4.3
1801	-0.717764	107.763997	0.004007	4.4
1802	-1.029072	107.730017	0.007689	4.6
1803	-0.357299	107.696065	0.003677	4.5
1804	-0.973232	107.662141	0.009311	4.2
1805	-0.000000	107.628246	0.000000	5.0
1806	-0.631812	107.594379	0.012468	4.7
1807	-1.021427	107.560541	0.006864	4.5
1808	-0.000000	107.526731	0.000000	4.9
1809	-0.000000	107.492949	0.000000	5.5
1810	-0.876031	107.459196	0.005262	4.2
1811	-0.000000	107.425471	0.000000	4.3
1812	-0.670298	107.391774	0.006043	5.1
1813	-0.918912	107.358106	0.021288	4.3
1814	-1.029341	107.324465	0.006784	4.6
1815	-0.769848	107.290853	0.015081	5.4
1816	-1.124066	107.257268	0.017368	4.3
1817	-0.000000	107.223712	0.000000	4.2
1818	-0.772118	107.190184	0.006885	4.7
1819	-0.684390	107.156683	0.004262	4.5
1820	-0.000000	107.123211	0.000000	4.2
1821	-0.196216	107.089766	0.004174	4.1
1822	-0.000000	107.056349	0.000000	4.6
1823	-0.872368	107.022960	0.009782	4.3
1824	-0.234083	106.989599	0.005526	4.1
1825	-0.037289	106.956265	0.000919	5.0
1826	-0.928537	106.922960	0.009076	4.2
1827	-0.000000	106.889681	0.000000	4.3
1828	-0.000000	106.856431	0.000000	4.7
1829	-0.903457	106.823208	0.008073	4.3
1830	-0.594460	106.790012	0.005089	4.0
1831	-0.061106	106.756844	0.001696	4.5
1832	-1.093599	106.723703	0.009659	4.6
1833	-0.000000	106.690590	0.000000	4.5
1834	-1.043116	106.657505	0.008130	4.2
1835	-0.186518	106.624446	0.001830	4.1
1836	-0.902883	106.591415	0.009090	4.6
1837	-0.000000	106.558411	0.000000	4.7
1838	-0.956888	106.525435	0.011028	4.3
1839	-0.617683	106.492485	0.005660	4.7
1840	-0.212008	106.459563	0.004244	4.3
1841	-0.132261	106.426668	0.003822	4.5
1842	-1.017591	106.393800	0.006059	4.3
1843	-0.537769	106.360959	0.004441	4.7
1844	-0.814169	106.328145	0.008003	5.4
1845	-0.517000	106.295358	0.004840	4.3
1846	-0.974469	106.262598	0.007841	4.7
1847	-0.605687	106.229865	0.003040	4.7
1848	-0.659626	106.197158	0.009122	4.3
1849	-0.000000	106.164479	0.000000	4.8
1850	-0.000000	106.131826	0.000000	4.8
1851	-0.891697	106.099201	0.009429	4.2
1852	-0.429517	106.066602	0.004073	4.2
1853	-0.588058	106.034029	0.006246	5.3
1854	-0.409921	106.001483	0.005868	4.3
1855	-1.038181	105.968964	0.008267	4.1
1856	-0.319296	105.936472	0.005052	4.9
1857	-1.193095	105.904006	0.022280	4.9
1858	-0.920221	105.871566	0.007644	4.2
1859	-0.384882	105.839153	0.004250	4.2
1860	-0.166584	105.806767	0.003643	5.6
1861	-0.000000	105.774407	0.000000	4.2
1862	-0.890838	105.742073	0.007716	4.6
1863	-0.495671	105.709766	0.005471	5.1
1864	-0.476078	105.677485	0.008839	4.5
1865	-0.708868	105.645230	0.004066	4.3
1866	-0.000000	105.613001	0.000000	5.3
1867	-0.000000	105.580799	0.000000	4.4
1868	-1.096823	105.548623	0.005512	4.3
1869	-0.011407	105.516473	0.000693	4.7
1870	-0.000000	105.484349	0.000000	4.6
1871	-0.000000	105.452251	0.000000	4.3
1872	-0.000000	105.420179	0.000000	4.4
1873	-1.124873	105.388133	0.010325	5.0
1874	-0.122396	105.356113	0.001748	4.4
1875	-1.004770	105.324119	0.010750	4.2
1876	-0.000000	105.292151	0.000000	5.1
1877	-1.211272	105.260209	0.009874	4.5
1878	-0.000000	105.228293	0.000000	4.4
1879	-0.560443	105.196402	0.005157	4.5
1880	-0.000532	105.164537	0.000030	4.8
1881	-0.858848	105.132698	0.006559	4.3
1882	-0.743728	105.100885	0.006424	4.8
1883	-0.886971	105.069097	0.005896	4.8
1884	-0.000000	105.037335	0.000000	4.4
1885	-0.772481	105.005598	0.013611	5.3
1886	-0.000000	104.973887	0.000000	4.4
1887	-0.703964	104.942202	0.009813	4.6
1888	-0.575153	104.910542	0.004966	4.8
1889	-0.186989	104.878907	0.002442	4.2
1890	-0.809942	104.847298	0.005349	5.0
1891	-0.890550	104.815715	0.007512	4.6
1892	-0.001003	104.784156	0.000286	4.2
1893	-0.000326	104.752623	0.000143	4.7
1894	-0.599343	104.721116	0.006541	5.0
1895	-0.714483	104.689633	0.007039	4.1
1896	-0.318246	104.658176	0.003411	4.1
1897	-0.000000	104.626744	0.000000	4.7
1898	-0.000000	104.595337	0.000000	4.5
1899	-1.157915	104.563955	0.015679	4.1
1900	-0.129725	104.532599	0.005570	5.0
1901	-0.842094	104.501267	0.008181	4.8
1902	-0.030597	104.469960	0.000916	4.2
1903	-0.414029	104.438679	0.004093	4.2
1904	-1.158230	104.407422	0.017051	5.5
1905	-0.152757	104.376191	0.004965	4.2
1906	-0.000000	104.344984	0.000000	4.1
1907	-0.853763	104.313802	0.008049	5.5
1908	-0.554037	104.282645	0.006906	5.4
1909	-0.003442	104.251513	0.000366	4.2
1910	-0.941311	104.220405	0.010750	5.6
1911	-1.025393	104.189323	0.008016	4.9
1912	-0.495760	104.158265	0.004640	4.5
1913	-0.000000	104.127231	0.000000	5.2
1914	-0.000000	104.096222	0.000000	4.7
1915	-0.000000	104.065238	0.000000	4.2
1916	-0.052403	104.034279	0.001018	4.7
1917	-1.039704	104.003344	0.009137	4.8
1918	-1.199481	103.972433	0.009211	4.2
1919	-0.437618	103.941547	0.002661	4.6
1920	-0.133880	103.910686	0.003380	4.9
1921	-0.991274	103.879849	0.006870	4.4
1922	-0.000000	103.849036	0.000000	4.5
1923	-0.775968	103.818248	0.007446	5.3
1924	-0.776884	103.787484	0.012385	4.8
1925	-1.091294	103.756744	0.005317	5.2
1926	-0.324533	103.726029	0.002479	5.8
1927	-0.749843	103.695338	0.007972	4.6
1928	-0.000000	103.664671	0.000000	4.8
1929	-0.478068	103.634028	0.005975	4.3
1930	-0.801142	103.603409	0.009858	4.8
1931	-0.752307	103.572814	0.012106	5.4
1932	-0.000000	103.542244	0.000000	4.3
1933	-0.000000	103.511698	0.000000	5.0
1934	-1.046377	103.481175	0.009495	5.1
1935	-1.050453	103.450677	0.009136	4.3
1936	-0.544891	103.420202	0.004374	5.0
1937	-0.627857	103.389752	0.010509	4.9
1938	-0.829090	103.359325	0.010697	5.2
1939	-0.302449	103.328922	0.004113	5.4
1940	-0.037448	103.298543	0.000355	4.9
1941	-0.786635	103.268188	0.006621	5.0
1942	-0.000000	103.237857	0.000000	5.5
1943	-1.099215	103.207549	0.004696	5.1
1944	-0.862321	103.177265	0.005120	4.2
1945	-0.000000	103.147005	0.000000	4.3
1946	-0.000000	103.116768	0.000000	5.3
1947	-0.834720	103.086556	0.008510	4.5
1948	-1.081716	103.056366	0.005684	4.3
1949	-0.984816	103.026200	0.006527	5.3
1950	-0.084577	102.996058	0.002344	4.3
1951	-0.000000	102.965939	0.000000	4.5
1952	-0.000000	102.935844	0.000000	5.2
1953	-0.503543	102.905772	0.004116	4.4
1954	-0.165509	102.875724	0.003256	4.2
1955	-0.667997	102.845699	0.009257	5.1
1956	-0.365301	102.815697	0.005509	4.5
1957	-1.042978	102.785719	0.005877	4.6
1958	-0.556673	102.755764	0.012112	4.6
1959	-0.566190	102.725832	0.003588	5.4
1960	-0.961385	102.695924	0.003185	4.2
1961	-0.397117	102.666038	0.007907	4.7
1962	-0.022512	102.636176	0.000492	4.8
1963	-0.644595	102.606337	0.004880	4.6
1964	-1.061638	102.576521	0.013309	4.9
1965	-0.982148	102.546728	0.007855	5.0
1966	-0.989114	102.516959	0.006398	4.4
1967	-0.873126	102.487212	0.006605	5.0
1968	-0.320074	102.457488	0.004655	5.2
1969	-0.798849	102.427788	0.008436	4.6
1970	-0.000000	102.398110	0.000000	4.6
1971	-0.000000	102.368455	0.000000	4.3
1972	-0.786438	102.338823	0.007158	4.7
1973	-0.039642	102.309214	0.001404	4.8
1974	-0.640167	102.279628	0.005632	4.3
1975	-0.000000	102.250064	0.000000	4.7
1976	-0.045677	102.220524	0.003614	4.4
1977	-0.000000	102.191006	0.000000	6.2
1978	-0.236270	102.161511	0.003764	5.4
1979	-1.031288	102.132038	0.018626	5.0
1980	-1.046542	102.102588	0.014991	4.1
1981	-0.820312	102.073161	0.006909	4.1
1982	-0.885663	102.043757	0.008585	4.7
1983	-0.000000	102.014375	0.000000	4.2
1984	-0.883459	101.985015	0.005645	4.1
1985	-0.045794	101.955678	0.001673	4.7
1986	-0.374447	101.926364	0.003884	4.8
1987	-1.104351	101.897072	0.007071	4.2
1988	-0.966714	101.867802	0.006772	4.0
1989	-0.000126	101.838555	0.000013	5.3
1990	-0.000000	101.809330	0.000000	4.1
1991	-0.000000	101.780128	0.000000	4.0
1992	-0.000000	101.750948	0.000000	4.8
1993	-0.000002	101.721790	0.000000	4.1
1994	-0.494617	101.692654	0.003727	4.0
1995	-0.568630	101.663541	0.005871	4.1
1996	-0.972721	101.634450	0.006611	4.9
1997	-0.000517	101.605381	0.000065	4.3
1998	-0.654318	101.576335	0.006319	4.4
1999	-0.058716	101.547310	0.001486	5.1
