1:ItNr	2:Metric	3a:Time	3b:StepSize	4:||Gradient||	Time[ms]
0	-0.888196	0.000000	15.732232	0.016434	180.2
1	-0.939498	0.000000	15.732232	0.013890	4.1
2	-0.914435	0.000000	15.732232	0.014096	3.6
3	-0.884894	0.000000	15.732232	0.010009	3.3
4	-0.891401	0.000000	15.732232	0.013301	3.0
5	-0.899233	0.000000	15.732232	0.009868	3.0
6	-0.920101	0.998083	15.018439	0.006763	3.4
7	-0.907445	1.934687	14.405118	0.011717	3.2
8	-0.905786	1.543001	14.655407	0.005941	3.4
9	-0.889897	1.921875	14.413169	0.008718	3.2
10	-0.906603	1.669982	14.573318	0.010557	3.3
11	-0.866140	1.283116	14.826331	0.007224	3.2
12	-0.898133	0.994930	15.020592	0.008301	3.2
13	-0.906945	0.938006	15.059567	0.007018	3.2
14	-0.893064	0.889312	15.093068	0.008357	3.3
15	-0.919513	0.514103	15.356293	0.010414	3.0
16	-0.907809	0.510243	15.359049	0.011180	3.1
17	-0.889641	1.510238	14.676738	0.011125	2.9
18	-0.871682	1.119426	14.936051	0.006324	3.0
19	-0.921624	0.729105	15.204348	0.006078	3.1
20	-0.942174	1.634886	14.595915	0.007748	3.0
21	-0.913376	1.308417	14.809517	0.007757	3.0
22	-0.916625	2.288442	14.186302	0.009567	3.0
23	-0.850209	3.272354	13.611241	0.008520	3.2
24	-0.922344	3.681741	13.385477	0.011512	2.9
25	-0.891778	3.289988	13.601360	0.011968	3.0
26	-0.893107	2.898182	13.824351	0.010312	3.3
27	-0.890903	3.897965	13.269232	0.009823	3.0
28	-0.887956	3.573206	13.444598	0.007491	3.2
29	-0.851651	4.549292	12.930960	0.007471	3.1
30	-0.913174	4.214167	13.102827	0.006639	3.0
31	-0.937175	4.324988	13.045489	0.009848	3.0
32	-0.882547	3.933381	13.250384	0.009517	3.0
33	-0.919886	4.928276	12.741953	0.008016	3.1
34	-0.899847	4.625234	12.892638	0.006796	2.9
35	-0.906390	4.362054	13.026424	0.008676	2.9
36	-0.939918	5.342607	12.541541	0.008664	3.0
37	-0.946651	6.303321	12.100245	0.010006	3.0
38	-0.881310	6.032732	12.221364	0.009051	3.0
39	-0.888807	7.001293	11.798629	0.007275	3.0
40	-0.928629	7.979211	11.400478	0.008760	3.0
41	-0.908326	7.767420	11.484411	0.011437	3.0
42	-0.884864	7.390126	11.637034	0.007737	2.9
43	-0.874991	8.390123	11.241085	0.014129	2.9
44	-0.911190	8.698994	11.124177	0.008429	3.1
45	-0.902221	9.698993	10.761814	0.009010	3.0
46	-0.870468	9.377403	10.875744	0.015182	2.9
47	-0.866811	10.377403	10.529134	0.009485	3.1
48	-0.908429	11.377376	10.203942	0.007231	3.3
49	-0.938956	11.036501	10.312514	0.009921	2.9
50	-0.927628	10.794202	10.391104	0.006017	2.9
51	-0.873421	10.402403	10.520751	0.008024	2.9
52	-0.896968	10.448041	10.505483	0.016443	2.9
53	-0.916740	11.048538	10.308641	0.011558	3.0
54	-0.878281	12.048538	9.996716	0.009230	3.1
55	-0.924377	11.656736	10.116653	0.009933	3.1
56	-0.904232	12.630715	9.823665	0.008826	3.0
57	-0.926159	13.628127	9.540709	0.010193	3.0
58	-0.933345	13.503998	9.575032	0.011390	2.9
59	-0.903489	14.228078	9.378226	0.009967	2.9
60	-0.898092	15.227907	9.119402	0.008758	3.1
61	-0.927446	16.223526	8.875486	0.009719	2.9
62	-0.892926	17.223463	8.643300	0.009307	3.1
63	-0.883633	18.202714	8.427398	0.007667	3.1
64	-0.885458	19.112162	8.236327	0.005756	3.1
65	-0.915375	19.983033	8.061308	0.008026	3.0
66	-0.910364	20.947748	7.875914	0.008991	2.9
67	-0.899204	20.561794	7.949052	0.010039	2.9
68	-0.885970	20.218862	8.015187	0.006883	2.9
69	-0.869782	21.218850	7.825340	0.012238	2.9
70	-0.922239	20.827047	7.898642	0.007108	3.0
71	-0.861421	21.826816	7.714252	0.004582	3.1
72	-0.892974	21.495837	7.774335	0.010139	3.2
73	-0.904221	22.411718	7.610315	0.004576	3.1
74	-0.918597	23.372488	7.445534	0.006453	3.0
75	-0.900790	23.281855	7.460773	0.008808	3.0
76	-0.925770	22.890487	7.527300	0.012308	2.9
77	-0.896549	23.836883	7.368417	0.010453	2.9
78	-0.923815	23.445410	7.433318	0.005661	2.9
79	-0.888370	23.133280	7.485890	0.012874	3.0
80	-0.938465	22.797519	7.543278	0.009496	2.9
81	-0.901342	22.405711	7.611369	0.017313	3.1
82	-0.872085	23.405705	7.439964	0.012175	3.0
83	-0.903573	23.013897	7.506194	0.008940	3.0
84	-0.916491	22.956165	7.516053	0.009827	3.0
85	-0.911162	23.483767	7.426908	0.007879	3.0
86	-0.895048	23.092348	7.492839	0.008401	2.9
87	-0.886224	24.055788	7.332618	0.007588	3.0
88	-0.905924	24.097627	7.325815	0.012861	3.0
89	-0.862798	23.734730	7.385243	0.008295	3.1
90	-0.890963	24.734613	7.223782	0.010809	2.9
91	-0.915322	24.342876	7.286191	0.009167	3.0
92	-0.912987	24.867242	7.202894	0.009786	3.0
93	-0.876301	24.520400	7.257776	0.010628	3.0
94	-0.875046	25.520400	7.101763	0.010829	3.1
95	-0.938824	25.128592	7.162084	0.010637	2.9
96	-0.892781	25.063316	7.172234	0.006316	2.9
97	-0.871005	26.063302	7.019840	0.006041	2.9
98	-0.852072	25.749651	7.066938	0.008262	3.0
99	-0.918222	25.363652	7.125773	0.009151	2.9
100	-0.932697	25.001855	7.181816	0.011759	3.0
101	-0.931157	24.613606	7.242946	0.003957	2.9
102	-0.933010	24.709819	7.227700	0.009838	3.0
103	-0.899203	24.386555	7.279179	0.007972	3.1
104	-0.911178	25.386235	7.122304	0.009802	3.0
105	-0.908618	25.233709	7.145801	0.007298	3.0
106	-0.874018	24.872104	7.202130	0.005783	2.9
107	-0.890336	24.632071	7.240015	0.005074	2.9
108	-0.905498	24.485358	7.263367	0.012379	3.0
109	-0.884651	25.445581	7.113203	0.009754	3.0
110	-0.859278	26.445579	6.963280	0.014297	3.1
111	-0.892165	26.053772	7.021262	0.008597	3.1
112	-0.906972	27.050826	6.875571	0.013834	3.1
113	-0.910528	28.025363	6.738897	0.007896	3.1
114	-0.924695	29.025363	6.604187	0.007293	3.0
115	-0.929685	29.566585	6.533502	0.009601	3.2
116	-0.883699	30.256023	6.445620	0.009665	2.9
117	-0.891897	31.254115	6.322504	0.013008	3.0
118	-0.890984	32.254106	6.203782	0.009617	3.0
119	-0.896751	33.254061	6.089440	0.009211	3.0
120	-0.902907	34.253932	5.979246	0.008237	3.2
121	-0.885745	35.253919	5.872957	0.009407	3.1
122	-0.900692	34.862112	5.914149	0.007906	3.2
123	-0.884313	34.538407	5.948620	0.006620	3.1
124	-0.885291	34.149214	5.990600	0.004729	3.4
125	-0.914278	34.293616	5.974955	0.005725	3.3
126	-0.939107	34.852202	5.915199	0.011914	3.4
127	-0.913544	35.196811	5.878925	0.011626	3.2
128	-0.927626	35.503789	5.846986	0.007199	3.2
129	-0.882871	36.256447	5.770125	0.007183	3.2
130	-0.933278	37.147934	5.681661	0.012912	3.4
131	-0.885900	38.060228	5.593898	0.012320	3.1
132	-0.882656	39.060227	5.500760	0.008868	2.9
133	-0.893434	40.060206	5.410674	0.010893	3.2
134	-0.886383	39.675190	5.445008	0.010520	3.4
135	-0.927409	39.283385	5.480397	0.010000	3.2
136	-0.883152	40.204856	5.397887	0.006516	3.0
137	-0.898514	41.200911	5.311447	0.004144	3.5
138	-0.929714	40.855348	5.341121	0.006505	3.2
139	-0.885657	40.494009	5.372505	0.008991	3.4
140	-0.887391	41.466629	5.288854	0.006092	3.0
141	-0.884623	41.559257	5.281023	0.007531	3.4
142	-0.912753	41.190386	5.312346	0.009191	3.3
143	-0.906078	42.170452	5.229927	0.009174	3.5
144	-0.919110	43.135204	5.151256	0.010860	3.0
145	-0.910646	43.604878	5.113807	0.006741	3.0
146	-0.878511	43.297382	5.138263	0.005983	3.2
147	-0.877516	43.243584	5.142566	0.010250	3.2
148	-0.903982	42.853460	5.173985	0.005337	3.0
149	-0.878524	43.833366	5.095785	0.010225	3.4
150	-0.913229	43.791127	5.099107	0.009927	3.0
151	-0.929678	43.716767	5.104966	0.008586	3.1
152	-0.883954	44.584610	5.037415	0.007675	3.3
153	-0.921597	45.551004	4.964266	0.009367	3.6
154	-0.865120	45.165836	4.993164	0.006436	4.0
155	-0.881091	45.961129	4.933860	0.009599	3.6
156	-0.921708	45.570581	4.962806	0.011512	3.7
157	-0.920063	45.180163	4.992083	0.011741	3.4
158	-0.884680	45.001848	5.005570	0.007765	3.3
159	-0.915098	44.958837	5.008834	0.007204	3.2
160	-0.893828	45.796583	4.946015	0.009826	3.3
161	-0.921211	46.777377	4.874442	0.010489	3.7
162	-0.924497	46.385574	4.902783	0.009018	3.4
163	-0.888844	47.376592	4.831725	0.006796	3.5
164	-0.895471	46.986819	4.859425	0.007444	3.7
165	-0.914939	47.986257	4.789024	0.008309	3.4
166	-0.886291	47.672066	4.810935	0.010617	3.2
167	-0.897783	48.671566	4.741918	0.005334	3.0
168	-0.903378	49.154281	4.709290	0.006644	3.7
169	-0.912855	48.783265	4.734328	0.011293	3.7
170	-0.917647	49.782591	4.667488	0.007706	4.0
171	-0.927951	50.737574	4.605353	0.009261	3.9
172	-0.911106	51.065702	4.584384	0.012181	3.8
173	-0.930517	52.064478	4.521717	0.010512	3.9
174	-0.902898	51.672705	4.546093	0.008916	4.0
175	-0.902177	52.575324	4.490322	0.010195	3.8
176	-0.877355	52.506748	4.494511	0.010496	4.1
177	-0.874397	53.264084	4.448676	0.009558	3.8
178	-0.876613	54.243634	4.390762	0.006635	3.5
179	-0.897372	55.110792	4.340736	0.007352	3.7
180	-0.915603	54.724512	4.362879	0.006920	3.6
181	-0.891723	55.384165	4.325201	0.009634	3.5
182	-0.919250	54.998894	4.347127	0.006908	3.4
183	-0.926734	55.289863	4.330547	0.009577	3.8
184	-0.910775	55.096918	4.341528	0.008684	3.4
185	-0.900084	56.096848	4.285219	0.011455	3.5
186	-0.931268	57.096174	4.230385	0.005012	3.6
187	-0.904869	56.746353	4.249419	0.012167	3.6
188	-0.937155	57.733760	4.196127	0.008808	3.8
189	-0.936590	57.420784	4.212874	0.006124	3.5
190	-0.918063	58.335290	4.164312	0.007587	3.4
191	-0.884457	58.220906	4.170324	0.010328	3.2
192	-0.878412	58.039741	4.179883	0.009374	3.7
193	-0.919327	57.647947	4.200706	0.008311	3.5
194	-0.897378	57.278017	4.220557	0.008834	3.1
195	-0.893178	58.157565	4.173661	0.007444	3.2
196	-0.915700	57.766347	4.194391	0.009211	3.5
197	-0.913969	58.736320	4.143367	0.012516	3.3
198	-0.928986	59.700046	4.093887	0.012792	3.2
199	-0.927634	59.312088	4.113663	0.005404	2.9
200	-0.842520	59.330590	4.112716	0.009232	3.5
201	-0.909201	60.155649	4.070904	0.010254	3.7
202	-0.918903	59.763842	4.090653	0.008655	3.7
203	-0.915805	59.372035	4.110595	0.012272	3.5
204	-0.929959	60.372035	4.060079	0.006532	3.6
205	-0.866073	59.996719	4.078892	0.009236	4.1
206	-0.895881	59.610090	4.098455	0.008118	3.6
207	-0.929151	60.596524	4.048909	0.010168	3.5
208	-0.867382	60.273766	4.064988	0.010036	4.0
209	-0.901919	59.881958	4.084679	0.008167	3.4
210	-0.880379	60.880759	4.034854	0.012230	3.2
211	-0.926383	60.488952	4.054253	0.007948	3.0
212	-0.905389	61.312164	4.013706	0.006287	3.7
213	-0.910986	62.306340	3.965807	0.010409	3.4
214	-0.891166	61.917828	3.984389	0.014444	3.2
215	-0.932973	61.895236	3.985475	0.010217	3.8
216	-0.899234	61.503432	4.004402	0.007673	3.5
217	-0.915061	61.111713	4.023505	0.007921	3.4
218	-0.920165	62.064983	3.977330	0.009701	3.3
219	-0.868537	63.064959	3.930019	0.008636	3.5
220	-0.949413	62.673153	3.948421	0.011639	3.8
221	-0.882356	63.673153	3.901790	0.008317	3.3
222	-0.895423	63.281345	3.919929	0.006266	3.4
223	-0.890740	62.899131	3.937787	0.008807	3.3
224	-0.871555	62.510931	3.956091	0.006978	3.2
225	-0.883993	63.457953	3.911732	0.008790	3.4
226	-0.926049	63.329117	3.917708	0.011539	3.2
227	-0.891709	62.937314	3.935995	0.017672	3.3
228	-0.890811	63.239772	3.921863	0.010843	3.0
229	-0.895536	64.239772	3.875853	0.006277	3.2
230	-0.905085	63.880274	3.892269	0.006715	3.4
231	-0.913011	64.572596	3.860779	0.007330	3.5
232	-0.864575	64.194415	3.877917	0.007935	3.1
233	-0.875835	65.129133	3.835832	0.009258	3.1
234	-0.896347	66.121374	3.792145	0.014094	3.3
235	-0.913638	65.729567	3.809276	0.006241	3.3
236	-0.929825	66.728936	3.765883	0.011199	3.1
237	-0.879715	67.520957	3.732188	0.010377	3.0
238	-0.905551	67.180330	3.746605	0.009999	3.2
239	-0.884164	68.138895	3.706315	0.007684	3.4
240	-0.889379	67.751459	3.722495	0.010496	3.4
241	-0.901164	68.750150	3.681073	0.006064	2.9
242	-0.910904	69.745169	3.640710	0.009400	3.3
243	-0.862006	69.575990	3.647510	0.008470	3.0
244	-0.891408	70.567507	3.608014	0.009985	3.5
245	-0.919517	71.473211	3.572676	0.007399	3.0
246	-0.907528	71.081438	3.587877	0.012776	3.1
247	-0.940952	70.691460	3.603137	0.007790	3.5
248	-0.953116	71.670584	3.565067	0.008279	3.5
249	-0.878088	72.523194	3.532566	0.008537	3.6
