1:ItNr	2:Metric	3:StepSize	4:||Gradient||	Time[ms]
0	0.000000	627.201626	0.000000	872.8
1	-0.915366	623.504937	0.006700	28.6
2	-0.741285	619.865785	0.005719	27.8
3	-0.310907	616.282728	0.003967	30.0
4	-0.351646	612.754375	0.006266	30.8
5	-0.000000	609.279381	0.000000	29.5
6	0.000000	605.856447	0.000000	28.2
7	-0.700798	602.484317	0.005262	29.7
8	-0.567609	599.161779	0.006486	28.6
9	-0.000015	595.887656	0.000010	30.1
10	-0.773559	592.660813	0.009146	29.3
11	0.000000	589.480151	0.000000	29.6
12	-0.490640	586.344606	0.004991	29.9
13	0.000000	583.253145	0.000000	29.7
14	-0.642937	580.204771	0.005807	30.6
15	-0.269504	577.198517	0.004673	30.6
16	-0.308689	574.233444	0.004010	29.1
17	-0.294253	571.308645	0.004707	30.8
18	-0.002578	568.423237	0.000121	30.2
19	-0.668089	565.576365	0.006055	30.2
20	-0.000000	562.767201	0.000001	29.4
21	-0.912994	559.994938	0.006375	29.4
22	-0.803042	557.258797	0.005119	29.9
23	-0.823360	554.558018	0.005696	28.2
24	-0.610268	551.891865	0.004531	29.6
25	-0.794456	549.259621	0.005964	30.6
26	-0.490254	546.660592	0.006165	30.1
27	0.000000	544.094102	0.000000	30.5
28	-0.322976	541.559494	0.005542	30.2
29	-0.142409	539.056129	0.003115	28.2
30	-0.268688	536.583387	0.003305	30.8
31	-0.613994	534.140663	0.007600	28.6
32	-0.029036	531.727370	0.001808	30.1
33	-0.054890	529.342935	0.000820	30.0
34	-0.443353	526.986802	0.005854	29.3
35	-0.670268	524.658430	0.005120	31.6
36	-0.004054	522.357290	0.000210	30.1
37	-0.475901	520.082868	0.003890	29.5
38	-0.407341	517.834665	0.004578	30.2
39	-1.087299	515.612193	0.007248	32.2
40	-0.833183	513.414976	0.005740	31.3
41	-0.443853	511.242551	0.007985	30.4
42	-0.443961	509.094468	0.006531	31.9
43	-0.000208	506.970285	0.000099	30.9
44	-0.678525	504.869574	0.007792	29.5
45	-0.483484	502.791916	0.005238	29.5
46	-0.659877	500.736903	0.004904	29.6
47	0.000000	498.704137	0.000000	29.9
48	-0.549988	496.693228	0.007422	29.0
49	-0.584130	494.703798	0.004008	29.5
50	0.000000	492.735476	0.000000	29.2
51	-0.000000	490.787900	0.000000	28.9
52	-0.107717	488.860718	0.001381	28.6
53	-0.395507	486.953585	0.005227	29.8
54	-0.696191	485.066164	0.007985	30.7
55	-0.723116	483.198126	0.004438	30.6
56	0.000000	481.349149	0.000000	30.1
57	0.000000	479.518920	0.000000	30.0
58	0.000000	477.707132	0.000000	28.3
59	-0.272446	475.913485	0.004778	29.8
60	0.000000	474.137684	0.000000	29.8
61	-0.000016	472.379445	0.000024	30.5
62	-0.254859	470.638485	0.004722	29.4
63	0.000000	468.914531	0.000000	29.8
64	-0.508364	467.207315	0.006080	29.3
65	-0.900551	465.516573	0.007772	29.9
66	-0.640393	463.842050	0.004769	29.7
67	-0.602869	462.183494	0.007103	29.1
68	-0.811719	460.540658	0.006923	29.6
69	-0.008625	458.913303	0.000176	31.1
70	-0.563227	457.301192	0.005095	31.2
71	-0.626840	455.704096	0.006009	29.2
72	-0.872337	454.121787	0.005656	28.7
73	-0.155036	452.554045	0.002768	29.4
74	-0.643795	451.000653	0.007079	28.2
75	-0.483207	449.461399	0.005027	30.8
76	-0.091781	447.936075	0.001301	30.0
77	0.000000	446.424477	0.000000	30.1
78	-0.110470	444.926406	0.001483	30.1
79	-0.026018	443.441666	0.001033	31.1
80	0.000000	441.970065	0.000000	30.5
81	0.000000	440.511415	0.000000	30.7
82	-0.171155	439.065533	0.003113	29.8
83	-0.350037	437.632238	0.003578	30.8
84	-0.851943	436.211351	0.008043	29.7
85	0.000000	434.802701	0.000000	29.5
86	-0.192727	433.406117	0.003101	29.9
87	-0.427643	432.021430	0.004783	30.0
88	0.000000	430.648479	0.000000	29.8
89	-0.018431	429.287101	0.001614	28.5
90	-0.387058	427.937140	0.005969	29.5
91	-0.794686	426.598440	0.005707	27.4
92	-0.731231	425.270849	0.006704	29.9
93	0.000000	423.954220	0.000000	29.5
94	0.000000	422.648404	0.000000	29.2
95	-0.493257	421.353259	0.006350	30.3
96	-0.322750	420.068643	0.002864	30.4
97	-0.051403	418.794419	0.000807	30.5
98	-0.306958	417.530451	0.004524	30.6
99	-0.058423	416.276604	0.001244	30.1
100	0.000000	415.032748	0.000000	30.0
101	-0.531703	413.798754	0.006549	30.8
102	-0.327034	412.574495	0.006208	31.2
103	-0.935137	411.359849	0.006202	30.3
104	-0.500121	410.154691	0.003799	30.8
105	-0.820768	408.958904	0.005565	30.5
106	-0.026216	407.772368	0.001024	29.2
107	-0.686313	406.594968	0.005835	29.5
108	-0.562468	405.426590	0.005211	28.9
109	0.000000	404.267122	0.000000	30.1
110	0.000000	403.116456	0.000000	29.8
111	-0.332885	401.974481	0.004987	30.9
112	-0.235433	400.841093	0.004460	29.0
113	-0.667418	399.716187	0.005094	29.4
114	-0.367202	398.599660	0.002671	29.3
115	-0.827004	397.491411	0.005662	31.1
116	-0.251229	396.391342	0.002969	29.1
117	0.000000	395.299353	0.000000	30.6
118	0.000000	394.215350	0.000000	29.7
119	-0.172428	393.139238	0.003254	32.2
120	-0.749159	392.070924	0.005455	29.5
121	-0.109240	391.010316	0.001657	30.6
122	-0.850831	389.957325	0.006369	30.3
123	0.000000	388.911862	0.000000	28.9
124	0.000000	387.873839	0.000000	29.2
125	0.000000	386.843173	0.000000	28.1
126	0.000000	385.819777	0.000000	30.0
127	-0.180991	384.803569	0.002449	30.3
128	-0.605429	383.794468	0.008223	30.3
129	-0.732370	382.792393	0.005666	28.0
130	-0.014618	381.797264	0.000488	30.3
131	0.000000	380.809005	0.000000	30.0
132	-0.000000	379.827537	0.000000	29.5
133	-0.848895	378.852786	0.005761	29.3
134	-0.886413	377.884678	0.004909	28.0
135	-0.058827	376.923138	0.002167	29.3
136	-0.915620	375.968095	0.007109	30.2
137	-0.558785	375.019479	0.007891	30.7
138	-0.738336	374.077218	0.004162	27.9
139	-0.236610	373.141244	0.002033	29.7
140	-0.671871	372.211489	0.006602	29.3
141	-0.029046	371.287887	0.000791	30.9
142	-0.944106	370.370370	0.008120	30.4
143	-0.800783	369.458876	0.005655	30.1
144	-0.010131	368.553338	0.001070	29.4
145	-0.443499	367.653696	0.007909	29.1
146	-0.493950	366.759885	0.005584	29.7
147	-0.041198	365.871846	0.000566	30.5
148	-0.815867	364.989518	0.006613	30.0
149	-0.419329	364.112841	0.005626	30.5
150	-0.300708	363.241757	0.004966	30.3
151	0.000000	362.376208	0.000000	30.4
152	-0.515006	361.516137	0.006256	29.6
153	-0.232073	360.661488	0.003664	30.2
154	0.000000	359.812206	0.000000	28.3
155	-0.000036	358.968236	0.000006	29.6
156	-0.358893	358.129524	0.003724	28.1
157	-0.637947	357.296018	0.004604	30.8
158	-0.656575	356.467665	0.006766	30.0
159	-0.427600	355.644414	0.003958	29.9
160	-0.540469	354.826213	0.005109	29.3
161	0.000000	354.013012	0.000000	29.8
162	-0.000092	353.204763	0.000027	30.9
163	0.000000	352.401415	0.000000	30.4
164	0.000000	351.602922	0.000000	28.8
165	-0.838713	350.809235	0.006209	28.3
166	-0.772287	350.020308	0.005524	30.1
167	0.000000	349.236095	0.000000	30.7
168	0.000000	348.456550	0.000000	33.4
169	-0.581418	347.681627	0.006285	32.9
170	-0.891050	346.911283	0.006889	30.4
171	0.000000	346.145474	0.000000	30.4
172	-0.882314	345.384157	0.005931	30.0
173	0.000000	344.627288	0.000000	30.6
174	-0.552943	343.874826	0.007337	30.3
175	-0.758480	343.126729	0.004711	29.4
176	-0.460512	342.382957	0.004862	29.7
177	-0.638955	341.643469	0.004627	30.5
178	-0.070194	340.908224	0.002047	29.5
179	0.000000	340.177184	0.000000	28.6
180	-0.937517	339.450309	0.005847	29.6
181	-0.506867	338.727561	0.007108	29.5
182	-0.470565	338.008902	0.007486	29.6
183	-0.576806	337.294295	0.005593	28.7
184	-0.853815	336.583703	0.004384	28.2
185	-0.268521	335.877089	0.003808	29.8
186	-0.706589	335.174416	0.004891	29.9
187	-0.378959	334.475651	0.005311	30.5
188	0.000000	333.780756	0.000000	29.9
189	-0.414723	333.089698	0.005414	29.3
190	0.000000	332.402443	0.000000	28.7
191	-0.778845	331.718955	0.005340	30.1
192	-0.633660	331.039203	0.004211	29.6
193	-0.827518	330.363153	0.004757	29.4
194	-0.000000	329.690771	0.000000	29.2
195	-0.838809	329.022027	0.008092	29.0
196	0.000000	328.356888	0.000000	29.3
197	-0.435540	327.695322	0.003069	28.5
198	-0.789988	327.037299	0.005080	30.0
199	-0.562512	326.382787	0.005682	28.6
200	-0.744574	325.731758	0.009241	31.3
201	-0.061512	325.084179	0.001606	31.2
202	-0.812642	324.440023	0.005372	31.3
203	-0.867386	323.799258	0.007541	28.2
204	-0.081272	323.161858	0.001397	29.6
205	-0.850399	322.527792	0.005933	28.7
206	-0.902817	321.897034	0.009311	30.8
207	-0.640985	321.269554	0.005381	29.2
208	-0.644332	320.645325	0.007517	29.8
209	-0.471836	320.024320	0.005121	29.4
210	-0.445165	319.406512	0.005885	29.3
211	-0.165713	318.791875	0.002178	30.3
212	-0.259077	318.180381	0.002570	30.4
213	-0.013182	317.572005	0.000559	29.6
214	0.000000	316.966721	0.000000	30.6
215	-0.817926	316.364504	0.006135	30.6
216	-0.406228	315.765329	0.004191	29.3
217	-0.734152	315.169170	0.005859	29.5
218	-0.567678	314.576003	0.004570	29.7
219	-0.512144	313.985804	0.006789	29.0
220	-0.876268	313.398548	0.007072	29.2
221	-1.107318	312.814213	0.009285	29.6
222	-0.133532	312.232773	0.001600	29.2
223	-0.000439	311.654207	0.000025	29.5
224	0.000000	311.078491	0.000000	27.7
225	0.000000	310.505602	0.000000	28.8
226	-0.285739	309.935518	0.002355	30.3
227	0.000000	309.368217	0.000000	30.0
228	-0.065048	308.803676	0.001125	30.7
229	-0.000000	308.241874	0.000000	29.2
230	-0.221504	307.682789	0.003897	27.9
231	-0.941506	307.126400	0.006166	30.2
232	-0.716491	306.572687	0.007028	28.2
233	-0.969864	306.021627	0.007267	29.4
234	-0.308118	305.473201	0.004478	28.0
235	-0.767162	304.927388	0.006384	30.5
236	-0.799636	304.384168	0.005972	31.3
237	-0.483508	303.843521	0.003827	30.1
238	-0.901331	303.305427	0.006181	30.6
239	-0.384263	302.769867	0.006190	30.3
240	-0.162271	302.236821	0.002462	30.0
241	-0.228494	301.706270	0.004131	29.1
242	-0.906606	301.178196	0.006750	30.5
243	-0.657549	300.652580	0.004121	29.8
244	0.000000	300.129402	0.000000	28.4
245	-0.597707	299.608645	0.005802	29.3
246	-0.475241	299.090291	0.004776	30.0
247	-0.471785	298.574321	0.006101	29.0
248	-0.416419	298.060718	0.003636	28.6
249	-0.013106	297.549465	0.000150	28.6
250	-0.854799	297.040543	0.008381	28.4
251	-0.757391	296.533936	0.004854	30.2
252	-0.715523	296.029626	0.004811	30.1
253	-0.041152	295.527597	0.001268	30.6
254	-0.627090	295.027832	0.006658	30.0
255	0.000000	294.530315	0.000000	29.2
256	-0.000000	294.035028	0.000000	30.1
257	0.000000	293.541956	0.000000	31.4
258	-0.000001	293.051083	0.000000	30.4
259	-0.219859	292.562393	0.002570	29.1
260	-0.404225	292.075870	0.003941	28.1
261	-0.534127	291.591498	0.006169	29.3
262	-0.762883	291.109263	0.005619	29.7
263	-1.007192	290.629149	0.007792	30.0
264	-0.515810	290.151140	0.003506	27.3
265	-0.001472	289.675222	0.000398	30.0
266	-0.217488	289.201380	0.004140	28.6
267	-0.881671	288.729600	0.007150	30.2
268	-0.611132	288.259866	0.007890	29.7
269	-0.874702	287.792165	0.006208	30.2
270	0.000000	287.326481	0.000000	29.9
271	0.000000	286.862802	0.000000	29.6
272	-0.353699	286.401113	0.004736	29.8
273	-1.042045	285.941400	0.008489	28.5
274	0.000000	285.483649	0.000000	28.4
275	0.000000	285.027847	0.000000	29.5
276	-0.510344	284.573981	0.004368	28.6
277	-0.250089	284.122037	0.002941	29.6
278	0.000000	283.672002	0.000000	28.1
279	-0.983577	283.223863	0.008083	30.2
280	-0.848850	282.777607	0.005543	29.9
281	-0.329891	282.333221	0.002919	29.8
282	-0.894048	281.890692	0.006755	28.1
283	-0.676997	281.450008	0.006022	29.3
284	-0.415441	281.011157	0.003864	28.3
285	-0.684346	280.574125	0.007993	30.5
286	-0.067846	280.138901	0.001251	30.1
287	-0.027593	279.705473	0.000866	30.3
288	-0.684906	279.273829	0.006072	29.0
289	0.000000	278.843956	0.000000	29.9
290	-0.040486	278.415844	0.001393	29.9
291	-0.461977	277.989479	0.006640	29.4
292	-1.027521	277.564851	0.006650	29.4
293	-0.523610	277.141949	0.005892	28.0
294	0.000000	276.720761	0.000000	30.7
295	0.000000	276.301275	0.000000	30.4
296	-0.454845	275.883480	0.004234	29.9
297	-0.702953	275.467366	0.004575	29.4
298	-0.441628	275.052922	0.005272	29.7
299	-0.565569	274.640136	0.005642	29.2
300	-0.384737	274.228998	0.003721	30.9
301	-0.064936	273.819497	0.002745	30.1
302	-0.033453	273.411623	0.003673	30.6
303	-0.664305	273.005365	0.004205	31.0
304	-0.597178	272.600712	0.007397	28.8
305	-0.203729	272.197655	0.002372	29.8
306	-0.574592	271.796184	0.007445	29.1
307	-0.820264	271.396287	0.006656	29.5
308	-0.192215	270.997956	0.003022	32.3
309	-0.789582	270.601180	0.005733	28.0
310	-0.316684	270.205949	0.004220	30.9
311	-0.620795	269.812254	0.005876	31.9
312	-0.125520	269.420085	0.002114	34.4
313	-0.679076	269.029432	0.005579	32.9
314	-0.937955	268.640287	0.006024	31.0
315	-0.789047	268.252638	0.004724	29.6
316	-0.812472	267.866478	0.005902	32.6
317	0.000000	267.481796	0.000000	31.1
318	-0.267336	267.098584	0.004272	32.0
319	-0.795467	266.716833	0.005146	31.0
320	-0.586891	266.336533	0.007748	30.8
321	-0.830176	265.957676	0.005838	29.2
322	-0.448993	265.580253	0.004311	30.5
323	-0.503550	265.204254	0.006197	29.5
324	-0.248644	264.829672	0.002937	31.8
325	0.000000	264.456497	0.000000	30.7
326	0.000000	264.084721	0.000000	33.7
327	-0.287146	263.714335	0.003216	28.4
328	-0.887056	263.345332	0.007009	30.2
329	-0.652467	262.977702	0.004557	28.4
330	-0.521625	262.611438	0.003646	30.3
331	-0.905772	262.246531	0.007001	30.2
332	0.000000	261.882973	0.000000	30.1
333	-0.433091	261.520756	0.003376	28.4
334	-1.122039	261.159871	0.009865	30.2
335	-0.595441	260.800312	0.003962	29.4
336	-0.502642	260.442070	0.005725	30.4
337	-0.783032	260.085137	0.006548	29.9
338	-0.779085	259.729505	0.005312	30.0
339	-0.631132	259.375167	0.005620	29.2
340	-0.657757	259.022116	0.005604	29.8
341	-0.002702	258.670343	0.000301	30.1
342	-0.532808	258.319841	0.002849	28.6
343	-0.591752	257.970602	0.007822	28.3
344	-0.680086	257.622620	0.005104	29.9
345	-0.006012	257.275887	0.000218	29.2
346	-0.949211	256.930396	0.006266	30.2
347	-0.229200	256.586139	0.002441	29.5
348	-0.448707	256.243109	0.004882	30.2
349	-0.646687	255.901300	0.007708	28.5
350	-0.592146	255.560703	0.004941	30.3
351	-0.024296	255.221313	0.001421	29.0
352	0.000000	254.883122	0.000000	30.6
353	-0.076757	254.546124	0.001739	29.1
354	-0.219022	254.210311	0.001795	29.7
355	-0.008081	253.875677	0.000350	30.9
356	-0.430423	253.542215	0.004912	28.7
357	-0.652577	253.209918	0.007482	30.8
358	-0.820238	252.878781	0.004202	31.8
359	-0.686372	252.548795	0.005153	29.6
360	-0.146517	252.219956	0.002883	29.4
361	-0.657361	251.892255	0.004789	30.3
362	-0.249621	251.565688	0.003446	30.0
363	-0.045865	251.240247	0.001303	30.5
364	-0.352696	250.915926	0.003995	29.4
365	-0.618723	250.592720	0.008826	30.8
366	-0.005406	250.270621	0.000423	30.8
367	-0.847047	249.949624	0.008858	29.8
368	-0.413865	249.629723	0.004541	29.8
369	-0.200079	249.310911	0.002727	30.9
370	-0.790055	248.993182	0.006305	30.0
371	-0.363326	248.676531	0.003993	29.3
372	-0.890060	248.360952	0.005940	30.3
373	-0.433212	248.046438	0.004943	30.5
374	-0.844911	247.732984	0.005153	29.6
375	-0.968869	247.420584	0.007146	30.3
376	-0.706977	247.109233	0.007429	30.7
377	0.000000	246.798924	0.000000	29.3
378	-0.541681	246.489652	0.006610	29.5
379	0.000000	246.181412	0.000000	30.7
380	-0.517135	245.874197	0.007215	31.2
381	-0.696190	245.568002	0.005328	30.0
382	0.000000	245.262822	0.000000	30.1
383	-0.503574	244.958652	0.005155	28.6
384	-0.620465	244.655485	0.004268	30.3
385	-0.787761	244.353317	0.006909	28.0
386	-0.238935	244.052142	0.003705	31.2
387	-0.442586	243.751955	0.005818	28.9
388	-0.718009	243.452750	0.007406	29.5
389	0.000000	243.154523	0.000000	29.0
390	-0.634806	242.857268	0.005361	29.7
391	-0.474101	242.560980	0.003387	30.0
392	-0.118152	242.265654	0.002136	29.0
393	-0.845120	241.971285	0.005559	28.5
394	-0.805116	241.677868	0.005628	30.1
395	-0.484074	241.385397	0.005118	29.9
396	-0.325901	241.093869	0.004208	30.6
397	0.000000	240.803278	0.000000	28.8
398	-0.559133	240.513619	0.005702	30.1
399	-0.532154	240.224887	0.007575	27.0
400	-0.026557	239.937077	0.000898	30.2
401	-0.934572	239.650186	0.006800	30.2
402	-0.904081	239.364207	0.005881	30.2
403	-0.007428	239.079136	0.000750	30.3
404	0.000000	238.794969	0.000000	29.0
405	0.000000	238.511701	0.000000	29.9
406	0.000000	238.229327	0.000000	30.4
407	-0.707155	237.947843	0.007073	29.3
408	-0.000000	237.667244	0.000000	29.1
409	-0.016408	237.387526	0.001162	30.1
410	0.000000	237.108684	0.000000	30.2
411	0.000000	236.830714	0.000000	29.3
412	0.000000	236.553610	0.000000	29.5
413	-0.857247	236.277370	0.005301	29.0
414	-0.015438	236.001989	0.001125	29.1
415	-0.919963	235.727461	0.005666	28.4
416	-0.642914	235.453784	0.005526	30.4
417	0.000000	235.180952	0.000000	29.9
418	-0.766634	234.908962	0.007257	29.6
419	-0.403510	234.637809	0.005591	28.0
420	-0.008591	234.367488	0.000000	30.2
421	-0.821087	234.097997	0.003974	30.5
422	0.000000	233.829331	0.000000	29.6
423	0.000000	233.561485	0.000000	30.9
424	-0.831977	233.294456	0.006651	30.1
425	-0.523981	233.028239	0.005527	30.1
426	-0.840967	232.762831	0.008536	29.8
427	-0.637027	232.498228	0.006567	30.5
428	0.000000	232.234425	0.000000	28.8
429	-0.383015	231.971419	0.007476	29.2
430	-0.028177	231.709205	0.001195	30.5
431	-0.837328	231.447781	0.006959	30.1
432	0.000000	231.187141	0.000000	32.3
433	0.000000	230.927283	0.000000	30.6
434	-0.764136	230.668202	0.004621	31.3
435	-0.769201	230.409895	0.007597	30.6
436	-0.557919	230.152358	0.004700	30.9
437	-0.829956	229.895587	0.005693	29.5
438	-0.401484	229.639578	0.003322	29.5
439	-0.916251	229.384329	0.005653	30.0
440	-0.502631	229.129834	0.004862	30.1
441	-0.646540	228.876091	0.004691	29.4
442	-0.861314	228.623096	0.004579	28.5
443	-0.045788	228.370846	0.001836	30.2
444	-0.393231	228.119336	0.003061	29.5
445	-0.255152	227.868563	0.003507	31.1
446	-0.588681	227.618525	0.004117	29.9
447	-0.000220	227.369216	0.000039	30.7
448	-0.768132	227.120635	0.004916	28.5
449	-0.703628	226.872777	0.005304	30.6
450	-0.530314	226.625638	0.004506	31.0
451	-0.060519	226.379217	0.001667	31.4
452	-0.350047	226.133509	0.004006	30.0
453	0.000000	225.888510	0.000000	30.2
454	-0.315949	225.644218	0.002696	31.6
455	-0.932349	225.400630	0.005476	28.8
456	-0.349597	225.157741	0.006036	29.4
457	-0.593771	224.915549	0.004817	30.4
458	0.000000	224.674051	0.000000	29.2
459	-0.803942	224.433242	0.004539	28.3
460	-0.262319	224.193121	0.005881	29.7
461	-0.000000	223.953684	0.000000	29.0
462	0.000000	223.714927	0.000000	29.7
463	0.000000	223.476848	0.000000	30.3
464	-0.716634	223.239444	0.006447	28.6
465	-0.713271	223.002710	0.004738	29.7
466	-0.358746	222.766645	0.006603	29.9
467	-0.621057	222.531245	0.005839	30.6
468	-0.651666	222.296508	0.005275	28.7
469	-0.599100	222.062429	0.004670	29.8
470	-0.277203	221.829007	0.003199	29.4
471	-0.589908	221.596238	0.006466	29.3
472	-0.862398	221.364119	0.007370	29.8
473	-0.358006	221.132647	0.005947	30.9
474	0.000000	220.901820	0.000000	31.1
475	-0.050893	220.671634	0.001264	30.2
476	-0.690460	220.442086	0.006020	29.5
477	-0.393326	220.213174	0.003122	30.2
478	-0.299970	219.984895	0.004138	29.7
479	-0.707080	219.757246	0.004816	29.2
480	-0.724117	219.530224	0.009263	29.8
481	-0.544782	219.303826	0.006742	30.0
482	-0.654496	219.078050	0.004412	30.2
483	0.000000	218.852893	0.000000	29.3
484	-0.004579	218.628352	0.000122	29.6
485	-0.131083	218.404424	0.001277	30.5
486	-0.622952	218.181106	0.007079	28.4
487	0.000000	217.958397	0.000000	30.0
488	-0.754276	217.736292	0.005929	30.1
489	-0.259469	217.514790	0.003599	30.9
490	-0.039306	217.293888	0.001265	28.9
491	-0.000000	217.073584	0.000000	28.3
492	-0.476300	216.853873	0.005915	28.8
493	-0.199151	216.634755	0.003081	30.4
494	-0.170606	216.416227	0.001328	29.0
495	0.000000	216.198285	0.000000	30.1
496	-0.114880	215.980927	0.001994	30.3
497	-0.850761	215.764151	0.006559	29.9
498	-0.214383	215.547955	0.002248	31.6
499	-0.626214	215.332335	0.006353	31.5
500	-0.657482	215.117289	0.006174	29.7
501	-0.577581	214.902815	0.006145	31.0
502	-0.100276	214.688911	0.001895	30.7
503	-0.956479	214.475573	0.005569	30.5
504	-0.820159	214.262800	0.004343	29.7
505	0.000000	214.050588	0.000000	29.8
506	-0.082091	213.838936	0.002198	30.6
507	-0.189288	213.627842	0.002438	29.9
508	-0.676513	213.417302	0.005370	28.9
509	-0.444466	213.207314	0.006599	29.9
510	-0.737296	212.997877	0.005875	30.2
511	-0.657851	212.788987	0.006886	30.4
512	-0.346342	212.580642	0.005099	29.6
513	-0.050840	212.372841	0.001086	31.9
514	0.000000	212.165581	0.000000	30.1
515	-0.712018	211.958859	0.005245	28.4
516	-0.983809	211.752673	0.006875	30.1
517	-0.341177	211.547021	0.005110	29.8
518	-0.054481	211.341902	0.003216	31.9
519	-0.000004	211.137311	0.000005	29.3
520	0.000000	210.933248	0.000000	31.0
521	-0.829358	210.729710	0.006690	29.0
522	-1.043169	210.526695	0.007736	30.5
523	-0.297336	210.324200	0.004356	29.1
524	-0.193612	210.122224	0.003816	30.7
525	-0.282848	209.920765	0.002864	30.5
526	-0.841960	209.719820	0.005686	30.6
527	-0.000010	209.519387	0.000008	29.5
528	-0.201556	209.319463	0.003293	29.6
529	-0.132488	209.120048	0.001612	29.9
530	-0.193820	208.921139	0.002303	29.1
531	-0.714524	208.722733	0.003698	27.9
532	-0.672673	208.524829	0.005275	29.6
533	0.000000	208.327425	0.000000	29.3
534	-0.672898	208.130518	0.003870	30.4
535	-0.729677	207.934107	0.006552	29.9
536	0.000000	207.738189	0.000000	31.0
537	0.000000	207.542762	0.000000	28.5
538	-0.001018	207.347825	0.000102	30.4
539	0.000000	207.153376	0.000000	30.7
540	-0.666356	206.959412	0.006517	30.9
541	0.000000	206.765932	0.000000	29.3
542	-0.493808	206.572933	0.004602	29.2
543	-0.830751	206.380414	0.005579	28.8
544	-0.020677	206.188373	0.000497	29.5
545	-0.407489	205.996807	0.003633	30.4
546	-0.528803	205.805716	0.007325	29.3
547	-0.503607	205.615096	0.004307	28.1
548	0.000000	205.424946	0.000000	30.0
549	-0.465136	205.235265	0.005166	31.8
550	-0.741873	205.046050	0.007364	30.4
551	-0.783421	204.857299	0.005870	29.2
552	-0.601753	204.669011	0.005982	28.9
553	-0.845752	204.481184	0.007422	28.5
554	-0.408705	204.293816	0.005799	29.2
555	-0.736681	204.106905	0.008808	30.3
556	-0.985332	203.920449	0.008358	29.6
557	-0.450362	203.734447	0.004784	29.7
558	0.000000	203.548896	0.000000	29.9
559	-0.814869	203.363795	0.007601	30.3
560	-0.929995	203.179143	0.005720	30.9
561	-0.617760	202.994937	0.007199	30.2
562	0.000000	202.811176	0.000000	29.7
563	-0.659891	202.627857	0.004858	29.1
564	-0.247253	202.444980	0.004235	31.9
565	-1.010613	202.262543	0.006161	31.8
566	-0.108006	202.080543	0.001694	30.0
567	-0.818176	201.898979	0.005985	30.2
568	-0.384991	201.717849	0.004052	29.1
569	-0.677265	201.537153	0.004710	30.6
570	-0.550094	201.356887	0.005775	27.8
571	-0.007873	201.177050	0.001665	29.3
572	0.000000	200.997642	0.000000	29.3
573	-0.912927	200.818659	0.005399	29.9
574	-0.529655	200.640100	0.006391	29.5
575	-0.401261	200.461965	0.006736	29.6
576	0.000000	200.284250	0.000000	30.4
577	-0.641569	200.106955	0.006334	31.6
578	-0.910835	199.930078	0.005781	31.1
579	-0.000576	199.753617	0.000058	29.6
580	-0.006817	199.577571	0.000451	30.3
581	-0.006020	199.401938	0.000221	29.4
582	-0.764376	199.226717	0.004269	30.2
583	-0.850926	199.051905	0.006308	29.0
584	-0.269772	198.877502	0.004477	31.3
585	0.000000	198.703506	0.000000	30.0
586	-0.415626	198.529916	0.003615	32.1
587	-0.332477	198.356729	0.004557	30.0
588	-0.379098	198.183944	0.005760	31.2
589	-0.270635	198.011560	0.003400	30.6
590	-0.430712	197.839576	0.004968	31.1
591	-0.140484	197.667989	0.002685	30.2
592	0.000000	197.496798	0.000000	32.3
593	-0.685055	197.326002	0.006562	30.4
594	-0.000343	197.155600	0.000151	30.7
595	-0.529051	196.985589	0.005930	30.7
596	-0.161571	196.815969	0.002706	29.6
597	-0.445239	196.646738	0.006178	30.2
598	-0.748628	196.477894	0.004518	30.4
599	0.000000	196.309436	0.000000	29.9
600	-0.002042	196.141363	0.000075	30.0
601	-0.831543	195.973673	0.005980	31.5
602	-0.988010	195.806365	0.006743	28.0
603	0.000000	195.639437	0.000000	31.3
604	-0.359650	195.472888	0.003136	30.5
605	-0.907163	195.306717	0.005828	31.5
606	-0.038556	195.140922	0.000578	31.0
607	0.000000	194.975501	0.000000	29.5
608	0.000000	194.810454	0.000000	30.4
609	-0.780399	194.645779	0.004158	27.4
610	-0.890260	194.481475	0.006399	30.5
611	-0.629067	194.317540	0.007354	30.5
612	-0.594331	194.153973	0.003999	29.0
613	-0.184932	193.990773	0.001604	30.2
614	0.000000	193.827938	0.000000	29.6
615	0.000000	193.665467	0.000000	29.8
616	0.000000	193.503358	0.000000	29.6
617	-0.902373	193.341611	0.004850	30.4
618	-0.081041	193.180224	0.001355	29.3
619	-0.189413	193.019196	0.004389	30.1
620	-0.296528	192.858525	0.003295	29.3
621	-0.299742	192.698210	0.002500	30.6
622	-0.853011	192.538251	0.005915	30.4
623	-0.004053	192.378644	0.000214	29.3
624	-0.587396	192.219391	0.006019	27.9
625	-0.720742	192.060488	0.006711	30.0
626	-0.549248	191.901935	0.007030	28.7
627	-0.370539	191.743730	0.005557	30.4
628	-0.137684	191.585873	0.001268	27.7
629	-0.691728	191.428362	0.005850	30.4
630	-0.728912	191.271196	0.004795	31.1
631	0.000000	191.114374	0.000000	30.5
632	-0.957856	190.957893	0.008386	30.3
633	-0.615011	190.801755	0.005577	29.9
634	-0.318652	190.645956	0.006190	31.3
635	-0.918305	190.490495	0.006244	29.7
636	-0.010281	190.335373	0.000514	30.2
637	-0.625404	190.180587	0.003947	29.7
638	-0.595463	190.026136	0.004671	30.1
639	-0.000000	189.872019	0.000000	29.5
640	0.000000	189.718235	0.000000	29.3
641	-0.711402	189.564782	0.005874	29.3
642	-0.024693	189.411661	0.001115	29.2
643	-0.603014	189.258868	0.007325	30.5
644	-0.404360	189.106404	0.003626	29.0
645	-0.141330	188.954267	0.002087	29.1
646	-0.784872	188.802456	0.006546	29.6
647	-0.811328	188.650969	0.003992	30.5
648	-0.795388	188.499807	0.006803	30.7
649	0.000000	188.348967	0.000000	29.7
650	-0.261470	188.198448	0.003083	28.7
651	-0.257828	188.048250	0.002994	29.3
652	-0.742038	187.898371	0.004834	29.7
653	-0.084235	187.748810	0.002210	29.9
654	-0.505690	187.599566	0.006650	29.5
655	0.000000	187.450638	0.000000	28.6
656	-0.621018	187.302025	0.005726	29.8
657	0.000000	187.153725	0.000000	29.6
658	-0.865390	187.005739	0.008797	30.3
659	-0.662141	186.858064	0.005166	30.1
660	-0.822652	186.710699	0.005774	31.3
661	-0.358065	186.563645	0.003754	30.5
662	0.000000	186.416898	0.000000	30.3
663	0.000000	186.270459	0.000000	29.9
664	-0.721290	186.124326	0.005037	31.6
665	-0.533192	185.978499	0.006513	30.7
666	-0.896975	185.832976	0.004718	30.1
667	-0.477577	185.687756	0.006389	28.5
668	-0.842288	185.542838	0.007443	29.4
669	-0.807265	185.398222	0.006324	29.4
670	-0.956592	185.253906	0.006025	30.1
671	0.000000	185.109889	0.000000	28.9
672	-0.708422	184.966170	0.005215	29.5
673	0.000000	184.822748	0.000000	29.7
674	0.000000	184.679623	0.000000	28.9
675	-0.342855	184.536792	0.005147	29.5
676	-0.515294	184.394256	0.006307	30.2
677	-0.349413	184.252013	0.003310	27.9
678	0.000000	184.110062	0.000000	29.6
679	-0.753798	183.968403	0.004307	30.9
680	-0.884442	183.827034	0.006372	29.7
681	-0.358116	183.685954	0.004893	28.0
682	-0.502856	183.545163	0.003706	29.6
683	-0.024051	183.404658	0.000537	28.5
684	-0.166722	183.264441	0.001811	31.1
685	-0.550660	183.124509	0.005953	29.8
686	-0.483156	182.984861	0.004171	30.6
687	-0.556834	182.845497	0.007237	30.0
688	0.000000	182.706416	0.000000	30.2
689	0.000000	182.567616	0.000000	30.7
690	0.000000	182.429098	0.000000	30.8
691	-0.464047	182.290859	0.004689	30.2
692	-0.342603	182.152899	0.003793	29.8
693	-0.550319	182.015217	0.007260	30.3
694	-0.468819	181.877813	0.003118	29.3
695	0.000000	181.740684	0.000000	29.8
696	-0.471749	181.603832	0.005186	31.0
697	0.000000	181.467253	0.000000	30.4
698	-0.226764	181.330948	0.002598	30.1
699	-0.237117	181.194916	0.003040	30.3
700	-0.712080	181.059155	0.004457	29.1
701	0.000000	180.923666	0.000000	29.9
702	-0.996703	180.788446	0.006321	30.1
703	0.000000	180.653496	0.000000	31.5
704	-0.810490	180.518814	0.007102	29.5
705	-0.215181	180.384399	0.002751	28.9
706	-0.165106	180.250251	0.003043	30.6
707	-0.861399	180.116369	0.006787	30.0
708	-0.815081	179.982752	0.006485	31.2
709	-0.477752	179.849398	0.005791	28.9
710	-0.642767	179.716308	0.005942	30.4
711	-0.676722	179.583480	0.005173	28.9
712	-0.597205	179.450913	0.006691	29.4
713	-0.636472	179.318607	0.007167	30.0
714	-0.665692	179.186561	0.006642	28.9
715	-0.572554	179.054774	0.005036	28.7
716	-0.848076	178.923245	0.005834	27.6
717	-0.157941	178.791973	0.003199	30.1
718	-0.621633	178.660958	0.007244	29.3
719	-0.595086	178.530199	0.004338	29.3
720	-0.864373	178.399694	0.007258	29.1
721	0.000000	178.269444	0.000000	30.1
722	-0.529181	178.139447	0.003443	31.0
723	-0.433995	178.009702	0.006332	30.1
724	-0.032802	177.880209	0.000938	29.8
725	-0.305492	177.750967	0.004082	28.3
726	-0.608785	177.621975	0.006687	29.4
727	-0.605729	177.493232	0.004602	28.4
728	-0.225917	177.364738	0.001978	29.8
729	-0.526813	177.236492	0.007457	30.5
730	-0.906753	177.108492	0.005243	30.6
731	-0.767603	176.980739	0.007742	30.3
732	-0.058285	176.853231	0.001438	30.8
733	-0.648295	176.725968	0.006454	30.4
734	-0.465716	176.598949	0.005414	29.8
735	-0.100856	176.472173	0.002223	29.7
736	-0.506662	176.345639	0.005684	29.0
737	-0.250776	176.219348	0.003432	30.3
738	0.000000	176.093296	0.000000	28.4
739	-0.428950	175.967486	0.005317	29.0
740	-0.232425	175.841914	0.002492	30.6
741	-0.710385	175.716581	0.004096	28.7
742	0.000000	175.591486	0.000000	30.8
743	-0.378501	175.466629	0.005487	28.8
744	-0.857847	175.342008	0.005178	30.7
745	0.000000	175.217622	0.000000	28.9
746	-0.625461	175.093472	0.007641	29.9
747	-0.297709	174.969556	0.002495	29.6
748	-0.969911	174.845873	0.007044	29.1
749	-0.821898	174.722423	0.004430	29.9
750	-0.866750	174.599206	0.005070	30.2
751	-0.013929	174.476220	0.000515	29.1
752	-0.623765	174.353464	0.007456	30.5
753	-0.066918	174.230939	0.000930	31.2
754	-0.470791	174.108643	0.003630	30.3
755	-0.162684	173.986576	0.002057	30.4
756	-0.857097	173.864737	0.004720	29.5
757	-0.071817	173.743124	0.001478	30.6
758	-0.285863	173.621739	0.004415	29.1
759	0.000000	173.500579	0.000000	30.4
760	-0.227995	173.379645	0.002941	29.3
761	0.000000	173.258935	0.000000	30.0
762	-0.858795	173.138449	0.005674	28.6
763	-0.056496	173.018186	0.000774	30.5
764	-0.518917	172.898146	0.008331	29.3
765	-0.416942	172.778327	0.004267	30.5
766	-0.914161	172.658730	0.005564	29.3
767	-0.041658	172.539353	0.001111	28.3
768	-0.553338	172.420196	0.004721	30.4
769	0.000000	172.301258	0.000000	30.2
770	-0.537363	172.182539	0.005938	30.6
771	-0.335266	172.064037	0.001714	30.2
772	-0.415375	171.945753	0.005302	29.1
773	-0.702358	171.827686	0.005894	28.8
774	-0.664612	171.709834	0.004683	30.4
775	0.000000	171.592198	0.000000	29.5
776	-0.773094	171.474776	0.005393	30.4
777	-0.091491	171.357568	0.001814	29.8
778	-0.264854	171.240574	0.005435	29.9
779	0.000000	171.123793	0.000000	28.2
780	-0.589342	171.007223	0.006279	31.3
781	-0.768828	170.890865	0.004773	29.8
782	-0.005573	170.774718	0.000141	29.8
783	0.000000	170.658782	0.000000	30.6
784	-0.348950	170.543055	0.004888	29.6
785	-0.014875	170.427537	0.000961	30.5
786	-0.029304	170.312227	0.000930	30.4
787	-0.831785	170.197125	0.006531	30.4
788	-0.074684	170.082231	0.001640	30.0
789	-0.841029	169.967543	0.005218	30.2
790	-0.718285	169.853061	0.006125	28.0
791	-0.126372	169.738784	0.002222	29.5
792	-0.858610	169.624713	0.006754	30.0
793	0.000000	169.510845	0.000000	29.2
794	-0.274100	169.397181	0.003431	28.2
795	-0.376791	169.283720	0.003125	30.3
796	-0.543602	169.170462	0.005113	29.9
797	0.000000	169.057405	0.000000	30.4
798	-0.784611	168.944549	0.004364	30.0
799	0.000000	168.831895	0.000000	30.9
800	-0.806894	168.719440	0.005500	31.5
801	0.000000	168.607185	0.000000	28.8
802	-0.007228	168.495129	0.000375	31.6
803	-0.409473	168.383271	0.005162	29.3
804	-0.008519	168.271611	0.000607	30.5
805	-0.766113	168.160148	0.004714	29.2
806	-0.517995	168.048882	0.006525	28.9
807	-0.725752	167.937812	0.004356	29.3
808	-0.928437	167.826938	0.004333	29.2
809	-0.618747	167.716258	0.004228	29.2
810	-0.363210	167.605773	0.002573	28.3
811	-0.772403	167.495482	0.007097	29.9
812	-0.696463	167.385384	0.007035	31.8
813	-0.052707	167.275479	0.000914	29.5
814	-0.699167	167.165766	0.005347	29.1
815	-0.887744	167.056245	0.004767	29.7
816	-0.111587	166.946915	0.000584	27.8
817	0.000000	166.837776	0.000000	30.1
818	-0.887563	166.728826	0.006102	29.6
819	0.000000	166.620067	0.000000	30.4
820	-0.943256	166.511496	0.005173	30.1
821	0.000000	166.403113	0.000000	29.2
822	0.000000	166.294919	0.000000	29.2
823	-0.597958	166.186912	0.003729	30.4
824	-0.857530	166.079091	0.005180	29.6
825	-0.460995	165.971458	0.002677	28.8
826	-0.453246	165.864009	0.005043	30.4
827	-0.043169	165.756747	0.000386	30.2
828	-0.900861	165.649669	0.004743	30.9
829	-0.170460	165.542775	0.001768	31.0
830	-0.000000	165.436065	0.000000	29.8
831	-0.422895	165.329538	0.005442	30.4
832	-0.968042	165.223194	0.006372	29.5
833	-0.005421	165.117032	0.000329	30.1
834	-0.462407	165.011052	0.007301	28.4
835	-0.905271	164.905253	0.006132	29.0
836	0.000000	164.799635	0.000000	30.0
837	-0.745703	164.694197	0.006794	28.1
838	-0.829604	164.588939	0.006359	30.5
839	-0.214321	164.483859	0.002249	30.1
840	-0.001608	164.378959	0.000131	29.5
841	-0.843327	164.274237	0.005501	28.7
842	-0.040225	164.169692	0.001242	29.5
843	-0.260409	164.065325	0.005269	30.2
844	-0.488652	163.961135	0.006677	30.4
845	-0.571290	163.857120	0.006235	31.6
846	-0.626289	163.753282	0.006183	30.8
847	-0.150633	163.649619	0.002272	30.4
848	-0.000000	163.546130	0.000000	30.4
849	-0.762058	163.442816	0.004360	30.3
850	-0.280144	163.339676	0.003653	29.7
851	-0.764589	163.236709	0.005367	30.6
852	-0.653044	163.133915	0.006609	30.4
853	-0.000000	163.031294	0.000000	29.9
854	0.000000	162.928844	0.000000	28.9
855	0.000000	162.826566	0.000000	30.2
856	0.000000	162.724459	0.000000	29.2
857	0.000000	162.622523	0.000000	29.6
858	-0.878874	162.520757	0.005751	29.8
859	-0.384765	162.419160	0.003143	27.9
860	-0.751056	162.317733	0.006985	29.0
861	-0.965245	162.216474	0.005499	30.3
862	0.000000	162.115383	0.000000	29.1
863	-0.709084	162.014461	0.003257	27.5
864	0.000000	161.913705	0.000000	29.2
865	-0.000000	161.813117	0.000000	31.1
866	0.000000	161.712695	0.000000	30.4
867	-0.469281	161.612439	0.005316	30.3
868	-0.913313	161.512349	0.006494	30.6
869	-0.761437	161.412424	0.006664	29.8
870	0.000000	161.312663	0.000000	30.7
871	-0.000161	161.213067	0.000037	31.4
872	-0.281003	161.113635	0.004505	30.4
873	-0.499237	161.014366	0.005675	30.4
874	-0.662086	160.915260	0.004999	29.7
875	0.000000	160.816316	0.000000	30.8
876	-0.953094	160.717535	0.005501	28.9
877	-0.696694	160.618915	0.005790	30.0
878	-0.731635	160.520456	0.006735	32.3
879	-0.481219	160.422158	0.003953	29.9
880	-0.461401	160.324021	0.006070	29.5
881	-0.970278	160.226043	0.007129	29.7
882	-0.831506	160.128225	0.005689	29.7
883	-0.014612	160.030566	0.000501	29.5
884	-0.016260	159.933066	0.001175	29.6
885	-0.187478	159.835723	0.001436	29.5
886	-0.380490	159.738539	0.005487	31.0
887	-0.577488	159.641512	0.003440	28.7
888	-0.726915	159.544642	0.004833	30.6
889	-0.830379	159.447929	0.004765	28.7
890	-0.791735	159.351372	0.003908	30.1
891	-0.357619	159.254971	0.003946	30.2
892	-0.144578	159.158725	0.002106	29.1
893	-0.261750	159.062634	0.002330	28.8
894	-0.370519	158.966697	0.004797	31.1
895	-0.000001	158.870915	0.000002	30.1
896	-0.403738	158.775286	0.003575	30.2
897	-0.699500	158.679811	0.005231	30.4
898	0.000000	158.584489	0.000000	29.3
899	-0.004131	158.489319	0.000367	30.1
900	-0.898145	158.394302	0.005527	30.2
901	0.000000	158.299436	0.000000	30.2
902	-0.517359	158.204721	0.006293	29.9
903	-0.814030	158.110158	0.007709	29.3
904	-0.921904	158.015745	0.006298	28.7
905	-0.693803	157.921482	0.006768	30.9
906	-0.131558	157.827369	0.001535	28.5
907	-0.432967	157.733406	0.003904	30.5
908	-0.186129	157.639591	0.002156	29.2
909	-0.493792	157.545925	0.007024	30.1
910	-0.339807	157.452408	0.004730	29.9
911	-0.661076	157.359038	0.006935	30.1
912	-0.553171	157.265816	0.005929	29.2
913	-0.848528	157.172741	0.004465	29.1
914	-0.363860	157.079813	0.004205	31.2
915	-0.000000	156.987031	0.000000	29.6
916	-0.529136	156.894395	0.005589	30.1
917	-0.432817	156.801904	0.004818	31.8
918	-0.368405	156.709559	0.004991	28.5
919	-0.019241	156.617359	0.000788	29.2
920	-0.745015	156.525304	0.004168	29.8
921	-0.891221	156.433392	0.005045	28.7
922	-0.199783	156.341624	0.004111	29.3
923	-0.480609	156.250000	0.005335	30.1
924	-0.318703	156.158519	0.003814	30.4
925	-0.460807	156.067180	0.003325	30.7
926	-0.023831	155.975984	0.000827	30.0
927	0.000000	155.884930	0.000000	29.9
928	-0.763388	155.794017	0.005203	29.8
929	-0.940306	155.703246	0.006638	29.3
930	-0.400680	155.612615	0.003566	30.9
931	-0.508979	155.522125	0.005351	29.2
932	-0.865717	155.431775	0.005386	30.0
933	-0.719750	155.341565	0.007884	30.3
934	-0.811310	155.251495	0.006128	27.5
935	-0.513139	155.161563	0.006328	29.5
936	-0.960739	155.071771	0.007129	29.0
937	-0.830963	154.982117	0.005670	31.0
938	-0.668550	154.892601	0.005865	30.1
939	-0.871495	154.803222	0.004928	29.4
940	-0.307518	154.713981	0.004361	30.1
941	0.000000	154.624878	0.000000	31.0
942	-0.857390	154.535910	0.005981	30.3
943	-0.000056	154.447080	0.000015	31.7
944	-0.338493	154.358385	0.002987	30.7
945	-0.459501	154.269826	0.005643	30.0
946	-0.157869	154.181402	0.002060	29.7
947	-0.478252	154.093114	0.003428	28.6
948	-0.632961	154.004960	0.005674	30.0
949	-0.247617	153.916940	0.002751	29.7
950	0.000000	153.829054	0.000000	30.1
951	0.000000	153.741303	0.000000	29.1
952	-0.258727	153.653684	0.004055	28.0
953	-0.889996	153.566198	0.005512	30.4
954	-0.066059	153.478846	0.001739	30.2
955	-0.821585	153.391625	0.006449	31.4
956	0.000000	153.304537	0.000000	29.7
957	-0.697216	153.217580	0.006155	31.1
958	0.000000	153.130755	0.000000	28.0
959	-0.685409	153.044061	0.003672	29.0
960	0.000000	152.957498	0.000000	30.9
961	-0.929523	152.871065	0.005479	29.4
962	-0.416590	152.784762	0.006243	31.0
963	-0.718952	152.698589	0.004776	30.1
964	-0.528846	152.612545	0.004951	30.1
965	-0.590223	152.526631	0.005936	30.2
966	-0.842190	152.440845	0.006353	30.4
967	0.000000	152.355188	0.000000	30.1
968	-0.478137	152.269660	0.003627	30.1
969	-0.269113	152.184259	0.004737	29.9
970	-0.270876	152.098986	0.004632	29.1
971	0.000000	152.013840	0.000000	29.8
972	-0.541549	151.928821	0.007720	30.2
973	-1.047471	151.843928	0.007778	28.0
974	-0.754633	151.759163	0.006545	29.2
975	0.000000	151.674523	0.000000	29.5
976	-0.609595	151.590009	0.005760	29.4
977	-0.845043	151.505620	0.006325	28.9
978	-0.023393	151.421357	0.001158	29.5
979	-0.775919	151.337218	0.004596	30.6
980	0.000000	151.253204	0.000000	30.2
981	-0.319270	151.169314	0.002913	29.3
982	0.000000	151.085549	0.000000	29.9
983	-0.281616	151.001907	0.001776	30.7
984	-0.723305	150.918388	0.004930	29.0
985	-0.804538	150.834992	0.005902	30.4
986	0.000000	150.751719	0.000000	30.3
987	-0.639464	150.668569	0.006150	29.3
988	-0.655148	150.585541	0.007017	27.8
989	-0.578254	150.502634	0.005497	29.7
990	-0.621041	150.419849	0.005395	29.5
991	0.000000	150.337186	0.000000	30.2
992	0.000000	150.254644	0.000000	30.4
993	0.000000	150.172222	0.000000	30.5
994	-0.584850	150.089921	0.006189	31.5
995	-0.313897	150.007740	0.002969	31.9
996	-0.335584	149.925679	0.002372	31.3
997	-0.635085	149.843737	0.005243	29.1
998	-0.142667	149.761915	0.003590	33.3
999	-0.001589	149.680212	0.000081	31.5
1000	-0.635908	149.598627	0.006217	29.7
1001	-0.872783	149.517161	0.005420	31.5
1002	0.000000	149.435814	0.000000	29.8
1003	0.000000	149.354584	0.000000	30.1
1004	-0.346853	149.273472	0.002722	30.0
1005	-0.933251	149.192477	0.005485	30.1
1006	-0.616600	149.111599	0.006330	30.6
1007	-1.002275	149.030838	0.006179	30.4
1008	-0.485944	148.950194	0.006649	31.0
1009	-0.932049	148.869666	0.005330	31.8
1010	0.000000	148.789253	0.000000	30.9
1011	-0.599582	148.708957	0.006795	29.6
1012	-0.203721	148.628776	0.003613	31.7
1013	-0.000000	148.548710	0.000000	29.3
1014	-0.810009	148.468759	0.005004	30.8
1015	-0.815614	148.388923	0.006098	30.6
1016	0.000000	148.309201	0.000000	29.9
1017	-0.510735	148.229594	0.008222	31.0
1018	-0.837315	148.150100	0.004580	30.9
1019	0.000000	148.070719	0.000000	28.9
1020	-0.046373	147.991452	0.001237	30.9
1021	-0.024097	147.912298	0.000752	30.0
1022	-0.343860	147.833257	0.003264	31.2
1023	-0.712334	147.754329	0.004744	29.4
1024	-0.803007	147.675512	0.004680	31.2
1025	-0.006245	147.596808	0.000295	31.6
1026	-0.477339	147.518216	0.007547	29.2
1027	-0.753727	147.439735	0.007718	29.2
1028	-0.637082	147.361365	0.005252	30.8
1029	-0.904940	147.283106	0.007038	30.7
1030	-0.753506	147.204958	0.005263	30.2
1031	-0.000476	147.126920	0.000077	29.8
1032	0.000000	147.048993	0.000000	28.9
1033	-0.002563	146.971175	0.000198	29.3
1034	-0.195724	146.893468	0.002294	30.1
1035	0.000000	146.815869	0.000000	29.7
1036	-0.741409	146.738380	0.004834	28.4
1037	-0.821233	146.661000	0.005014	31.0
1038	-0.370264	146.583729	0.003054	29.9
1039	-0.772615	146.506566	0.006228	30.2
1040	-0.007967	146.429511	0.000198	29.6
1041	-0.449119	146.352565	0.006854	29.8
1042	-0.381427	146.275726	0.004914	28.6
1043	-0.463190	146.198994	0.007533	29.8
1044	-0.823889	146.122370	0.005603	28.8
1045	0.000000	146.045853	0.000000	29.6
1046	-0.885462	145.969442	0.005416	30.6
1047	-0.522959	145.893139	0.004438	29.3
1048	0.000000	145.816941	0.000000	29.8
1049	-0.756560	145.740849	0.005087	29.4
1050	-0.245734	145.664863	0.003456	29.5
1051	-0.319905	145.588983	0.003498	28.6
1052	-0.837844	145.513208	0.008118	30.7
1053	-0.977381	145.437538	0.005058	30.2
1054	0.000000	145.361973	0.000000	31.5
1055	-0.006881	145.286513	0.000222	29.8
1056	0.000000	145.211157	0.000000	30.1
1057	-0.742479	145.135905	0.005606	29.6
1058	-0.696125	145.060757	0.007381	30.4
1059	0.000000	144.985712	0.000000	28.6
1060	-0.453406	144.910771	0.003512	30.6
1061	-0.263949	144.835934	0.004234	29.3
1062	-0.027768	144.761199	0.003888	30.9
1063	-0.417718	144.686567	0.003475	28.5
1064	-0.493292	144.612037	0.006152	29.6
1065	-0.560681	144.537610	0.005247	30.6
1066	0.000000	144.463285	0.000000	29.1
1067	-0.240747	144.389062	0.003178	30.1
1068	-0.615616	144.314940	0.005284	28.0
1069	-0.553157	144.240920	0.006988	31.2
1070	-0.225426	144.167001	0.002565	30.5
1071	-0.000022	144.093182	0.000013	31.1
1072	-0.624475	144.019465	0.008240	29.3
1073	-0.334022	143.945848	0.006276	30.7
1074	0.000000	143.872331	0.000000	28.9
1075	-0.519593	143.798914	0.004849	30.4
1076	-0.036124	143.725597	0.001657	30.8
1077	-0.804209	143.652380	0.005590	31.9
1078	-0.512269	143.579262	0.004218	29.2
1079	-0.561236	143.506243	0.008603	30.3
1080	-0.884437	143.433323	0.007037	29.4
1081	0.000000	143.360502	0.000000	31.2
1082	-0.085305	143.287780	0.002072	28.7
1083	-0.382065	143.215155	0.003373	31.7
1084	-0.779257	143.142629	0.006045	29.2
1085	-0.821134	143.070201	0.005066	30.7
1086	-0.510271	142.997870	0.005137	29.9
1087	0.000000	142.925637	0.000000	28.9
1088	-0.657130	142.853501	0.004174	29.2
1089	-0.716158	142.781462	0.004669	29.8
1090	-0.324464	142.709519	0.002794	29.1
1091	-0.317949	142.637674	0.004065	30.2
1092	0.000000	142.565924	0.000000	29.1
1093	0.000000	142.494271	0.000000	31.2
1094	0.000000	142.422714	0.000000	30.7
1095	-0.237640	142.351252	0.003113	30.1
1096	-0.219228	142.279886	0.003658	27.5
1097	-0.000274	142.208616	0.000019	30.2
1098	-0.805748	142.137440	0.006387	31.5
1099	-1.041547	142.066360	0.008662	30.0
1100	-1.004338	141.995374	0.008180	31.1
1101	-0.581042	141.924483	0.004686	30.4
1102	-0.678377	141.853685	0.005348	30.4
1103	-0.021318	141.782983	0.001348	29.4
1104	-0.905058	141.712373	0.006220	30.5
1105	0.000000	141.641858	0.000000	30.1
1106	-0.361927	141.571436	0.005032	29.2
1107	0.000000	141.501108	0.000000	30.2
1108	-0.007497	141.430872	0.000786	28.5
1109	-0.087368	141.360730	0.001743	30.2
1110	-0.000014	141.290680	0.000015	29.2
1111	-0.344401	141.220722	0.004775	29.5
1112	-0.038204	141.150857	0.000582	31.0
1113	-0.835381	141.081084	0.007064	28.0
1114	-0.618225	141.011403	0.007635	29.8
1115	0.000000	140.941813	0.000000	29.2
1116	-0.000000	140.872315	0.000000	31.0
1117	-0.917747	140.802909	0.007029	29.9
1118	-1.092802	140.733593	0.006853	30.2
1119	-0.133998	140.664369	0.002037	28.7
1120	0.000000	140.595235	0.000000	29.2
1121	0.000000	140.526192	0.000000	30.0
1122	0.000000	140.457239	0.000000	29.2
1123	0.000000	140.388376	0.000000	29.8
1124	-0.767188	140.319603	0.006250	28.1
1125	-0.414299	140.250920	0.005696	29.9
1126	-0.805929	140.182326	0.005195	30.9
1127	0.000000	140.113822	0.000000	30.5
1128	0.000000	140.045407	0.000000	28.5
1129	-0.475094	139.977081	0.005661	29.6
1130	0.000000	139.908844	0.000000	30.7
1131	-0.577523	139.840696	0.003702	29.1
1132	0.000000	139.772635	0.000000	30.6
1133	-0.619216	139.704664	0.007657	30.2
1134	0.000000	139.636780	0.000000	30.2
1135	-0.686875	139.568984	0.005891	29.3
1136	-0.622073	139.501276	0.006929	29.5
1137	-0.571456	139.433655	0.005097	29.5
1138	-0.900639	139.366122	0.008351	29.5
1139	0.000000	139.298676	0.000000	30.3
1140	-0.442049	139.231317	0.007359	30.7
1141	-0.744327	139.164045	0.005357	30.2
1142	-0.689556	139.096859	0.005064	30.1
1143	-0.548151	139.029760	0.006118	29.8
1144	0.000000	138.962747	0.000000	29.5
1145	-0.277453	138.895820	0.002529	28.6
1146	-0.860328	138.828978	0.004875	30.2
1147	-0.072485	138.762223	0.001338	31.7
1148	0.000000	138.695553	0.000000	30.5
1149	0.000000	138.628969	0.000000	29.4
1150	-0.720234	138.562469	0.004600	31.0
1151	-0.623274	138.496055	0.004202	28.5
1152	-0.678715	138.429725	0.007491	29.9
1153	-0.735373	138.363481	0.005486	29.9
1154	-0.826081	138.297320	0.005011	30.8
1155	-0.971660	138.231244	0.005464	29.6
1156	-0.708452	138.165252	0.006224	30.1
1157	-0.808695	138.099344	0.005392	30.1
1158	-0.600853	138.033520	0.005072	30.9
1159	-0.728088	137.967779	0.005886	30.5
1160	-0.000000	137.902122	0.000000	29.9
1161	-0.429607	137.836548	0.004035	28.8
1162	-1.032818	137.771057	0.006117	29.7
1163	-0.741143	137.705649	0.005897	29.5
1164	-0.454337	137.640324	0.006562	29.3
1165	-0.375018	137.575081	0.003512	30.5
1166	-0.346009	137.509921	0.003962	29.2
1167	0.000000	137.444842	0.000000	29.5
1168	-0.771727	137.379846	0.003925	27.0
1169	-0.549499	137.314932	0.005104	30.5
1170	-0.470562	137.250100	0.005780	29.9
1171	-0.449825	137.185349	0.003255	29.8
1172	-0.806722	137.120680	0.005700	29.4
1173	0.000000	137.056092	0.000000	30.0
1174	-0.474067	136.991585	0.004075	29.0
1175	-0.454131	136.927158	0.005252	29.1
1176	-0.287298	136.862813	0.004577	28.9
1177	-0.542830	136.798548	0.004032	29.6
1178	-0.597033	136.734363	0.004641	29.6
1179	-0.976724	136.670259	0.005964	31.6
1180	-0.094051	136.606235	0.002112	29.6
1181	-0.619960	136.542291	0.005115	28.7
1182	-0.057489	136.478426	0.002054	29.3
1183	-0.001115	136.414641	0.000219	29.1
1184	-0.706105	136.350936	0.004836	30.6
1185	-0.767517	136.287310	0.006231	29.6
1186	-0.347524	136.223763	0.002721	30.1
1187	-0.591963	136.160295	0.006254	29.7
1188	-0.187156	136.096905	0.002527	29.2
1189	-0.594055	136.033594	0.004217	29.6
1190	0.000000	135.970362	0.000000	30.4
1191	-0.769460	135.907208	0.004691	28.8
1192	-0.640118	135.844133	0.004327	28.7
1193	-0.985327	135.781135	0.005825	29.9
1194	-0.564142	135.718215	0.005048	29.6
1195	-0.118095	135.655373	0.001956	30.7
1196	-0.343997	135.592608	0.004100	28.5
1197	-0.061097	135.529921	0.002523	28.7
1198	0.000000	135.467311	0.000000	30.0
1199	-0.000968	135.404778	0.000021	29.9
1200	-0.822516	135.342322	0.005601	29.6
1201	-0.535988	135.279942	0.004521	28.2
1202	-0.009473	135.217640	0.000412	30.0
1203	-0.308388	135.155413	0.003002	29.8
1204	-0.015213	135.093263	0.001404	29.3
1205	-0.113385	135.031190	0.001649	29.4
1206	-0.595041	134.969192	0.006033	30.1
1207	-1.038559	134.907270	0.006605	27.5
1208	-0.631815	134.845424	0.005866	30.1
1209	-0.137135	134.783653	0.002519	29.9
1210	-1.012611	134.721958	0.004963	29.6
1211	-0.086037	134.660338	0.001612	29.5
1212	-0.894562	134.598793	0.005969	29.8
1213	-0.841037	134.537323	0.005832	29.2
1214	-0.802388	134.475927	0.006718	30.4
1215	-0.565143	134.414607	0.006178	30.5
1216	-0.685610	134.353361	0.007411	30.7
1217	-0.733897	134.292189	0.007600	30.2
1218	-0.842856	134.231092	0.004637	30.1
1219	-0.249872	134.170068	0.002134	30.4
1220	-0.779055	134.109119	0.005838	30.4
1221	-0.754768	134.048243	0.006450	31.0
1222	-0.448880	133.987441	0.004335	30.6
1223	-0.761139	133.926713	0.006130	29.7
1224	-0.338061	133.866057	0.002993	32.6
1225	-0.000000	133.805475	0.000000	31.0
1226	-0.239156	133.744966	0.002915	29.4
1227	0.000000	133.684530	0.000000	30.6
1228	-0.863006	133.624167	0.005497	30.8
1229	0.000000	133.563877	0.000000	29.7
1230	-0.546651	133.503658	0.005412	28.8
1231	-0.326728	133.443513	0.002850	28.8
1232	-0.665285	133.383439	0.005841	29.6
1233	-0.665849	133.323437	0.005913	29.6
1234	-0.698327	133.263508	0.004930	30.0
1235	0.000000	133.203650	0.000000	28.3
1236	-0.590749	133.143864	0.005627	30.2
1237	-0.813322	133.084149	0.006547	27.9
1238	0.000000	133.024506	0.000000	30.3
1239	-0.723301	132.964934	0.003714	29.1
1240	-0.832890	132.905433	0.005925	30.4
1241	-0.787559	132.846003	0.005091	29.7
1242	0.000000	132.786643	0.000000	30.5
1243	-0.839344	132.727355	0.004542	31.0
1244	-0.627500	132.668137	0.004044	29.8
1245	-0.178417	132.608989	0.002907	30.4
1246	-0.624723	132.549912	0.006294	29.2
1247	-0.459392	132.490904	0.003088	29.6
1248	-0.533458	132.431967	0.006611	30.9
1249	0.000000	132.373100	0.000000	30.5
1250	-0.912998	132.314302	0.005710	29.7
1251	-0.481273	132.255574	0.005814	30.3
1252	-0.661253	132.196916	0.004241	28.7
1253	-0.648747	132.138326	0.005222	30.9
1254	-0.595283	132.079806	0.006729	29.9
1255	0.000000	132.021355	0.000000	30.0
1256	-0.729824	131.962973	0.004411	29.4
1257	-0.509214	131.904660	0.004414	30.5
1258	-0.329783	131.846415	0.003642	30.1
1259	-0.628141	131.788239	0.006192	29.5
1260	-0.568463	131.730131	0.008051	30.1
1261	-0.000639	131.672092	0.000057	29.8
1262	-0.559931	131.614121	0.006324	28.4
1263	-0.901376	131.556217	0.006454	29.6
1264	-0.351325	131.498382	0.002629	30.3
1265	-0.222528	131.440614	0.004560	29.8
1266	-0.860687	131.382914	0.005586	29.7
1267	-0.776623	131.325282	0.004765	30.1
1268	0.000000	131.267717	0.000000	27.7
1269	-0.739645	131.210219	0.005767	29.2
1270	-0.445370	131.152788	0.006057	29.3
1271	-0.000026	131.095424	0.000008	30.5
1272	-0.033513	131.038127	0.000428	27.7
1273	-0.102765	130.980897	0.001378	31.6
1274	-0.012584	130.923733	0.001224	29.5
1275	-0.651938	130.866636	0.006345	31.0
1276	-0.148119	130.809605	0.002599	29.8
1277	-0.389676	130.752641	0.004671	30.9
1278	0.000000	130.695742	0.000000	29.8
1279	0.000000	130.638910	0.000000	28.7
1280	-0.585778	130.582143	0.006143	29.2
1281	-0.831509	130.525442	0.004697	29.4
1282	-0.470687	130.468807	0.004275	29.5
1283	-0.766168	130.412237	0.005255	29.6
1284	0.000000	130.355733	0.000000	29.6
1285	0.000000	130.299294	0.000000	28.3
1286	-0.381288	130.242920	0.004701	29.0
1287	-1.090147	130.186611	0.007621	29.0
1288	-0.022088	130.130366	0.001435	28.3
1289	0.000000	130.074187	0.000000	30.5
1290	0.000000	130.018072	0.000000	32.5
1291	-0.152177	129.962022	0.002078	32.4
1292	-0.220005	129.906036	0.002913	32.2
1293	0.000000	129.850114	0.000000	31.0
1294	-0.028554	129.794257	0.000586	28.6
1295	-0.784038	129.738463	0.006203	29.9
1296	-0.714148	129.682734	0.007306	29.2
1297	-0.114935	129.627068	0.001717	31.6
1298	-0.424367	129.571466	0.004290	29.2
1299	-0.256920	129.515927	0.002521	30.9
1300	-0.159779	129.460452	0.002391	28.9
1301	-0.051097	129.405040	0.000925	30.1
1302	-0.675322	129.349692	0.007717	29.9
1303	-0.896409	129.294406	0.005491	30.5
1304	-0.938481	129.239183	0.005739	30.5
1305	-0.730648	129.184024	0.005109	29.8
1306	-0.032423	129.128927	0.000607	28.7
1307	-0.696781	129.073892	0.004376	30.7
1308	-0.494779	129.018921	0.006043	30.2
1309	-0.588142	128.964011	0.006775	31.0
1310	-0.604260	128.909164	0.005557	29.5
1311	-0.696568	128.854379	0.006348	31.1
1312	-0.041578	128.799656	0.001272	27.3
1313	0.000000	128.744995	0.000000	29.5
1314	0.000000	128.690396	0.000000	31.0
1315	-0.579900	128.635858	0.004419	29.9
1316	-0.198074	128.581382	0.001950	28.3
1317	-0.622102	128.526968	0.008031	30.3
1318	-0.726903	128.472615	0.004926	29.2
1319	-0.002372	128.418323	0.000161	30.4
1320	-0.706683	128.364092	0.006245	30.3
1321	-0.479137	128.309922	0.005524	30.3
1322	-0.070997	128.255814	0.001340	29.1
1323	-0.740054	128.201766	0.005433	29.2
1324	-0.008148	128.147778	0.000177	30.8
1325	-0.231608	128.093852	0.002916	29.2
1326	-0.651638	128.039985	0.008239	30.9
1327	-0.000000	127.986180	0.000000	29.5
1328	-0.375828	127.932434	0.006500	29.4
1329	-0.468582	127.878749	0.006481	29.4
1330	-0.000196	127.825123	0.000009	30.1
1331	0.000000	127.771558	0.000000	29.7
1332	0.000000	127.718052	0.000000	30.4
1333	0.000000	127.664606	0.000000	29.0
1334	-0.093704	127.611220	0.001459	29.6
1335	-0.443596	127.557893	0.002589	29.8
1336	-0.895396	127.504625	0.005657	29.8
1337	0.000000	127.451417	0.000000	29.7
1338	-0.705439	127.398268	0.004943	30.1
1339	-0.134855	127.345178	0.001381	28.0
1340	0.000000	127.292147	0.000000	30.5
1341	-0.361174	127.239175	0.003045	32.0
1342	-0.623086	127.186261	0.005948	29.5
1343	-0.862500	127.133407	0.006210	28.2
1344	0.000000	127.080610	0.000000	29.5
1345	-0.466718	127.027872	0.005080	29.3
1346	-0.717321	126.975193	0.004000	30.2
1347	-0.538309	126.922572	0.008464	30.0
1348	-0.183414	126.870008	0.003334	30.5
1349	-0.840458	126.817503	0.004475	29.7
1350	-1.008368	126.765056	0.007206	29.3
1351	-0.726831	126.712667	0.005476	30.3
1352	-0.495682	126.660335	0.006072	29.5
1353	-0.360379	126.608061	0.005344	28.8
1354	-0.226789	126.555844	0.003007	30.5
1355	-0.004300	126.503685	0.000000	30.6
1356	-0.125509	126.451583	0.001491	30.7
1357	-0.486743	126.399538	0.003845	30.8
1358	0.000000	126.347550	0.000000	31.4
1359	-0.428608	126.295619	0.005326	30.4
1360	-0.592481	126.243745	0.006716	30.7
1361	0.000000	126.191928	0.000000	31.8
1362	0.000000	126.140168	0.000000	31.0
1363	-0.643945	126.088464	0.007041	29.3
1364	-0.646745	126.036817	0.007670	34.2
1365	0.000000	125.985226	0.000000	32.7
1366	-0.091675	125.933691	0.001949	30.3
1367	-0.000000	125.882212	0.000000	29.8
1368	-0.006426	125.830790	0.000291	33.0
1369	-0.734059	125.779423	0.004522	31.3
1370	0.000000	125.728113	0.000000	30.8
1371	-0.000676	125.676858	0.000018	31.0
1372	-0.963403	125.625659	0.006654	32.3
1373	-0.036803	125.574515	0.000929	31.4
1374	-0.742498	125.523427	0.004566	30.4
1375	-0.496765	125.472394	0.004120	29.8
1376	-0.866861	125.421417	0.007157	30.7
1377	-0.526597	125.370495	0.006099	30.4
1378	-0.857909	125.319628	0.004868	31.7
1379	0.000000	125.268815	0.000000	32.8
1380	-0.139454	125.218058	0.001481	29.8
1381	-0.768438	125.167356	0.005330	28.3
1382	-0.102285	125.116708	0.001663	29.5
1383	-0.418144	125.066115	0.005414	29.4
1384	-0.412979	125.015576	0.004833	29.9
1385	-0.734083	124.965092	0.005797	28.8
1386	-0.792254	124.914662	0.003929	29.7
1387	-0.270238	124.864287	0.003286	29.7
1388	-0.457477	124.813965	0.003915	29.2
1389	-0.013396	124.763698	0.001937	29.9
1390	-0.239682	124.713485	0.003058	29.6
1391	-0.680545	124.663325	0.007227	28.2
1392	0.000000	124.613219	0.000000	29.6
1393	-0.515257	124.563167	0.005584	29.6
1394	-0.722113	124.513168	0.005092	30.3
1395	-0.552509	124.463223	0.005650	27.6
1396	-0.174031	124.413332	0.001891	29.3
1397	0.000000	124.363493	0.000000	29.7
1398	-0.495067	124.313708	0.005136	30.0
1399	-0.957856	124.263976	0.006753	29.5
1400	-0.799480	124.214297	0.006305	30.5
1401	-0.000000	124.164671	0.000000	30.0
1402	-0.841613	124.115097	0.004402	30.1
1403	-0.392130	124.065577	0.003838	29.9
1404	0.000000	124.016109	0.000000	29.0
1405	-0.474073	123.966693	0.003651	30.5
1406	-0.771574	123.917330	0.006360	28.4
1407	-0.407445	123.868020	0.006326	30.2
1408	0.000000	123.818762	0.000000	29.3
1409	-0.780874	123.769556	0.005627	30.2
1410	-0.477300	123.720402	0.003726	30.0
1411	-0.753135	123.671300	0.005830	30.0
1412	-0.378141	123.622250	0.004638	29.4
1413	0.000000	123.573252	0.000000	30.0
1414	0.000000	123.524305	0.000000	30.0
1415	-0.066537	123.475411	0.003752	28.2
1416	-0.388033	123.426568	0.006079	29.0
1417	-0.384910	123.377776	0.006025	29.7
1418	-0.640426	123.329036	0.003984	30.4
1419	-0.441626	123.280347	0.006420	29.5
1420	-0.001607	123.231709	0.000477	29.3
1421	-0.831654	123.183122	0.006217	32.5
1422	0.000000	123.134587	0.000000	28.8
1423	0.000000	123.086102	0.000000	29.9
1424	-0.177941	123.037669	0.002342	30.0
1425	-0.807296	122.989286	0.005463	31.5
1426	-0.754834	122.940954	0.007477	30.1
1427	-0.858888	122.892672	0.006053	30.7
1428	-0.799813	122.844441	0.005750	29.4
1429	-0.343641	122.796261	0.002465	29.6
1430	-0.655466	122.748130	0.005273	30.8
1431	-0.796646	122.700050	0.005654	30.4
1432	-0.654615	122.652021	0.005390	29.6
1433	0.000000	122.604041	0.000000	29.5
1434	-0.856015	122.556111	0.005482	30.5
1435	-0.780867	122.508232	0.004337	29.2
1436	-0.904918	122.460402	0.005761	29.7
1437	-0.220931	122.412622	0.003316	29.1
1438	0.000000	122.364891	0.000000	29.4
1439	-0.325351	122.317210	0.004257	27.9
1440	0.000000	122.269579	0.000000	30.8
1441	0.000000	122.221997	0.000000	29.9
1442	-0.000937	122.174465	0.000161	30.0
1443	-0.313432	122.126981	0.004535	27.3
1444	-0.542020	122.079547	0.005452	29.8
1445	-0.395633	122.032162	0.006438	30.6
1446	-0.055358	121.984826	0.001409	29.8
1447	-0.435724	121.937539	0.005797	28.4
1448	0.000000	121.890301	0.000000	29.4
1449	-0.001306	121.843112	0.000200	30.7
1450	-0.093513	121.795971	0.002500	29.8
1451	-0.332088	121.748879	0.003534	30.6
1452	-0.583655	121.701835	0.005901	29.2
1453	-0.768328	121.654840	0.007351	30.2
1454	-0.044375	121.607893	0.000349	28.1
1455	-0.075411	121.560994	0.001057	30.4
1456	0.000000	121.514144	0.000000	28.8
1457	-0.000047	121.467342	0.000022	30.2
1458	-0.745587	121.420588	0.005474	27.2
1459	-0.366711	121.373882	0.006064	29.7
1460	-0.930424	121.327223	0.006320	29.5
1461	-0.536937	121.280613	0.004113	29.3
1462	0.000000	121.234050	0.000000	28.6
1463	-0.680298	121.187535	0.003772	30.3
1464	0.000000	121.141067	0.000000	30.8
1465	-0.512094	121.094647	0.006667	30.0
1466	-0.637732	121.048274	0.005520	28.9
1467	-0.440274	121.001949	0.007043	30.2
1468	-0.448153	120.955671	0.004737	28.0
1469	-0.799795	120.909440	0.004330	29.5
1470	0.000000	120.863256	0.000000	29.9
1471	0.000000	120.817119	0.000000	28.7
1472	-0.824164	120.771029	0.006555	29.7
1473	-0.833586	120.724986	0.006279	29.4
1474	-0.693719	120.678990	0.004793	29.4
1475	0.000000	120.633040	0.000000	29.6
1476	-0.412058	120.587137	0.004352	29.7
1477	-0.016305	120.541281	0.000523	28.6
1478	-0.901218	120.495471	0.007354	31.4
1479	-0.904330	120.449707	0.006127	29.6
1480	-0.699247	120.403990	0.005263	31.6
1481	-0.494871	120.358319	0.004548	30.7
1482	-0.294615	120.312694	0.004703	32.8
1483	-0.574585	120.267115	0.005534	30.3
1484	0.000000	120.221582	0.000000	30.8
1485	-0.811040	120.176096	0.005517	29.1
1486	-0.609652	120.130655	0.003910	29.5
1487	-0.874404	120.085260	0.005925	29.9
1488	-0.690211	120.039910	0.005628	32.3
1489	-1.083849	119.994606	0.007211	30.6
1490	-0.683879	119.949348	0.005785	30.4
1491	-0.143602	119.904135	0.002194	28.8
1492	-0.761505	119.858968	0.005109	29.7
1493	-0.426190	119.813846	0.005067	29.7
1494	-0.688637	119.768769	0.005575	29.7
1495	-0.558223	119.723738	0.002474	29.7
1496	-0.860520	119.678752	0.005440	28.4
1497	-0.267790	119.633810	0.004470	30.3
1498	-0.000912	119.588914	0.000288	30.4
1499	-0.656386	119.544062	0.005875	29.9
1500	-0.397651	119.499256	0.006604	28.9
1501	-0.870512	119.454494	0.006391	29.5
1502	-0.010647	119.409777	0.000194	30.3
1503	-0.885988	119.365104	0.006747	30.0
1504	-0.764044	119.320476	0.005137	30.4
1505	-0.898973	119.275893	0.005010	30.8
1506	-0.356829	119.231353	0.005972	30.0
1507	-0.929785	119.186859	0.006488	29.8
1508	-0.650553	119.142408	0.005984	30.6
1509	-0.563421	119.098002	0.004262	30.9
1510	0.000000	119.053639	0.000000	29.0
1511	-0.066018	119.009321	0.001432	31.5
1512	-0.805925	118.965047	0.005242	31.2
1513	-0.040425	118.920816	0.002710	31.0
1514	-0.675346	118.876630	0.005131	28.8
1515	-1.002354	118.832487	0.005771	29.9
1516	-0.744452	118.788388	0.005262	29.7
1517	-0.113877	118.744332	0.001991	29.7
1518	-0.128192	118.700320	0.002981	28.4
1519	0.000000	118.656352	0.000000	29.6
1520	-0.294787	118.612427	0.003559	29.8
1521	0.000000	118.568545	0.000000	29.7
1522	-0.006540	118.524706	0.000309	30.4
1523	-0.000130	118.480911	0.000029	28.0
1524	-0.780491	118.437159	0.006610	29.1
1525	-0.000001	118.393450	0.000000	29.7
1526	-0.012917	118.349784	0.002127	30.7
1527	-1.039482	118.306160	0.008101	29.0
1528	-0.244584	118.262580	0.002464	29.9
1529	-0.818364	118.219042	0.005903	29.2
1530	0.000000	118.175548	0.000000	28.7
1531	-0.703799	118.132095	0.006241	30.9
1532	-0.012071	118.088686	0.000416	29.6
1533	-0.001161	118.045319	0.000176	28.7
1534	-0.980583	118.001994	0.006231	29.7
1535	-0.000715	117.958712	0.000062	30.3
1536	-0.476529	117.915472	0.003276	29.7
1537	-0.974976	117.872274	0.007748	29.1
1538	-0.358602	117.829118	0.005903	29.5
1539	-0.000000	117.786005	0.000000	28.5
1540	-0.995836	117.742933	0.006408	30.0
1541	-0.156457	117.699904	0.001782	30.3
1542	-0.962055	117.656916	0.007576	30.7
1543	-0.542690	117.613971	0.002782	30.4
1544	-0.382724	117.571067	0.004463	29.7
1545	0.000000	117.528205	0.000000	30.4
1546	-0.815158	117.485384	0.005419	29.6
1547	-0.749694	117.442605	0.006095	30.1
1548	-0.396839	117.399867	0.003616	29.2
1549	-0.785933	117.357171	0.006069	29.1
1550	0.000000	117.314517	0.000000	29.6
1551	-0.010598	117.271903	0.000479	29.3
1552	-0.806576	117.229331	0.007593	30.0
1553	-0.008252	117.186800	0.000280	29.2
1554	-0.900554	117.144311	0.006171	30.3
1555	-0.335767	117.101862	0.002482	29.1
1556	-0.671791	117.059454	0.004638	33.0
1557	0.000000	117.017087	0.000000	29.9
1558	-0.734320	116.974762	0.006078	30.8
1559	-0.612945	116.932476	0.006550	29.8
1560	-0.861068	116.890232	0.006640	29.4
1561	0.000000	116.848028	0.000000	27.6
1562	-0.803830	116.805865	0.004275	30.6
1563	-0.007810	116.763743	0.000220	30.2
1564	-0.428126	116.721661	0.006216	30.3
1565	-0.000000	116.679619	0.000000	31.1
1566	-0.555354	116.637618	0.007508	30.4
1567	-0.879854	116.595657	0.004238	28.4
1568	-0.298950	116.553736	0.003182	30.0
1569	-0.939650	116.511855	0.006441	29.6
1570	-0.688259	116.470015	0.005887	29.6
1571	-0.643602	116.428214	0.005715	29.4
1572	-0.000000	116.386454	0.000000	30.4
1573	-0.962947	116.344733	0.005755	30.0
1574	0.000000	116.303052	0.000000	31.0
1575	-0.671177	116.261412	0.004602	32.9
1576	-0.656754	116.219810	0.003602	29.8
1577	-0.399609	116.178249	0.003633	30.9
1578	-0.974022	116.136727	0.005672	29.7
1579	-0.012342	116.095245	0.000824	31.4
1580	-0.584453	116.053802	0.003876	31.0
1581	-0.496350	116.012398	0.004812	29.7
1582	-0.807749	115.971034	0.006372	30.5
1583	0.000000	115.929710	0.000000	31.2
1584	0.000000	115.888424	0.000000	28.5
1585	-0.000000	115.847178	0.000000	29.8
1586	-0.532357	115.805970	0.005578	29.0
1587	-0.164710	115.764802	0.003356	30.0
1588	-0.587695	115.723673	0.005932	29.6
1589	-0.028414	115.682583	0.002047	30.7
1590	-0.255091	115.641532	0.002894	30.4
1591	-0.003748	115.600519	0.000198	29.2
1592	-0.000000	115.559546	0.000000	29.0
1593	-0.783233	115.518610	0.006678	30.9
1594	0.000000	115.477714	0.000000	31.0
1595	-0.257162	115.436856	0.002581	28.5
1596	-0.178554	115.396037	0.002634	29.8
1597	-0.882938	115.355256	0.005274	32.5
1598	-0.618001	115.314514	0.006421	30.5
1599	-0.381685	115.273810	0.004025	29.8
1600	-0.413504	115.233144	0.002466	29.6
1601	-0.400951	115.192517	0.004668	29.2
1602	-0.908320	115.151927	0.006365	29.6
1603	-0.656481	115.111376	0.005712	30.2
1604	0.000000	115.070863	0.000000	29.5
1605	-0.686328	115.030388	0.005169	29.0
1606	-0.641064	114.989951	0.006426	30.2
1607	-0.857336	114.949551	0.005349	27.3
1608	-0.195513	114.909190	0.002129	29.1
1609	-1.034690	114.868866	0.007782	30.1
1610	-0.595988	114.828580	0.006161	29.7
1611	-0.791942	114.788332	0.005458	29.5
1612	-0.547512	114.748121	0.003563	28.2
1613	-0.815302	114.707948	0.006060	29.5
1614	-0.718104	114.667812	0.005541	29.8
1615	-0.669420	114.627714	0.007175	29.4
1616	-0.474238	114.587653	0.004417	28.9
1617	-0.854046	114.547629	0.005722	29.8
1618	-0.159169	114.507643	0.002000	30.4
1619	-0.354473	114.467693	0.004745	30.0
1620	-0.912336	114.427781	0.006991	29.7
1621	-0.556157	114.387907	0.004060	30.4
1622	-0.986064	114.348069	0.005988	28.9
1623	-0.966894	114.308268	0.009099	30.9
1624	0.000000	114.268504	0.000000	30.5
1625	-0.853450	114.228777	0.004716	30.7
1626	-0.971405	114.189086	0.005519	29.7
1627	-0.718740	114.149433	0.004490	30.5
1628	-0.000109	114.109816	0.000049	29.2
1629	-0.867072	114.070235	0.006693	30.3
1630	-0.718410	114.030692	0.005855	30.2
1631	-0.773364	113.991185	0.005393	29.9
1632	-0.875071	113.951714	0.006387	30.4
1633	-0.525918	113.912280	0.004526	29.4
1634	0.000000	113.872882	0.000000	30.2
1635	-0.382797	113.833521	0.004298	29.4
1636	-0.439976	113.794195	0.005513	29.5
1637	-0.757394	113.754906	0.005262	29.4
1638	-0.000006	113.715653	0.000006	30.4
1639	-0.806041	113.676437	0.004300	28.7
1640	-0.992778	113.637256	0.004802	29.5
1641	-0.743075	113.598111	0.007561	29.6
1642	-0.756814	113.559002	0.006894	30.4
1643	-0.339961	113.519929	0.005641	29.7
1644	-0.668311	113.480892	0.006095	30.6
1645	-0.000748	113.441891	0.000031	29.3
1646	0.000000	113.402925	0.000000	30.8
1647	-0.864112	113.363995	0.006013	30.2
1648	-0.770264	113.325101	0.004792	29.8
1649	-0.026539	113.286242	0.001379	30.5
1650	-0.454611	113.247419	0.005259	29.0
1651	0.000000	113.208631	0.000000	28.8
1652	-0.604549	113.169879	0.003937	30.3
1653	-0.832839	113.131162	0.005226	30.8
1654	-0.673590	113.092480	0.004873	29.3
1655	-0.609625	113.053833	0.007152	29.1
1656	-0.000000	113.015222	0.000000	30.2
1657	0.000000	112.976646	0.000000	29.5
1658	-0.642817	112.938105	0.005217	28.5
1659	-0.027098	112.899599	0.000576	29.6
1660	-0.930364	112.861128	0.006042	29.3
1661	-0.804965	112.822692	0.006306	29.2
1662	0.000000	112.784291	0.000000	29.7
1663	-0.584434	112.745924	0.008092	29.3
1664	-0.257158	112.707593	0.002638	29.9
1665	-0.375847	112.669296	0.006774	30.1
1666	-0.876449	112.631034	0.004122	29.2
1667	-0.134323	112.592806	0.001577	30.1
1668	-0.578414	112.554613	0.007138	29.4
1669	-0.766373	112.516455	0.006013	29.0
1670	-0.727561	112.478331	0.004498	28.7
1671	-0.481812	112.440241	0.006465	32.1
1672	-0.335252	112.402186	0.005151	34.6
1673	-0.823749	112.364165	0.008816	31.1
1674	-0.437034	112.326179	0.006098	31.1
1675	-0.264778	112.288227	0.002555	30.3
1676	-0.304258	112.250309	0.004556	30.8
1677	-0.836564	112.212425	0.007489	28.9
1678	-0.581409	112.174575	0.004430	30.5
1679	-0.858690	112.136759	0.005385	30.8
1680	-0.000000	112.098977	0.000000	29.6
1681	-0.796152	112.061229	0.004370	30.2
1682	-0.780495	112.023515	0.004530	29.8
1683	-0.391961	111.985834	0.005429	28.7
1684	-0.955373	111.948188	0.006581	29.5
1685	-0.854296	111.910575	0.005666	30.7
1686	-0.140593	111.872996	0.002710	30.5
1687	0.000000	111.835450	0.000000	29.5
1688	-0.525916	111.797939	0.005571	29.1
1689	-0.478007	111.760460	0.004050	30.1
1690	-0.702481	111.723015	0.006975	30.9
1691	-0.059962	111.685604	0.002604	28.2
1692	0.000000	111.648226	0.000000	30.5
1693	-0.762805	111.610881	0.006232	29.8
1694	-0.587536	111.573570	0.005514	29.7
1695	-0.652398	111.536292	0.006471	28.4
1696	-0.108155	111.499047	0.001419	30.2
1697	0.000000	111.461835	0.000000	29.9
1698	-0.749216	111.424656	0.004587	29.8
1699	-0.579898	111.387510	0.004760	29.4
1700	-0.932315	111.350398	0.007108	31.1
1701	-0.587938	111.313318	0.006216	30.9
1702	0.000000	111.276271	0.000000	31.0
1703	0.000000	111.239257	0.000000	31.4
1704	-0.613459	111.202276	0.005681	32.4
1705	-1.012568	111.165328	0.006210	30.1
1706	-0.163100	111.128412	0.001899	28.9
1707	-0.061737	111.091529	0.001625	29.3
1708	0.000000	111.054679	0.000000	31.3
1709	-0.495494	111.017861	0.006510	31.1
1710	-0.683005	110.981076	0.005761	31.8
1711	-0.000003	110.944323	0.000002	32.6
1712	-0.046891	110.907603	0.001091	31.7
1713	-0.753248	110.870915	0.005964	33.6
1714	-1.024957	110.834259	0.005695	29.4
1715	0.000000	110.797636	0.000000	31.1
1716	-0.808267	110.761045	0.005168	28.7
1717	-0.481504	110.724486	0.003881	30.6
1718	-0.645432	110.687959	0.006008	30.4
1719	-0.939608	110.651465	0.004858	31.0
1720	0.000000	110.615002	0.000000	31.3
1721	-0.847615	110.578572	0.004448	32.0
1722	-0.739674	110.542173	0.005947	30.0
1723	0.000000	110.505807	0.000000	31.7
1724	-0.081205	110.469472	0.003029	30.0
1725	-0.566200	110.433169	0.003712	30.4
1726	-0.634473	110.396898	0.004006	30.3
1727	-0.787022	110.360659	0.008225	29.8
1728	-0.005095	110.324451	0.000241	28.9
1729	-0.704044	110.288276	0.004640	29.7
1730	-0.906106	110.252131	0.004855	27.1
1731	-0.524391	110.216019	0.003918	32.0
1732	-0.829935	110.179937	0.005608	30.6
1733	-0.649790	110.143888	0.005360	31.3
1734	-0.914133	110.107869	0.005242	30.3
1735	-0.365981	110.071882	0.003136	30.9
1736	-0.343616	110.035927	0.004581	30.3
1737	-0.859430	110.000003	0.005166	29.1
1738	-0.794010	109.964110	0.006759	30.6
1739	-0.653062	109.928248	0.004432	30.7
1740	-0.756683	109.892417	0.007516	29.4
1741	-0.014440	109.856618	0.000541	29.7
1742	-0.878468	109.820850	0.007029	30.6
1743	-0.867417	109.785112	0.006654	29.6
1744	0.000000	109.749406	0.000000	29.7
1745	0.000000	109.713730	0.000000	30.5
1746	0.000000	109.678086	0.000000	31.2
1747	-0.416299	109.642472	0.004837	31.7
1748	-0.560690	109.606890	0.004223	32.4
1749	-0.308264	109.571337	0.003720	31.0
1750	-0.939566	109.535816	0.004870	31.9
1751	-0.881999	109.500326	0.005246	30.4
1752	-0.370934	109.464866	0.005529	30.0
1753	0.000000	109.429436	0.000000	30.9
1754	0.000000	109.394038	0.000000	29.7
1755	-0.976449	109.358669	0.006174	30.0
1756	-0.793324	109.323331	0.004579	30.0
1757	-0.085644	109.288024	0.001752	30.4
1758	-0.102118	109.252747	0.002391	29.8
1759	-0.714057	109.217501	0.005822	31.1
1760	-0.826208	109.182284	0.007717	30.2
1761	0.000000	109.147098	0.000000	30.4
1762	-0.815755	109.111942	0.005367	30.3
1763	-0.815935	109.076817	0.007999	32.9
1764	0.000000	109.041721	0.000000	29.3
1765	-0.951961	109.006656	0.006765	30.2
1766	-0.803880	108.971620	0.005577	31.1
1767	-0.094851	108.936615	0.001586	28.6
1768	-0.362450	108.901640	0.003230	30.5
1769	-0.806742	108.866694	0.006103	29.6
1770	-0.579896	108.831779	0.003856	30.2
1771	-0.839061	108.796893	0.005888	29.3
1772	-0.061798	108.762037	0.001007	29.7
1773	-0.007078	108.727211	0.000365	30.6
1774	-0.964095	108.692415	0.006507	31.5
1775	-0.002319	108.657648	0.000685	31.5
1776	-0.461031	108.622911	0.006166	32.6
1777	-0.902955	108.588203	0.005567	31.8
1778	-0.212555	108.553525	0.002781	30.2
1779	0.000000	108.518877	0.000000	30.7
1780	-0.000563	108.484258	0.000173	29.8
1781	0.000000	108.449668	0.000000	31.0
1782	-0.723499	108.415108	0.006795	30.4
1783	-0.209215	108.380578	0.002838	29.9
1784	-0.689566	108.346076	0.007495	29.8
1785	0.000000	108.311604	0.000000	30.5
1786	-0.422953	108.277161	0.006030	30.5
1787	-0.661183	108.242747	0.004116	29.2
1788	-0.189102	108.208363	0.001797	30.4
1789	-0.738995	108.174007	0.003882	30.6
1790	-0.713810	108.139681	0.005758	31.3
1791	-0.363738	108.105383	0.005420	32.0
1792	-0.043013	108.071115	0.001474	33.1
1793	-0.928155	108.036875	0.006607	31.4
1794	-0.544276	108.002665	0.006518	30.1
1795	-0.000000	107.968483	0.000000	29.7
1796	-0.025863	107.934330	0.000447	29.9
1797	-0.002099	107.900206	0.000131	30.6
1798	-0.577884	107.866111	0.005406	29.7
1799	-0.323819	107.832044	0.003049	30.0
1800	-1.011944	107.798007	0.007077	29.6
1801	0.000000	107.763997	0.000000	30.2
1802	0.000000	107.730017	0.000000	30.3
1803	-0.901969	107.696065	0.007233	30.8
1804	-0.737114	107.662141	0.004231	30.3
1805	-0.647278	107.628246	0.006581	30.1
1806	-0.348369	107.594379	0.004451	28.6
1807	-0.874780	107.560541	0.005408	34.4
1808	-0.841758	107.526731	0.004715	30.3
1809	0.000000	107.492949	0.000000	31.4
1810	0.000000	107.459196	0.000000	31.3
1811	0.000000	107.425471	0.000000	31.5
1812	0.000000	107.391774	0.000000	31.3
1813	-0.787233	107.358106	0.005571	31.9
1814	-0.519705	107.324465	0.005486	30.3
1815	-0.266065	107.290853	0.004037	30.3
1816	-0.485028	107.257268	0.005134	31.3
1817	-0.794714	107.223712	0.004932	30.0
1818	-0.738409	107.190184	0.005952	29.8
1819	0.000000	107.156683	0.000000	29.3
1820	-0.415348	107.123211	0.005831	29.3
1821	-0.000102	107.089766	0.000006	28.6
1822	-0.421638	107.056349	0.003278	29.7
1823	-0.060893	107.022960	0.000855	30.2
1824	-0.409417	106.989599	0.004158	29.4
1825	0.000000	106.956265	0.000000	27.9
1826	-0.549320	106.922960	0.006974	28.5
1827	-0.600086	106.889681	0.006349	29.3
1828	-0.742066	106.856431	0.005872	31.1
1829	-0.000206	106.823208	0.000071	32.3
1830	-0.436776	106.790012	0.006401	30.8
1831	-0.429357	106.756844	0.005158	31.1
1832	-0.371621	106.723703	0.004369	30.7
1833	-0.604220	106.690590	0.006168	27.5
1834	-0.000000	106.657505	0.000000	29.9
1835	-0.658651	106.624446	0.004913	28.8
1836	-0.590955	106.591415	0.003090	29.6
1837	-0.364774	106.558411	0.005789	29.6
1838	-0.201610	106.525435	0.002580	29.0
1839	-0.028909	106.492485	0.001337	28.8
1840	-0.741440	106.459563	0.005749	29.5
1841	-0.666024	106.426668	0.006797	29.2
1842	-0.544951	106.393800	0.005688	30.1
1843	-0.814567	106.360959	0.006163	29.5
1844	-0.819406	106.328145	0.005362	29.8
1845	-0.793660	106.295358	0.005629	29.8
1846	-0.037465	106.262598	0.000771	30.6
1847	-0.857040	106.229865	0.005415	28.3
1848	-0.015984	106.197158	0.001326	31.2
1849	0.000000	106.164479	0.000000	32.1
1850	-0.030744	106.131826	0.001771	31.5
1851	-0.532770	106.099201	0.006405	30.7
1852	-0.551089	106.066602	0.007547	30.8
1853	-0.500101	106.034029	0.005737	31.3
1854	-0.525239	106.001483	0.005289	30.1
1855	-0.628884	105.968964	0.005146	28.7
1856	-0.755234	105.936472	0.005407	30.6
1857	-0.827419	105.904006	0.005641	29.9
1858	-0.906170	105.871566	0.005282	30.4
1859	-0.000150	105.839153	0.000032	29.0
1860	0.000000	105.806767	0.000000	30.1
1861	-0.108458	105.774407	0.001570	27.0
1862	-0.408951	105.742073	0.004766	30.3
1863	0.000000	105.709766	0.000000	29.1
1864	-0.056136	105.677485	0.001713	28.1
1865	-0.391903	105.645230	0.003683	29.1
1866	-0.147706	105.613001	0.002172	29.7
1867	-0.528681	105.580799	0.003439	29.4
1868	0.000000	105.548623	0.000000	28.8
1869	-0.644040	105.516473	0.004050	29.1
1870	-0.628397	105.484349	0.006590	28.5
1871	-0.889553	105.452251	0.006591	30.5
1872	-0.837494	105.420179	0.003838	29.3
1873	-0.871881	105.388133	0.005327	29.4
1874	-0.710880	105.356113	0.006842	29.7
1875	-0.001321	105.324119	0.000249	29.9
1876	-0.000243	105.292151	0.000012	30.0
1877	0.000000	105.260209	0.000000	30.0
1878	-0.183482	105.228293	0.003452	30.4
1879	-0.741380	105.196402	0.005210	31.4
1880	-0.823601	105.164537	0.005702	28.6
1881	-0.804486	105.132698	0.005100	29.8
1882	-0.686749	105.100885	0.003775	29.9
1883	-0.758855	105.069097	0.004208	29.5
1884	-0.634223	105.037335	0.003842	27.7
1885	-0.749201	105.005598	0.005653	31.0
1886	-0.047816	104.973887	0.002111	30.3
1887	-0.721459	104.942202	0.006145	29.5
1888	-0.369426	104.910542	0.003559	29.2
1889	-0.490055	104.878907	0.006292	29.6
1890	0.000000	104.847298	0.000000	28.0
1891	-0.316034	104.815715	0.002838	30.3
1892	-0.628274	104.784156	0.004720	29.3
1893	-0.691532	104.752623	0.005403	28.6
1894	-0.357261	104.721116	0.004070	30.9
1895	-0.000098	104.689633	0.000082	29.1
1896	-0.811501	104.658176	0.006317	29.7
1897	-0.312828	104.626744	0.004371	29.1
1898	-0.000154	104.595337	0.000018	28.2
1899	-0.780327	104.563955	0.006763	28.6
1900	-0.766820	104.532599	0.006347	28.4
1901	-0.408853	104.501267	0.003694	29.8
1902	-0.671957	104.469960	0.005758	29.5
1903	-0.991312	104.438679	0.006060	29.5
1904	-1.151761	104.407422	0.007440	28.8
1905	-0.368283	104.376191	0.005477	29.7
1906	-0.111498	104.344984	0.001363	28.8
1907	-0.552519	104.313802	0.004354	27.7
1908	-0.662617	104.282645	0.005879	29.2
1909	-0.680478	104.251513	0.004310	29.3
1910	0.000000	104.220405	0.000000	30.6
1911	0.000000	104.189323	0.000000	29.3
1912	-0.306631	104.158265	0.003260	29.7
1913	-0.000000	104.127231	0.000000	29.6
1914	0.000000	104.096222	0.000000	29.3
1915	0.000000	104.065238	0.000000	29.5
1916	-0.349462	104.034279	0.004797	29.0
1917	-0.316605	104.003344	0.002565	28.7
1918	0.000000	103.972433	0.000000	28.6
1919	-0.002327	103.941547	0.000119	30.6
1920	-0.038628	103.910686	0.000751	28.9
1921	0.000000	103.879849	0.000000	28.8
1922	-0.353136	103.849036	0.004815	29.8
1923	-0.619487	103.818248	0.008637	29.6
1924	-0.188333	103.787484	0.001817	29.4
1925	-0.664345	103.756744	0.005909	29.8
1926	-0.000000	103.726029	0.000000	30.6
1927	-0.060863	103.695338	0.001464	29.2
1928	-0.711388	103.664671	0.003369	29.8
1929	-0.758080	103.634028	0.003777	29.7
1930	-1.043773	103.603409	0.008925	28.9
1931	-0.957222	103.572814	0.005729	28.9
1932	-0.009747	103.542244	0.000284	29.3
1933	-0.025448	103.511698	0.000476	29.9
1934	-0.000000	103.481175	0.000000	29.2
1935	-0.248554	103.450677	0.003236	28.3
1936	-0.725223	103.420202	0.005211	28.9
1937	0.000000	103.389752	0.000000	28.9
1938	-0.353392	103.359325	0.004856	28.8
1939	0.000000	103.328922	0.000000	28.3
1940	-0.009231	103.298543	0.000259	28.2
1941	-1.042111	103.268188	0.005569	30.5
1942	-0.895753	103.237857	0.004893	30.3
1943	-0.043023	103.207549	0.002706	29.7
1944	-0.975193	103.177265	0.006530	30.2
1945	-0.491408	103.147005	0.003752	29.5
1946	-0.046619	103.116768	0.000751	29.3
1947	-0.004132	103.086556	0.000001	30.0
1948	-0.186830	103.056366	0.002352	29.8
1949	0.000000	103.026200	0.000000	30.0
1950	-0.567411	102.996058	0.004630	27.8
1951	-0.625219	102.965939	0.003602	29.1
1952	-0.464947	102.935844	0.006315	29.8
1953	0.000000	102.905772	0.000000	30.6
1954	-0.569520	102.875724	0.003784	27.9
1955	-0.617512	102.845699	0.005459	30.5
1956	-0.519325	102.815697	0.004914	29.6
1957	-0.372236	102.785719	0.004523	29.7
1958	-0.789746	102.755764	0.007195	28.8
1959	0.000000	102.725832	0.000000	29.9
1960	-0.931297	102.695924	0.006760	29.5
1961	-0.003852	102.666038	0.000364	29.7
1962	-0.960077	102.636176	0.006474	29.2
1963	-0.596577	102.606337	0.004998	29.8
1964	-0.853096	102.576521	0.005802	27.4
1965	-0.036804	102.546728	0.001131	29.7
1966	-0.280004	102.516959	0.003473	28.7
1967	-0.699197	102.487212	0.005761	29.7
1968	0.000000	102.457488	0.000000	29.4
1969	-0.887958	102.427788	0.004442	30.5
1970	-0.749454	102.398110	0.004151	30.2
1971	0.000000	102.368455	0.000000	30.2
1972	-0.875192	102.338823	0.004025	29.3
1973	-0.630802	102.309214	0.006732	29.2
1974	-0.724209	102.279628	0.005728	29.2
1975	-0.002298	102.250064	0.000067	29.5
1976	-0.549089	102.220524	0.006264	30.2
1977	-0.707774	102.191006	0.005395	30.7
1978	-0.943112	102.161511	0.005366	28.6
1979	0.000000	102.132038	0.000000	29.7
1980	-0.000109	102.102588	0.000007	28.7
1981	-0.323387	102.073161	0.005477	30.8
1982	-0.000000	102.043757	0.000000	29.6
1983	-0.942435	102.014375	0.006035	30.5
1984	0.000000	101.985015	0.000000	28.6
1985	-0.000541	101.955678	0.000092	28.8
1986	-0.805155	101.926364	0.006170	30.1
1987	0.000000	101.897072	0.000000	29.3
1988	-0.006676	101.867802	0.001148	27.8
1989	-0.163720	101.838555	0.001342	29.5
1990	-0.007729	101.809330	0.000400	27.9
1991	-0.000170	101.780128	0.000015	29.4
1992	-1.094940	101.750948	0.008166	29.1
1993	0.000000	101.721790	0.000000	29.1
1994	-0.009963	101.692654	0.000389	29.0
1995	-0.794728	101.663541	0.006123	30.9
1996	-0.736035	101.634450	0.007418	29.6
1997	0.000000	101.605381	0.000000	31.7
1998	-0.741566	101.576335	0.005597	28.8
1999	0.000000	101.547310	0.000000	29.7
