1:ItNr	2:Metric	3:StepSize	4:||Gradient||	Time[ms]
0	-0.047602	627.201626	0.002352	839.2
1	-1.149956	623.504937	0.009572	4.1
2	-0.000018	619.865785	0.000004	4.4
3	-0.694554	616.282728	0.012464	4.9
4	-1.362606	612.754375	0.018353	4.6
5	-1.226193	609.279381	0.015784	4.5
6	-0.536835	605.856447	0.007889	4.9
7	-0.012623	602.484317	0.001158	4.9
8	-1.317139	599.161779	0.006813	4.6
9	-0.076634	595.887656	0.001469	4.4
10	-1.133904	592.660813	0.020342	4.6
11	-0.991483	589.480151	0.011331	5.3
12	-1.381251	586.344606	0.009790	4.6
13	-0.915902	583.253145	0.011390	5.0
14	-0.538209	580.204771	0.006567	4.9
15	-0.575063	577.198517	0.013152	4.6
16	-1.151388	574.233444	0.016477	5.1
17	-0.097834	571.308645	0.001736	5.1
18	-0.562202	568.423237	0.006248	4.5
19	-0.741511	565.576365	0.006585	4.9
20	-1.126901	562.767201	0.007513	5.0
21	-0.522691	559.994938	0.007830	4.8
22	-0.934500	557.258797	0.012189	4.6
23	-0.000000	554.558018	0.000000	5.0
24	-0.000010	551.891865	0.000002	4.8
25	-0.981943	549.259621	0.015682	5.2
26	-0.193545	546.660592	0.004867	6.9
27	-0.632909	544.094102	0.008424	4.6
28	-0.000000	541.559494	0.000000	5.2
29	-0.078652	539.056129	0.000620	5.3
30	-1.256136	536.583387	0.023940	4.9
31	-1.328016	534.140663	0.011814	4.9
32	-1.010464	531.727370	0.010485	4.9
33	-0.430804	529.342935	0.005976	5.0
34	-0.000000	526.986802	0.000000	5.1
35	-0.451550	524.658430	0.016023	4.8
36	-0.020180	522.357290	0.001036	5.1
37	-1.247712	520.082868	0.006318	5.0
38	-0.546202	517.834665	0.008363	5.4
39	-0.949068	515.612193	0.014264	4.8
40	-1.120441	513.414976	0.008094	5.0
41	-1.207545	511.242551	0.018028	5.4
42	-0.831884	509.094468	0.009270	5.1
43	-1.204900	506.970285	0.015637	5.2
44	-0.785283	504.869574	0.009386	6.0
45	-0.000000	502.791916	0.000000	5.1
46	-0.097445	500.736903	0.001489	4.9
47	-0.613529	498.704137	0.007058	5.3
48	-0.000265	496.693228	0.000017	5.0
49	-1.206607	494.703798	0.016009	5.4
50	-0.715371	492.735476	0.005799	5.4
51	-0.000000	490.787900	0.000000	4.8
52	-0.854350	488.860718	0.004645	5.1
53	-0.763464	486.953585	0.011614	5.4
54	-1.056881	485.066164	0.014632	5.1
55	-0.016767	483.198126	0.001531	5.2
56	-1.410528	481.349149	0.013189	6.1
57	-1.161459	479.518920	0.010656	5.8
58	-0.154010	477.707132	0.003000	5.3
59	-0.796656	475.913485	0.005148	5.6
60	-0.021154	474.137684	0.002134	5.3
61	-1.173698	472.379445	0.010470	5.1
62	-0.166843	470.638485	0.003212	5.9
63	-1.460764	468.914531	0.015255	5.1
64	-0.967652	467.207315	0.009848	5.2
65	-0.000000	465.516573	0.000000	5.5
66	-1.392760	463.842050	0.011018	5.0
67	-0.972808	462.183494	0.014555	5.3
68	-0.499055	460.540658	0.008172	5.5
69	-1.378627	458.913303	0.007825	5.2
70	-0.311586	457.301192	0.004628	5.5
71	-0.895506	455.704096	0.012148	5.5
72	-0.683146	454.121787	0.005643	5.1
73	-0.945287	452.554045	0.013751	5.7
74	-0.217616	451.000653	0.005133	5.9
75	-1.205672	449.461399	0.008570	5.6
76	-1.365707	447.936075	0.016807	5.8
77	-0.265561	446.424477	0.013303	5.0
78	-0.313844	444.926406	0.003642	5.5
79	-0.407015	443.441666	0.009155	5.6
80	-0.000000	441.970065	0.000000	5.4
81	-0.000000	440.511415	0.000000	6.0
82	-1.472480	439.065533	0.012090	5.5
83	-0.779967	437.632238	0.005244	5.6
84	-1.025960	436.211351	0.009767	5.7
85	-0.000000	434.802701	0.000000	5.4
86	-0.645268	433.406117	0.008792	5.3
87	-0.829985	432.021430	0.011544	5.6
88	-0.989475	430.648479	0.007897	5.4
89	-0.000027	429.287101	0.000006	5.3
90	-0.463142	427.937140	0.012491	5.5
91	-0.089184	426.598440	0.002846	5.1
92	-1.081467	425.270849	0.012960	5.2
93	-0.030087	423.954220	0.001572	5.8
94	-0.322354	422.648404	0.011461	5.3
95	-1.126277	421.353259	0.004506	5.5
96	-0.481347	420.068643	0.004633	6.0
97	-0.267979	418.794419	0.009021	5.5
98	-1.062545	417.530451	0.010374	6.3
99	-0.302929	416.276604	0.010559	5.9
100	-0.924524	415.032748	0.002978	5.4
101	-1.047039	413.798754	0.008840	5.7
102	-0.980359	412.574495	0.015055	5.3
103	-1.226366	411.359849	0.011427	5.2
104	-0.005482	410.154691	0.000115	5.5
105	-0.957635	408.958904	0.012349	5.6
106	-0.947636	407.772368	0.015119	5.5
107	-1.204273	406.594968	0.011763	5.9
108	-1.378067	405.426590	0.011793	5.1
109	-1.031515	404.267122	0.028185	5.7
110	-1.293523	403.116456	0.012131	5.4
111	-1.061869	401.974481	0.011359	5.3
112	-0.141872	400.841093	0.005917	5.7
113	-0.270996	399.716187	0.003715	6.2
114	-1.172216	398.599660	0.011231	6.5
115	-0.621249	397.491411	0.005157	5.8
116	-0.000000	396.391342	0.000000	6.1
117	-1.129811	395.299353	0.004639	5.2
118	-0.582081	394.215350	0.006695	6.5
119	-0.116951	393.139238	0.002052	5.5
120	-0.186226	392.070924	0.004187	5.2
121	-0.353010	391.010316	0.005268	6.7
122	-1.113733	389.957325	0.014119	5.2
123	-0.726871	388.911862	0.008878	5.6
124	-0.001577	387.873839	0.000243	5.5
125	-1.509381	386.843173	0.016797	5.3
126	-1.396075	385.819777	0.011094	6.1
127	-0.000000	384.803569	0.000000	5.3
128	-0.502254	383.794468	0.006829	5.3
129	-0.000029	382.792393	0.000007	5.9
130	-0.432294	381.797264	0.008237	5.4
131	-0.296230	380.809005	0.004173	6.0
132	-0.000000	379.827537	0.000000	6.1
133	-0.794312	378.852786	0.007940	5.3
134	-0.297763	377.884678	0.006719	5.7
135	-0.581155	376.923138	0.006912	5.1
136	-1.007499	375.968095	0.007436	5.5
137	-0.373252	375.019479	0.002660	5.7
138	-0.659338	374.077218	0.010226	5.3
139	-1.302214	373.141244	0.012756	5.3
140	-0.405524	372.211489	0.005699	5.5
141	-1.038922	371.287887	0.015326	5.0
142	-0.737854	370.370370	0.006257	5.1
143	-0.758771	369.458876	0.010177	5.6
144	-1.376018	368.553338	0.012998	5.4
145	-0.003102	367.653696	0.000136	5.7
146	-1.386211	366.759885	0.006572	5.5
147	-0.000559	365.871846	0.000109	5.2
148	-0.016872	364.989518	0.001179	6.4
149	-1.086748	364.112841	0.004190	5.4
150	-1.168652	363.241757	0.018823	5.2
151	-0.698723	362.376208	0.007362	5.3
152	-1.165812	361.516137	0.007199	5.3
153	-0.000000	360.661488	0.000000	5.9
154	-0.627300	359.812206	0.004313	5.9
155	-0.010897	358.968236	0.000664	5.4
156	-1.073925	358.129524	0.013182	5.2
157	-0.388164	357.296018	0.008948	5.6
158	-0.000000	356.467665	0.000000	5.2
159	-1.588818	355.644414	0.015999	6.8
160	-1.165986	354.826213	0.012516	5.6
161	-1.489059	354.013012	0.011787	5.5
162	-0.521242	353.204763	0.006421	5.3
163	-0.133040	352.401415	0.003301	5.4
164	-0.916206	351.602922	0.005575	5.0
165	-0.119248	350.809235	0.003763	5.3
166	-1.373641	350.020308	0.009252	6.1
167	-0.757489	349.236095	0.004190	5.0
168	-0.000000	348.456550	0.000000	5.8
169	-0.162401	347.681627	0.006028	5.8
170	-1.265143	346.911283	0.011393	5.4
171	-0.000000	346.145474	0.000000	5.8
172	-1.059202	345.384157	0.013665	5.3
173	-0.318595	344.627288	0.003879	6.1
174	-1.050222	343.874826	0.008568	6.1
175	-1.217051	343.126729	0.015169	6.0
176	-0.000003	342.382957	0.000001	6.7
177	-0.368314	341.643469	0.014009	5.4
178	-1.197132	340.908224	0.005544	5.7
179	-0.453748	340.177184	0.005475	5.9
180	-1.039870	339.450309	0.006481	5.6
181	-1.546423	338.727561	0.015105	6.2
182	-0.835099	338.008902	0.007987	5.4
183	-0.004447	337.294295	0.000507	5.4
184	-0.814741	336.583703	0.015954	5.8
185	-0.275708	335.877089	0.002784	5.4
186	-0.218548	335.174416	0.005369	5.6
187	-1.393411	334.475651	0.012936	5.7
188	-0.000000	333.780756	0.000000	5.2
189	-1.129022	333.089698	0.007276	5.3
190	-1.002019	332.402443	0.014656	5.3
191	-0.815103	331.718955	0.002910	5.2
192	-0.000007	331.039203	0.000002	5.3
193	-0.620778	330.363153	0.011053	5.3
194	-1.325530	329.690771	0.010737	5.0
195	-0.746708	329.022027	0.008878	5.2
196	-0.070578	328.356888	0.000399	5.5
197	-0.009651	327.695322	0.000587	5.4
198	-0.050476	327.037299	0.001989	5.3
199	-0.963942	326.382787	0.009794	5.3
200	-0.877369	325.731758	0.005507	5.3
201	-0.457469	325.084179	0.004661	5.2
202	-0.653164	324.440023	0.008692	5.8
203	-0.134618	323.799258	0.000569	5.1
204	-0.865639	323.161858	0.007388	5.2
205	-1.062196	322.527792	0.008942	6.1
206	-0.006359	321.897034	0.000281	5.3
207	-0.000000	321.269554	0.000000	5.0
208	-0.001001	320.645325	0.000128	5.6
209	-0.828955	320.024320	0.004882	5.3
210	-0.220486	319.406512	0.001705	5.4
211	-1.346677	318.791875	0.007039	5.2
212	-1.163480	318.180381	0.003638	5.4
213	-0.720164	317.572005	0.005839	5.8
214	-0.156144	316.966721	0.005114	5.3
215	-1.300684	316.364504	0.012504	5.8
216	-0.375577	315.765329	0.003027	5.4
217	-0.000000	315.169170	0.000000	5.2
218	-0.000000	314.576003	0.000000	6.2
219	-1.316250	313.985804	0.013190	5.5
220	-1.330275	313.398548	0.009612	5.3
221	-1.531103	312.814213	0.008149	6.3
222	-0.007468	312.232773	0.000573	5.1
223	-0.000054	311.654207	0.000011	5.8
224	-1.256462	311.078491	0.012838	5.2
225	-0.010823	310.505602	0.001231	5.2
226	-0.000006	309.935518	0.000002	5.4
227	-1.442005	309.368217	0.014999	5.9
228	-0.716777	308.803676	0.003038	5.1
229	-1.533847	308.241874	0.011446	5.3
230	-0.381005	307.682789	0.004802	5.5
231	-1.271062	307.126400	0.013967	5.3
232	-0.264224	306.572687	0.005281	5.0
233	-1.118720	306.021627	0.007816	5.5
234	-0.570899	305.473201	0.009081	5.4
235	-0.537247	304.927388	0.003816	5.2
236	-0.514879	304.384168	0.011221	5.4
237	-0.000000	303.843521	0.000000	5.3
238	-0.000000	303.305427	0.000000	5.1
239	-0.163248	302.769867	0.003369	5.3
240	-0.566371	302.236821	0.012310	5.3
241	-0.009631	301.706270	0.000966	6.2
242	-1.313583	301.178196	0.007779	6.3
243	-0.392240	300.652580	0.005855	5.9
244	-1.274309	300.129402	0.009522	5.8
245	-0.510994	299.608645	0.007124	5.3
246	-0.763071	299.090291	0.008017	5.6
247	-1.180589	298.574321	0.013017	5.9
248	-1.216034	298.060718	0.019044	5.4
249	-0.798084	297.549465	0.005559	5.6
250	-0.073137	297.040543	0.004832	5.9
251	-0.280511	296.533936	0.003422	5.2
252	-0.988593	296.029626	0.010142	5.6
253	-0.388526	295.527597	0.009293	5.3
254	-0.710267	295.027832	0.011874	5.1
255	-0.000006	294.530315	0.000001	5.7
256	-1.472874	294.035028	0.008743	5.8
257	-0.209149	293.541956	0.002683	5.3
258	-0.043581	293.051083	0.001916	5.2
259	-0.930195	292.562393	0.008054	5.0
260	-0.000000	292.075870	0.000000	5.5
261	-1.034108	291.591498	0.007966	5.8
262	-1.082496	291.109263	0.019185	5.1
263	-0.718221	290.629149	0.010758	5.2
264	-1.252053	290.151140	0.011703	5.1
265	-1.190447	289.675222	0.013600	5.2
266	-1.029719	289.201380	0.013409	5.3
267	-0.035389	288.729600	0.000984	5.6
268	-0.673571	288.259866	0.009777	5.1
269	-0.638112	287.792165	0.004816	5.4
270	-0.463972	287.326481	0.006916	5.7
271	-0.637862	286.862802	0.018586	5.4
272	-0.341083	286.401113	0.001397	6.0
273	-0.332933	285.941400	0.012643	5.5
274	-1.011713	285.483649	0.005803	5.2
275	-0.731380	285.027847	0.008099	5.5
276	-0.139715	284.573981	0.001513	5.3
277	-1.254836	284.122037	0.008394	5.9
278	-1.081212	283.672002	0.006048	5.4
279	-0.406230	283.223863	0.003225	5.5
280	-1.466856	282.777607	0.010231	5.4
281	-0.039733	282.333221	0.001128	5.4
282	-0.005685	281.890692	0.000141	5.5
283	-1.143848	281.450008	0.008992	5.0
284	-1.320816	281.011157	0.002402	5.3
285	-1.448471	280.574125	0.004618	5.4
286	-0.438447	280.138901	0.011316	5.1
287	-0.000112	279.705473	0.000023	5.5
288	-0.654867	279.273829	0.021577	5.3
289	-0.952894	278.843956	0.015141	5.5
290	-0.000000	278.415844	0.000000	5.7
291	-0.333736	277.989479	0.005594	5.2
292	-0.469719	277.564851	0.010321	5.2
293	-0.771374	277.141949	0.010065	5.4
294	-1.411858	276.720761	0.011420	5.1
295	-0.074313	276.301275	0.004761	5.0
296	-0.801859	275.883480	0.009279	6.2
297	-0.764466	275.467366	0.005653	5.3
298	-0.568625	275.052922	0.009504	5.3
299	-0.675300	274.640136	0.006001	5.8
300	-0.402675	274.228998	0.008340	5.3
301	-1.077765	273.819497	0.018176	5.9
302	-1.148625	273.411623	0.004242	5.4
303	-1.127860	273.005365	0.012092	5.5
304	-0.052357	272.600712	0.001353	6.0
305	-0.884084	272.197655	0.007424	5.5
306	-1.254158	271.796184	0.013644	5.6
307	-1.372359	271.396287	0.016972	5.2
308	-0.056978	270.997956	0.001585	5.4
309	-1.198720	270.601180	0.012603	5.5
310	-0.000003	270.205949	0.000001	5.5
311	-0.085862	269.812254	0.002841	5.4
312	-0.448580	269.420085	0.012987	5.2
313	-0.214445	269.029432	0.002067	5.5
314	-0.554555	268.640287	0.007172	5.3
315	-0.575559	268.252638	0.010462	6.2
316	-0.984894	267.866478	0.014609	5.4
317	-0.985919	267.481796	0.012716	5.2
318	-1.273821	267.098584	0.014973	5.7
319	-1.015472	266.716833	0.006794	5.7
320	-0.004178	266.336533	0.000407	7.8
321	-0.832571	265.957676	0.005135	6.0
322	-0.000000	265.580253	0.000000	6.0
323	-0.385367	265.204254	0.004072	5.5
324	-0.000000	264.829672	0.000000	5.5
325	-0.447705	264.456497	0.005045	6.5
326	-0.000001	264.084721	0.000000	5.8
327	-1.168621	263.714335	0.010283	5.3
328	-0.450681	263.345332	0.004051	5.3
329	-0.676603	262.977702	0.014854	6.3
330	-0.001190	262.611438	0.000213	6.0
331	-0.584985	262.246531	0.005547	5.4
332	-0.730023	261.882973	0.008642	5.5
333	-0.656919	261.520756	0.006454	5.3
334	-0.000444	261.159871	0.000030	5.2
335	-0.436111	260.800312	0.007464	5.7
336	-0.742417	260.442070	0.008832	5.4
337	-0.691975	260.085137	0.011482	5.2
338	-1.207867	259.729505	0.005891	5.6
339	-1.015823	259.375167	0.008744	5.3
340	-1.002375	259.022116	0.008102	5.7
341	-0.794347	258.670343	0.012351	5.6
342	-0.000000	258.319841	0.000000	5.5
343	-1.394061	257.970602	0.014932	5.5
344	-0.000073	257.622620	0.000015	5.9
345	-0.871760	257.275887	0.010549	5.3
346	-1.246209	256.930396	0.004480	5.6
347	-1.351416	256.586139	0.006077	5.4
348	-0.000000	256.243109	0.000000	5.1
349	-1.491301	255.901300	0.014281	5.9
350	-1.010784	255.560703	0.015336	5.4
351	-1.427227	255.221313	0.004222	5.9
352	-0.503593	254.883122	0.010074	5.8
353	-0.980248	254.546124	0.007586	5.3
354	-1.130679	254.210311	0.007180	5.5
355	-0.009790	253.875677	0.000743	5.4
356	-0.203097	253.542215	0.003864	5.2
357	-1.181540	253.209918	0.023432	5.4
358	-0.532750	252.878781	0.009531	5.6
359	-0.000000	252.548795	0.000000	5.5
360	-0.883338	252.219956	0.006305	5.4
361	-0.714977	251.892255	0.008885	5.3
362	-0.000203	251.565688	0.000043	5.3
363	-1.018053	251.240247	0.012302	5.3
364	-0.347075	250.915926	0.005238	5.1
365	-0.660558	250.592720	0.007558	5.3
366	-0.119788	250.270621	0.003411	5.6
367	-1.002837	249.949624	0.005784	5.4
368	-0.596024	249.629723	0.010567	5.2
369	-1.017476	249.310911	0.006756	5.3
370	-0.000362	248.993182	0.000064	6.3
371	-0.513889	248.676531	0.007216	5.3
372	-0.000000	248.360952	0.000000	5.4
373	-0.907740	248.046438	0.015379	5.5
374	-1.531292	247.732984	0.007577	5.1
375	-1.267436	247.420584	0.012233	6.0
376	-0.760636	247.109233	0.005504	5.2
377	-0.000000	246.798924	0.000000	5.3
378	-0.830489	246.489652	0.006010	5.3
379	-0.000031	246.181412	0.000008	5.0
380	-0.344690	245.874197	0.011466	5.2
381	-1.317802	245.568002	0.011438	5.7
382	-1.489749	245.262822	0.015127	5.5
383	-0.140143	244.958652	0.003107	5.6
384	-1.379367	244.655485	0.014294	6.0
385	-0.547281	244.353317	0.010490	5.3
386	-0.000003	244.052142	0.000001	5.8
387	-0.231368	243.751955	0.005618	5.4
388	-0.013597	243.452750	0.000818	5.5
389	-0.000000	243.154523	0.000000	7.0
390	-0.505380	242.857268	0.011175	6.0
391	-1.372412	242.560980	0.007570	6.0
392	-0.748800	242.265654	0.008818	5.6
393	-0.000275	241.971285	0.000056	5.4
394	-1.331199	241.677868	0.006309	5.9
395	-1.300133	241.385397	0.010271	5.1
396	-1.125296	241.093869	0.008453	5.3
397	-0.000000	240.803278	0.000000	5.6
398	-1.227127	240.513619	0.004386	5.4
399	-0.017964	240.224887	0.000666	5.2
400	-0.137132	239.937077	0.003440	5.5
401	-0.004664	239.650186	0.000548	5.4
402	-0.000000	239.364207	0.000000	6.0
403	-0.309480	239.079136	0.005461	5.4
404	-1.548768	238.794969	0.012631	5.7
405	-1.346230	238.511701	0.010586	5.9
406	-0.436572	238.229327	0.011087	5.6
407	-0.000000	237.947843	0.000000	5.5
408	-0.203232	237.667244	0.002106	5.1
409	-1.152170	237.387526	0.006139	5.7
410	-1.006234	237.108684	0.004567	5.9
411	-0.000000	236.830714	0.000000	5.4
412	-1.373420	236.553610	0.009881	5.4
413	-0.296262	236.277370	0.012123	5.5
414	-1.142171	236.001989	0.006944	6.0
415	-1.400214	235.727461	0.011370	5.2
416	-0.962095	235.453784	0.012753	5.6
417	-0.654320	235.180952	0.005649	5.2
418	-0.499818	234.908962	0.005218	5.0
419	-0.663287	234.637809	0.016967	5.6
420	-1.106191	234.367488	0.005091	5.5
421	-1.052071	234.097997	0.007621	5.5
422	-1.276308	233.829331	0.008709	5.5
423	-1.217251	233.561485	0.007944	4.9
424	-0.526758	233.294456	0.008776	5.2
425	-1.413288	233.028239	0.008786	6.7
426	-0.608055	232.762831	0.011334	5.2
427	-0.000000	232.498228	0.000000	4.9
428	-0.394801	232.234425	0.010593	6.4
429	-1.212696	231.971419	0.012623	5.8
430	-1.136798	231.709205	0.011263	5.8
431	-0.370004	231.447781	0.015027	5.7
432	-1.225668	231.187141	0.008884	5.3
433	-0.080745	230.927283	0.001991	5.5
434	-0.838800	230.668202	0.009496	5.2
435	0.000000	230.409895	0.000000	4.8
436	-0.037178	230.152358	0.001653	6.0
437	-0.630972	229.895587	0.009993	5.3
438	-1.357968	229.639578	0.012187	5.0
439	-0.709425	229.384329	0.009459	5.7
440	-0.101212	229.129834	0.001354	5.3
441	-1.237259	228.876091	0.010529	5.8
442	-0.000000	228.623096	0.000000	5.5
443	-0.785906	228.370846	0.008971	5.3
444	-0.000144	228.119336	0.000019	5.5
445	-0.000000	227.868563	0.000000	5.9
446	-0.353025	227.618525	0.010023	5.4
447	-1.189617	227.369216	0.017072	5.3
448	-1.139512	227.120635	0.007157	5.3
449	-0.055087	226.872777	0.001533	5.5
450	-0.237063	226.625638	0.002889	5.3
451	-0.947212	226.379217	0.009600	5.5
452	-0.755509	226.133509	0.004166	5.5
453	-0.000000	225.888510	0.000000	5.1
454	-0.034657	225.644218	0.001643	5.5
455	-0.164538	225.400630	0.003505	5.2
456	-1.441803	225.157741	0.014411	5.4
457	-0.457286	224.915549	0.007696	5.6
458	-0.134003	224.674051	0.002323	5.2
459	-0.942443	224.433242	0.015508	5.4
460	-0.570332	224.193121	0.005598	5.9
461	-0.000000	223.953684	0.000000	5.1
462	-0.872539	223.714927	0.016167	5.7
463	-0.722265	223.476848	0.010335	5.6
464	-0.496815	223.239444	0.005665	5.1
465	-0.378959	223.002710	0.010422	5.8
466	-1.182778	222.766645	0.010842	5.1
467	-1.074111	222.531245	0.011154	4.9
468	-1.187502	222.296508	0.007385	6.3
469	-1.284478	222.062429	0.007238	5.1
470	-0.861115	221.829007	0.015909	5.4
471	-1.510624	221.596238	0.012132	6.2
472	-0.598163	221.364119	0.006282	5.2
473	-0.477133	221.132647	0.004681	5.8
474	-1.410480	220.901820	0.007642	5.5
475	-0.000000	220.671634	0.000000	5.3
476	-1.253442	220.442086	0.009971	5.4
477	-0.832415	220.213174	0.013404	5.4
478	-0.812018	219.984895	0.004255	5.2
479	-0.871473	219.757246	0.012996	5.6
480	-1.475038	219.530224	0.008798	5.9
481	-0.997060	219.303826	0.011467	5.4
482	-1.297353	219.078050	0.010007	6.0
483	-0.004554	218.852893	0.000550	5.3
484	-1.427421	218.628352	0.015579	5.3
485	-1.306655	218.404424	0.006383	5.6
486	-1.179792	218.181106	0.021596	5.4
487	-1.075536	217.958397	0.006594	5.4
488	-0.032848	217.736292	0.001034	5.5
489	-1.178829	217.514790	0.011169	5.2
490	-0.526569	217.293888	0.015319	5.4
491	-1.360079	217.073584	0.012215	6.0
492	-0.016465	216.853873	0.000723	5.3
493	-0.000000	216.634755	0.000000	5.2
494	-1.356621	216.416227	0.007473	5.4
495	-0.254429	216.198285	0.003023	5.2
496	-0.000000	215.980927	0.000000	5.8
497	-0.696713	215.764151	0.008467	5.3
498	-0.015988	215.547955	0.000946	5.6
499	-0.183072	215.332335	0.007044	5.5
500	-0.600667	215.117289	0.007013	5.3
501	-1.197103	214.902815	0.012867	5.0
502	-1.075053	214.688911	0.009919	5.5
503	-0.953228	214.475573	0.014420	6.7
504	-0.133015	214.262800	0.004790	5.4
505	-1.431068	214.050588	0.006002	6.3
506	-0.641001	213.838936	0.010015	5.4
507	-0.045421	213.627842	0.003572	5.6
508	-0.108638	213.417302	0.001119	5.3
509	-0.797245	213.207314	0.003727	5.2
510	-1.345324	212.997877	0.010217	5.9
511	-0.931445	212.788987	0.014237	5.2
512	-0.025448	212.580642	0.002836	5.3
513	-0.288280	212.372841	0.009362	5.7
514	-0.171640	212.165581	0.003164	5.1
515	-0.000000	211.958859	0.000000	5.1
516	-0.523829	211.752673	0.005280	5.3
517	-1.234340	211.547021	0.014798	5.2
518	-0.725641	211.341902	0.010561	6.1
519	-0.888206	211.137311	0.010091	5.7
520	-1.079106	210.933248	0.009070	4.9
521	-0.118167	210.729710	0.003543	5.6
522	-0.000712	210.526695	0.000097	5.4
523	-1.353797	210.324200	0.013359	5.1
524	-1.579305	210.122224	0.014380	5.5
525	-1.487079	209.920765	0.010904	5.3
526	-0.526040	209.719820	0.015205	5.3
527	-1.312313	209.519387	0.006384	5.4
528	-0.000000	209.319463	0.000000	5.7
529	-1.422930	209.120048	0.004819	6.6
530	-0.334334	208.921139	0.006869	6.0
531	-0.345483	208.722733	0.005939	5.9
532	-1.329113	208.524829	0.006551	5.4
533	-1.341945	208.327425	0.009312	5.8
534	-1.109248	208.130518	0.011258	6.1
535	-0.126161	207.934107	0.002257	5.9
536	-0.000000	207.738189	0.000000	8.6
537	-0.000000	207.542762	0.000000	6.7
538	-0.615898	207.347825	0.009018	6.2
539	-0.105092	207.153376	0.003198	5.1
540	-0.212854	206.959412	0.003620	5.2
541	-0.783004	206.765932	0.005283	6.5
542	-0.051389	206.572933	0.002539	5.8
543	-0.714285	206.380414	0.004173	6.3
544	0.000000	206.188373	0.000000	7.2
545	-1.149360	205.996807	0.006461	9.6
546	-1.266705	205.805716	0.004364	7.3
547	-0.000000	205.615096	0.000000	8.5
548	-0.538680	205.424946	0.006359	6.1
549	-1.016912	205.235265	0.010411	6.7
550	-0.512702	205.046050	0.009424	5.8
551	-0.824096	204.857299	0.012106	5.2
552	-1.104085	204.669011	0.016398	6.2
553	-1.289745	204.481184	0.010228	5.6
554	-1.508765	204.293816	0.012092	5.9
555	-0.386599	204.106905	0.008378	5.8
556	-0.820469	203.920449	0.003695	7.2
557	-1.144033	203.734447	0.008710	5.7
558	-0.000000	203.548896	0.000000	5.6
559	-0.000000	203.363795	0.000000	5.4
560	-0.509731	203.179143	0.008424	6.0
561	-1.399072	202.994937	0.015329	5.6
562	-0.930251	202.811176	0.010068	5.9
563	-1.173248	202.627857	0.003754	5.6
564	-1.338995	202.444980	0.010874	5.4
565	-0.442520	202.262543	0.006374	5.8
566	-1.093946	202.080543	0.014846	6.2
567	-1.454384	201.898979	0.007689	5.6
568	-0.103254	201.717849	0.004105	5.6
569	-0.653399	201.537153	0.006119	5.6
570	-1.243076	201.356887	0.008803	6.3
571	-0.741360	201.177050	0.011004	6.2
572	-0.069710	200.997642	0.002177	5.4
573	-0.008123	200.818659	0.000703	5.9
574	-0.871848	200.640100	0.009348	5.8
575	-0.000000	200.461965	0.000000	6.0
576	-0.000188	200.284250	0.000023	6.7
577	-0.500141	200.106955	0.009350	6.2
578	-0.918969	199.930078	0.003950	6.5
579	-0.936918	199.753617	0.009388	6.3
580	-0.037768	199.577571	0.001335	5.4
581	-0.000000	199.401938	0.000000	5.7
582	-1.285875	199.226717	0.006997	5.3
583	-1.121454	199.051905	0.010479	5.5
584	-0.170891	198.877502	0.003187	6.3
585	-0.000000	198.703506	0.000000	5.5
586	-1.051168	198.529916	0.010175	5.8
587	-1.509779	198.356729	0.016967	5.7
588	-0.150123	198.183944	0.003083	5.3
589	-0.998619	198.011560	0.005996	5.6
590	-1.253840	197.839576	0.015203	5.7
591	-1.442934	197.667989	0.008547	5.6
592	-0.000000	197.496798	0.000000	5.7
593	-0.006823	197.326002	0.000746	5.6
594	-0.000000	197.155600	0.000000	5.6
595	-0.768891	196.985589	0.006867	6.0
596	-0.000000	196.815969	0.000000	5.5
597	-0.414183	196.646738	0.006762	5.1
598	-1.212133	196.477894	0.007924	5.5
599	-0.242676	196.309436	0.002904	5.8
600	-0.320633	196.141363	0.006137	5.5
601	-0.137683	195.973673	0.001192	5.8
602	-0.679281	195.806365	0.004755	5.4
603	-0.572005	195.639437	0.005585	5.8
604	-1.341651	195.472888	0.011778	5.5
605	-0.968468	195.306717	0.009210	5.2
606	-1.478924	195.140922	0.008933	5.8
607	-0.000000	194.975501	0.000000	5.3
608	-1.231605	194.810454	0.007422	5.4
609	-0.490021	194.645779	0.007986	6.0
610	-0.994463	194.481475	0.006560	5.8
611	-0.392176	194.317540	0.004136	5.2
612	-0.000000	194.153973	0.000000	5.8
613	-0.684420	193.990773	0.007135	5.1
614	-0.479745	193.827938	0.004967	5.1
615	-0.636077	193.665467	0.006877	5.5
616	-0.819548	193.503358	0.006320	5.3
617	-0.000000	193.341611	0.000000	5.3
618	-1.166937	193.180224	0.010266	5.5
619	-0.155176	193.019196	0.002591	5.5
620	-0.787801	192.858525	0.005963	5.8
621	-0.631812	192.698210	0.006000	5.7
622	-0.597692	192.538251	0.007460	5.5
623	-1.504941	192.378644	0.005107	5.7
624	-0.000000	192.219391	0.000000	5.9
625	-1.019845	192.060488	0.014781	6.3
626	-1.541114	191.901935	0.012526	5.8
627	-0.000150	191.743730	0.000022	5.8
628	-1.470133	191.585873	0.015191	5.4
629	-0.367930	191.428362	0.007436	5.3
630	-1.425652	191.271196	0.005517	5.5
631	-0.923639	191.114374	0.010207	5.3
632	-0.739867	190.957893	0.007897	5.4
633	-1.033416	190.801755	0.008720	5.5
634	-1.487188	190.645956	0.008307	5.6
635	-0.497032	190.490495	0.005789	5.7
636	-0.296081	190.335373	0.011940	5.3
637	-0.491350	190.180587	0.010954	5.5
638	-0.350551	190.026136	0.000862	6.0
639	-0.711467	189.872019	0.006874	5.4
640	-0.000061	189.718235	0.000008	5.8
641	-0.593230	189.564782	0.002399	5.2
642	-0.000000	189.411661	0.000000	5.5
643	-1.127770	189.258868	0.008010	5.9
644	-0.000951	189.106404	0.000120	5.7
645	-1.402139	188.954267	0.014009	5.2
646	-0.038496	188.802456	0.002135	5.5
647	-1.078813	188.650969	0.011455	5.3
648	-0.092372	188.499807	0.002578	6.0
649	-0.172857	188.348967	0.002972	5.2
650	-1.445100	188.198448	0.016544	5.2
651	-1.474703	188.048250	0.007783	5.6
652	-1.236992	187.898371	0.014426	5.6
653	-0.018806	187.748810	0.001260	5.3
654	-0.621852	187.599566	0.004109	6.0
655	-0.769104	187.450638	0.008265	5.1
656	-0.506534	187.302025	0.018570	5.5
657	-1.288161	187.153725	0.006495	5.4
658	-0.752300	187.005739	0.005498	5.2
659	-0.585786	186.858064	0.016962	5.4
660	-0.822592	186.710699	0.011217	5.7
661	-0.000001	186.563645	0.000000	6.0
662	-0.854859	186.416898	0.012171	5.1
663	-1.467929	186.270459	0.008077	5.6
664	-1.176390	186.124326	0.013517	6.4
665	-1.375412	185.978499	0.011553	5.7
666	-1.288931	185.832976	0.010400	5.9
667	-0.945679	185.687756	0.016184	5.2
668	-1.511190	185.542838	0.011267	5.5
669	-0.001133	185.398222	0.000209	5.9
670	-0.052782	185.253906	0.002669	5.0
671	-0.075991	185.109889	0.004721	5.4
672	-1.212105	184.966170	0.015749	5.5
673	-0.541861	184.822748	0.004702	5.3
674	-0.756936	184.679623	0.007149	5.7
675	-0.000000	184.536792	0.000000	5.1
676	-0.001676	184.394256	0.000082	5.6
677	-0.688907	184.252013	0.008127	6.1
678	-0.008323	184.110062	0.000384	5.2
679	-0.877348	183.968403	0.006933	5.2
680	-0.999329	183.827034	0.012894	5.6
681	-0.148773	183.685954	0.004303	4.9
682	-1.050645	183.545163	0.006840	5.1
683	-0.264989	183.404658	0.002882	5.5
684	-0.961595	183.264441	0.006188	5.2
685	-1.318275	183.124509	0.013337	6.6
686	-1.167042	182.984861	0.008203	5.2
687	-0.137384	182.845497	0.002469	5.1
688	-0.242997	182.706416	0.007068	5.7
689	-0.575359	182.567616	0.008055	5.3
690	-1.212477	182.429098	0.008485	5.2
691	-0.021160	182.290859	0.000630	5.6
692	-0.002822	182.152899	0.000287	5.2
693	-0.565741	182.015217	0.005230	5.4
694	-0.707775	181.877813	0.012642	5.7
695	-1.053520	181.740684	0.013476	5.3
696	-1.062958	181.603832	0.007444	5.3
697	-0.964180	181.467253	0.014621	5.5
698	-0.000343	181.330948	0.000047	5.8
699	-0.816958	181.194916	0.010014	5.1
700	-0.976732	181.059155	0.007978	5.3
701	-0.008506	180.923666	0.000425	5.8
702	-1.272171	180.788446	0.006976	5.2
703	-0.519885	180.653496	0.016013	6.2
704	-0.970060	180.518814	0.007095	5.4
705	-1.046468	180.384399	0.006424	5.4
706	-0.893916	180.250251	0.007748	5.6
707	-0.276351	180.116369	0.007126	5.3
708	-1.223647	179.982752	0.014003	5.5
709	-1.385726	179.849398	0.009788	5.3
710	-1.523079	179.716308	0.009907	5.3
711	-0.981709	179.583480	0.009438	6.0
712	-0.693709	179.450913	0.012460	5.1
713	-1.151572	179.318607	0.016664	5.2
714	-0.000000	179.186561	0.000000	5.5
715	-0.588736	179.054774	0.005554	5.6
716	-0.845101	178.923245	0.005108	5.5
717	-0.152808	178.791973	0.001884	6.1
718	-1.418798	178.660958	0.008048	5.6
719	-0.702671	178.530199	0.005293	5.8
720	-0.913078	178.399694	0.012346	5.4
721	-0.529532	178.269444	0.015855	5.5
722	-0.728535	178.139447	0.007626	5.7
723	-1.228760	178.009702	0.008861	5.6
724	-1.379128	177.880209	0.008168	5.8
725	-1.020935	177.750967	0.010844	5.5
726	-0.710796	177.621975	0.006811	5.8
727	-0.000000	177.493232	0.000000	6.1
728	-0.961205	177.364738	0.008630	5.1
729	-0.037080	177.236492	0.002148	6.2
730	-0.425348	177.108492	0.006437	5.2
731	-0.000007	176.980739	0.000002	5.2
732	-1.399325	176.853231	0.010795	5.4
733	-1.458851	176.725968	0.010828	5.7
734	-0.690666	176.598949	0.006332	5.2
735	-0.392526	176.472173	0.007486	5.0
736	-0.080370	176.345639	0.003380	5.4
737	-0.358101	176.219348	0.006127	5.4
738	-1.229155	176.093296	0.015080	5.4
739	-0.812680	175.967486	0.006355	5.0
740	-0.765721	175.841914	0.005670	6.1
741	-1.121913	175.716581	0.007251	5.3
742	-0.780640	175.591486	0.013047	5.4
743	-0.080750	175.466629	0.002547	5.1
744	-0.208174	175.342008	0.004065	5.2
745	-0.627575	175.217622	0.005641	5.6
746	-0.992714	175.093472	0.011412	5.1
747	-1.624644	174.969556	0.007302	5.0
748	-0.938920	174.845873	0.018978	5.7
749	-1.053198	174.722423	0.006739	5.5
750	-0.983716	174.599206	0.005672	5.3
751	-1.132114	174.476220	0.011715	5.7
752	-1.068187	174.353464	0.012344	5.0
753	-0.000167	174.230939	0.000026	5.2
754	-0.000000	174.108643	0.000000	5.3
755	-1.457874	173.986576	0.017240	5.3
756	-0.517656	173.864737	0.005859	5.2
757	-0.425517	173.743124	0.009986	5.6
758	-1.343395	173.621739	0.009256	5.2
759	-0.813356	173.500579	0.008382	5.4
760	-0.773808	173.379645	0.007654	5.5
761	-0.634189	173.258935	0.006301	5.6
762	-0.166617	173.138449	0.001317	5.7
763	-0.000667	173.018186	0.000069	5.6
764	-1.127098	172.898146	0.006244	5.7
765	-1.409233	172.778327	0.010159	5.7
766	-0.000001	172.658730	0.000000	5.9
767	-1.416229	172.539353	0.012154	5.2
768	-0.010183	172.420196	0.000458	6.1
769	-0.917112	172.301258	0.008674	5.3
770	-0.759890	172.182539	0.006566	5.3
771	-0.000000	172.064037	0.000000	5.5
772	-1.060141	171.945753	0.010981	5.4
773	-1.420867	171.827686	0.006384	5.7
774	-0.416679	171.709834	0.008530	5.5
775	-0.017316	171.592198	0.001466	5.3
776	-1.286536	171.474776	0.009373	5.3
777	-0.524551	171.357568	0.006542	6.2
778	-1.005224	171.240574	0.003894	5.1
779	-0.084196	171.123793	0.003506	5.2
780	-1.128804	171.007223	0.008221	5.5
781	-0.748192	170.890865	0.006789	5.1
782	-1.194287	170.774718	0.005477	5.8
783	-1.346085	170.658782	0.012461	5.4
784	-0.024616	170.543055	0.001007	5.2
785	-0.364415	170.427537	0.006580	6.0
786	-1.146251	170.312227	0.020288	5.1
787	-1.205923	170.197125	0.006857	5.2
788	-0.935592	170.082231	0.014195	5.6
789	-1.183552	169.967543	0.009582	5.4
790	-1.327803	169.853061	0.006291	5.2
791	-1.108964	169.738784	0.010100	5.6
792	-1.316682	169.624713	0.013585	5.8
793	-0.040487	169.510845	0.001438	5.2
794	-0.999392	169.397181	0.010063	5.8
795	-0.917262	169.283720	0.009024	5.1
796	-0.287419	169.170462	0.005213	6.2
797	-0.938450	169.057405	0.008544	5.9
798	-0.907904	168.944549	0.006450	5.6
799	-0.000085	168.831895	0.000017	5.4
800	-0.868188	168.719440	0.007106	5.3
801	-0.561582	168.607185	0.007035	5.1
802	-1.354448	168.495129	0.011445	5.5
803	-0.893649	168.383271	0.013253	5.3
804	-0.408847	168.271611	0.007974	5.5
805	-0.789422	168.160148	0.011960	5.4
806	-0.701115	168.048882	0.007275	5.2
807	-0.161740	167.937812	0.000769	5.1
808	-1.196565	167.826938	0.013243	5.8
809	-1.373752	167.716258	0.020538	5.7
810	-1.095279	167.605773	0.017601	5.7
811	-1.334761	167.495482	0.006077	6.0
812	-1.471398	167.385384	0.007091	5.2
813	-0.000000	167.275479	0.000000	5.2
814	-0.257820	167.165766	0.005359	5.9
815	-0.617362	167.056245	0.005553	5.2
816	-0.762653	166.946915	0.015796	5.0
817	-1.404119	166.837776	0.010795	5.6
818	-1.013004	166.728826	0.007058	5.2
819	-0.754716	166.620067	0.006436	5.6
820	-0.000000	166.511496	0.000000	5.5
821	-0.000011	166.403113	0.000002	5.5
822	-0.000001	166.294919	0.000000	6.2
823	-0.573892	166.186912	0.009738	5.7
824	-0.271423	166.079091	0.012048	8.3
825	-0.780332	165.971458	0.006346	5.5
826	-0.382826	165.864009	0.004815	5.3
827	-0.839247	165.756747	0.015301	5.5
828	-1.110141	165.649669	0.009190	5.2
829	-1.243816	165.542775	0.007407	5.2
830	-0.986235	165.436065	0.010135	5.6
831	-1.247491	165.329538	0.013072	5.3
832	-0.294938	165.223194	0.009436	6.1
833	-0.892232	165.117032	0.015978	5.7
834	-0.339290	165.011052	0.003719	5.7
835	-0.805756	164.905253	0.014708	7.0
836	-0.964422	164.799635	0.006595	5.1
837	-1.429033	164.694197	0.007800	5.1
838	-1.344993	164.588939	0.012167	5.2
839	-1.241712	164.483859	0.011494	5.3
840	-0.000200	164.378959	0.000040	6.0
841	-0.176559	164.274237	0.006114	6.4
842	-0.520561	164.169692	0.006220	5.4
843	-0.755145	164.065325	0.008514	5.3
844	-1.298663	163.961135	0.011410	6.1
845	-0.000990	163.857120	0.000130	5.2
846	-0.000000	163.753282	0.000000	5.2
847	-1.591519	163.649619	0.013915	6.4
848	-1.098190	163.546130	0.005874	5.2
849	-0.846390	163.442816	0.011653	5.1
850	-0.000285	163.339676	0.000057	5.9
851	-0.528779	163.236709	0.004767	5.2
852	-0.000348	163.133915	0.000052	5.1
853	-0.095117	163.031294	0.002462	7.3
854	-1.292049	162.928844	0.006288	5.3
855	-0.000004	162.826566	0.000001	5.4
856	-0.782212	162.724459	0.005661	5.2
857	-1.145371	162.622523	0.010268	5.2
858	-0.000000	162.520757	0.000000	5.6
859	-0.355851	162.419160	0.003789	5.6
860	-0.066195	162.317733	0.002257	5.0
861	-1.163016	162.216474	0.022023	7.5
862	-1.393127	162.115383	0.013465	5.5
863	-0.995108	162.014461	0.005345	5.2
864	-1.003351	161.913705	0.007287	5.3
865	-0.030703	161.813117	0.002539	5.2
866	-0.999205	161.712695	0.013107	5.8
867	-0.000000	161.612439	0.000000	5.4
868	-0.000000	161.512349	0.000000	5.4
869	-0.051094	161.412424	0.002710	5.3
870	-1.042174	161.312663	0.006826	5.6
871	-0.000461	161.213067	0.000080	5.4
872	-1.272398	161.113635	0.017488	5.4
873	-0.788341	161.014366	0.005950	5.3
874	-0.641937	160.915260	0.010028	5.4
875	-0.696573	160.816316	0.007313	5.6
876	-0.511874	160.717535	0.006757	5.2
877	-0.000000	160.618915	0.000000	5.2
878	-0.337410	160.520456	0.003242	5.8
879	-0.000000	160.422158	0.000000	5.4
880	-0.761531	160.324021	0.004291	5.2
881	-0.041218	160.226043	0.002228	5.5
882	-0.607015	160.128225	0.006948	5.4
883	-1.098208	160.030566	0.007888	5.6
884	-0.000044	159.933066	0.000006	6.4
885	-1.327581	159.835723	0.021481	5.3
886	-1.517181	159.738539	0.005809	5.3
887	-1.420478	159.641512	0.016427	6.1
888	-0.122115	159.544642	0.002442	5.1
889	-1.476758	159.447929	0.014637	6.1
890	-0.886903	159.351372	0.013349	6.0
891	-1.093033	159.254971	0.007256	5.5
892	-0.215547	159.158725	0.005079	5.7
893	-0.006642	159.062634	0.000506	6.0
894	-0.000000	158.966697	0.000000	5.6
895	-1.242381	158.870915	0.015376	5.3
896	-0.594764	158.775286	0.006403	5.6
897	-0.298593	158.679811	0.006194	5.7
898	-0.556225	158.584489	0.006694	5.7
899	-0.963844	158.489319	0.006157	5.6
900	-1.430019	158.394302	0.006980	5.9
901	-0.000000	158.299436	0.000000	5.3
902	-1.088194	158.204721	0.017836	5.5
903	-0.885550	158.110158	0.006189	5.6
904	-0.017876	158.015745	0.000765	5.1
905	-1.002834	157.921482	0.007430	5.3
906	-0.246499	157.827369	0.004496	5.3
907	-0.044756	157.733406	0.001964	5.6
908	-0.845691	157.639591	0.005744	5.3
909	-1.025723	157.545925	0.012156	5.6
910	-0.726279	157.452408	0.004980	5.5
911	-1.273968	157.359038	0.005790	5.2
912	-0.000000	157.265816	0.000000	5.9
913	-1.452383	157.172741	0.009564	5.2
914	-0.101069	157.079813	0.002438	5.3
915	-0.000000	156.987031	0.000000	5.8
916	-0.000516	156.894395	0.000055	5.2
917	-1.490461	156.801904	0.009713	5.5
918	-1.075548	156.709559	0.019576	5.6
919	-0.580910	156.617359	0.007411	5.3
920	-1.151187	156.525304	0.017509	5.7
921	-0.601071	156.433392	0.008219	5.9
922	-0.473722	156.341624	0.019771	5.3
923	0.000000	156.250000	0.000000	5.8
924	-0.761135	156.158519	0.009236	5.0
925	-0.326591	156.067180	0.009373	5.2
926	-0.000000	155.975984	0.000000	5.3
927	-0.753703	155.884930	0.014173	5.4
928	-0.055283	155.794017	0.002450	5.3
929	-0.649638	155.703246	0.009812	5.5
930	-1.456089	155.612615	0.004484	5.0
931	-0.589755	155.522125	0.010063	5.3
932	-0.557266	155.431775	0.007966	5.4
933	-0.000001	155.341565	0.000000	5.6
934	-0.942503	155.251495	0.010002	6.2
935	-1.333772	155.161563	0.014393	5.4
936	-1.198352	155.071771	0.005793	5.2
937	-0.950257	154.982117	0.011437	5.6
938	-0.836535	154.892601	0.007394	5.2
939	-1.486098	154.803222	0.008621	5.2
940	-0.000000	154.713981	0.000000	5.9
941	-1.470237	154.624878	0.009540	5.5
942	-1.310611	154.535910	0.017625	5.4
943	-0.000014	154.447080	0.000003	5.6
944	-0.477094	154.358385	0.004538	5.9
945	-1.093906	154.269826	0.008972	5.3
946	-0.000000	154.181402	0.000000	5.4
947	-0.810301	154.093114	0.007805	5.3
948	-0.844717	154.004960	0.010836	5.5
949	-0.000002	153.916940	0.000001	5.7
950	-1.415146	153.829054	0.013542	5.5
951	-0.000000	153.741303	0.000000	5.4
952	-0.450475	153.653684	0.010827	5.6
953	-0.465205	153.566198	0.012220	5.3
954	-0.148625	153.478846	0.004931	5.5
955	-0.906598	153.391625	0.010245	5.3
956	-0.494492	153.304537	0.008048	5.2
957	-1.181244	153.217580	0.008533	5.6
958	-1.288418	153.130755	0.009665	5.6
959	-0.000000	153.044061	0.000000	5.8
960	-0.698599	152.957498	0.004796	5.7
961	-0.000025	152.871065	0.000005	5.4
962	-0.006487	152.784762	0.000484	5.5
963	-0.000000	152.698589	0.000000	5.9
964	-0.821035	152.612545	0.016108	5.5
965	-0.987586	152.526631	0.010374	5.7
966	-1.411965	152.440845	0.013541	5.3
967	-0.527711	152.355188	0.011940	5.3
968	-0.860159	152.269660	0.006251	5.2
969	-0.077014	152.184259	0.003858	5.4
970	-0.961106	152.098986	0.011746	5.5
971	-0.000033	152.013840	0.000007	5.6
972	-0.796960	151.928821	0.011037	5.2
973	-0.488487	151.843928	0.005217	5.4
974	-0.000001	151.759163	0.000000	5.4
975	-1.437938	151.674523	0.008075	5.5
976	-1.389260	151.590009	0.009026	5.1
977	-0.000346	151.505620	0.000035	5.8
978	-0.000000	151.421357	0.000000	5.3
979	-1.256762	151.337218	0.019113	5.5
980	-0.051433	151.253204	0.001742	5.5
981	-1.338913	151.169314	0.012226	6.3
982	-1.181952	151.085549	0.005640	5.5
983	-1.000351	151.001907	0.009137	5.7
984	-1.534641	150.918388	0.008584	5.1
985	-0.011218	150.834992	0.000664	5.5
986	-0.000000	150.751719	0.000000	5.6
987	-0.686910	150.668569	0.008711	5.1
988	-1.390830	150.585541	0.008660	5.5
989	-0.804241	150.502634	0.005302	5.4
990	-0.819545	150.419849	0.009514	5.2
991	-1.047774	150.337186	0.006303	6.0
992	-1.108779	150.254644	0.011182	5.6
993	-0.309044	150.172222	0.006209	5.1
994	-1.439106	150.089921	0.006959	5.7
995	-0.375757	150.007740	0.010818	5.4
996	-0.492929	149.925679	0.009042	5.8
997	-0.000002	149.843737	0.000000	6.1
998	-1.464408	149.761915	0.012516	5.1
999	-1.184707	149.680212	0.007274	5.8
1000	-0.786420	149.598627	0.006735	5.2
1001	-0.492740	149.517161	0.006398	5.1
1002	-0.542918	149.435814	0.007599	5.6
1003	-0.000000	149.354584	0.000000	5.4
1004	-1.127342	149.273472	0.011150	6.1
1005	-0.000000	149.192477	0.000000	5.6
1006	-0.000014	149.111599	0.000003	5.0
1007	-0.290664	149.030838	0.003204	5.2
1008	-0.000000	148.950194	0.000000	5.4
1009	-0.367667	148.869666	0.009387	5.3
1010	-1.064932	148.789253	0.006918	5.1
1011	-0.009243	148.708957	0.001303	5.8
1012	-0.662781	148.628776	0.013364	6.1
1013	-0.001256	148.548710	0.000227	5.3
1014	-0.038871	148.468759	0.001925	5.8
1015	-0.000087	148.388923	0.000015	5.3
1016	-0.751015	148.309201	0.010899	5.3
1017	-0.311696	148.229594	0.003065	5.7
1018	-0.422766	148.150100	0.005898	5.5
1019	-1.002521	148.070719	0.006666	5.4
1020	-0.000001	147.991452	0.000000	5.3
1021	-0.929066	147.912298	0.007529	5.2
1022	-0.360322	147.833257	0.004056	5.3
1023	-0.376056	147.754329	0.013033	5.7
1024	-1.164083	147.675512	0.010313	5.0
1025	-1.172228	147.596808	0.017950	5.5
1026	-0.602704	147.518216	0.008187	5.2
1027	-1.216485	147.439735	0.006812	5.3
1028	-0.332267	147.361365	0.006476	5.9
1029	-1.481862	147.283106	0.011061	5.3
1030	-0.028041	147.204958	0.001621	5.2
1031	-0.635806	147.126920	0.008896	5.6
1032	-0.892366	147.048993	0.011815	5.2
1033	-0.767290	146.971175	0.009098	5.9
1034	-1.419654	146.893468	0.017723	5.9
1035	-0.374798	146.815869	0.005358	5.5
1036	-1.282388	146.738380	0.012367	6.9
1037	-0.692041	146.661000	0.015566	5.9
1038	-1.203186	146.583729	0.009217	5.3
1039	-1.210218	146.506566	0.012734	5.7
1040	-0.504431	146.429511	0.005358	5.2
1041	-0.000192	146.352565	0.000034	7.6
1042	-0.000000	146.275726	0.000000	5.2
1043	-1.414696	146.198994	0.011609	5.2
1044	-0.865656	146.122370	0.005978	5.4
1045	-0.628699	146.045853	0.007673	5.6
1046	-0.843750	145.969442	0.008226	5.4
1047	-0.761523	145.893139	0.008390	5.4
1048	-1.387727	145.816941	0.007421	5.3
1049	-1.147559	145.740849	0.012951	5.4
1050	-0.256366	145.664863	0.002900	5.3
1051	-0.689108	145.588983	0.002317	5.2
1052	-1.125940	145.513208	0.008519	5.3
1053	-1.340961	145.437538	0.019506	5.5
1054	-0.722292	145.361973	0.009600	5.4
1055	-0.192893	145.286513	0.006049	5.2
1056	-0.079362	145.211157	0.004953	5.7
1057	-0.179740	145.135905	0.003440	6.2
1058	-0.059460	145.060757	0.002592	5.0
1059	-0.005031	144.985712	0.000700	5.8
1060	-0.002878	144.910771	0.000381	5.4
1061	-0.029515	144.835934	0.001196	5.1
1062	-1.090380	144.761199	0.010982	5.7
1063	-1.278074	144.686567	0.014919	5.2
1064	-1.265050	144.612037	0.008861	5.5
1065	-0.875811	144.537610	0.007503	5.8
1066	-0.043824	144.463285	0.002852	5.1
1067	-1.131442	144.389062	0.020166	6.5
1068	-0.734900	144.314940	0.008539	5.3
1069	-0.716087	144.240920	0.004954	5.0
1070	-0.000488	144.167001	0.000073	5.7
1071	-0.372207	144.093182	0.003227	5.4
1072	-0.538972	144.019465	0.011387	5.6
1073	-1.430406	143.945848	0.004795	5.7
1074	-0.587505	143.872331	0.007333	5.5
1075	-0.000000	143.798914	0.000000	5.3
1076	-0.240843	143.725597	0.007267	5.6
1077	-1.397584	143.652380	0.014038	5.1
1078	-0.021786	143.579262	0.000879	5.7
1079	-0.451926	143.506243	0.009226	5.7
1080	-0.846878	143.433323	0.006117	5.1
1081	-1.258161	143.360502	0.008788	5.6
1082	-0.559463	143.287780	0.003108	5.8
1083	-1.095580	143.215155	0.006514	5.3
1084	-0.119138	143.142629	0.003838	5.4
1085	-1.080442	143.070201	0.006365	5.5
1086	-0.000000	142.997870	0.000000	5.2
1087	-0.813991	142.925637	0.009472	5.5
1088	-1.458952	142.853501	0.005092	5.9
1089	-1.240792	142.781462	0.010500	5.3
1090	-1.254473	142.709519	0.014122	5.5
1091	-1.284592	142.637674	0.012747	5.4
1092	-0.785291	142.565924	0.006276	5.2
1093	-1.485788	142.494271	0.012626	5.9
1094	-0.765194	142.422714	0.008033	5.3
1095	-1.388136	142.351252	0.010808	5.1
1096	-0.919256	142.279886	0.003141	5.3
1097	-0.040736	142.208616	0.001301	5.6
1098	-0.557155	142.137440	0.005850	5.3
1099	-1.389249	142.066360	0.011786	5.5
1100	-0.000000	141.995374	0.000000	5.3
1101	-1.574179	141.924483	0.018903	5.1
1102	-1.233450	141.853685	0.008540	5.9
1103	-0.511261	141.782983	0.009276	5.2
1104	-0.805373	141.712373	0.004676	5.3
1105	-1.524026	141.641858	0.007259	5.9
1106	-0.005053	141.571436	0.000361	5.4
1107	-0.698455	141.501108	0.006941	5.8
1108	-1.065597	141.430872	0.005017	5.2
1109	-1.097308	141.360730	0.007289	5.3
1110	-0.986016	141.290680	0.006805	5.6
1111	-1.011853	141.220722	0.006848	5.3
1112	-0.000000	141.150857	0.000000	6.0
1113	-0.000001	141.081084	0.000000	5.9
1114	-1.141543	141.011403	0.006219	5.5
1115	-0.002241	140.941813	0.000189	5.8
1116	-0.707295	140.872315	0.005576	5.6
1117	-1.044022	140.802909	0.017377	5.5
1118	-1.258415	140.733593	0.010511	6.0
1119	-0.599072	140.664369	0.004540	5.4
1120	-0.008190	140.595235	0.000815	5.4
1121	-1.069224	140.526192	0.010335	5.2
1122	-0.000000	140.457239	0.000000	5.4
1123	-0.477786	140.388376	0.006356	5.2
1124	-0.000000	140.319603	0.000000	5.5
1125	-0.530951	140.250920	0.005138	5.3
1126	-0.006156	140.182326	0.000436	5.7
1127	-0.573135	140.113822	0.005871	5.3
1128	-0.427803	140.045407	0.005820	5.5
1129	-0.922643	139.977081	0.008497	5.5
1130	-0.249988	139.908844	0.003774	5.5
1131	-0.622132	139.840696	0.007540	5.4
1132	-1.032685	139.772635	0.017050	5.7
1133	-0.457254	139.704664	0.006186	5.3
1134	-0.856605	139.636780	0.005177	5.2
1135	-0.976592	139.568984	0.015884	5.3
1136	-0.862412	139.501276	0.008821	5.5
1137	-1.378997	139.433655	0.009423	5.2
1138	-1.386301	139.366122	0.012093	5.3
1139	-0.842366	139.298676	0.021435	6.3
1140	-1.374920	139.231317	0.009437	5.2
1141	-0.788113	139.164045	0.010993	5.1
1142	-1.142194	139.096859	0.010887	6.0
1143	-0.750759	139.029760	0.015623	5.3
1144	-0.000000	138.962747	0.000000	5.1
1145	-0.964965	138.895820	0.005160	6.2
1146	-1.374040	138.828978	0.009310	5.2
1147	-1.024266	138.762223	0.009236	5.1
1148	-1.379083	138.695553	0.009266	5.5
1149	-1.237169	138.628969	0.015937	5.0
1150	-1.483581	138.562469	0.010718	5.8
1151	-1.227539	138.496055	0.006166	5.6
1152	-1.107636	138.429725	0.009364	5.3
1153	-1.316100	138.363481	0.018170	5.8
1154	-0.406429	138.297320	0.007950	5.3
1155	-0.000000	138.231244	0.000000	5.3
1156	-0.000000	138.165252	0.000000	5.3
1157	-0.615775	138.099344	0.006713	5.2
1158	-0.287278	138.033520	0.004405	5.2
1159	-0.127848	137.967779	0.002304	5.9
1160	-0.998926	137.902122	0.006146	5.6
1161	-0.009835	137.836548	0.000571	5.3
1162	-1.497412	137.771057	0.011485	5.5
1163	-1.503300	137.705649	0.012454	5.3
1164	-0.341638	137.640324	0.007404	5.6
1165	-0.897928	137.575081	0.007306	5.4
1166	-1.602756	137.509921	0.007757	5.8
1167	-0.000000	137.444842	0.000000	5.7
1168	-0.911722	137.379846	0.006590	5.7
1169	-0.239402	137.314932	0.004390	5.4
1170	-0.000000	137.250100	0.000000	5.4
1171	-1.405316	137.185349	0.010554	5.1
1172	-0.065496	137.120680	0.001781	5.3
1173	-1.309823	137.056092	0.004372	5.4
1174	-0.533904	136.991585	0.012563	5.1
1175	-1.204167	136.927158	0.010245	5.2
1176	-0.809274	136.862813	0.005431	5.6
1177	-0.539260	136.798548	0.007370	6.2
1178	-0.000000	136.734363	0.000000	5.6
1179	-0.033173	136.670259	0.001114	5.6
1180	-0.721740	136.606235	0.008108	5.2
1181	-0.000000	136.542291	0.000000	4.8
1182	-0.000168	136.478426	0.000032	6.1
1183	-0.000000	136.414641	0.000000	5.6
1184	-1.536085	136.350936	0.005556	5.2
1185	-1.159176	136.287310	0.007189	5.8
1186	-0.519645	136.223763	0.005461	6.1
1187	-0.812790	136.160295	0.008617	5.7
1188	-0.880768	136.096905	0.009730	5.6
1189	-0.000000	136.033594	0.000000	5.2
1190	-0.985160	135.970362	0.011811	5.3
1191	-0.817934	135.907208	0.013024	5.7
1192	-1.041613	135.844133	0.011882	5.4
1193	-1.441812	135.781135	0.009571	6.3
1194	-0.659814	135.718215	0.003156	5.4
1195	-1.246509	135.655373	0.011662	5.4
1196	-1.350767	135.592608	0.004370	5.7
1197	-0.828584	135.529921	0.012158	5.5
1198	0.000000	135.467311	0.000000	5.0
1199	-0.000000	135.404778	0.000000	5.6
1200	-0.000000	135.342322	0.000000	5.1
1201	-0.006283	135.279942	0.000471	5.6
1202	-0.616436	135.217640	0.008902	5.4
1203	-0.556312	135.155413	0.004032	5.1
1204	-0.132264	135.093263	0.001253	7.0
1205	-0.450559	135.031190	0.013634	5.5
1206	-0.777669	134.969192	0.007512	5.5
1207	-1.320916	134.907270	0.012914	5.6
1208	-1.446777	134.845424	0.016077	5.4
1209	-0.688908	134.783653	0.007158	5.6
1210	-0.016239	134.721958	0.000884	5.5
1211	-0.290324	134.660338	0.010536	5.3
1212	-0.035108	134.598793	0.001475	5.3
1213	-0.002370	134.537323	0.000310	5.7
1214	-1.489993	134.475927	0.006905	5.2
1215	-0.276782	134.414607	0.005149	5.1
1216	-0.607501	134.353361	0.005567	5.8
1217	-1.304318	134.292189	0.003901	6.0
1218	-0.943017	134.231092	0.008827	5.5
1219	-1.166282	134.170068	0.004291	5.7
1220	-1.007825	134.109119	0.008745	5.4
1221	-1.089096	134.048243	0.013668	5.2
1222	-0.988882	133.987441	0.007090	5.5
1223	-0.995738	133.926713	0.013424	5.5
1224	-0.488948	133.866057	0.006694	5.5
1225	-1.202131	133.805475	0.006264	5.6
1226	-0.610567	133.744966	0.006289	5.2
1227	-1.228385	133.684530	0.009622	5.4
1228	-1.016436	133.624167	0.004294	5.7
1229	-1.248494	133.563877	0.005567	5.4
1230	-1.441724	133.503658	0.015841	5.7
1231	-1.194033	133.443513	0.014368	5.4
1232	-0.165942	133.383439	0.003500	5.5
1233	-0.978700	133.323437	0.007369	5.8
1234	-1.425439	133.263508	0.012975	5.4
1235	-0.205132	133.203650	0.005497	5.2
1236	-0.351696	133.143864	0.004601	5.7
1237	-0.044818	133.084149	0.000914	5.7
1238	-0.298736	133.024506	0.004536	6.1
1239	-0.648185	132.964934	0.008227	5.2
1240	-0.748697	132.905433	0.014897	6.0
1241	-0.696957	132.846003	0.005700	5.7
1242	-1.335520	132.786643	0.015125	5.4
1243	-0.055950	132.727355	0.002883	6.4
1244	-0.042568	132.668137	0.000740	6.0
1245	-1.275171	132.608989	0.010721	5.2
1246	-0.619898	132.549912	0.012317	5.3
1247	-0.000000	132.490904	0.000000	6.3
1248	-0.261605	132.431967	0.002911	5.4
1249	-1.471574	132.373100	0.008509	6.0
1250	-1.651381	132.314302	0.010553	5.9
1251	-0.000044	132.255574	0.000007	5.6
1252	-1.132164	132.196916	0.011841	6.1
1253	-0.333721	132.138326	0.006016	5.9
1254	-0.458705	132.079806	0.004351	5.2
1255	-1.000058	132.021355	0.011117	5.6
1256	-1.332906	131.962973	0.004547	5.8
1257	-1.408974	131.904660	0.004068	5.8
1258	-1.380089	131.846415	0.007379	6.4
1259	-0.607629	131.788239	0.014541	5.7
1260	-1.324667	131.730131	0.012452	5.3
1261	-1.250958	131.672092	0.014824	5.5
1262	-0.000000	131.614121	0.000000	5.0
1263	-1.163766	131.556217	0.014612	5.5
1264	-0.990096	131.498382	0.009508	5.1
1265	-1.284177	131.440614	0.014880	5.4
1266	-0.934153	131.382914	0.012873	6.1
1267	-1.216134	131.325282	0.016027	5.3
1268	-1.059381	131.267717	0.008280	5.2
1269	-1.206738	131.210219	0.016740	6.1
1270	-0.090371	131.152788	0.001882	5.9
1271	-1.082209	131.095424	0.015115	6.2
1272	-0.426379	131.038127	0.006699	5.2
1273	-0.844753	130.980897	0.008191	5.3
1274	-1.035810	130.923733	0.006815	5.7
1275	-0.069071	130.866636	0.003793	5.2
1276	-1.212516	130.809605	0.006184	6.0
1277	-0.803913	130.752641	0.007862	5.4
1278	-1.388510	130.695742	0.014142	5.2
1279	-0.565310	130.638910	0.003158	6.0
1280	-1.372923	130.582143	0.015266	5.5
1281	-1.531592	130.525442	0.007604	5.9
1282	-1.466145	130.468807	0.009792	6.2
1283	-1.480223	130.412237	0.011287	5.2
1284	-0.463909	130.355733	0.004197	5.3
1285	-1.291326	130.299294	0.013458	5.5
1286	-1.289281	130.242920	0.010492	5.1
1287	-0.459106	130.186611	0.018231	5.4
1288	-0.016880	130.130366	0.000427	5.2
1289	-0.588347	130.074187	0.007798	5.5
1290	-0.005596	130.018072	0.000442	5.6
1291	-0.677876	129.962022	0.008148	5.7
1292	-0.734544	129.906036	0.006023	5.8
1293	-0.519192	129.850114	0.004008	5.2
1294	-0.252413	129.794257	0.003954	5.6
1295	-0.312174	129.738463	0.005039	5.1
1296	-0.116169	129.682734	0.002132	5.5
1297	-1.218363	129.627068	0.007835	5.8
1298	-1.095902	129.571466	0.009495	5.3
1299	-0.776109	129.515927	0.012791	5.4
1300	-0.687124	129.460452	0.005556	5.4
1301	-0.757296	129.405040	0.012676	5.8
1302	-0.000826	129.349692	0.000161	5.5
1303	-0.000000	129.294406	0.000000	5.6
1304	-0.000088	129.239183	0.000018	5.3
1305	-1.190744	129.184024	0.002682	6.1
1306	-0.206180	129.128927	0.004456	5.3
1307	-0.000000	129.073892	0.000000	5.2
1308	-1.449872	129.018921	0.012707	5.4
1309	-0.331762	128.964011	0.004511	5.2
1310	-0.947991	128.909164	0.008049	5.5
1311	-0.815130	128.854379	0.009002	5.1
1312	-0.000000	128.799656	0.000000	5.2
1313	-1.400325	128.744995	0.015535	5.3
1314	-1.160475	128.690396	0.008190	5.0
1315	-1.341362	128.635858	0.015493	5.0
1316	-0.399271	128.581382	0.004325	5.5
1317	-1.224907	128.526968	0.005659	5.2
1318	-0.068141	128.472615	0.001663	5.1
1319	-1.194206	128.418323	0.007551	5.2
1320	-0.000000	128.364092	0.000000	5.1
1321	-0.000000	128.309922	0.000000	5.5
1322	-1.292510	128.255814	0.016647	5.5
1323	-1.064654	128.201766	0.013650	5.2
1324	-1.497352	128.147778	0.006834	5.2
1325	-0.840201	128.093852	0.011144	5.3
1326	-1.014535	128.039985	0.003331	5.4
1327	-0.839093	127.986180	0.007893	5.1
1328	-1.317227	127.932434	0.020697	5.6
1329	-0.311426	127.878749	0.017179	5.3
1330	-0.391061	127.825123	0.011618	5.6
1331	-0.000000	127.771558	0.000000	5.2
1332	-0.305641	127.718052	0.007829	5.7
1333	-0.570266	127.664606	0.008107	6.1
1334	-0.103412	127.611220	0.001797	7.8
1335	-1.189786	127.557893	0.009745	5.4
1336	-1.191593	127.504625	0.010968	5.2
1337	-1.407282	127.451417	0.007699	5.4
1338	-1.008542	127.398268	0.011905	5.5
1339	-0.929505	127.345178	0.005748	5.9
1340	-0.896192	127.292147	0.003434	5.4
1341	-0.789185	127.239175	0.010390	5.5
1342	-1.454755	127.186261	0.009530	5.7
1343	-0.697217	127.133407	0.007849	5.5
1344	-0.502067	127.080610	0.011610	6.5
1345	-0.344210	127.027872	0.005881	5.2
1346	-0.506760	126.975193	0.004041	5.0
1347	-1.334839	126.922572	0.003129	6.6
1348	-1.426445	126.870008	0.008239	5.4
1349	-0.680889	126.817503	0.006468	5.4
1350	-0.000001	126.765056	0.000000	6.8
1351	-0.000000	126.712667	0.000000	5.5
1352	-0.846574	126.660335	0.008299	5.6
1353	-0.065966	126.608061	0.002754	5.3
1354	-0.000000	126.555844	0.000000	5.4
1355	-0.709211	126.503685	0.005040	5.3
1356	-0.600964	126.451583	0.007891	5.0
1357	-0.651405	126.399538	0.006100	5.1
1358	-1.116094	126.347550	0.012065	5.7
1359	-0.000818	126.295619	0.000131	5.2
1360	-0.751653	126.243745	0.007317	4.9
1361	-0.000060	126.191928	0.000014	5.8
1362	-0.131415	126.140168	0.005926	5.2
1363	-0.884552	126.088464	0.011647	5.3
1364	-0.719941	126.036817	0.009219	5.3
1365	-0.678561	125.985226	0.014408	5.2
1366	-1.556480	125.933691	0.009468	5.9
1367	-0.620669	125.882212	0.005058	5.8
1368	-0.459725	125.830790	0.007939	5.2
1369	-0.000043	125.779423	0.000007	5.5
1370	-1.305547	125.728113	0.014316	6.0
1371	-0.164865	125.676858	0.003411	5.0
1372	-0.000000	125.625659	0.000000	5.4
1373	-0.789288	125.574515	0.009939	5.8
1374	-0.000000	125.523427	0.000000	5.4
1375	-0.572785	125.472394	0.004192	5.1
1376	-0.797145	125.421417	0.009647	5.2
1377	-1.454893	125.370495	0.012712	5.6
1378	-1.503713	125.319628	0.005244	5.9
1379	-0.650137	125.268815	0.011435	5.3
1380	-1.232579	125.218058	0.014370	5.2
1381	-1.127194	125.167356	0.009385	5.7
1382	-1.140693	125.116708	0.013237	5.2
1383	-1.499623	125.066115	0.008013	5.2
1384	-0.000000	125.015576	0.000000	6.0
1385	-1.361322	124.965092	0.008611	5.5
1386	-1.351038	124.914662	0.005472	5.8
1387	-0.640287	124.864287	0.008192	5.8
1388	-0.224634	124.813965	0.001942	5.3
1389	-0.000000	124.763698	0.000000	5.8
1390	-0.338248	124.713485	0.005857	5.2
1391	-1.279747	124.663325	0.002356	5.3
1392	-0.380327	124.613219	0.010353	5.4
1393	-0.423939	124.563167	0.007861	5.3
1394	-1.136048	124.513168	0.009842	5.4
1395	-0.001802	124.463223	0.000240	5.6
1396	-1.578272	124.413332	0.008472	5.8
1397	-0.916716	124.363493	0.008089	5.3
1398	-0.902275	124.313708	0.011328	5.6
1399	-0.580780	124.263976	0.010010	5.4
1400	-0.000000	124.214297	0.000000	5.6
1401	-1.406483	124.164671	0.010487	6.4
1402	-1.113930	124.115097	0.006575	6.0
1403	-0.800749	124.065577	0.007687	5.5
1404	-0.548854	124.016109	0.007276	6.0
1405	-0.998056	123.966693	0.005941	5.6
1406	-1.275573	123.917330	0.011839	5.5
1407	-0.107205	123.868020	0.002516	5.3
1408	-1.487866	123.818762	0.007463	5.1
1409	-1.300605	123.769556	0.007208	5.9
1410	-0.000397	123.720402	0.000067	5.3
1411	-0.657488	123.671300	0.004587	5.1
1412	-1.060120	123.622250	0.004928	6.3
1413	-0.662079	123.573252	0.003809	5.1
1414	-1.311249	123.524305	0.009785	4.9
1415	-0.619995	123.475411	0.006222	5.4
1416	-0.024831	123.426568	0.002264	5.0
1417	-0.338452	123.377776	0.003320	5.5
1418	-0.239909	123.329036	0.004220	5.6
1419	-0.064635	123.280347	0.003182	5.3
1420	-0.352609	123.231709	0.006443	5.8
1421	-1.533323	123.183122	0.014392	5.3
1422	-0.389535	123.134587	0.005056	5.3
1423	-0.129749	123.086102	0.001929	5.4
1424	-0.449117	123.037669	0.006380	5.3
1425	-0.605778	122.989286	0.003489	5.4
1426	-1.438826	122.940954	0.004739	5.2
1427	-1.430310	122.892672	0.007996	5.1
1428	-0.026074	122.844441	0.001534	5.8
1429	-0.558209	122.796261	0.006301	5.8
1430	-0.000000	122.748130	0.000000	5.0
1431	-0.767803	122.700050	0.006693	5.2
1432	-1.159648	122.652021	0.006738	5.2
1433	-0.594794	122.604041	0.005429	5.0
1434	-0.000000	122.556111	0.000000	5.9
1435	-1.599592	122.508232	0.008851	5.2
1436	-0.352322	122.460402	0.005144	6.1
1437	-0.000000	122.412622	0.000000	5.5
1438	-1.038555	122.364891	0.007174	5.4
1439	-0.752855	122.317210	0.013144	5.5
1440	-0.000000	122.269579	0.000000	5.1
1441	-1.216209	122.221997	0.014828	5.5
1442	-0.809312	122.174465	0.004732	5.2
1443	-0.000000	122.126981	0.000000	5.0
1444	-1.323424	122.079547	0.016071	6.4
1445	-1.011137	122.032162	0.008930	5.2
1446	-1.516795	121.984826	0.020123	5.2
1447	-0.002704	121.937539	0.000369	5.8
1448	-0.137796	121.890301	0.001684	5.2
1449	-0.575681	121.843112	0.005716	5.0
1450	-1.061701	121.795971	0.007599	6.2
1451	-0.064680	121.748879	0.002265	5.2
1452	-0.012014	121.701835	0.001292	5.2
1453	-1.321828	121.654840	0.010952	5.2
1454	-1.067546	121.607893	0.015908	5.2
1455	-0.318813	121.560994	0.006341	5.6
1456	-1.074523	121.514144	0.021402	5.5
1457	-0.000147	121.467342	0.000027	5.2
1458	-1.507489	121.420588	0.007734	5.6
1459	-0.000144	121.373882	0.000032	5.2
1460	-1.117643	121.327223	0.015273	5.9
1461	-0.531895	121.280613	0.005237	5.6
1462	-1.102873	121.234050	0.012625	5.1
1463	-1.339158	121.187535	0.004862	5.2
1464	-1.026611	121.141067	0.008053	5.7
1465	-0.644415	121.094647	0.007016	5.2
1466	-0.000000	121.048274	0.000000	5.2
1467	-0.162705	121.001949	0.001601	5.3
1468	-0.924705	120.955671	0.008665	5.1
1469	-0.703806	120.909440	0.005421	5.3
1470	-0.105670	120.863256	0.002392	5.3
1471	-0.775804	120.817119	0.006461	5.3
1472	-1.124510	120.771029	0.007840	5.3
1473	-0.817468	120.724986	0.007827	5.6
1474	-1.173769	120.678990	0.014546	5.3
1475	-0.000000	120.633040	0.000000	5.4
1476	-0.625976	120.587137	0.007692	5.2
1477	-1.154045	120.541281	0.011086	5.4
1478	-1.469593	120.495471	0.008331	5.2
1479	-0.692832	120.449707	0.006458	5.7
1480	-0.982852	120.403990	0.005543	5.8
1481	-1.213759	120.358319	0.008503	5.5
1482	-0.000000	120.312694	0.000000	5.4
1483	-1.494845	120.267115	0.012418	5.2
1484	-0.001587	120.221582	0.000217	5.4
1485	-0.003071	120.176096	0.000321	5.7
1486	-1.154171	120.130655	0.008304	5.2
1487	-1.364449	120.085260	0.012413	5.2
1488	-1.246335	120.039910	0.009315	5.6
1489	-1.360666	119.994606	0.006992	5.0
1490	-1.174423	119.949348	0.008772	5.3
1491	-0.187419	119.904135	0.004360	5.2
1492	-0.000167	119.858968	0.000032	5.3
1493	-0.545419	119.813846	0.007617	5.8
1494	-1.441913	119.768769	0.010406	5.3
1495	-0.712809	119.723738	0.007998	6.0
1496	-1.170938	119.678752	0.008708	5.9
1497	-0.560856	119.633810	0.005656	5.3
1498	-1.024324	119.588914	0.014161	5.6
1499	-0.611307	119.544062	0.005716	5.3
1500	-1.002708	119.499256	0.014887	5.0
1501	-0.000533	119.454494	0.000106	5.4
1502	-1.051465	119.409777	0.010325	6.0
1503	-0.493521	119.365104	0.008891	5.2
1504	-0.930087	119.320476	0.016346	5.5
1505	-0.794033	119.275893	0.006134	5.6
1506	-0.000000	119.231353	0.000000	5.3
1507	-0.575781	119.186859	0.008623	5.5
1508	-1.079821	119.142408	0.008678	5.8
1509	-1.144987	119.098002	0.013682	5.2
1510	-0.000000	119.053639	0.000000	5.3
1511	-1.123897	119.009321	0.008108	5.4
1512	-1.391346	118.965047	0.008087	5.5
1513	-1.223026	118.920816	0.004157	5.6
1514	-0.000000	118.876630	0.000000	5.6
1515	-1.104729	118.832487	0.011960	5.1
1516	-0.425362	118.788388	0.006414	5.4
1517	-0.451316	118.744332	0.010973	5.8
1518	-1.431134	118.700320	0.009309	5.4
1519	-1.241175	118.656352	0.002914	5.5
1520	-0.972392	118.612427	0.004827	6.8
1521	-0.824799	118.568545	0.010677	5.2
1522	-0.029014	118.524706	0.001440	5.6
1523	-1.353287	118.480911	0.010775	5.1
1524	-1.266269	118.437159	0.014333	5.2
1525	-1.395893	118.393450	0.008722	5.7
1526	-1.045539	118.349784	0.009198	5.2
1527	-1.344954	118.306160	0.013866	5.3
1528	-0.534448	118.262580	0.006668	7.1
1529	-1.302229	118.219042	0.015339	5.2
1530	-0.427602	118.175548	0.004513	5.6
1531	-1.405802	118.132095	0.012210	5.5
1532	-1.200468	118.088686	0.004581	5.2
1533	-1.427410	118.045319	0.006306	5.4
1534	-1.176515	118.001994	0.011696	5.2
1535	-0.009743	117.958712	0.000850	6.5
1536	-1.231173	117.915472	0.012028	5.5
1537	-1.132192	117.872274	0.007912	5.3
1538	-0.035244	117.829118	0.001023	5.9
1539	-0.576845	117.786005	0.005945	5.9
1540	-0.572248	117.742933	0.013043	5.1
1541	-1.044264	117.699904	0.009826	5.5
1542	-1.300949	117.656916	0.005530	5.4
1543	-0.227314	117.613971	0.004729	5.2
1544	-1.413013	117.571067	0.006115	5.7
1545	-1.285451	117.528205	0.005113	5.1
1546	-0.481912	117.485384	0.005363	5.3
1547	-1.212105	117.442605	0.012093	5.5
1548	-0.000357	117.399867	0.000073	5.2
1549	-1.153989	117.357171	0.018581	5.3
1550	-0.689656	117.314517	0.012686	5.2
1551	-0.619219	117.271903	0.010556	5.3
1552	-0.726609	117.229331	0.010882	5.2
1553	-0.002986	117.186800	0.000367	5.5
1554	-1.434000	117.144311	0.005060	6.9
1555	-0.041484	117.101862	0.001790	5.4
1556	-1.186543	117.059454	0.016428	5.5
1557	-1.298385	117.017087	0.009084	5.1
1558	-0.641791	116.974762	0.008249	5.2
1559	-0.212558	116.932476	0.004260	5.1
1560	-0.354323	116.890232	0.006960	5.9
1561	-0.612641	116.848028	0.008675	5.2
1562	-0.000005	116.805865	0.000001	5.5
1563	-0.235070	116.763743	0.003847	5.2
1564	-0.185119	116.721661	0.004266	5.3
1565	-0.184881	116.679619	0.003960	5.6
1566	-0.552328	116.637618	0.006478	5.3
1567	-0.498497	116.595657	0.007939	5.1
1568	-1.329955	116.553736	0.009474	5.6
1569	-1.290794	116.511855	0.018598	5.4
1570	-1.189110	116.470015	0.015949	5.6
1571	-0.000000	116.428214	0.000000	5.1
1572	-1.364894	116.386454	0.011882	5.4
1573	-0.668288	116.344733	0.005654	6.5
1574	-0.873446	116.303052	0.006463	5.3
1575	-1.288144	116.261412	0.008791	5.2
1576	-0.086187	116.219810	0.001416	5.4
1577	-1.153381	116.178249	0.007330	5.0
1578	-0.000020	116.136727	0.000004	5.4
1579	-0.287329	116.095245	0.004224	5.3
1580	-0.625342	116.053802	0.005216	5.1
1581	-0.675490	116.012398	0.007749	5.0
1582	-1.519801	115.971034	0.011076	5.6
1583	-1.443508	115.929710	0.016068	4.9
1584	-1.221098	115.888424	0.019188	5.4
1585	-1.462119	115.847178	0.016547	5.2
1586	-0.290546	115.805970	0.004172	5.4
1587	-0.000000	115.764802	0.000000	5.1
1588	-0.000000	115.723673	0.000000	5.3
1589	-0.879353	115.682583	0.014444	5.5
1590	-0.428442	115.641532	0.005029	5.0
1591	-0.960856	115.600519	0.010379	5.6
1592	-1.543691	115.559546	0.007537	5.4
1593	-0.001294	115.518610	0.000155	5.7
1594	-0.532843	115.477714	0.016323	5.4
1595	-1.364263	115.436856	0.005367	5.4
1596	-0.744370	115.396037	0.012445	5.6
1597	-0.115069	115.355256	0.004639	5.6
1598	-0.270771	115.314514	0.003918	5.0
1599	-1.538476	115.273810	0.013736	5.3
1600	-0.000000	115.233144	0.000000	5.5
1601	-0.112278	115.192517	0.002701	5.4
1602	-1.328219	115.151927	0.005318	5.6
1603	-0.000000	115.111376	0.000000	5.5
1604	-1.030249	115.070863	0.007077	5.7
1605	-1.521558	115.030388	0.012408	5.7
1606	-0.000007	114.989951	0.000002	5.5
1607	-0.900855	114.949551	0.007481	5.6
1608	-0.315661	114.909190	0.005799	5.9
1609	-1.018066	114.868866	0.010170	5.3
1610	-1.515133	114.828580	0.010659	5.1
1611	-0.877639	114.788332	0.014235	7.0
1612	-1.208493	114.748121	0.013242	5.4
1613	-1.394155	114.707948	0.011364	5.9
1614	-1.130212	114.667812	0.004375	5.5
1615	-0.397220	114.627714	0.006457	6.3
1616	-1.185436	114.587653	0.010005	6.4
1617	-0.932487	114.547629	0.008845	5.3
1618	-0.359921	114.507643	0.003539	5.3
1619	-1.127439	114.467693	0.005432	5.6
1620	-0.000000	114.427781	0.000000	5.2
1621	-0.000206	114.387907	0.000040	5.2
1622	-1.494520	114.348069	0.009302	5.1
1623	-1.342381	114.308268	0.012401	5.2
1624	-1.371037	114.268504	0.013050	5.4
1625	-0.643852	114.228777	0.011449	5.8
1626	-1.347108	114.189086	0.010735	5.2
1627	-1.125357	114.149433	0.016379	5.2
1628	-1.024782	114.109816	0.005753	5.3
1629	-0.003720	114.070235	0.000561	5.1
1630	-1.097469	114.030692	0.010498	5.0
1631	-0.000000	113.991185	0.000000	5.2
1632	-0.478726	113.951714	0.005098	5.5
1633	-0.488682	113.912280	0.020537	5.2
1634	-0.135635	113.872882	0.002479	5.5
1635	-1.074012	113.833521	0.011433	5.4
1636	-0.000000	113.794195	0.000000	5.1
1637	-0.324658	113.754906	0.005930	5.2
1638	-1.039737	113.715653	0.005978	5.1
1639	-0.468694	113.676437	0.008299	5.2
1640	-1.217788	113.637256	0.010192	5.7
1641	-1.254017	113.598111	0.010073	5.5
1642	-0.000001	113.559002	0.000000	5.5
1643	-0.000021	113.519929	0.000003	5.8
1644	-1.023952	113.480892	0.009869	5.4
1645	-1.013923	113.441891	0.011972	5.2
1646	-1.248999	113.402925	0.010715	5.4
1647	-0.000021	113.363995	0.000005	5.1
1648	-0.674200	113.325101	0.006164	6.0
1649	-1.134155	113.286242	0.010477	6.3
1650	-0.847362	113.247419	0.006966	5.4
1651	-1.377887	113.208631	0.009067	5.5
1652	-1.434864	113.169879	0.007863	5.3
1653	-1.130602	113.131162	0.021051	5.6
1654	-0.580109	113.092480	0.005624	5.6
1655	-0.463340	113.053833	0.005037	5.2
1656	-0.701063	113.015222	0.007128	5.4
1657	-0.711167	112.976646	0.012963	5.3
1658	-0.710959	112.938105	0.006494	6.2
1659	-1.244587	112.899599	0.007248	5.2
1660	-1.436472	112.861128	0.017509	5.2
1661	-0.030728	112.822692	0.000933	5.3
1662	-0.013077	112.784291	0.000766	5.4
1663	-0.000000	112.745924	0.000000	5.4
1664	-1.432880	112.707593	0.007217	5.2
1665	-0.350417	112.669296	0.004852	5.3
1666	-1.265239	112.631034	0.006766	5.3
1667	-1.440319	112.592806	0.015882	5.3
1668	-1.056517	112.554613	0.017513	6.2
1669	-0.000009	112.516455	0.000002	5.2
1670	-0.349172	112.478331	0.004051	5.3
1671	-0.049908	112.440241	0.001000	5.8
1672	-1.076956	112.402186	0.014297	6.1
1673	-0.000171	112.364165	0.000035	5.6
1674	-0.000000	112.326179	0.000000	6.5
1675	-1.534143	112.288227	0.010955	5.6
1676	-1.221389	112.250309	0.009843	6.0
1677	-0.722729	112.212425	0.007211	5.5
1678	-1.449603	112.174575	0.005109	5.6
1679	-0.280667	112.136759	0.005613	6.3
1680	-0.777114	112.098977	0.015309	5.7
1681	-1.040470	112.061229	0.005924	6.0
1682	-0.432169	112.023515	0.009290	5.8
1683	-0.000000	111.985834	0.000000	5.5
1684	-0.514622	111.948188	0.004609	6.4
1685	-1.252638	111.910575	0.006741	6.9
1686	-1.151963	111.872996	0.006337	6.5
1687	-1.004861	111.835450	0.005049	6.0
1688	-1.343245	111.797939	0.013886	6.0
1689	-0.425797	111.760460	0.003054	5.8
1690	-0.000000	111.723015	0.000000	5.1
1691	-0.440925	111.685604	0.005391	8.3
1692	-0.090378	111.648226	0.001050	6.0
1693	-0.001014	111.610881	0.000104	6.3
1694	-1.399831	111.573570	0.011787	6.5
1695	-0.311042	111.536292	0.003666	5.2
1696	-0.675335	111.499047	0.006015	6.0
1697	-1.234104	111.461835	0.013801	5.8
1698	-0.000002	111.424656	0.000000	5.4
1699	-0.009497	111.387510	0.000921	5.3
1700	-0.413337	111.350398	0.005887	5.4
1701	-1.193143	111.313318	0.006848	5.3
1702	-0.236408	111.276271	0.004653	5.8
1703	-0.010148	111.239257	0.000532	5.1
1704	-0.351284	111.202276	0.003800	5.1
1705	-1.129125	111.165328	0.012682	5.4
1706	-1.405858	111.128412	0.011130	5.3
1707	-1.085416	111.091529	0.009534	5.3
1708	-0.663562	111.054679	0.005818	5.6
1709	-1.392604	111.017861	0.007151	5.4
1710	-0.511322	110.981076	0.004427	5.3
1711	-1.488717	110.944323	0.005943	5.3
1712	-0.000000	110.907603	0.000000	5.2
1713	-0.000000	110.870915	0.000000	5.2
1714	-0.455312	110.834259	0.007695	5.6
1715	-1.360389	110.797636	0.014051	5.5
1716	-0.000000	110.761045	0.000000	5.2
1717	-0.604994	110.724486	0.004528	5.5
1718	-1.388682	110.687959	0.009398	5.4
1719	-0.927669	110.651465	0.005335	5.0
1720	-1.015695	110.615002	0.008313	5.7
1721	-0.616860	110.578572	0.006365	5.3
1722	-1.333232	110.542173	0.013254	5.7
1723	-0.000000	110.505807	0.000000	5.6
1724	-0.674723	110.469472	0.009942	5.7
1725	-0.026066	110.433169	0.002063	6.4
1726	-1.293833	110.396898	0.012021	6.7
1727	-0.795597	110.360659	0.016508	5.0
1728	-0.008930	110.324451	0.000734	5.4
1729	-1.426885	110.288276	0.007715	5.4
1730	-0.278976	110.252131	0.005113	5.1
1731	-0.392500	110.216019	0.013645	5.7
1732	-0.531970	110.179937	0.009261	5.0
1733	-1.304228	110.143888	0.007466	5.4
1734	-0.747617	110.107869	0.009855	5.5
1735	-1.148985	110.071882	0.007361	5.0
1736	-0.624381	110.035927	0.004334	5.5
1737	-0.335702	110.000003	0.005659	5.5
1738	-0.567002	109.964110	0.007846	5.9
1739	-1.324094	109.928248	0.004674	5.0
1740	-1.470237	109.892417	0.002046	5.5
1741	-0.915796	109.856618	0.003613	5.3
1742	-0.990100	109.820850	0.006699	5.2
1743	-0.793362	109.785112	0.017170	5.7
1744	-0.969269	109.749406	0.005881	5.2
1745	-0.967244	109.713730	0.007973	5.1
1746	-1.397259	109.678086	0.016454	5.4
1747	-0.018081	109.642472	0.000615	5.5
1748	-1.521349	109.606890	0.022385	5.7
1749	-0.510921	109.571337	0.002801	5.6
1750	-0.760534	109.535816	0.003727	5.3
1751	-0.000000	109.500326	0.000000	5.5
1752	-0.429028	109.464866	0.005534	5.7
1753	-0.000000	109.429436	0.000000	5.1
1754	-0.000693	109.394038	0.000108	5.2
1755	-1.213481	109.358669	0.012391	5.8
1756	-1.039541	109.323331	0.007920	5.0
1757	-1.514479	109.288024	0.006336	5.5
1758	-0.000257	109.252747	0.000045	5.3
1759	-0.850842	109.217501	0.010103	5.0
1760	-1.402000	109.182284	0.008521	6.5
1761	-0.658585	109.147098	0.006671	5.0
1762	-1.318629	109.111942	0.010970	5.0
1763	-0.000019	109.076817	0.000005	5.8
1764	-0.300166	109.041721	0.003203	5.0
1765	-1.565001	109.006656	0.015059	5.7
1766	-1.185550	108.971620	0.005631	5.4
1767	-1.016358	108.936615	0.008526	5.3
1768	-0.617864	108.901640	0.011282	5.4
1769	-1.413665	108.866694	0.009041	5.8
1770	-1.410304	108.831779	0.006145	5.3
1771	-1.247679	108.796893	0.010255	5.4
1772	-1.327142	108.762037	0.011532	5.7
1773	-0.000000	108.727211	0.000000	5.2
1774	-0.284467	108.692415	0.005350	5.2
1775	-0.000000	108.657648	0.000000	5.3
1776	-0.000000	108.622911	0.000000	5.4
1777	-0.644673	108.588203	0.005024	5.0
1778	-1.411740	108.553525	0.003118	5.6
1779	-0.711413	108.518877	0.010332	5.5
1780	-0.056625	108.484258	0.002892	5.2
1781	-0.628092	108.449668	0.011808	5.7
1782	-0.444196	108.415108	0.006784	5.7
1783	-1.086412	108.380578	0.018373	5.6
1784	-0.817134	108.346076	0.002583	6.4
1785	-0.033776	108.311604	0.000555	5.1
1786	-1.288723	108.277161	0.016713	5.4
1787	-1.115213	108.242747	0.007651	5.0
1788	-0.955812	108.208363	0.011118	5.2
1789	-1.169200	108.174007	0.013412	5.6
1790	-1.165308	108.139681	0.004609	5.0
1791	-0.168056	108.105383	0.004799	5.0
1792	-0.617733	108.071115	0.017319	5.7
1793	-0.550467	108.036875	0.005884	5.2
1794	-0.000000	108.002665	0.000000	5.2
1795	-0.366153	107.968483	0.004889	5.7
1796	-0.000429	107.934330	0.000080	5.2
1797	-0.000000	107.900206	0.000000	5.5
1798	-0.155429	107.866111	0.002555	5.6
1799	-0.274004	107.832044	0.002786	5.3
1800	-1.446988	107.798007	0.005561	5.3
1801	-1.334760	107.763997	0.007314	5.6
1802	-0.710977	107.730017	0.005887	5.2
1803	-0.158018	107.696065	0.003491	4.9
1804	-0.000001	107.662141	0.000000	5.3
1805	-1.242698	107.628246	0.009843	5.4
1806	-0.897084	107.594379	0.015604	5.3
1807	-0.634074	107.560541	0.009514	5.4
1808	-1.424548	107.526731	0.013031	4.8
1809	-1.160326	107.492949	0.011980	5.5
1810	-1.006378	107.459196	0.003412	5.5
1811	-0.000136	107.425471	0.000027	5.1
1812	-0.000042	107.391774	0.000007	5.4
1813	-1.274960	107.358106	0.009550	5.5
1814	-0.186463	107.324465	0.004581	5.3
1815	-1.182046	107.290853	0.011474	5.7
1816	-0.285191	107.257268	0.003873	5.5
1817	-0.700845	107.223712	0.006417	5.1
1818	-1.425302	107.190184	0.006897	5.6
1819	-0.000329	107.156683	0.000058	5.1
1820	-0.026401	107.123211	0.000781	5.4
1821	-1.029577	107.089766	0.009395	5.5
1822	-1.118905	107.056349	0.006722	5.1
1823	-1.264564	107.022960	0.011427	5.2
1824	-0.983195	106.989599	0.011773	5.5
1825	-0.894726	106.956265	0.005489	5.3
1826	-1.394550	106.922960	0.005547	5.4
1827	-1.284376	106.889681	0.010001	5.5
1828	-1.233588	106.856431	0.006494	5.0
1829	-0.039770	106.823208	0.002021	5.3
1830	-0.942708	106.790012	0.005065	5.5
1831	-0.434532	106.756844	0.007649	5.2
1832	-1.193115	106.723703	0.012184	5.4
1833	-0.045119	106.690590	0.001167	5.2
1834	-0.090777	106.657505	0.004392	5.2
1835	-0.989645	106.624446	0.016774	5.9
1836	-1.464759	106.591415	0.011415	5.8
1837	-1.357102	106.558411	0.013887	5.2
1838	-0.007773	106.525435	0.000677	4.9
1839	-1.444463	106.492485	0.009919	5.6
1840	-1.208146	106.459563	0.012429	5.5
1841	-0.003860	106.426668	0.000301	6.0
1842	-0.493382	106.393800	0.011387	6.6
1843	-0.627986	106.360959	0.012700	5.3
1844	-0.055406	106.328145	0.002536	5.9
1845	-0.486478	106.295358	0.004911	5.1
1846	-1.304714	106.262598	0.014186	5.2
1847	-1.338336	106.229865	0.006310	5.6
1848	-0.459585	106.197158	0.011086	5.1
1849	-0.845392	106.164479	0.014233	7.2
1850	-0.902082	106.131826	0.015636	5.5
1851	-0.374396	106.099201	0.005451	5.2
1852	-1.311868	106.066602	0.009683	5.8
1853	-1.202500	106.034029	0.014404	5.3
1854	-0.438870	106.001483	0.005178	5.7
1855	-0.419272	105.968964	0.004698	5.5
1856	-0.193369	105.936472	0.005090	5.2
1857	-1.148608	105.904006	0.006547	5.6
1858	-0.713383	105.871566	0.014893	5.4
1859	-0.631618	105.839153	0.007758	5.2
1860	-0.411361	105.806767	0.005141	5.3
1861	-0.500753	105.774407	0.006404	5.3
1862	-1.438615	105.742073	0.009607	5.7
1863	-1.233690	105.709766	0.008167	5.2
1864	-0.716320	105.677485	0.010097	5.6
1865	-1.142089	105.645230	0.016430	6.6
1866	-0.345135	105.613001	0.005802	5.1
1867	-0.046486	105.580799	0.003574	5.6
1868	-1.573119	105.548623	0.008681	5.2
1869	-0.000000	105.516473	0.000000	5.1
1870	-0.615978	105.484349	0.005033	5.3
1871	-0.342292	105.452251	0.011431	5.1
1872	-1.182856	105.420179	0.002400	6.0
1873	-0.784402	105.388133	0.014027	7.4
1874	-0.977469	105.356113	0.008587	4.9
1875	-0.814380	105.324119	0.008524	5.9
1876	-1.151527	105.292151	0.012840	5.4
1877	-0.326466	105.260209	0.004135	5.1
1878	-0.725884	105.228293	0.005955	7.7
1879	-1.107212	105.196402	0.016238	5.2
1880	-0.000000	105.164537	0.000000	5.8
1881	-1.213694	105.132698	0.010797	6.7
1882	-1.245372	105.100885	0.014280	5.4
1883	-0.653882	105.069097	0.007292	6.0
1884	-0.015629	105.037335	0.000828	5.3
1885	-0.022001	105.005598	0.001931	5.4
1886	-0.000000	104.973887	0.000000	6.3
1887	-0.996600	104.942202	0.005063	6.3
1888	-0.221325	104.910542	0.005154	5.5
1889	-0.983154	104.878907	0.003704	5.4
1890	-1.402532	104.847298	0.016315	5.7
1891	-1.440868	104.815715	0.004552	6.1
1892	-0.001132	104.784156	0.000159	5.0
1893	-1.267091	104.752623	0.011937	5.5
1894	-1.069918	104.721116	0.011824	5.8
1895	-1.334004	104.689633	0.007552	5.5
1896	-0.075927	104.658176	0.002696	5.0
1897	-0.345278	104.626744	0.006374	5.4
1898	-0.000000	104.595337	0.000000	5.5
1899	-0.329287	104.563955	0.004622	5.5
1900	-1.407378	104.532599	0.009884	5.5
1901	-0.159256	104.501267	0.002665	5.3
1902	-0.936394	104.469960	0.006801	5.2
1903	-0.996657	104.438679	0.007814	5.6
1904	-1.314711	104.407422	0.010053	5.3
1905	-0.000000	104.376191	0.000000	5.1
1906	-0.637154	104.344984	0.008237	5.5
1907	-1.192065	104.313802	0.006682	5.5
1908	-0.640797	104.282645	0.006538	5.2
1909	-1.336403	104.251513	0.007035	6.0
1910	-1.077877	104.220405	0.014222	5.8
1911	-0.602609	104.189323	0.016848	6.5
1912	-0.433836	104.158265	0.007654	5.9
1913	-0.000000	104.127231	0.000000	5.7
1914	-0.992008	104.096222	0.011091	6.4
1915	-1.143731	104.065238	0.014916	5.7
1916	-0.284616	104.034279	0.011403	6.0
1917	-0.000000	104.003344	0.000000	6.3
1918	-1.159642	103.972433	0.010618	5.3
1919	-0.131090	103.941547	0.003267	5.6
1920	-0.000063	103.910686	0.000014	5.4
1921	-1.263319	103.879849	0.015521	5.7
1922	-0.443762	103.849036	0.003248	5.8
1923	-0.000098	103.818248	0.000023	5.6
1924	-1.241635	103.787484	0.014199	5.4
1925	-0.317226	103.756744	0.004454	5.6
1926	-1.365446	103.726029	0.010091	5.8
1927	-0.599279	103.695338	0.008057	5.2
1928	-1.004587	103.664671	0.006743	5.4
1929	-0.356529	103.634028	0.005835	5.6
1930	-0.646759	103.603409	0.006601	5.1
1931	-0.219437	103.572814	0.002916	5.3
1932	0.000000	103.542244	0.000000	5.0
1933	-1.447685	103.511698	0.011057	5.3
1934	-1.205372	103.481175	0.009718	5.3
1935	-0.953177	103.450677	0.016527	5.3
1936	-0.784078	103.420202	0.006093	5.5
1937	-1.102428	103.389752	0.006541	5.4
1938	-1.414035	103.359325	0.010548	5.5
1939	-1.364599	103.328922	0.014796	5.2
1940	-0.000000	103.298543	0.000000	5.1
1941	-0.065941	103.268188	0.001297	4.9
1942	-0.169532	103.237857	0.003447	5.5
1943	-1.379378	103.207549	0.016186	5.7
1944	-0.452244	103.177265	0.012295	5.1
1945	-0.727756	103.147005	0.006613	5.5
1946	-1.341212	103.116768	0.015292	5.5
1947	-1.560990	103.086556	0.010423	5.5
1948	-0.000000	103.056366	0.000000	5.8
1949	-0.933364	103.026200	0.007378	5.3
1950	-0.787960	102.996058	0.008721	5.3
1951	-1.232460	102.965939	0.009515	5.8
1952	-0.241024	102.935844	0.003126	5.3
1953	-0.962614	102.905772	0.005626	5.3
1954	-1.034284	102.875724	0.009362	6.3
1955	-1.530352	102.845699	0.010383	5.2
1956	-1.474570	102.815697	0.014863	5.1
1957	-0.006417	102.785719	0.000829	5.3
1958	-1.491001	102.755764	0.003392	5.3
1959	-1.511451	102.725832	0.012181	5.2
1960	-1.374072	102.695924	0.009871	7.2
1961	-1.262133	102.666038	0.003088	5.4
1962	-0.952763	102.636176	0.015785	6.4
1963	-1.090283	102.606337	0.013881	6.0
1964	-0.634552	102.576521	0.011384	6.0
1965	-0.458737	102.546728	0.005599	5.4
1966	-1.091293	102.516959	0.010607	5.4
1967	-1.103446	102.487212	0.012657	6.3
1968	-1.460977	102.457488	0.005409	5.9
1969	-0.000000	102.427788	0.000000	5.8
1970	-0.399634	102.398110	0.003408	5.9
1971	-1.347244	102.368455	0.013207	5.6
1972	-0.037310	102.338823	0.001334	5.6
1973	-1.145749	102.309214	0.009498	5.7
1974	-0.236625	102.279628	0.003773	5.3
1975	-0.567223	102.250064	0.007719	5.1
1976	-1.450751	102.220524	0.012785	5.4
1977	-1.182634	102.191006	0.016453	5.0
1978	-1.182179	102.161511	0.008625	5.1
1979	0.000000	102.132038	0.000000	5.4
1980	-0.941104	102.102588	0.006543	5.4
1981	-1.040702	102.073161	0.007368	5.3
1982	-1.287476	102.043757	0.005168	6.2
1983	-0.999551	102.014375	0.005878	5.3
1984	-0.000000	101.985015	0.000000	5.3
1985	-1.268636	101.955678	0.002506	5.7
1986	-0.000000	101.926364	0.000000	5.2
1987	-1.507350	101.897072	0.012835	5.6
1988	-0.000000	101.867802	0.000000	5.4
1989	-1.194098	101.838555	0.003294	5.4
1990	-1.043351	101.809330	0.007867	5.5
1991	-0.002316	101.780128	0.000335	5.2
1992	-1.538787	101.750948	0.011836	5.3
1993	-1.316852	101.721790	0.008370	5.9
1994	-0.301206	101.692654	0.002965	5.1
1995	-1.618781	101.663541	0.004883	5.9
1996	-1.432361	101.634450	0.014683	5.5
1997	-0.000008	101.605381	0.000002	5.4
1998	-1.390399	101.576335	0.017602	5.3
1999	-0.298931	101.547310	0.006676	5.6
