1:ItNr	2:Metric	3:StepSize	4:||Gradient||	Time[ms]
0	-0.068186	627.201626	0.001755	834.7
1	-1.306542	623.504937	0.005959	4.0
2	-0.000006	619.865785	0.000001	4.1
3	-0.814058	616.282728	0.005809	4.0
4	-1.145492	612.754375	0.015027	4.4
5	-1.488885	609.279381	0.008205	4.2
6	-0.397723	605.856447	0.015242	4.2
7	-0.021295	602.484317	0.001663	4.3
8	-1.343402	599.161779	0.010521	4.4
9	-0.075040	595.887656	0.003458	4.3
10	-1.180871	592.660813	0.013017	4.3
11	-1.119911	589.480151	0.005030	4.5
12	-1.493190	586.344606	0.016900	4.4
13	-1.476470	583.253145	0.016831	4.2
14	-0.566918	580.204771	0.003772	4.4
15	-0.814944	577.198517	0.017800	4.5
16	-1.600059	574.233444	0.009451	4.8
17	-0.096444	571.308645	0.002372	4.4
18	-0.441779	568.423237	0.012599	4.4
19	-0.601047	565.576365	0.010800	4.6
20	-1.098221	562.767201	0.008954	4.5
21	-0.708831	559.994938	0.014919	4.8
22	-0.963814	557.258797	0.009415	4.4
23	-0.000000	554.558018	0.000000	4.0
24	-0.000069	551.891865	0.000013	4.5
25	-1.076249	549.259621	0.012676	4.9
26	-0.305286	546.660592	0.009319	4.5
27	-0.745641	544.094102	0.003547	4.6
28	-0.000000	541.559494	0.000000	5.4
29	-0.005950	539.056129	0.001089	4.7
30	-1.497379	536.583387	0.013837	4.6
31	-1.596988	534.140663	0.011838	4.8
32	-0.825464	531.727370	0.021864	4.8
33	-0.497012	529.342935	0.004533	4.5
34	-0.000000	526.986802	0.000000	6.3
35	-0.756696	524.658430	0.007775	4.8
36	-0.022248	522.357290	0.000770	4.8
37	-1.192076	520.082868	0.013173	5.8
38	-0.533805	517.834665	0.015178	4.9
39	-1.311471	515.612193	0.012929	4.6
40	-1.365126	513.414976	0.022993	4.7
41	-1.238872	511.242551	0.014298	5.3
42	-0.816177	509.094468	0.006833	4.6
43	-1.326948	506.970285	0.011822	5.2
44	-1.199560	504.869574	0.014805	5.1
45	-0.000000	502.791916	0.000000	4.4
46	-0.096094	500.736903	0.001646	4.7
47	-0.686118	498.704137	0.009399	5.1
48	-0.000000	496.693228	0.000000	4.8
49	-1.442536	494.703798	0.014253	4.7
50	-0.738745	492.735476	0.009050	5.2
51	-0.000000	490.787900	0.000000	5.3
52	-1.158920	488.860718	0.014372	4.9
53	-0.802821	486.953585	0.010816	5.0
54	-1.106467	485.066164	0.011083	5.0
55	-0.019080	483.198126	0.001601	4.8
56	-1.730313	481.349149	0.007654	5.1
57	-1.343833	479.518920	0.013278	5.6
58	-0.170895	477.707132	0.001963	4.9
59	-0.802873	475.913485	0.004815	5.4
60	-0.016397	474.137684	0.001892	4.9
61	-1.001935	472.379445	0.016738	4.9
62	-0.144922	470.638485	0.004059	5.4
63	-1.553338	468.914531	0.012896	4.9
64	-1.057179	467.207315	0.005608	4.9
65	-0.000000	465.516573	0.000000	5.6
66	-1.537279	463.842050	0.017663	5.1
67	-0.744941	462.183494	0.014165	4.9
68	-0.769650	460.540658	0.004698	5.3
69	-1.209455	458.913303	0.011792	5.0
70	-0.675689	457.301192	0.005545	4.8
71	-0.763481	455.704096	0.013703	4.9
72	-1.155921	454.121787	0.015319	5.0
73	-1.022886	452.554045	0.015662	5.0
74	-0.261459	451.000653	0.005160	4.8
75	-1.203653	449.461399	0.017598	5.3
76	-1.084116	447.936075	0.011174	4.9
77	-0.419799	446.424477	0.008940	5.5
78	-0.375498	444.926406	0.007572	5.5
79	-0.458169	443.441666	0.007597	7.3
80	-0.000000	441.970065	0.000000	5.6
81	-0.000000	440.511415	0.000000	5.0
82	-1.648175	439.065533	0.017266	5.1
83	-1.016000	437.632238	0.013309	5.4
84	-1.164716	436.211351	0.013550	5.0
85	-0.000000	434.802701	0.000000	5.1
86	-0.873779	433.406117	0.018868	5.3
87	-0.887032	432.021430	0.015194	5.1
88	-1.018400	430.648479	0.010056	5.1
89	-0.000011	429.287101	0.000002	5.3
90	-0.406148	427.937140	0.009334	5.2
91	-0.083096	426.598440	0.004157	5.0
92	-1.519593	425.270849	0.022665	5.2
93	-0.031967	423.954220	0.001615	5.0
94	-0.520285	422.648404	0.006148	5.0
95	-1.040866	421.353259	0.011208	5.7
96	-0.494203	420.068643	0.005956	5.1
97	-0.355959	418.794419	0.008388	5.1
98	-1.304928	417.530451	0.016415	5.3
99	-0.459254	416.276604	0.007776	5.1
100	-0.940615	415.032748	0.008150	5.4
101	-1.045637	413.798754	0.009534	5.3
102	-0.936211	412.574495	0.020645	5.2
103	-1.253200	411.359849	0.004757	5.3
104	-0.005859	410.154691	0.000086	5.4
105	-1.099125	408.958904	0.017075	5.0
106	-1.205849	407.772368	0.014630	5.3
107	-1.231568	406.594968	0.021591	5.0
108	-1.483248	405.426590	0.011702	5.0
109	-1.176689	404.267122	0.013390	5.4
110	-1.297793	403.116456	0.011947	5.7
111	-1.419683	401.974481	0.006146	5.3
112	-0.182587	400.841093	0.006087	5.3
113	-0.247333	399.716187	0.004996	5.4
114	-1.142445	398.599660	0.010501	5.5
115	-0.675814	397.491411	0.006587	5.3
116	-0.000000	396.391342	0.000000	4.8
117	-0.855562	395.299353	0.019269	7.1
118	-0.621169	394.215350	0.008376	5.6
119	-0.111686	393.139238	0.003115	5.3
120	-0.239953	392.070924	0.002657	5.0
121	-0.347289	391.010316	0.005208	5.2
122	-1.383153	389.957325	0.012187	5.2
123	-0.857988	388.911862	0.005355	5.1
124	-0.004111	387.873839	0.000388	5.3
125	-1.502889	386.843173	0.015233	5.8
126	-1.200539	385.819777	0.017059	5.4
127	-0.000000	384.803569	0.000000	5.5
128	-0.516029	383.794468	0.007406	6.0
129	-0.000007	382.792393	0.000002	7.0
130	-0.446534	381.797264	0.008827	7.4
131	-0.317803	380.809005	0.002698	6.1
132	-0.000000	379.827537	0.000000	5.4
133	-0.949467	378.852786	0.007611	5.1
134	-0.329965	377.884678	0.004928	6.3
135	-0.641973	376.923138	0.008807	5.5
136	-1.173768	375.968095	0.009285	5.4
137	-0.391009	375.019479	0.001941	5.5
138	-0.850176	374.077218	0.011613	5.8
139	-1.155840	373.141244	0.013574	5.8
140	-0.393933	372.211489	0.006527	5.2
141	-1.160111	371.287887	0.011907	5.5
142	-0.832022	370.370370	0.006703	5.5
143	-0.901773	369.458876	0.021201	5.2
144	-1.523216	368.553338	0.014735	5.8
145	-0.001419	367.653696	0.000191	5.4
146	-1.357413	366.759885	0.012961	5.0
147	-0.002160	365.871846	0.000333	5.1
148	-0.017720	364.989518	0.001147	5.6
149	-1.208499	364.112841	0.010078	5.3
150	-1.544561	363.241757	0.016857	5.9
151	-0.722919	362.376208	0.006680	5.6
152	-1.212948	361.516137	0.010213	5.2
153	-0.000000	360.661488	0.000000	5.0
154	-0.841447	359.812206	0.015150	5.3
155	-0.013554	358.968236	0.000485	5.0
156	-0.898344	358.129524	0.022440	5.0
157	-0.750855	357.296018	0.009434	5.4
158	-0.000000	356.467665	0.000000	6.1
159	-1.485069	355.644414	0.018981	5.0
160	-1.377771	354.826213	0.011006	5.7
161	-1.554171	354.013012	0.007984	5.0
162	-0.438603	353.204763	0.012251	5.1
163	-0.133003	352.401415	0.003949	5.7
164	-0.965109	351.602922	0.014906	5.0
165	-0.126277	350.809235	0.003516	5.3
166	-1.373625	350.020308	0.007397	5.4
167	-0.733764	349.236095	0.010572	5.1
168	-0.000000	348.456550	0.000000	5.0
169	-0.187855	347.681627	0.005260	5.3
170	-1.408127	346.911283	0.004843	5.0
171	-0.000000	346.145474	0.000000	5.5
172	-1.390884	345.384157	0.010763	5.7
173	-0.541259	344.627288	0.012124	5.1
174	-0.981408	343.874826	0.018442	5.5
175	-1.162145	343.126729	0.017968	5.0
176	-0.000002	342.382957	0.000000	5.2
177	-0.521804	341.643469	0.013207	5.2
178	-1.500227	340.908224	0.011730	5.2
179	-0.447198	340.177184	0.007003	5.5
180	-1.195153	339.450309	0.013920	5.2
181	-1.605914	338.727561	0.014026	5.0
182	-0.877506	338.008902	0.014164	5.2
183	-0.004888	337.294295	0.000590	5.4
184	-0.787089	336.583703	0.016271	5.1
185	-0.299502	335.877089	0.003422	5.1
186	-0.275735	335.174416	0.003553	5.2
187	-1.495576	334.475651	0.008022	5.1
188	-0.000000	333.780756	0.000000	4.7
189	-1.234913	333.089698	0.010417	5.1
190	-1.372669	332.402443	0.011387	5.5
191	-0.816733	331.718955	0.003260	5.2
192	-0.000004	331.039203	0.000001	4.9
193	-0.521524	330.363153	0.022292	5.4
194	-1.293594	329.690771	0.008399	5.0
195	-0.750825	329.022027	0.008062	5.2
196	-0.059009	328.356888	0.002062	5.4
197	-0.008813	327.695322	0.000651	5.1
198	-0.042097	327.037299	0.001950	5.2
199	-1.029744	326.382787	0.008535	5.4
200	-0.907955	325.731758	0.005582	5.1
201	-0.448372	325.084179	0.005246	5.3
202	-1.086318	324.440023	0.025852	5.2
203	-0.122084	323.799258	0.001814	5.1
204	-0.775139	323.161858	0.017323	5.6
205	-1.446476	322.527792	0.011311	5.1
206	-0.002286	321.897034	0.000369	5.0
207	-0.000000	321.269554	0.000000	5.5
208	-0.000563	320.645325	0.000095	5.1
209	-0.927180	320.024320	0.006338	5.1
210	-0.235489	319.406512	0.002637	5.8
211	-1.385529	318.791875	0.008890	5.1
212	-1.242238	318.180381	0.010437	7.7
213	-0.732147	317.572005	0.003652	8.2
214	-0.182201	316.966721	0.004843	6.6
215	-1.344489	316.364504	0.015908	5.9
216	-0.340309	315.765329	0.005929	5.1
217	-0.000000	315.169170	0.000000	5.0
218	-0.000000	314.576003	0.000000	5.1
219	-1.412095	313.985804	0.017251	6.7
220	-1.386324	313.398548	0.011791	5.3
221	-1.422927	312.814213	0.008328	5.1
222	-0.009976	312.232773	0.000578	5.6
223	-0.000128	311.654207	0.000027	5.5
224	-1.385657	311.078491	0.014237	5.4
225	-0.001915	310.505602	0.000321	5.0
226	-0.000004	309.935518	0.000001	5.3
227	-1.458257	309.368217	0.010935	5.5
228	-0.859742	308.803676	0.013598	5.1
229	-1.522988	308.241874	0.013573	5.3
230	-0.698478	307.682789	0.006916	5.0
231	-1.618003	307.126400	0.010017	5.1
232	-0.307032	306.572687	0.003208	5.6
233	-1.313994	306.021627	0.011243	5.1
234	-0.632044	305.473201	0.007492	5.1
235	-0.525344	304.927388	0.005138	5.3
236	-0.351360	304.384168	0.014251	5.1
237	-0.000000	303.843521	0.000000	4.6
238	-0.000000	303.305427	0.000000	5.5
239	-0.184154	302.769867	0.003307	5.0
240	-1.461141	302.236821	0.007975	5.1
241	-0.009205	301.706270	0.000941	5.7
242	-1.287463	301.178196	0.009561	5.2
243	-0.849260	300.652580	0.003062	5.2
244	-1.285939	300.129402	0.008872	5.4
245	-0.519321	299.608645	0.006223	5.2
246	-0.602626	299.090291	0.010057	5.0
247	-1.455150	298.574321	0.012709	5.6
248	-1.210763	298.060718	0.018065	5.5
249	-0.765599	297.549465	0.009767	5.8
250	-0.056477	297.040543	0.005574	5.2
251	-0.293646	296.533936	0.005975	4.6
252	-0.973450	296.029626	0.011549	5.2
253	-0.229267	295.527597	0.008610	5.4
254	-0.798163	295.027832	0.014119	5.1
255	-0.000025	294.530315	0.000005	5.4
256	-1.414504	294.035028	0.008589	5.9
257	-0.206439	293.541956	0.003231	5.7
258	-0.048405	293.051083	0.001920	5.2
259	-0.916164	292.562393	0.006714	5.2
260	-0.000000	292.075870	0.000000	5.1
261	-1.144795	291.591498	0.004965	5.2
262	-1.266954	291.109263	0.017758	5.3
263	-0.981104	290.629149	0.014222	5.3
264	-1.187970	290.151140	0.011780	5.3
265	-1.419746	289.675222	0.007446	5.3
266	-1.327478	289.201380	0.016223	5.3
267	-0.026668	288.729600	0.001679	5.4
268	-0.800324	288.259866	0.011047	5.3
269	-0.656542	287.792165	0.006409	5.1
270	-0.856083	287.326481	0.008686	5.4
271	-0.725383	286.862802	0.017069	5.2
272	-0.346567	286.401113	0.003749	5.1
273	-0.282888	285.941400	0.012142	5.4
274	-0.994081	285.483649	0.007506	5.1
275	-0.765995	285.027847	0.007203	5.0
276	-0.127301	284.573981	0.002303	5.6
277	-1.394581	284.122037	0.005279	5.1
278	-1.186417	283.672002	0.003931	5.1
279	-0.413073	283.223863	0.004424	5.5
280	-1.531942	282.777607	0.008021	5.1
281	-0.040027	282.333221	0.001160	5.1
282	-0.004557	281.890692	0.000302	5.5
283	-1.328376	281.450008	0.011667	5.1
284	-1.398203	281.011157	0.007170	5.1
285	-1.532982	280.574125	0.014210	6.0
286	-0.312245	280.138901	0.006337	5.1
287	-0.000073	279.705473	0.000016	5.4
288	-0.503001	279.273829	0.018334	5.3
289	-1.288658	278.843956	0.017713	5.1
290	-0.000000	278.415844	0.000000	4.8
291	-0.612290	277.989479	0.016616	5.4
292	-0.529942	277.564851	0.009881	5.0
293	-1.152885	277.141949	0.013240	5.2
294	-1.425655	276.720761	0.009424	5.4
295	-0.088812	276.301275	0.004729	5.3
296	-0.864951	275.883480	0.016396	5.0
297	-0.824328	275.467366	0.005319	5.5
298	-0.875385	275.052922	0.005358	5.2
299	-0.715881	274.640136	0.004091	5.1
300	-0.861375	274.228998	0.019053	5.4
301	-1.296972	273.819497	0.018226	5.3
302	-1.242557	273.411623	0.004558	5.1
303	-1.260833	273.005365	0.012260	5.5
304	-0.051672	272.600712	0.001426	5.1
305	-1.204114	272.197655	0.019407	5.1
306	-1.327874	271.796184	0.011300	5.4
307	-1.452327	271.396287	0.014055	5.1
308	-0.059590	270.997956	0.001460	5.2
309	-1.163165	270.601180	0.010544	5.5
310	-0.000001	270.205949	0.000000	7.7
311	-0.083987	269.812254	0.002781	7.3
312	-0.392806	269.420085	0.013621	5.6
313	-0.202184	269.029432	0.003383	6.8
314	-0.595183	268.640287	0.008496	5.4
315	-1.319449	268.252638	0.009337	5.1
316	-1.125499	267.866478	0.014152	6.0
317	-1.166289	267.481796	0.016467	5.7
318	-1.446342	267.098584	0.011302	5.1
319	-1.201658	266.716833	0.012732	5.4
320	-0.004766	266.336533	0.000403	4.8
321	-0.810652	265.957676	0.008470	5.7
322	-0.000000	265.580253	0.000000	5.0
323	-0.443805	265.204254	0.001858	5.2
324	-0.000000	264.829672	0.000000	5.5
325	-0.346570	264.456497	0.006595	5.1
326	-0.000000	264.084721	0.000000	5.0
327	-1.400823	263.714335	0.009873	6.2
328	-0.469136	263.345332	0.005072	5.4
329	-0.763107	262.977702	0.026136	5.1
330	-0.000626	262.611438	0.000128	5.1
331	-0.645008	262.246531	0.007685	5.5
332	-1.120569	261.882973	0.007818	6.0
333	-0.757423	261.520756	0.002140	5.5
334	-0.000498	261.159871	0.000031	6.1
335	-0.305242	260.800312	0.006558	6.0
336	-0.566375	260.442070	0.017580	5.6
337	-0.825002	260.085137	0.005747	5.5
338	-1.371675	259.729505	0.013736	5.8
339	-0.983214	259.375167	0.009801	5.7
340	-1.086511	259.022116	0.009801	5.7
341	-0.760574	258.670343	0.019738	5.7
342	-0.000000	258.319841	0.000000	5.4
343	-1.403242	257.970602	0.015015	5.3
344	-0.000077	257.622620	0.000016	5.7
345	-1.004896	257.275887	0.018326	5.3
346	-1.287681	256.930396	0.007169	5.2
347	-1.385271	256.586139	0.016453	5.8
348	-0.000000	256.243109	0.000000	5.3
349	-1.555556	255.901300	0.013827	5.2
350	-0.814431	255.560703	0.019362	5.5
351	-1.528271	255.221313	0.006920	5.3
352	-0.517497	254.883122	0.009884	6.2
353	-1.112800	254.546124	0.008506	5.3
354	-1.217029	254.210311	0.009426	5.1
355	-0.006293	253.875677	0.000636	5.5
356	-0.205439	253.542215	0.003394	5.2
357	-1.711404	253.209918	0.009836	5.2
358	-0.461670	252.878781	0.013802	5.6
359	-0.000000	252.548795	0.000000	4.7
360	-1.016688	252.219956	0.005111	5.6
361	-0.764090	251.892255	0.008014	5.5
362	-0.001318	251.565688	0.000194	5.1
363	-1.344815	251.240247	0.024479	5.1
364	-0.350936	250.915926	0.006975	5.4
365	-0.695309	250.592720	0.006403	5.3
366	-0.144540	250.270621	0.002086	5.2
367	-1.129891	249.949624	0.008228	5.4
368	-0.606938	249.629723	0.012001	5.2
369	-1.463009	249.310911	0.013314	5.1
370	-0.001033	248.993182	0.000149	5.3
371	-0.417592	248.676531	0.006030	4.9
372	-0.000000	248.360952	0.000000	4.8
373	-0.990227	248.046438	0.008180	5.7
374	-1.575172	247.732984	0.006573	5.0
375	-1.374506	247.420584	0.004990	5.0
376	-0.752303	247.109233	0.007128	5.5
377	-0.000000	246.798924	0.000000	5.1
378	-1.152719	246.489652	0.015581	5.0
379	-0.000017	246.181412	0.000004	5.9
380	-0.494854	245.874197	0.011004	5.0
381	-1.438087	245.568002	0.010356	5.1
382	-1.648394	245.262822	0.018746	5.1
383	-0.139541	244.958652	0.003644	5.1
384	-1.448079	244.655485	0.011875	5.3
385	-0.725452	244.353317	0.006165	5.4
386	-0.000003	244.052142	0.000001	5.1
387	-0.302269	243.751955	0.002610	5.2
388	-0.012798	243.452750	0.000907	5.1
389	-0.000000	243.154523	0.000000	5.1
390	-0.553614	242.857268	0.005593	7.0
391	-1.318628	242.560980	0.011990	5.1
392	-0.974818	242.265654	0.006738	5.2
393	-0.003810	241.971285	0.000438	5.3
394	-1.448146	241.677868	0.008412	5.3
395	-1.292123	241.385397	0.014871	6.1
396	-1.167356	241.093869	0.002110	5.5
397	-0.000000	240.803278	0.000000	5.4
398	-1.323795	240.513619	0.011123	5.0
399	-0.018299	240.224887	0.000675	5.4
400	-0.119387	239.937077	0.005332	5.5
401	-0.011910	239.650186	0.000523	5.3
402	-0.000000	239.364207	0.000000	5.5
403	-0.284564	239.079136	0.007918	5.6
404	-1.700474	238.794969	0.012749	5.1
405	-1.411780	238.511701	0.012846	5.3
406	-0.255043	238.229327	0.013719	5.0
407	-0.000000	237.947843	0.000000	4.6
408	-0.168327	237.667244	0.004832	5.4
409	-1.518468	237.387526	0.019746	5.1
410	-1.044789	237.108684	0.012333	5.0
411	-0.000000	236.830714	0.000000	5.7
412	-1.446134	236.553610	0.015184	5.1
413	-0.249747	236.277370	0.008642	5.0
414	-1.055427	236.001989	0.011432	5.6
415	-1.600877	235.727461	0.007602	5.3
416	-1.058255	235.453784	0.008339	5.1
417	-0.413595	235.180952	0.005931	5.6
418	-0.565014	234.908962	0.003629	5.2
419	-0.490630	234.637809	0.019241	5.2
420	-1.058524	234.367488	0.007426	5.4
421	-0.818164	234.097997	0.017986	5.1
422	-1.272758	233.829331	0.009459	5.5
423	-1.211775	233.561485	0.009512	5.4
424	-0.561932	233.294456	0.010374	5.0
425	-1.343264	233.028239	0.012052	5.2
426	-0.721290	232.762831	0.018441	5.5
427	-0.000000	232.498228	0.000000	4.9
428	-0.495103	232.234425	0.008965	5.2
429	-1.538691	231.971419	0.011450	5.4
430	-1.211864	231.709205	0.005711	5.3
431	-0.415449	231.447781	0.011154	5.0
432	-1.209135	231.187141	0.005628	5.3
433	-0.083987	230.927283	0.001999	5.2
434	-0.822327	230.668202	0.012140	4.9
435	0.000000	230.409895	0.000000	5.5
436	-0.029228	230.152358	0.002300	5.5
437	-0.688312	229.895587	0.008546	5.1
438	-1.526188	229.639578	0.011280	5.5
439	-0.915603	229.384329	0.015173	5.4
440	-0.094415	229.129834	0.002242	5.1
441	-1.226234	228.876091	0.009585	5.1
442	-0.000000	228.623096	0.000000	4.7
443	-0.824802	228.370846	0.009258	5.1
444	-0.000033	228.119336	0.000007	5.4
445	-0.000001	227.868563	0.000000	5.0
446	-0.393788	227.618525	0.006626	5.0
447	-1.056056	227.369216	0.013023	5.7
448	-1.126799	227.120635	0.006867	5.1
449	-0.051919	226.872777	0.001865	5.1
450	-0.251149	226.625638	0.002234	5.3
451	-0.888115	226.379217	0.013214	5.0
452	-0.791310	226.133509	0.004521	5.1
453	-0.000000	225.888510	0.000000	5.4
454	-0.031990	225.644218	0.001869	5.1
455	-0.169440	225.400630	0.003035	5.2
456	-1.520503	225.157741	0.013518	5.4
457	-0.506903	224.915549	0.007920	5.0
458	-0.139230	224.674051	0.002031	6.0
459	-1.497654	224.433242	0.012616	5.3
460	-0.696113	224.193121	0.006361	5.1
461	-0.000000	223.953684	0.000000	5.1
462	-1.210292	223.714927	0.016012	5.3
463	-0.763737	223.476848	0.015031	5.0
464	-0.698319	223.239444	0.005046	5.2
465	-0.291529	223.002710	0.005615	5.4
466	-1.552220	222.766645	0.014746	5.3
467	-1.069695	222.531245	0.013957	5.1
468	-1.505818	222.296508	0.010546	5.4
469	-1.269168	222.062429	0.011466	5.2
470	-0.873590	221.829007	0.015317	5.2
471	-1.761655	221.596238	0.014277	5.3
472	-0.609469	221.364119	0.004813	5.3
473	-0.491124	221.132647	0.004629	5.2
474	-1.487455	220.901820	0.006653	5.4
475	-0.000000	220.671634	0.000000	4.9
476	-1.484175	220.442086	0.010734	5.2
477	-0.848113	220.213174	0.010989	5.4
478	-0.790643	219.984895	0.009292	5.1
479	-1.562978	219.757246	0.011314	5.4
480	-1.559385	219.530224	0.012368	5.5
481	-0.992220	219.303826	0.006007	5.1
482	-1.399276	219.078050	0.007862	5.5
483	-0.005862	218.852893	0.000565	5.2
484	-1.332116	218.628352	0.013722	5.1
485	-1.349464	218.404424	0.008463	5.7
486	-1.405321	218.181106	0.021152	5.1
487	-1.102609	217.958397	0.007576	5.2
488	-0.029907	217.736292	0.001343	5.8
489	-1.337868	217.514790	0.006527	5.1
490	-0.736272	217.293888	0.011317	5.1
491	-1.491307	217.073584	0.023075	6.5
492	-0.018751	216.853873	0.000813	7.9
493	-0.000000	216.634755	0.000000	8.5
494	-1.395724	216.416227	0.009070	5.3
495	-0.239717	216.198285	0.005125	5.5
496	-0.000000	215.980927	0.000000	5.7
497	-0.722371	215.764151	0.009090	5.6
498	-0.018229	215.547955	0.000863	5.7
499	-0.200856	215.332335	0.006468	5.3
500	-0.836491	215.117289	0.007447	5.6
501	-1.136826	214.902815	0.013092	5.7
502	-1.038687	214.688911	0.011556	5.5
503	-1.144394	214.475573	0.009487	5.8
504	-0.129915	214.262800	0.004732	6.3
505	-1.478758	214.050588	0.008342	5.2
506	-0.590878	213.838936	0.017242	5.6
507	-0.051855	213.627842	0.003654	5.5
508	-0.085759	213.417302	0.002833	5.4
509	-0.806122	213.207314	0.003819	5.5
510	-1.311047	212.997877	0.010274	5.1
511	-0.770509	212.788987	0.016133	5.4
512	-0.087307	212.580642	0.002286	6.0
513	-0.331643	212.372841	0.006595	5.2
514	-0.175982	212.165581	0.002698	5.2
515	-0.000000	211.958859	0.000000	5.9
516	-0.634500	211.752673	0.012763	5.2
517	-1.567892	211.547021	0.016482	5.3
518	-0.757245	211.341902	0.007938	5.5
519	-0.921858	211.137311	0.007701	5.1
520	-1.157855	210.933248	0.010207	5.3
521	-0.127465	210.729710	0.004305	5.2
522	-0.000300	210.526695	0.000060	4.9
523	-1.566410	210.324200	0.011000	5.3
524	-1.555522	210.122224	0.015205	5.2
525	-1.572371	209.920765	0.009161	5.1
526	-0.464803	209.719820	0.012102	5.1
527	-1.387117	209.519387	0.009501	5.2
528	-0.000000	209.319463	0.000000	5.1
529	-1.444137	209.120048	0.014655	6.1
530	-0.415279	208.921139	0.006043	5.4
531	-0.361581	208.722733	0.004130	5.2
532	-1.280477	208.524829	0.005958	5.0
533	-1.296923	208.327425	0.007985	5.2
534	-1.355246	208.130518	0.022994	5.2
535	-0.130073	207.934107	0.002231	4.8
536	-0.000000	207.738189	0.000000	5.4
537	-0.000000	207.542762	0.000000	5.2
538	-0.813713	207.347825	0.007931	5.1
539	-0.124008	207.153376	0.003707	5.2
540	-0.209368	206.959412	0.004099	5.1
541	-0.873582	206.765932	0.007085	5.0
542	-0.051686	206.572933	0.002517	5.2
543	-0.729400	206.380414	0.004158	5.2
544	-0.000000	206.188373	0.000000	5.0
545	-1.620395	205.996807	0.013131	5.7
546	-1.304017	205.805716	0.003883	5.1
547	-0.000000	205.615096	0.000000	4.6
548	-0.731326	205.424946	0.005066	5.9
549	-1.045268	205.235265	0.014857	6.2
550	-0.638320	205.046050	0.007755	6.0
551	-0.961271	204.857299	0.012473	5.3
552	-1.360716	204.669011	0.014622	5.1
553	-1.258316	204.481184	0.024241	5.5
554	-1.547315	204.293816	0.006854	5.3
555	-0.405135	204.106905	0.006843	5.1
556	-0.887823	203.920449	0.006511	5.8
557	-1.248297	203.734447	0.014412	5.1
558	-0.000000	203.548896	0.000000	4.7
559	-0.000000	203.363795	0.000000	5.4
560	-0.598667	203.179143	0.010032	5.2
561	-1.616472	202.994937	0.011547	5.3
562	-1.118496	202.811176	0.010534	5.5
563	-1.072826	202.627857	0.015604	5.2
564	-1.550171	202.444980	0.004727	5.7
565	-0.445079	202.262543	0.004475	5.6
566	-1.367263	202.080543	0.018441	5.3
567	-1.713285	201.898979	0.010033	5.5
568	-0.096034	201.717849	0.004470	5.5
569	-1.261879	201.537153	0.013998	5.6
570	-1.305007	201.356887	0.002938	5.3
571	-0.851196	201.177050	0.016389	5.5
572	-0.070576	200.997642	0.002656	5.2
573	-0.010536	200.818659	0.000540	5.3
574	-1.005700	200.640100	0.007973	5.3
575	-0.000000	200.461965	0.000000	5.1
576	-0.000091	200.284250	0.000018	5.5
577	-0.518345	200.106955	0.008156	5.4
578	-0.934590	199.930078	0.006577	5.3
579	-1.110334	199.753617	0.010855	5.6
580	-0.031361	199.577571	0.001807	5.4
581	-0.000000	199.401938	0.000000	4.7
582	-1.245636	199.226717	0.011694	5.9
583	-1.227993	199.051905	0.012658	5.4
584	-0.176477	198.877502	0.003437	5.1
585	-0.000000	198.703506	0.000000	5.9
586	-1.077184	198.529916	0.010374	5.3
587	-1.822250	198.356729	0.010723	5.0
588	-0.163858	198.183944	0.002720	5.5
589	-1.009051	198.011560	0.004848	5.1
590	-1.356384	197.839576	0.010842	5.4
591	-1.522799	197.667989	0.010021	5.2
592	-0.000000	197.496798	0.000000	4.7
593	-0.008291	197.326002	0.000757	5.3
594	-0.000000	197.155600	0.000000	4.9
595	-0.770918	196.985589	0.005532	5.1
596	0.000000	196.815969	0.000000	5.4
597	-0.425564	196.646738	0.005783	5.4
598	-1.371161	196.477894	0.015524	5.1
599	-0.238105	196.309436	0.003314	5.4
600	-0.354398	196.141363	0.005665	5.4
601	-0.134836	195.973673	0.001628	5.2
602	-0.669518	195.806365	0.007580	5.1
603	-0.970361	195.639437	0.008504	5.4
604	-1.573125	195.472888	0.008475	5.2
605	-1.017215	195.306717	0.010443	5.1
606	-1.442375	195.140922	0.012982	5.3
607	-0.000000	194.975501	0.000000	5.4
608	-1.355904	194.810454	0.013251	5.1
609	-0.489785	194.645779	0.009458	5.3
610	-1.169458	194.481475	0.008997	5.2
611	-0.382130	194.317540	0.005582	5.1
612	-0.000000	194.153973	0.000000	5.5
613	-0.672614	193.990773	0.006683	5.0
614	-0.432234	193.827938	0.005830	5.1
615	-0.614968	193.665467	0.011071	5.5
616	-0.810586	193.503358	0.006308	5.0
617	-0.000000	193.341611	0.000000	5.2
618	-1.181452	193.180224	0.012041	5.3
619	-0.152930	193.019196	0.003015	5.0
620	-0.930698	192.858525	0.006982	5.0
621	-0.691478	192.698210	0.016337	5.4
622	-0.702939	192.538251	0.011143	5.1
623	-1.542035	192.378644	0.005678	5.0
624	-0.000000	192.219391	0.000000	5.4
625	-1.227351	192.060488	0.010856	5.2
626	-1.520794	191.901935	0.013868	5.2
627	-0.000041	191.743730	0.000008	5.2
628	-1.543563	191.585873	0.015682	5.3
629	-0.379134	191.428362	0.007574	5.4
630	-1.410792	191.271196	0.011375	5.6
631	-1.163342	191.114374	0.014002	5.3
632	-1.121880	190.957893	0.007443	5.6
633	-0.989709	190.801755	0.014733	5.5
634	-1.477762	190.645956	0.010228	5.2
635	-0.555019	190.490495	0.006138	5.4
636	-0.318689	190.335373	0.008760	5.5
637	-0.636572	190.180587	0.019242	5.6
638	-0.335590	190.026136	0.004107	5.2
639	-0.727786	189.872019	0.009329	5.5
640	-0.000008	189.718235	0.000002	6.6
641	-0.928555	189.564782	0.014721	5.4
642	-0.000000	189.411661	0.000000	5.6
643	-1.195305	189.258868	0.012446	5.4
644	-0.000609	189.106404	0.000091	5.8
645	-1.706726	188.954267	0.008235	5.6
646	-0.034250	188.802456	0.002202	5.3
647	-1.226165	188.650969	0.010243	5.5
648	-0.087780	188.499807	0.002946	5.1
649	-0.176838	188.348967	0.003083	5.1
650	-1.443685	188.198448	0.009977	5.5
651	-1.564450	188.048250	0.009101	4.9
652	-1.559386	187.898371	0.008726	5.1
653	-0.017572	187.748810	0.001413	5.5
654	-0.580276	187.599566	0.012773	5.1
655	-0.743576	187.450638	0.007949	5.1
656	-0.520628	187.302025	0.017874	5.5
657	-1.272666	187.153725	0.013520	5.1
658	-0.774321	187.005739	0.007023	5.1
659	-0.550351	186.858064	0.016672	5.1
660	-0.899992	186.710699	0.017555	5.0
661	-0.000004	186.563645	0.000001	5.6
662	-0.913167	186.416898	0.013608	6.1
663	-1.595336	186.270459	0.007599	5.3
664	-1.594165	186.124326	0.010898	6.0
665	-1.396937	185.978499	0.011353	6.6
666	-1.389329	185.832976	0.012667	5.6
667	-1.346626	185.687756	0.011820	5.3
668	-1.762554	185.542838	0.006474	5.1
669	-0.000674	185.398222	0.000143	5.7
670	-0.045884	185.253906	0.003099	5.4
671	-0.089061	185.109889	0.005547	5.2
672	-1.389004	184.966170	0.011544	6.1
673	-0.535626	184.822748	0.004543	7.0
674	-0.702249	184.679623	0.017080	6.4
675	-0.000000	184.536792	0.000000	5.5
676	-0.000532	184.394256	0.000098	5.1
677	-0.448873	184.252013	0.012500	5.4
678	-0.008314	184.110062	0.000410	5.7
679	-0.896233	183.968403	0.004407	5.9
680	-1.273792	183.827034	0.016611	5.5
681	-0.133705	183.685954	0.004864	6.2
682	-1.063203	183.545163	0.007951	5.7
683	-0.257078	183.404658	0.003887	5.4
684	-1.114787	183.264441	0.004125	5.6
685	-1.602233	183.124509	0.017149	5.3
686	-1.243658	182.984861	0.011224	6.6
687	-0.144973	182.845497	0.001917	5.5
688	-0.425340	182.706416	0.010623	5.3
689	-0.646725	182.567616	0.004668	5.5
690	-1.381507	182.429098	0.008198	5.2
691	-0.019779	182.290859	0.000736	5.4
692	-0.003234	182.152899	0.000312	5.3
693	-0.599700	182.015217	0.006903	5.2
694	-0.807545	181.877813	0.015202	5.4
695	-1.047392	181.740684	0.007030	5.9
696	-1.131340	181.603832	0.005541	5.5
697	-1.125526	181.467253	0.011412	5.6
698	-0.000229	181.330948	0.000041	6.2
699	-0.819531	181.194916	0.010091	5.7
700	-0.973320	181.059155	0.004945	5.4
701	-0.009855	180.923666	0.000370	5.4
702	-1.313833	180.788446	0.007229	5.4
703	-0.599566	180.653496	0.006168	5.4
704	-0.971936	180.518814	0.009907	5.2
705	-1.102160	180.384399	0.011238	5.3
706	-0.992263	180.250251	0.007145	5.4
707	-0.411988	180.116369	0.003252	5.2
708	-1.626045	179.982752	0.007786	5.4
709	-1.361787	179.849398	0.009894	5.3
710	-1.708972	179.716308	0.012081	5.2
711	-1.074365	179.583480	0.005497	5.1
712	-0.702143	179.450913	0.014509	5.3
713	-1.100722	179.318607	0.015537	5.1
714	-0.000000	179.186561	0.000000	4.9
715	-0.782544	179.054774	0.015868	5.5
716	-0.745740	178.923245	0.005414	5.3
717	-0.161506	178.791973	0.001189	5.1
718	-1.458578	178.660958	0.008042	5.3
719	-0.744178	178.530199	0.004617	5.1
720	-0.854761	178.399694	0.011950	5.3
721	-0.740646	178.269444	0.016744	5.5
722	-0.737184	178.139447	0.006720	4.9
723	-1.245234	178.009702	0.008946	5.1
724	-1.458241	177.880209	0.010793	5.4
725	-1.070121	177.750967	0.018257	5.3
726	-0.834655	177.621975	0.003865	5.2
727	-0.000000	177.493232	0.000000	5.3
728	-0.990902	177.364738	0.014841	5.1
729	-0.042763	177.236492	0.002197	5.1
730	-0.426030	177.108492	0.007814	5.5
731	-0.000002	176.980739	0.000001	4.8
732	-1.303513	176.853231	0.013269	5.5
733	-1.413535	176.725968	0.011701	5.3
734	-1.011696	176.598949	0.007654	4.9
735	-0.408408	176.472173	0.008179	5.2
736	-0.100639	176.345639	0.003243	5.5
737	-0.626902	176.219348	0.007441	5.0
738	-1.328011	176.093296	0.013015	5.6
739	-0.852156	175.967486	0.007172	5.3
740	-0.829472	175.841914	0.008170	5.4
741	-1.033461	175.716581	0.012659	4.9
742	-0.935613	175.591486	0.008548	5.4
743	-0.070646	175.466629	0.003529	6.6
744	-0.211346	175.342008	0.003604	5.1
745	-0.629009	175.217622	0.007908	5.2
746	-1.222375	175.093472	0.013390	6.0
747	-1.627677	174.969556	0.015495	5.4
748	-1.324863	174.845873	0.010419	6.4
749	-1.034719	174.722423	0.006850	5.0
750	-1.047210	174.599206	0.006942	5.1
751	-1.083490	174.476220	0.007830	5.3
752	-1.401547	174.353464	0.007045	5.3
753	-0.000121	174.230939	0.000022	5.3
754	-0.000000	174.108643	0.000000	5.2
755	-1.519463	173.986576	0.004853	5.2
756	-0.513587	173.864737	0.005215	5.6
757	-0.292111	173.743124	0.013148	5.3
758	-1.399476	173.621739	0.012836	5.1
759	-0.968789	173.500579	0.008815	6.1
760	-0.842788	173.379645	0.008344	5.1
761	-0.631220	173.258935	0.007117	5.2
762	-0.151745	173.138449	0.003203	5.5
763	-0.000122	173.018186	0.000024	5.1
764	-1.113429	172.898146	0.009390	5.3
765	-1.364376	172.778327	0.013316	5.3
766	-0.000000	172.658730	0.000000	4.6
767	-1.488804	172.539353	0.013317	5.3
768	-0.009852	172.420196	0.000441	5.2
769	-1.059555	172.301258	0.011406	5.0
770	-1.040567	172.182539	0.010435	5.4
771	-0.000000	172.064037	0.000000	4.8
772	-1.111169	171.945753	0.009635	5.1
773	-1.479566	171.827686	0.004379	5.2
774	-0.414257	171.709834	0.011093	5.1
775	-0.025917	171.592198	0.001071	5.9
776	-1.202558	171.474776	0.023348	5.1
777	-0.584496	171.357568	0.005136	5.4
778	-1.011546	171.240574	0.005095	5.4
779	-0.078355	171.123793	0.003711	5.0
780	-1.234088	171.007223	0.008219	5.3
781	-0.759549	170.890865	0.004769	5.4
782	-1.221010	170.774718	0.008678	5.3
783	-1.450261	170.658782	0.011621	5.6
784	-0.018278	170.543055	0.001373	5.4
785	-0.345880	170.427537	0.008340	5.3
786	-1.312411	170.312227	0.013829	5.7
787	-1.159424	170.197125	0.009527	5.4
788	-1.040185	170.082231	0.014057	5.2
789	-1.435745	169.967543	0.006107	5.8
790	-1.410520	169.853061	0.012921	5.3
791	-1.015807	169.738784	0.019170	5.6
792	-1.467019	169.624713	0.008619	5.4
793	-0.034050	169.510845	0.002010	5.3
794	-1.171776	169.397181	0.011200	5.8
795	-1.183639	169.283720	0.013397	5.4
796	-0.285833	169.170462	0.005978	5.4
797	-1.017981	169.057405	0.012176	5.9
798	-1.219142	168.944549	0.009741	5.3
799	-0.000042	168.831895	0.000010	5.0
800	-1.120861	168.719440	0.009186	5.4
801	-0.578602	168.607185	0.007557	5.1
802	-1.167473	168.495129	0.011996	5.1
803	-1.566228	168.383271	0.013537	5.3
804	-0.414309	168.271611	0.007870	5.0
805	-0.871362	168.160148	0.005436	5.3
806	-0.776045	168.048882	0.004668	5.4
807	-0.154604	167.937812	0.001970	5.1
808	-1.529443	167.826938	0.014222	5.1
809	-1.333363	167.716258	0.013089	5.4
810	-1.493449	167.605773	0.016461	5.1
811	-1.371921	167.495482	0.009486	4.9
812	-1.642001	167.385384	0.006023	5.3
813	-0.000000	167.275479	0.000000	5.0
814	-0.270717	167.165766	0.004590	5.4
815	-0.606234	167.056245	0.005659	5.6
816	-0.772245	166.946915	0.016713	5.2
817	-1.405824	166.837776	0.011494	5.1
818	-1.146561	166.728826	0.006540	5.3
819	-0.731025	166.620067	0.007675	5.3
820	-0.000000	166.511496	0.000000	4.8
821	-0.000001	166.403113	0.000000	5.2
822	-0.000001	166.294919	0.000000	5.3
823	-0.401387	166.186912	0.019238	5.2
824	-0.324685	166.079091	0.008628	5.2
825	-0.827749	165.971458	0.005671	5.4
826	-0.390144	165.864009	0.004143	5.0
827	-0.879298	165.756747	0.014725	5.3
828	-0.987495	165.649669	0.008343	5.4
829	-1.219216	165.542775	0.008873	5.2
830	-0.889931	165.436065	0.010330	5.4
831	-1.581738	165.329538	0.009904	4.9
832	-0.473940	165.223194	0.009993	5.1
833	-1.277949	165.117032	0.011894	5.5
834	-0.401398	165.011052	0.005534	5.0
835	-0.840866	164.905253	0.010798	5.1
836	-1.030283	164.799635	0.008968	5.9
837	-1.594802	164.694197	0.008927	5.4
838	-1.431434	164.588939	0.016200	5.3
839	-1.350969	164.483859	0.010959	5.7
840	-0.000301	164.378959	0.000056	5.1
841	-0.168639	164.274237	0.007871	5.2
842	-0.515258	164.169692	0.012977	5.5
843	-0.784823	164.065325	0.009360	5.1
844	-1.432953	163.961135	0.005886	5.2
845	-0.001498	163.857120	0.000212	5.2
846	-0.000000	163.753282	0.000000	5.1
847	-1.500093	163.649619	0.009072	5.7
848	-1.115740	163.546130	0.007564	6.1
849	-0.851333	163.442816	0.010379	5.5
850	-0.000139	163.339676	0.000033	4.7
851	-0.550462	163.236709	0.004555	5.4
852	-0.000420	163.133915	0.000059	5.3
853	-0.093353	163.031294	0.002596	5.4
854	-1.361830	162.928844	0.007755	5.2
855	-0.000016	162.826566	0.000004	5.3
856	-0.836634	162.724459	0.003099	5.6
857	-1.123068	162.622523	0.010190	5.6
858	0.000000	162.520757	0.000000	7.5
859	-0.362473	162.419160	0.004469	7.1
860	-0.069868	162.317733	0.002094	6.9
861	-1.200192	162.216474	0.009473	7.4
862	-1.464759	162.115383	0.015844	5.3
863	-0.982407	162.014461	0.008807	5.3
864	-1.275702	161.913705	0.012643	5.5
865	-0.086126	161.813117	0.002551	5.6
866	-0.823817	161.712695	0.020295	5.7
867	-0.000000	161.612439	0.000000	4.7
868	-0.000000	161.512349	0.000000	5.1
869	-0.057140	161.412424	0.002736	5.1
870	-1.090337	161.312663	0.005390	5.4
871	-0.003573	161.213067	0.000372	5.7
872	-1.316981	161.113635	0.011865	5.2
873	-0.646790	161.014366	0.014057	5.2
874	-0.851853	160.915260	0.022179	5.4
875	-0.937148	160.816316	0.005411	5.1
876	-0.839559	160.717535	0.006849	5.1
877	-0.000000	160.618915	0.000000	5.6
878	-0.338747	160.520456	0.003768	4.9
879	-0.000000	160.422158	0.000000	5.3
880	-0.740457	160.324021	0.008080	5.4
881	-0.040013	160.226043	0.002282	5.1
882	-1.218441	160.128225	0.009999	5.3
883	-1.276825	160.030566	0.005879	5.5
884	-0.000005	159.933066	0.000001	5.2
885	-1.689455	159.835723	0.012722	5.0
886	-1.581555	159.738539	0.012678	5.4
887	-1.506785	159.641512	0.012798	5.3
888	-0.127205	159.544642	0.002163	5.1
889	-1.664816	159.447929	0.011895	5.4
890	-1.174490	159.351372	0.011525	5.2
891	-1.219541	159.254971	0.007073	5.1
892	-0.224843	159.158725	0.004487	5.4
893	-0.007242	159.062634	0.000462	5.2
894	-0.000000	158.966697	0.000000	4.5
895	-1.382663	158.870915	0.018039	5.4
896	-0.954660	158.775286	0.006144	5.2
897	-0.311461	158.679811	0.006876	5.0
898	-0.522128	158.584489	0.013415	5.8
899	-0.959004	158.489319	0.005082	5.3
900	-1.466638	158.394302	0.009670	5.1
901	-0.000000	158.299436	0.000000	5.3
902	-1.421841	158.204721	0.016327	5.1
903	-0.899786	158.110158	0.005622	5.2
904	-0.018491	158.015745	0.000928	5.3
905	-1.036095	157.921482	0.012673	5.2
906	-0.269641	157.827369	0.003306	5.2
907	-0.050717	157.733406	0.001817	5.2
908	-0.992520	157.639591	0.014633	5.1
909	-1.241491	157.545925	0.015834	6.2
910	-0.673192	157.452408	0.004525	5.5
911	-1.324776	157.359038	0.005316	5.2
912	-0.000000	157.265816	0.000000	4.5
913	-1.544756	157.172741	0.009674	5.1
914	-0.101709	157.079813	0.002531	5.1
915	-0.000000	156.987031	0.000000	5.0
916	-0.000174	156.894395	0.000033	5.5
917	-1.513193	156.801904	0.010708	5.5
918	-1.465436	156.709559	0.016249	5.3
919	-0.660215	156.617359	0.006280	5.5
920	-1.415314	156.525304	0.016766	6.5
921	-0.998481	156.433392	0.006205	5.6
922	-0.339021	156.341624	0.014203	5.6
923	-0.000000	156.250000	0.000000	4.9
924	-1.003480	156.158519	0.006909	5.7
925	-0.481513	156.067180	0.008523	6.3
926	-0.000000	155.975984	0.000000	5.4
927	-0.993704	155.884930	0.017450	5.5
928	-0.054776	155.794017	0.002482	5.3
929	-0.703278	155.703246	0.010135	5.2
930	-1.469000	155.612615	0.008022	5.8
931	-0.622149	155.522125	0.008051	5.2
932	-0.599728	155.431775	0.007969	5.0
933	-0.000000	155.341565	0.000000	5.7
934	-0.910436	155.251495	0.015526	5.2
935	-1.431047	155.161563	0.013410	5.1
936	-1.127532	155.071771	0.019961	5.4
937	-1.243933	154.982117	0.013418	5.0
938	-1.011325	154.892601	0.008880	5.1
939	-1.588300	154.803222	0.006989	5.3
940	-0.000000	154.713981	0.000000	4.9
941	-1.464584	154.624878	0.013477	5.3
942	-1.407766	154.535910	0.017078	5.3
943	-0.000010	154.447080	0.000002	5.1
944	-0.871661	154.358385	0.006706	5.0
945	-1.217231	154.269826	0.008851	5.4
946	-0.000000	154.181402	0.000000	4.9
947	-0.955875	154.093114	0.007608	5.1
948	-0.825930	154.004960	0.008188	5.5
949	-0.000002	153.916940	0.000001	5.2
950	-1.637405	153.829054	0.009397	5.1
951	-0.000000	153.741303	0.000000	4.9
952	-0.576347	153.653684	0.011966	5.4
953	-0.404338	153.566198	0.014742	5.0
954	-0.159050	153.478846	0.004459	5.3
955	-1.164493	153.391625	0.015965	5.2
956	-0.519377	153.304537	0.007955	5.1
957	-1.156302	153.217580	0.011994	5.3
958	-1.544703	153.130755	0.012660	5.3
959	-0.000000	153.044061	0.000000	5.1
960	-1.101060	152.957498	0.009090	5.3
961	-0.000045	152.871065	0.000010	5.3
962	-0.004943	152.784762	0.000512	5.0
963	-0.000000	152.698589	0.000000	5.5
964	-0.767610	152.612545	0.015430	5.1
965	-1.169780	152.526631	0.012392	5.1
966	-1.584231	152.440845	0.009738	5.4
967	-0.519967	152.355188	0.012792	5.1
968	-1.015812	152.269660	0.004990	5.0
969	-0.067281	152.184259	0.004635	6.3
970	-1.563718	152.098986	0.011210	4.9
971	-0.000017	152.013840	0.000004	4.5
972	-0.923842	151.928821	0.003939	5.4
973	-0.489133	151.843928	0.007939	5.3
974	-0.000003	151.759163	0.000001	5.3
975	-1.348049	151.674523	0.015324	5.8
976	-1.510674	151.590009	0.009679	5.3
977	-0.000048	151.505620	0.000009	5.4
978	-0.000000	151.421357	0.000000	5.6
979	-1.176201	151.337218	0.014320	5.3
980	-0.049584	151.253204	0.002307	5.0
981	-1.564332	151.169314	0.007630	5.5
982	-1.103726	151.085549	0.014340	5.3
983	-0.955258	151.001907	0.019805	5.4
984	-1.598501	150.918388	0.013852	5.8
985	-0.014677	150.834992	0.000388	6.1
986	-0.000000	150.751719	0.000000	4.6
987	-0.650517	150.668569	0.017243	5.4
988	-1.404454	150.585541	0.006898	5.6
989	-0.867235	150.502634	0.018044	5.3
990	-0.838751	150.419849	0.011087	5.3
991	-1.089225	150.337186	0.007533	5.5
992	-1.299282	150.254644	0.017280	5.3
993	-0.400530	150.172222	0.006302	5.3
994	-1.429903	150.089921	0.010742	5.8
995	-1.069158	150.007740	0.010601	5.2
996	-0.489839	149.925679	0.012327	5.5
997	-0.000005	149.843737	0.000001	5.2
998	-1.412994	149.761915	0.017690	5.5
999	-1.124272	149.680212	0.015711	5.3
1000	-0.788972	149.598627	0.007603	5.1
1001	-0.824142	149.517161	0.004676	5.5
1002	-0.626437	149.435814	0.005376	5.2
1003	-0.000000	149.354584	0.000000	4.6
1004	-1.482167	149.273472	0.019131	5.6
1005	-0.000000	149.192477	0.000000	5.0
1006	-0.000005	149.111599	0.000001	4.9
1007	-0.291758	149.030838	0.003279	5.7
1008	-0.000000	148.950194	0.000000	5.3
1009	-0.867960	148.869666	0.009209	5.1
1010	-1.114024	148.789253	0.006982	5.3
1011	-0.052418	148.708957	0.002568	5.2
1012	-0.819282	148.628776	0.007401	5.1
1013	-0.000745	148.548710	0.000159	6.0
1014	-0.030370	148.468759	0.002252	5.2
1015	-0.000133	148.388923	0.000024	5.3
1016	-1.380908	148.309201	0.015592	5.6
1017	-0.315835	148.229594	0.004828	5.3
1018	-0.429965	148.150100	0.006528	5.2
1019	-1.288636	148.070719	0.006962	5.5
1020	-0.000000	147.991452	0.000000	5.0
1021	-1.293232	147.912298	0.009870	5.4
1022	-0.553948	147.833257	0.011838	5.8
1023	-0.422793	147.754329	0.010807	5.5
1024	-1.322976	147.675512	0.010101	5.3
1025	-1.372774	147.596808	0.009638	5.7
1026	-0.810233	147.518216	0.009658	5.4
1027	-1.395546	147.439735	0.011351	5.3
1028	-0.287883	147.361365	0.007958	5.5
1029	-1.575911	147.283106	0.010261	5.4
1030	-0.036769	147.204958	0.001148	6.4
1031	-0.691734	147.126920	0.007864	5.6
1032	-1.117674	147.048993	0.019047	5.3
1033	-0.819169	146.971175	0.009623	5.6
1034	-1.381505	146.893468	0.015404	5.9
1035	-0.727183	146.815869	0.013174	5.2
1036	-1.172539	146.738380	0.009913	6.1
1037	-0.806011	146.661000	0.017863	5.3
1038	-1.398851	146.583729	0.012698	5.3
1039	-1.743547	146.506566	0.011854	5.9
1040	-0.637488	146.429511	0.007517	7.9
1041	-0.001147	146.352565	0.000149	6.0
1042	-0.000000	146.275726	0.000000	8.1
1043	-1.459428	146.198994	0.007182	5.8
1044	-0.877039	146.122370	0.009706	5.2
1045	-0.824720	146.045853	0.014195	5.0
1046	-0.971161	145.969442	0.007597	5.3
1047	-0.990105	145.893139	0.011712	5.3
1048	-1.492413	145.816941	0.008810	5.1
1049	-1.229218	145.740849	0.008658	5.3
1050	-0.249234	145.664863	0.003900	5.3
1051	-1.023614	145.588983	0.004276	5.4
1052	-1.278074	145.513208	0.014621	5.9
1053	-1.265225	145.437538	0.015901	5.5
1054	-0.850382	145.361973	0.004439	5.4
1055	-0.199897	145.286513	0.006457	5.9
1056	-0.140909	145.211157	0.004454	5.7
1057	-0.175015	145.135905	0.003684	5.3
1058	-0.076196	145.060757	0.002008	5.7
1059	-0.004501	144.985712	0.000711	5.3
1060	-0.002203	144.910771	0.000428	5.2
1061	-0.034494	144.835934	0.001343	5.5
1062	-1.112650	144.761199	0.007669	5.1
1063	-1.310944	144.686567	0.019368	5.3
1064	-1.615957	144.612037	0.007625	5.8
1065	-1.001009	144.537610	0.007401	5.4
1066	-0.050706	144.463285	0.003101	5.6
1067	-1.265305	144.389062	0.012845	6.1
1068	-0.892039	144.314940	0.015189	5.4
1069	-0.670675	144.240920	0.007899	5.7
1070	-0.000609	144.167001	0.000101	5.9
1071	-0.425749	144.093182	0.010170	5.6
1072	-0.567260	144.019465	0.015388	6.1
1073	-1.490747	143.945848	0.007992	5.9
1074	-0.602625	143.872331	0.007840	5.3
1075	-0.000000	143.798914	0.000000	5.4
1076	-0.361934	143.725597	0.004979	5.3
1077	-1.466753	143.652380	0.008727	5.7
1078	-0.020411	143.579262	0.001001	5.8
1079	-0.312913	143.506243	0.007554	5.6
1080	-0.966224	143.433323	0.006712	6.0
1081	-1.521403	143.360502	0.008887	5.5
1082	-0.806359	143.287780	0.011531	5.7
1083	-1.272856	143.215155	0.014566	5.6
1084	-0.125307	143.142629	0.003552	5.3
1085	-1.103233	143.070201	0.008506	5.8
1086	0.000000	142.997870	0.000000	5.9
1087	-0.872813	142.925637	0.015405	5.4
1088	-1.381495	142.853501	0.007775	5.3
1089	-1.358420	142.781462	0.007858	5.6
1090	-1.263947	142.709519	0.008549	6.3
1091	-1.313935	142.637674	0.014650	5.5
1092	-0.650748	142.565924	0.014609	5.6
1093	-1.522951	142.494271	0.017561	5.2
1094	-0.775612	142.422714	0.009056	5.6
1095	-1.431286	142.351252	0.018229	6.9
1096	-0.950786	142.279886	0.007248	5.3
1097	-0.040092	142.208616	0.001378	5.5
1098	-0.964176	142.137440	0.007602	6.2
1099	-1.451177	142.066360	0.014686	5.9
1100	-0.000000	141.995374	0.000000	6.6
1101	-1.445816	141.924483	0.013264	5.1
1102	-1.232539	141.853685	0.013871	5.3
1103	-0.704867	141.782983	0.009630	5.3
1104	-0.710682	141.712373	0.016100	5.1
1105	-1.677663	141.641858	0.004138	5.6
1106	-0.001915	141.571436	0.000270	5.2
1107	-1.061392	141.501108	0.018016	5.1
1108	-1.265920	141.430872	0.004259	5.4
1109	-1.109615	141.360730	0.010887	5.3
1110	-1.003160	141.290680	0.006914	5.1
1111	-1.033148	141.220722	0.016808	5.6
1112	-0.000000	141.150857	0.000000	4.8
1113	-0.000001	141.081084	0.000000	4.7
1114	-1.372949	141.011403	0.005075	5.4
1115	-0.001501	140.941813	0.000213	5.2
1116	-0.704192	140.872315	0.007186	5.2
1117	-1.098958	140.802909	0.017617	5.5
1118	-1.111142	140.733593	0.010010	5.1
1119	-0.589697	140.664369	0.006278	5.1
1120	-0.007074	140.595235	0.000912	5.6
1121	-1.384705	140.526192	0.006503	5.3
1122	-0.000000	140.457239	0.000000	5.0
1123	-0.470168	140.388376	0.006291	5.3
1124	-0.000000	140.319603	0.000000	4.7
1125	-0.580811	140.250920	0.003890	5.2
1126	-0.006557	140.182326	0.000413	5.2
1127	-0.648027	140.113822	0.012508	5.3
1128	-0.461569	140.045407	0.004691	5.4
1129	-0.960398	139.977081	0.011119	5.3
1130	-0.237028	139.908844	0.004749	5.1
1131	-1.009363	139.840696	0.013554	4.9
1132	-1.249394	139.772635	0.006989	5.1
1133	-0.452851	139.704664	0.006309	5.3
1134	-0.864569	139.636780	0.007500	5.4
1135	-1.345329	139.568984	0.016253	5.2
1136	-0.931739	139.501276	0.008649	5.3
1137	-1.435023	139.433655	0.009840	5.2
1138	-1.567158	139.366122	0.010271	5.3
1139	-0.767140	139.298676	0.007073	5.5
1140	-1.325178	139.231317	0.012252	5.2
1141	-0.871600	139.164045	0.008748	5.5
1142	-1.137797	139.096859	0.016061	5.8
1143	-0.723166	139.029760	0.016315	5.4
1144	-0.000000	138.962747	0.000000	4.9
1145	-0.920795	138.895820	0.007126	5.3
1146	-1.602006	138.828978	0.005982	5.0
1147	-1.041701	138.762223	0.009207	5.3
1148	-1.479787	138.695553	0.014751	5.3
1149	-1.512621	138.628969	0.014660	5.1
1150	-1.493879	138.562469	0.011527	5.4
1151	-1.319891	138.496055	0.007265	5.1
1152	-1.131119	138.429725	0.007064	5.0
1153	-1.412665	138.363481	0.022096	5.5
1154	-0.407105	138.297320	0.007834	5.2
1155	-0.000000	138.231244	0.000000	5.0
1156	-0.000000	138.165252	0.000000	5.4
1157	-0.646976	138.099344	0.007121	5.4
1158	-0.288208	138.033520	0.005191	5.3
1159	-0.117815	137.967779	0.003728	5.9
1160	-1.092925	137.902122	0.007157	5.4
1161	-0.005020	137.836548	0.000662	5.7
1162	-1.612048	137.771057	0.015798	7.6
1163	-1.413033	137.705649	0.012197	5.5
1164	-0.444597	137.640324	0.009103	5.6
1165	-0.918179	137.575081	0.006358	5.4
1166	-1.432644	137.509921	0.012828	5.7
1167	-0.000000	137.444842	0.000000	5.3
1168	-1.024555	137.379846	0.007682	5.3
1169	-0.249694	137.314932	0.003721	5.3
1170	-0.000002	137.250100	0.000000	5.6
1171	-1.604903	137.185349	0.004807	5.4
1172	-0.062079	137.120680	0.002732	5.3
1173	-1.384504	137.056092	0.007481	5.7
1174	-0.729252	136.991585	0.012670	5.4
1175	-1.285974	136.927158	0.010104	5.2
1176	-0.827887	136.862813	0.003902	5.4
1177	-0.449948	136.798548	0.017798	5.4
1178	-0.000000	136.734363	0.000000	4.8
1179	-0.024352	136.670259	0.001834	5.6
1180	-0.765960	136.606235	0.009816	5.1
1181	-0.000000	136.542291	0.000000	4.7
1182	-0.000136	136.478426	0.000029	5.6
1183	-0.000000	136.414641	0.000000	4.8
1184	-1.463554	136.350936	0.008504	5.1
1185	-1.189566	136.287310	0.007400	6.2
1186	-0.729157	136.223763	0.008591	5.4
1187	-0.873637	136.160295	0.009208	5.0
1188	-1.134728	136.096905	0.007523	5.6
1189	-0.000000	136.033594	0.000000	5.2
1190	-0.841891	135.970362	0.016536	5.5
1191	-0.791318	135.907208	0.011330	5.1
1192	-1.211243	135.844133	0.010191	5.1
1193	-1.497552	135.781135	0.010706	5.2
1194	-0.913641	135.718215	0.013105	5.2
1195	-1.465625	135.655373	0.011566	5.3
1196	-1.468818	135.592608	0.013115	6.3
1197	-0.946985	135.529921	0.013594	5.5
1198	-0.000000	135.467311	0.000000	5.1
1199	-0.000000	135.404778	0.000000	5.3
1200	-0.000001	135.342322	0.000000	5.5
1201	-0.008713	135.279942	0.000509	5.4
1202	-0.448269	135.217640	0.009637	5.4
1203	-0.564655	135.155413	0.015790	5.5
1204	-0.126870	135.093263	0.002014	5.5
1205	-0.507631	135.031190	0.015115	5.5
1206	-0.758278	134.969192	0.007156	5.5
1207	-1.403232	134.907270	0.007082	5.2
1208	-1.467991	134.845424	0.019162	5.6
1209	-0.669352	134.783653	0.005717	5.4
1210	-0.015304	134.721958	0.000926	5.2
1211	-0.322640	134.660338	0.007299	5.4
1212	-0.034857	134.598793	0.001568	5.0
1213	-0.002950	134.537323	0.000312	5.1
1214	-1.519559	134.475927	0.003688	6.0
1215	-0.269111	134.414607	0.006596	5.0
1216	-0.602410	134.353361	0.006883	5.1
1217	-1.305383	134.292189	0.004318	6.3
1218	-0.944906	134.231092	0.009200	8.1
1219	-1.139465	134.170068	0.008483	6.9
1220	-0.949526	134.109119	0.013802	6.2
1221	-1.225929	134.048243	0.010604	6.3
1222	-1.145973	133.987441	0.011793	5.5
1223	-1.107438	133.926713	0.012020	5.2
1224	-0.646297	133.866057	0.014141	5.5
1225	-1.370119	133.805475	0.008975	5.5
1226	-0.603401	133.744966	0.006175	5.4
1227	-1.296729	133.684530	0.011403	5.4
1228	-0.993508	133.624167	0.005259	5.2
1229	-1.153300	133.563877	0.011312	5.3
1230	-1.434835	133.503658	0.011405	5.4
1231	-1.274839	133.443513	0.022099	5.8
1232	-0.173548	133.383439	0.003154	5.5
1233	-1.032215	133.323437	0.013949	5.4
1234	-1.437198	133.263508	0.019208	5.5
1235	-0.208603	133.203650	0.005837	5.3
1236	-0.338399	133.143864	0.005181	5.4
1237	-0.043148	133.084149	0.001278	5.2
1238	-0.310497	133.024506	0.004561	5.0
1239	-0.712276	132.964934	0.007785	5.3
1240	-1.134713	132.905433	0.010925	5.2
1241	-0.710010	132.846003	0.007061	5.1
1242	-1.349911	132.786643	0.010742	5.4
1243	-0.059242	132.727355	0.002949	5.1
1244	-0.030169	132.668137	0.001732	5.4
1245	-1.480410	132.608989	0.005349	5.4
1246	-0.531340	132.549912	0.017600	5.3
1247	-0.000000	132.490904	0.000000	5.2
1248	-0.267608	132.431967	0.002804	5.9
1249	-1.583979	132.373100	0.004923	5.0
1250	-1.656167	132.314302	0.017040	5.3
1251	-0.000008	132.255574	0.000002	6.1
1252	-1.409193	132.196916	0.004051	5.4
1253	-0.339538	132.138326	0.009703	5.5
1254	-0.436174	132.079806	0.006147	5.5
1255	-1.226862	132.021355	0.011334	5.3
1256	-1.263271	131.962973	0.012687	5.6
1257	-1.394309	131.904660	0.006961	5.5
1258	-1.410543	131.846415	0.006375	5.2
1259	-0.597312	131.788239	0.011576	6.0
1260	-1.331626	131.730131	0.006015	5.3
1261	-1.166437	131.672092	0.011928	5.5
1262	-0.000000	131.614121	0.000000	5.6
1263	-1.164781	131.556217	0.009442	5.3
1264	-0.955317	131.498382	0.014122	5.3
1265	-1.337876	131.440614	0.009554	5.3
1266	-0.975006	131.382914	0.011525	5.0
1267	-1.529254	131.325282	0.009985	5.0
1268	-1.296646	131.267717	0.006464	5.4
1269	-1.651822	131.210219	0.009384	5.2
1270	-0.087061	131.152788	0.002204	6.6
1271	-1.342901	131.095424	0.017365	5.3
1272	-0.652322	131.038127	0.016606	5.6
1273	-1.148110	130.980897	0.011985	5.2
1274	-1.032408	130.923733	0.008529	5.2
1275	-0.121161	130.866636	0.003845	6.0
1276	-1.191169	130.809605	0.006945	5.1
1277	-0.794552	130.752641	0.011561	5.4
1278	-1.473280	130.695742	0.007287	5.1
1279	-0.559691	130.638910	0.016066	4.8
1280	-1.590657	130.582143	0.004690	5.8
1281	-1.447643	130.525442	0.009301	5.1
1282	-1.573067	130.468807	0.009938	5.0
1283	-1.471552	130.412237	0.015351	5.5
1284	-0.467588	130.355733	0.004187	5.1
1285	-1.435568	130.299294	0.005887	5.4
1286	-1.347115	130.242920	0.007885	5.4
1287	-0.551820	130.186611	0.021323	4.9
1288	-0.015500	130.130366	0.000638	5.6
1289	-0.589743	130.074187	0.007287	6.0
1290	-0.006677	130.018072	0.000337	5.3
1291	-0.890722	129.962022	0.011413	5.6
1292	-0.741307	129.906036	0.007587	5.3
1293	-0.768858	129.850114	0.009051	5.1
1294	-0.256624	129.794257	0.004156	5.6
1295	-0.609602	129.738463	0.005627	5.3
1296	-0.112643	129.682734	0.002420	5.3
1297	-1.434034	129.627068	0.005829	5.5
1298	-1.027097	129.571466	0.017457	5.0
1299	-0.787785	129.515927	0.015890	5.8
1300	-0.657817	129.460452	0.006990	5.4
1301	-0.602436	129.405040	0.014018	5.0
1302	-0.000361	129.349692	0.000079	5.0
1303	-0.000000	129.294406	0.000000	5.4
1304	-0.000089	129.239183	0.000019	5.1
1305	-1.182949	129.184024	0.007873	5.2
1306	-0.202140	129.128927	0.005162	5.3
1307	-0.000000	129.073892	0.000000	4.7
1308	-1.551916	129.018921	0.013182	5.1
1309	-0.359410	128.964011	0.003773	5.6
1310	-1.457590	128.909164	0.008630	5.5
1311	-1.022126	128.854379	0.006473	5.1
1312	-0.000000	128.799656	0.000000	5.3
1313	-1.404927	128.744995	0.009126	5.4
1314	-1.462258	128.690396	0.016511	5.0
1315	-1.391981	128.635858	0.010147	5.6
1316	-0.366978	128.581382	0.004646	5.4
1317	-1.268521	128.526968	0.011757	5.4
1318	-0.058141	128.472615	0.002272	5.8
1319	-1.176896	128.418323	0.011657	5.5
1320	-0.000000	128.364092	0.000000	5.2
1321	-0.000000	128.309922	0.000000	5.5
1322	-1.668274	128.255814	0.011321	5.2
1323	-1.176339	128.201766	0.009558	5.2
1324	-1.468866	128.147778	0.007757	5.8
1325	-1.064958	128.093852	0.006917	5.3
1326	-1.024268	128.039985	0.006596	5.5
1327	-0.955883	127.986180	0.006464	5.6
1328	-1.295286	127.932434	0.016103	5.3
1329	-0.324023	127.878749	0.015312	5.8
1330	-0.576592	127.825123	0.016928	5.5
1331	-0.000000	127.771558	0.000000	4.7
1332	-0.327644	127.718052	0.007415	5.4
1333	-0.836458	127.664606	0.007910	5.2
1334	-0.104924	127.611220	0.001757	5.1
1335	-1.241182	127.557893	0.011848	5.5
1336	-1.380435	127.504625	0.011301	5.2
1337	-1.496805	127.451417	0.002424	5.5
1338	-1.011614	127.398268	0.011474	5.2
1339	-0.990214	127.345178	0.008224	5.0
1340	-0.941086	127.292147	0.007145	5.2
1341	-1.024899	127.239175	0.007725	5.1
1342	-1.599464	127.186261	0.006608	5.3
1343	-0.444610	127.133407	0.017635	5.2
1344	-0.549654	127.080610	0.018101	5.0
1345	-0.309761	127.027872	0.006443	5.1
1346	-0.542338	126.975193	0.004602	5.4
1347	-1.396213	126.922572	0.006448	4.9
1348	-1.429601	126.870008	0.010732	5.3
1349	-0.709301	126.817503	0.005842	5.5
1350	-0.000001	126.765056	0.000000	4.8
1351	-0.000000	126.712667	0.000000	5.0
1352	-0.869427	126.660335	0.010585	5.2
1353	-0.097600	126.608061	0.002190	5.2
1354	-0.000000	126.555844	0.000000	5.3
1355	-0.733462	126.503685	0.012451	5.0
1356	-1.422391	126.451583	0.008246	5.0
1357	-0.384803	126.399538	0.006684	5.7
1358	-1.148075	126.347550	0.008246	5.4
1359	-0.000454	126.295619	0.000089	4.9
1360	-0.833956	126.243745	0.004392	5.7
1361	-0.000031	126.191928	0.000008	5.0
1362	-0.156343	126.140168	0.004840	5.0
1363	-0.835099	126.088464	0.015779	5.9
1364	-0.706645	126.036817	0.008055	5.2
1365	-0.923219	125.985226	0.009265	5.5
1366	-1.657391	125.933691	0.008928	5.7
1367	-0.829379	125.882212	0.010823	5.4
1368	-0.424150	125.830790	0.008375	5.8
1369	-0.000009	125.779423	0.000002	4.8
1370	-1.444567	125.728113	0.013074	5.6
1371	-0.166777	125.676858	0.003313	5.7
1372	-0.000001	125.625659	0.000000	5.1
1373	-0.811845	125.574515	0.007307	5.4
1374	-0.000000	125.523427	0.000000	5.3
1375	-0.582881	125.472394	0.005817	5.9
1376	-0.857552	125.421417	0.006853	5.4
1377	-1.367778	125.370495	0.012967	5.5
1378	-1.484025	125.319628	0.015821	5.4
1379	-0.700144	125.268815	0.006874	5.2
1380	-1.559178	125.218058	0.012473	5.5
1381	-1.088658	125.167356	0.012196	5.6
1382	-1.557823	125.116708	0.007907	5.8
1383	-1.536323	125.066115	0.012350	6.7
1384	-0.000071	125.015576	0.000013	5.3
1385	-1.321209	124.965092	0.011795	6.1
1386	-1.531499	124.914662	0.008335	5.3
1387	-0.647732	124.864287	0.010104	5.3
1388	-0.197528	124.813965	0.004202	5.5
1389	-0.000023	124.763698	0.000004	5.8
1390	-0.372421	124.713485	0.009456	5.3
1391	-1.215022	124.663325	0.014776	5.4
1392	-0.670281	124.613219	0.008280	5.3
1393	-0.487401	124.563167	0.002278	5.5
1394	-1.663815	124.513168	0.010759	5.1
1395	-0.002299	124.463223	0.000256	5.1
1396	-1.679355	124.413332	0.006148	5.3
1397	-0.921918	124.363493	0.021137	5.4
1398	-0.783764	124.313708	0.012750	5.0
1399	-0.605726	124.263976	0.012841	5.4
1400	-0.000000	124.214297	0.000000	6.6
1401	-1.586373	124.164671	0.009248	9.6
1402	-1.230449	124.115097	0.009490	6.8
1403	-0.981807	124.065577	0.011076	6.2
1404	-0.516320	124.016109	0.010623	5.3
1405	-0.984648	123.966693	0.006895	5.1
1406	-1.284151	123.917330	0.003530	5.0
1407	-0.094857	123.868020	0.003414	5.5
1408	-1.526851	123.818762	0.004106	5.2
1409	-1.459971	123.769556	0.007932	5.1
1410	-0.000240	123.720402	0.000048	5.5
1411	-0.643672	123.671300	0.006467	5.4
1412	-1.015343	123.622250	0.005121	5.1
1413	-0.573830	123.573252	0.017243	5.3
1414	-1.552767	123.524305	0.012574	5.3
1415	-0.678769	123.475411	0.020451	5.1
1416	-0.018453	123.426568	0.002362	5.1
1417	-0.322653	123.377776	0.005049	5.3
1418	-0.216135	123.329036	0.006151	5.1
1419	-0.092171	123.280347	0.002360	5.3
1420	-0.338993	123.231709	0.007259	5.1
1421	-1.597640	123.183122	0.010363	5.1
1422	-0.523693	123.134587	0.008263	5.8
1423	-0.115091	123.086102	0.003255	5.6
1424	-0.608431	123.037669	0.008195	5.5
1425	-0.600823	122.989286	0.004562	5.2
1426	-1.543823	122.940954	0.005360	5.2
1427	-1.397096	122.892672	0.012279	4.9
1428	-0.018661	122.844441	0.001703	5.5
1429	-1.168013	122.796261	0.009597	5.1
1430	-0.000000	122.748130	0.000000	5.1
1431	-0.713309	122.700050	0.008467	5.7
1432	-1.291524	122.652021	0.004472	5.2
1433	-0.740837	122.604041	0.016955	5.1
1434	-0.000000	122.556111	0.000000	6.0
1435	-1.452807	122.508232	0.004448	5.5
1436	-0.359427	122.460402	0.006489	5.5
1437	-0.000000	122.412622	0.000000	5.3
1438	-1.066168	122.364891	0.005020	5.2
1439	-0.927362	122.317210	0.013934	5.3
1440	-0.000000	122.269579	0.000000	4.8
1441	-1.390754	122.221997	0.009908	5.5
1442	-0.831694	122.174465	0.005533	5.4
1443	-0.000000	122.126981	0.000000	4.9
1444	-1.399627	122.079547	0.003992	5.2
1445	-1.090580	122.032162	0.009753	5.5
1446	-1.789876	121.984826	0.011220	5.4
1447	-0.006084	121.937539	0.000602	7.2
1448	-0.128186	121.890301	0.002482	5.7
1449	-0.623561	121.843112	0.010363	5.8
1450	-1.103778	121.795971	0.007711	6.2
1451	-0.073300	121.748879	0.002009	5.9
1452	-0.021141	121.701835	0.001025	6.6
1453	-1.160156	121.654840	0.009113	6.1
1454	-0.965855	121.607893	0.014105	5.7
1455	-0.327887	121.560994	0.005533	5.7
1456	-1.139620	121.514144	0.012915	5.8
1457	-0.000336	121.467342	0.000062	5.5
1458	-1.479465	121.420588	0.012737	5.3
1459	-0.000189	121.373882	0.000040	6.4
1460	-1.637883	121.327223	0.014905	5.7
1461	-0.476226	121.280613	0.008547	5.8
1462	-1.146154	121.234050	0.016790	5.5
1463	-1.401348	121.187535	0.010722	5.7
1464	-1.077370	121.141067	0.012814	5.8
1465	-1.031058	121.094647	0.009326	5.5
1466	-0.000000	121.048274	0.000000	5.9
1467	-0.161043	121.001949	0.001721	5.9
1468	-1.195136	120.955671	0.013064	5.6
1469	-0.972311	120.909440	0.011797	5.3
1470	-0.110877	120.863256	0.002116	6.6
1471	-0.906804	120.817119	0.009475	5.3
1472	-1.246492	120.771029	0.013127	6.7
1473	-0.812287	120.724986	0.007221	5.9
1474	-1.410847	120.678990	0.006317	5.4
1475	-0.000000	120.633040	0.000000	5.9
1476	-0.689818	120.587137	0.016812	6.2
1477	-1.411361	120.541281	0.011537	5.9
1478	-1.496170	120.495471	0.014524	6.5
1479	-0.696708	120.449707	0.006331	5.9
1480	-1.049031	120.403990	0.007177	5.7
1481	-1.167505	120.358319	0.004736	6.0
1482	-0.000000	120.312694	0.000000	5.7
1483	-1.552004	120.267115	0.014592	5.7
1484	-0.001886	120.221582	0.000245	5.6
1485	-0.003332	120.176096	0.000312	5.8
1486	-1.017278	120.130655	0.013623	5.6
1487	-1.421774	120.085260	0.010401	5.5
1488	-1.444788	120.039910	0.012991	5.7
1489	-1.506359	119.994606	0.008370	6.0
1490	-1.342445	119.949348	0.015404	5.6
1491	-0.193455	119.904135	0.003788	6.0
1492	-0.000093	119.858968	0.000020	5.4
1493	-0.556577	119.813846	0.007127	5.6
1494	-1.426835	119.768769	0.007641	5.7
1495	-1.013091	119.723738	0.020331	5.6
1496	-1.307661	119.678752	0.006042	6.1
1497	-0.566033	119.633810	0.008286	5.8
1498	-1.118838	119.588914	0.011879	5.7
1499	-0.635477	119.544062	0.004377	5.9
1500	-1.108668	119.499256	0.012981	5.8
1501	-0.003487	119.454494	0.000333	5.5
1502	-1.103370	119.409777	0.010371	6.1
1503	-0.487333	119.365104	0.009245	5.7
1504	-1.253018	119.320476	0.013976	6.3
1505	-0.888411	119.275893	0.009974	6.2
1506	-0.000000	119.231353	0.000000	5.1
1507	-0.545214	119.186859	0.006839	6.4
1508	-1.066606	119.142408	0.008204	5.6
1509	-1.198455	119.098002	0.010120	5.3
1510	-0.000000	119.053639	0.000000	6.0
1511	-1.069728	119.009321	0.011102	5.2
1512	-1.563345	118.965047	0.005572	5.9
1513	-1.094460	118.920816	0.015829	6.0
1514	-0.000000	118.876630	0.000000	5.7
1515	-1.168906	118.832487	0.010678	6.5
1516	-0.466244	118.788388	0.005826	5.7
1517	-0.316109	118.744332	0.010275	5.6
1518	-1.497857	118.700320	0.015875	5.9
1519	-1.268132	118.656352	0.008216	5.3
1520	-1.118123	118.612427	0.012173	5.5
1521	-0.765618	118.568545	0.016564	5.6
1522	-0.035989	118.524706	0.001321	5.8
1523	-1.550013	118.480911	0.002313	5.8
1524	-1.336919	118.437159	0.008081	6.2
1525	-1.403057	118.393450	0.011148	6.2
1526	-1.034688	118.349784	0.007762	5.5
1527	-1.385438	118.306160	0.010125	5.3
1528	-0.547193	118.262580	0.006347	5.2
1529	-1.472237	118.219042	0.009804	5.6
1530	-0.457684	118.175548	0.004161	5.5
1531	-1.537669	118.132095	0.011655	5.4
1532	-1.481371	118.088686	0.013695	5.9
1533	-1.540941	118.045319	0.005390	6.1
1534	-1.259785	118.001994	0.011805	5.2
1535	-0.010464	117.958712	0.000861	5.7
1536	-1.247747	117.915472	0.007996	5.4
1537	-1.180128	117.872274	0.006324	5.4
1538	-0.036975	117.829118	0.000937	5.6
1539	-0.594860	117.786005	0.006613	5.1
1540	-0.733770	117.742933	0.017597	5.7
1541	-1.065763	117.699904	0.008880	5.7
1542	-1.372229	117.656916	0.008621	5.2
1543	-0.225474	117.613971	0.005154	6.2
1544	-1.463809	117.571067	0.011783	5.3
1545	-1.316518	117.528205	0.004337	5.5
1546	-0.464002	117.485384	0.006292	6.3
1547	-1.598837	117.442605	0.010048	5.7
1548	-0.000909	117.399867	0.000162	6.5
1549	-1.164363	117.357171	0.009504	5.7
1550	-0.888636	117.314517	0.014171	5.4
1551	-0.846749	117.271903	0.014310	5.9
1552	-0.733374	117.229331	0.016638	5.6
1553	-0.003853	117.186800	0.000343	6.1
1554	-1.428298	117.144311	0.008988	6.0
1555	-0.042331	117.101862	0.002736	4.8
1556	-1.329914	117.059454	0.011778	5.2
1557	-1.441858	117.017087	0.002775	5.7
1558	-0.800678	116.974762	0.009089	6.2
1559	-0.234864	116.932476	0.003305	5.8
1560	-0.278140	116.890232	0.008423	5.6
1561	-0.648264	116.848028	0.009652	5.7
1562	-0.000001	116.805865	0.000000	5.4
1563	-0.251434	116.763743	0.003143	5.3
1564	-0.232311	116.721661	0.003895	5.2
1565	-0.233183	116.679619	0.002394	5.8
1566	-0.726250	116.637618	0.009832	6.0
1567	-0.763836	116.595657	0.009569	5.5
1568	-1.410437	116.553736	0.010323	5.6
1569	-1.340064	116.511855	0.011015	5.8
1570	-1.555908	116.470015	0.013286	5.3
1571	-0.000000	116.428214	0.000000	5.6
1572	-1.500126	116.386454	0.007135	7.4
1573	-0.727353	116.344733	0.003787	8.9
1574	-0.909570	116.303052	0.005478	5.8
1575	-1.436970	116.261412	0.002254	6.8
1576	-0.086146	116.219810	0.001440	5.5
1577	-1.375358	116.178249	0.003541	6.1
1578	-0.000014	116.136727	0.000003	5.7
1579	-0.307620	116.095245	0.003090	5.4
1580	-0.573175	116.053802	0.003862	5.6
1581	-0.673659	116.012398	0.009172	5.3
1582	-1.487527	115.971034	0.013671	5.5
1583	-1.512299	115.929710	0.011738	5.9
1584	-1.348416	115.888424	0.010857	5.7
1585	-1.414328	115.847178	0.009343	5.9
1586	-0.282078	115.805970	0.006847	5.7
1587	-0.000000	115.764802	0.000000	5.6
1588	-0.000000	115.723673	0.000000	6.3
1589	-1.049917	115.682583	0.013695	5.8
1590	-0.438794	115.641532	0.004208	6.3
1591	-0.946750	115.600519	0.008946	6.4
1592	-1.571273	115.559546	0.009748	5.4
1593	-0.001239	115.518610	0.000158	5.4
1594	-0.624894	115.477714	0.020442	5.9
1595	-1.288984	115.436856	0.009351	5.6
1596	-0.942074	115.396037	0.014958	5.5
1597	-0.117661	115.355256	0.004617	5.4
1598	-0.277410	115.314514	0.003641	5.5
1599	-1.620108	115.273810	0.008567	5.8
1600	-0.000000	115.233144	0.000000	5.6
1601	-0.116071	115.192517	0.002713	5.8
1602	-1.384635	115.151927	0.012750	6.0
1603	-0.000000	115.111376	0.000000	6.7
1604	-1.271117	115.070863	0.013055	5.5
1605	-1.634113	115.030388	0.008878	5.9
1606	-0.000006	114.989951	0.000002	5.5
1607	-0.855115	114.949551	0.008169	5.9
1608	-0.321655	114.909190	0.006397	5.6
1609	-1.162101	114.868866	0.007868	5.3
1610	-1.676786	114.828580	0.007749	6.2
1611	-0.928505	114.788332	0.009151	5.5
1612	-1.353017	114.748121	0.004932	5.5
1613	-1.511624	114.707948	0.011215	6.3
1614	-1.242493	114.667812	0.007722	5.7
1615	-0.397918	114.627714	0.006547	5.3
1616	-1.249509	114.587653	0.013319	6.1
1617	-0.991987	114.547629	0.008160	5.8
1618	-0.356906	114.507643	0.004485	6.2
1619	-1.337854	114.467693	0.014286	5.6
1620	-0.000000	114.427781	0.000000	5.6
1621	-0.000255	114.387907	0.000052	5.8
1622	-1.529773	114.348069	0.010947	5.6
1623	-1.399392	114.308268	0.007394	5.8
1624	-1.397711	114.268504	0.006880	5.4
1625	-0.670740	114.228777	0.009588	5.7
1626	-1.542172	114.189086	0.006141	5.7
1627	-1.081738	114.149433	0.014091	5.9
1628	-1.063702	114.109816	0.007898	5.4
1629	-0.004450	114.070235	0.000635	5.9
1630	-1.248524	114.030692	0.015848	5.8
1631	-0.000000	113.991185	0.000000	5.8
1632	-0.471592	113.951714	0.006502	5.9
1633	-0.299746	113.912280	0.013730	5.4
1634	-0.139399	113.872882	0.002415	5.7
1635	-1.069091	113.833521	0.008507	6.0
1636	-0.000000	113.794195	0.000000	5.6
1637	-0.325109	113.754906	0.005937	5.6
1638	-1.052988	113.715653	0.012675	5.8
1639	-0.764867	113.676437	0.003604	5.5
1640	-1.362281	113.637256	0.014196	5.8
1641	-1.639427	113.598111	0.004828	6.0
1642	-0.000002	113.559002	0.000001	5.4
1643	-0.000001	113.519929	0.000000	5.9
1644	-1.231601	113.480892	0.012394	5.7
1645	-0.938543	113.441891	0.012856	5.4
1646	-1.501694	113.402925	0.009733	5.5
1647	-0.000084	113.363995	0.000016	5.1
1648	-0.701891	113.325101	0.003054	5.5
1649	-1.358783	113.286242	0.012023	5.8
1650	-0.893373	113.247419	0.010073	5.3
1651	-1.435967	113.208631	0.011435	5.2
1652	-1.473129	113.169879	0.010511	5.6
1653	-1.500296	113.131162	0.014104	5.3
1654	-0.580683	113.092480	0.006712	5.3
1655	-0.457515	113.053833	0.007916	5.9
1656	-0.782239	113.015222	0.004486	5.3
1657	-0.872959	112.976646	0.012688	6.3
1658	-0.713575	112.938105	0.005843	6.0
1659	-1.115374	112.899599	0.012273	5.8
1660	-1.405400	112.861128	0.008329	6.0
1661	-0.029876	112.822692	0.001031	5.3
1662	-0.014432	112.784291	0.000623	6.0
1663	-0.000000	112.745924	0.000000	5.4
1664	-1.404546	112.707593	0.004863	6.1
1665	-0.405051	112.669296	0.003322	5.9
1666	-1.285843	112.631034	0.010023	5.7
1667	-1.369548	112.592806	0.011581	5.4
1668	-1.726658	112.554613	0.010226	5.6
1669	-0.000006	112.516455	0.000002	5.2
1670	-0.341632	112.478331	0.005708	7.5
1671	-0.044577	112.440241	0.001787	5.7
1672	-1.041662	112.402186	0.017430	5.6
1673	-0.000082	112.364165	0.000018	5.6
1674	-0.000000	112.326179	0.000000	5.5
1675	-1.541356	112.288227	0.010459	5.7
1676	-1.428728	112.250309	0.005441	5.7
1677	-0.795655	112.212425	0.007809	5.8
1678	-1.675085	112.174575	0.014222	5.5
1679	-0.340621	112.136759	0.002454	5.7
1680	-1.314075	112.098977	0.012565	5.5
1681	-1.110687	112.061229	0.009274	5.7
1682	-0.812536	112.023515	0.007501	6.0
1683	-0.000000	111.985834	0.000000	6.1
1684	-0.515158	111.948188	0.004697	6.0
1685	-1.475189	111.910575	0.008690	5.8
1686	-1.159631	111.872996	0.008337	5.3
1687	-1.157848	111.835450	0.007803	6.1
1688	-1.332759	111.797939	0.008347	5.3
1689	-0.417585	111.760460	0.004825	5.3
1690	-0.000000	111.723015	0.000000	6.0
1691	-0.446695	111.685604	0.005671	5.3
1692	-0.081969	111.648226	0.001683	5.7
1693	-0.001377	111.610881	0.000071	5.8
1694	-1.640882	111.573570	0.013581	5.6
1695	-0.311100	111.536292	0.003870	6.7
1696	-0.727718	111.499047	0.006318	5.8
1697	-1.617403	111.461835	0.011674	5.8
1698	-0.000004	111.424656	0.000001	6.0
1699	-0.007759	111.387510	0.000920	6.1
1700	-0.474435	111.350398	0.009834	5.9
1701	-1.173333	111.313318	0.009309	6.0
1702	-0.244757	111.276271	0.004270	5.7
1703	-0.011294	111.239257	0.000534	5.8
1704	-0.375212	111.202276	0.003011	5.6
1705	-1.013459	111.165328	0.014117	5.6
1706	-1.508296	111.128412	0.010824	6.2
1707	-1.148084	111.091529	0.005923	5.8
1708	-0.747138	111.054679	0.006230	6.1
1709	-1.389122	111.017861	0.012891	6.3
1710	-0.918993	110.981076	0.008167	6.5
1711	-1.622440	110.944323	0.011507	5.8
1712	-0.000000	110.907603	0.000000	5.8
1713	-0.000000	110.870915	0.000000	5.9
1714	-0.466404	110.834259	0.007962	5.7
1715	-1.505815	110.797636	0.004979	6.3
1716	-0.000000	110.761045	0.000000	6.1
1717	-0.943169	110.724486	0.010442	6.1
1718	-1.526255	110.687959	0.005723	5.3
1719	-1.119570	110.651465	0.008924	6.3
1720	-1.047376	110.615002	0.007673	5.7
1721	-0.521140	110.578572	0.010922	6.1
1722	-1.537077	110.542173	0.010262	5.2
1723	-0.000000	110.505807	0.000000	5.8
1724	-0.721953	110.469472	0.009594	6.2
1725	-0.027539	110.433169	0.002048	6.0
1726	-1.200670	110.396898	0.012289	6.0
1727	-0.702223	110.360659	0.016517	6.1
1728	-0.011882	110.324451	0.000431	5.9
1729	-1.444312	110.288276	0.011699	6.1
1730	-0.306271	110.252131	0.003370	5.1
1731	-0.253665	110.216019	0.011070	5.7
1732	-0.324114	110.179937	0.006867	5.8
1733	-1.269574	110.143888	0.007553	5.3
1734	-0.733083	110.107869	0.008204	5.5
1735	-1.180522	110.071882	0.011724	6.0
1736	-0.621264	110.035927	0.005646	5.5
1737	-0.343620	110.000003	0.004859	6.0
1738	-0.576797	109.964110	0.007925	5.4
1739	-1.385510	109.928248	0.004117	5.7
1740	-1.396126	109.892417	0.010867	5.7
1741	-0.873504	109.856618	0.003928	5.9
1742	-0.966661	109.820850	0.007143	7.8
1743	-0.896481	109.785112	0.025055	7.8
1744	-1.107962	109.749406	0.009504	6.1
1745	-0.971657	109.713730	0.010644	6.2
1746	-1.472432	109.678086	0.009245	5.4
1747	-0.017534	109.642472	0.000641	5.9
1748	-1.452897	109.606890	0.011323	6.1
1749	-0.477326	109.571337	0.006465	5.2
1750	-0.832133	109.535816	0.017317	5.9
1751	-0.000000	109.500326	0.000000	5.4
1752	-0.453300	109.464866	0.007208	5.1
1753	-0.000000	109.429436	0.000000	6.1
1754	-0.001635	109.394038	0.000226	5.3
1755	-1.350416	109.358669	0.013138	5.0
1756	-1.098959	109.323331	0.009235	5.5
1757	-1.490979	109.288024	0.012251	5.2
1758	-0.000169	109.252747	0.000040	5.6
1759	-0.891918	109.217501	0.008534	5.3
1760	-1.532296	109.182284	0.003159	5.0
1761	-0.673432	109.147098	0.005519	6.0
1762	-1.324299	109.111942	0.011548	5.3
1763	-0.000038	109.076817	0.000009	5.0
1764	-0.706170	109.041721	0.009617	6.3
1765	-1.644798	109.006656	0.013437	5.3
1766	-1.318596	108.971620	0.004830	5.6
1767	-1.086895	108.936615	0.008451	5.8
1768	-0.911231	108.901640	0.010379	5.6
1769	-1.428492	108.866694	0.013117	5.6
1770	-1.676389	108.831779	0.015073	5.7
1771	-1.346427	108.796893	0.010620	5.3
1772	-1.474542	108.762037	0.011091	5.7
1773	-0.000000	108.727211	0.000000	5.6
1774	-0.294694	108.692415	0.004388	6.5
1775	-0.000000	108.657648	0.000000	5.7
1776	-0.000000	108.622911	0.000000	5.7
1777	-0.669416	108.588203	0.005060	5.6
1778	-1.373785	108.553525	0.013211	5.9
1779	-0.737045	108.518877	0.007283	6.5
1780	-0.073753	108.484258	0.002213	5.6
1781	-0.853834	108.449668	0.014533	6.7
1782	-0.440586	108.415108	0.006540	5.4
1783	-1.699754	108.380578	0.014132	5.7
1784	-0.841649	108.346076	0.003916	5.6
1785	-0.022583	108.311604	0.001264	5.3
1786	-1.198793	108.277161	0.011761	5.9
1787	-1.119387	108.242747	0.010146	5.7
1788	-0.960394	108.208363	0.007755	5.5
1789	-1.616579	108.174007	0.016448	5.7
1790	-1.147754	108.139681	0.005509	5.7
1791	-0.180802	108.105383	0.003763	6.0
1792	-0.607573	108.071115	0.020187	5.8
1793	-0.546324	108.036875	0.006052	5.6
1794	-0.000000	108.002665	0.000000	6.3
1795	-0.636855	107.968483	0.009678	5.6
1796	-0.000696	107.934330	0.000111	5.9
1797	-0.000000	107.900206	0.000000	5.3
1798	-0.159050	107.866111	0.002184	6.3
1799	-0.260947	107.832044	0.003826	6.3
1800	-1.490389	107.798007	0.005880	5.5
1801	-1.475307	107.763997	0.004710	6.0
1802	-0.695523	107.730017	0.013539	6.0
1803	-0.166736	107.696065	0.003201	5.5
1804	-0.000001	107.662141	0.000000	5.5
1805	-1.190547	107.628246	0.009124	5.9
1806	-1.607007	107.594379	0.011098	5.7
1807	-0.660821	107.560541	0.010293	5.3
1808	-1.559096	107.526731	0.012078	5.5
1809	-1.284829	107.492949	0.011788	5.5
1810	-1.097014	107.459196	0.006508	5.2
1811	-0.000247	107.425471	0.000046	5.8
1812	-0.000019	107.391774	0.000004	5.6
1813	-1.574605	107.358106	0.007253	5.7
1814	-0.206658	107.324465	0.002953	5.5
1815	-1.147539	107.290853	0.012905	5.4
1816	-0.306180	107.257268	0.003176	5.4
1817	-0.743741	107.223712	0.006506	5.6
1818	-1.574528	107.190184	0.008024	5.5
1819	-0.000608	107.156683	0.000079	5.8
1820	-0.026641	107.123211	0.000796	5.4
1821	-1.040637	107.089766	0.006873	5.5
1822	-1.135807	107.056349	0.019952	5.7
1823	-1.232611	107.022960	0.016400	5.2
1824	-1.091629	106.989599	0.011818	5.3
1825	-0.901882	106.956265	0.006641	5.9
1826	-1.448010	106.922960	0.004080	5.4
1827	-1.428751	106.889681	0.005246	5.2
1828	-1.292753	106.856431	0.005002	5.8
1829	-0.033298	106.823208	0.002617	5.1
1830	-0.884399	106.790012	0.008709	5.1
1831	-0.496731	106.756844	0.004542	5.5
1832	-1.357410	106.723703	0.010917	5.4
1833	-0.036058	106.690590	0.001817	5.5
1834	-0.107893	106.657505	0.003751	5.6
1835	-1.070838	106.624446	0.020359	5.6
1836	-1.402187	106.591415	0.015172	6.3
1837	-1.370331	106.558411	0.010685	5.9
1838	-0.009270	106.525435	0.000548	5.2
1839	-1.641486	106.492485	0.013475	5.6
1840	-1.454344	106.459563	0.007235	5.4
1841	-0.004697	106.426668	0.000303	5.9
1842	-0.528182	106.393800	0.006682	5.6
1843	-0.835742	106.360959	0.006777	5.4
1844	-0.058290	106.328145	0.002639	6.0
1845	-0.494009	106.295358	0.005441	5.8
1846	-1.397469	106.262598	0.012218	5.5
1847	-1.404883	106.229865	0.003477	6.3
1848	-0.520098	106.197158	0.010198	5.5
1849	-0.727163	106.164479	0.010768	5.5
1850	-1.081789	106.131826	0.017507	6.1
1851	-0.369704	106.099201	0.005112	5.7
1852	-1.286911	106.066602	0.011776	6.0
1853	-1.383951	106.034029	0.010411	5.6
1854	-0.431973	106.001483	0.004345	5.9
1855	-0.421548	105.968964	0.004339	5.6
1856	-0.239715	105.936472	0.004182	5.6
1857	-1.229193	105.904006	0.005525	5.6
1858	-0.866963	105.871566	0.012708	5.9
1859	-0.918708	105.839153	0.013789	5.6
1860	-0.434517	105.806767	0.005370	6.0
1861	-0.608808	105.774407	0.016601	5.8
1862	-1.474598	105.742073	0.008798	6.2
1863	-1.138254	105.709766	0.007539	6.0
1864	-0.618245	105.677485	0.006894	6.0
1865	-1.413042	105.645230	0.019918	5.4
1866	-0.351835	105.613001	0.008308	6.0
1867	-0.082354	105.580799	0.003499	6.0
1868	-1.611868	105.548623	0.014972	5.8
1869	-0.000000	105.516473	0.000000	6.3
1870	-0.942231	105.484349	0.024421	5.5
1871	-0.548087	105.452251	0.008072	5.9
1872	-1.176310	105.420179	0.005281	5.4
1873	-1.097985	105.388133	0.010258	5.3
1874	-1.232667	105.356113	0.011423	5.9
1875	-0.941767	105.324119	0.014852	5.1
1876	-1.203216	105.292151	0.005837	5.4
1877	-0.327509	105.260209	0.004320	8.1
1878	-0.852603	105.228293	0.007573	5.7
1879	-1.189211	105.196402	0.006185	6.2
1880	-0.000000	105.164537	0.000000	5.7
1881	-1.450590	105.132698	0.007604	5.4
1882	-1.461158	105.100885	0.011273	6.4
1883	-1.001046	105.069097	0.011299	5.9
1884	-0.014999	105.037335	0.000870	6.1
1885	-0.022282	105.005598	0.001859	6.0
1886	-0.000000	104.973887	0.000000	5.8
1887	-1.001104	104.942202	0.006928	5.9
1888	-0.244980	104.910542	0.003666	5.9
1889	-0.967580	104.878907	0.005726	5.8
1890	-1.375696	104.847298	0.009160	6.1
1891	-1.455157	104.815715	0.005802	5.8
1892	-0.002985	104.784156	0.000223	6.1
1893	-1.196019	104.752623	0.016412	5.7
1894	-1.057571	104.721116	0.010588	5.6
1895	-1.598407	104.689633	0.010763	5.4
1896	-0.074138	104.658176	0.002617	6.6
1897	-0.424058	104.626744	0.003959	5.5
1898	-0.000000	104.595337	0.000000	6.6
1899	-0.303538	104.563955	0.005834	5.9
1900	-1.573781	104.532599	0.003703	5.7
1901	-0.148651	104.501267	0.003886	6.3
1902	-1.094264	104.469960	0.009228	6.0
1903	-1.090862	104.438679	0.009047	5.9
1904	-1.201035	104.407422	0.017728	5.6
1905	-0.000000	104.376191	0.000000	5.8
1906	-0.737256	104.344984	0.006828	6.1
1907	-1.184304	104.313802	0.014061	5.8
1908	-0.593603	104.282645	0.009436	6.0
1909	-1.354386	104.251513	0.010708	5.8
1910	-1.389275	104.220405	0.007890	6.1
1911	-0.374988	104.189323	0.011821	6.7
1912	-0.424544	104.158265	0.008468	8.3
1913	-0.000000	104.127231	0.000000	6.7
1914	-1.199325	104.096222	0.014253	6.2
1915	-1.654107	104.065238	0.007355	6.1
1916	-0.476487	104.034279	0.011149	6.0
1917	-0.000000	104.003344	0.000000	5.8
1918	-1.248189	103.972433	0.009267	6.1
1919	-0.141024	103.941547	0.003157	5.7
1920	-0.000027	103.910686	0.000006	5.3
1921	-1.228014	103.879849	0.010596	6.0
1922	-0.431891	103.849036	0.004201	5.9
1923	-0.000859	103.818248	0.000141	5.9
1924	-1.395747	103.787484	0.013008	6.5
1925	-0.381278	103.756744	0.003258	5.7
1926	-1.566428	103.726029	0.010012	5.6
1927	-0.792762	103.695338	0.013814	6.3
1928	-1.104574	103.664671	0.007794	6.3
1929	-0.355468	103.634028	0.005641	6.3
1930	-0.671850	103.603409	0.006639	5.4
1931	-0.402987	103.572814	0.009957	5.6
1932	-0.000000	103.542244	0.000000	5.8
1933	-1.508723	103.511698	0.011961	5.5
1934	-1.252873	103.481175	0.006546	6.3
1935	-1.372628	103.450677	0.018857	5.6
1936	-0.764920	103.420202	0.007257	5.6
1937	-1.186263	103.389752	0.005686	8.1
1938	-1.579409	103.359325	0.010717	5.3
1939	-1.341205	103.328922	0.004165	6.5
1940	-0.000000	103.298543	0.000000	5.8
1941	-0.066981	103.268188	0.001201	5.7
1942	-0.170250	103.237857	0.003246	6.1
1943	-1.393099	103.207549	0.005010	5.9
1944	-0.322936	103.177265	0.013257	6.3
1945	-0.792577	103.147005	0.004970	5.4
1946	-1.393273	103.116768	0.012790	5.7
1947	-1.624116	103.086556	0.014636	6.0
1948	-0.000000	103.056366	0.000000	5.8
1949	-1.043990	103.026200	0.009397	5.4
1950	-0.675358	102.996058	0.018825	5.9
1951	-1.401054	102.965939	0.010153	6.1
1952	-0.230191	102.935844	0.002362	6.2
1953	-0.955930	102.905772	0.008065	5.9
1954	-1.027799	102.875724	0.007458	5.7
1955	-1.387322	102.845699	0.016712	6.1
1956	-1.379302	102.815697	0.017449	6.1
1957	-0.004920	102.785719	0.000730	5.7
1958	-1.399253	102.755764	0.011036	5.9
1959	-1.595297	102.725832	0.005980	5.3
1960	-1.302866	102.695924	0.012133	5.2
1961	-1.272233	102.666038	0.003302	5.3
1962	-1.288531	102.636176	0.012640	5.4
1963	-1.189045	102.606337	0.020182	5.3
1964	-0.751798	102.576521	0.010856	5.8
1965	-0.465157	102.546728	0.005383	5.7
1966	-1.433697	102.516959	0.006989	5.4
1967	-1.249804	102.487212	0.014017	6.3
1968	-1.405201	102.457488	0.007778	5.3
1969	-0.000000	102.427788	0.000000	5.7
1970	-0.403354	102.398110	0.003848	5.1
1971	-1.421075	102.368455	0.008571	5.2
1972	-0.036766	102.338823	0.001370	6.3
1973	-1.344504	102.309214	0.012695	5.9
1974	-0.252679	102.279628	0.003142	6.6
1975	-0.612597	102.250064	0.008612	5.2
1976	-1.441519	102.220524	0.009270	5.5
1977	-1.500048	102.191006	0.017743	5.9
1978	-1.306509	102.161511	0.013806	5.3
1979	-0.000000	102.132038	0.000000	5.3
1980	-0.965671	102.102588	0.010412	5.7
1981	-1.135608	102.073161	0.007872	5.6
1982	-1.339216	102.043757	0.007176	6.0
1983	-1.032301	102.014375	0.005545	5.7
1984	-0.000000	101.985015	0.000000	5.7
1985	-1.319348	101.955678	0.006096	5.9
1986	-0.000000	101.926364	0.000000	5.5
1987	-1.486771	101.897072	0.015615	5.7
1988	-0.000000	101.867802	0.000000	5.9
1989	-1.234827	101.838555	0.004910	5.6
1990	-1.435399	101.809330	0.017606	5.6
1991	-0.001611	101.780128	0.000276	6.6
1992	-1.578559	101.750948	0.008899	6.7
1993	-1.302856	101.721790	0.010035	5.9
1994	-0.316265	101.692654	0.003124	6.7
1995	-1.658530	101.663541	0.011679	5.9
1996	-1.644385	101.634450	0.012575	6.4
1997	-0.000003	101.605381	0.000001	5.2
1998	-1.369205	101.576335	0.011590	5.5
1999	-0.564631	101.547310	0.010484	5.9
