1:ItNr	2:Metric	3:StepSize	4:||Gradient||	Time[ms]
0	-0.000000	627.201626	0.000000	833.4
1	-0.910072	623.504937	0.006864	26.5
2	-0.696760	619.865785	0.005548	28.4
3	-0.324765	616.282728	0.004156	29.2
4	-0.377573	612.754375	0.005444	28.3
5	-0.000000	609.279381	0.000000	28.4
6	-0.000000	605.856447	0.000000	29.1
7	-0.621156	602.484317	0.004839	29.0
8	-0.537702	599.161779	0.005948	29.0
9	-0.000019	595.887656	0.000009	28.6
10	-0.787157	592.660813	0.007853	29.4
11	-0.000000	589.480151	0.000000	30.4
12	-0.475813	586.344606	0.004285	30.5
13	-0.000000	583.253145	0.000000	28.0
14	-0.649977	580.204771	0.006738	29.2
15	-0.269321	577.198517	0.004951	28.6
16	-0.293792	574.233444	0.003456	29.9
17	-0.485477	571.308645	0.006365	29.9
18	-0.001321	568.423237	0.000059	31.6
19	-0.623092	565.576365	0.004781	32.7
20	-0.000000	562.767201	0.000000	29.6
21	-0.872889	559.994938	0.005524	28.9
22	-0.733520	557.258797	0.004745	29.1
23	-0.863875	554.558018	0.005388	28.1
24	-0.579735	551.891865	0.004580	28.1
25	-0.752874	549.259621	0.006451	27.0
26	-0.573946	546.660592	0.006412	29.9
27	-0.000000	544.094102	0.000000	29.3
28	-0.399618	541.559494	0.005680	28.6
29	-0.123137	539.056129	0.002437	29.1
30	-0.239568	536.583387	0.005518	29.0
31	-0.662279	534.140663	0.006607	27.9
32	-0.028094	531.727370	0.001934	29.3
33	-0.052116	529.342935	0.001051	26.8
34	-0.427844	526.986802	0.005877	30.0
35	-0.726617	524.658430	0.005637	28.8
36	-0.002775	522.357290	0.000283	29.4
37	-0.500288	520.082868	0.004374	29.3
38	-0.393793	517.834665	0.003964	29.6
39	-1.000220	515.612193	0.007016	28.7
40	-0.886509	513.414976	0.006385	28.3
41	-0.437957	511.242551	0.008116	29.2
42	-0.447289	509.094468	0.005848	27.6
43	-0.000392	506.970285	0.000069	29.0
44	-0.666334	504.869574	0.007393	28.2
45	-0.595155	502.791916	0.005602	29.3
46	-0.644621	500.736903	0.006184	29.8
47	-0.000000	498.704137	0.000000	30.1
48	-0.447407	496.693228	0.007273	28.4
49	-0.522595	494.703798	0.003483	28.4
50	-0.000000	492.735476	0.000000	28.3
51	-0.000003	490.787900	0.000003	30.1
52	-0.084493	488.860718	0.001493	28.3
53	-0.466289	486.953585	0.005277	29.0
54	-0.738182	485.066164	0.008132	29.7
55	-0.709939	483.198126	0.004580	29.6
56	-0.000000	481.349149	0.000000	28.6
57	-0.000000	479.518920	0.000000	29.6
58	-0.000000	477.707132	0.000000	27.7
59	-0.275808	475.913485	0.004501	29.1
60	-0.000000	474.137684	0.000000	28.9
61	-0.000036	472.379445	0.000039	29.8
62	-0.483614	470.638485	0.005922	28.8
63	-0.000000	468.914531	0.000000	29.5
64	-0.598858	467.207315	0.005611	29.2
65	-0.864739	465.516573	0.008473	29.2
66	-0.691205	463.842050	0.006037	27.6
67	-0.686356	462.183494	0.007378	28.6
68	-0.827842	460.540658	0.005680	28.9
69	-0.004572	458.913303	0.000088	29.0
70	-0.533874	457.301192	0.005176	28.5
71	-0.690533	455.704096	0.005629	29.5
72	-0.827896	454.121787	0.005511	29.3
73	-0.126737	452.554045	0.003642	29.1
74	-0.581472	451.000653	0.006794	28.9
75	-0.491426	449.461399	0.005596	29.1
76	-0.110296	447.936075	0.001401	28.9
77	-0.000000	446.424477	0.000000	28.6
78	-0.105476	444.926406	0.003520	30.1
79	-0.022638	443.441666	0.001024	26.9
80	-0.000000	441.970065	0.000000	30.1
81	-0.000000	440.511415	0.000000	28.8
82	-0.196983	439.065533	0.002385	29.8
83	-0.331403	437.632238	0.005025	28.9
84	-0.717864	436.211351	0.006463	29.4
85	-0.000000	434.802701	0.000000	30.4
86	-0.179068	433.406117	0.002910	29.0
87	-0.403896	432.021430	0.003974	29.3
88	-0.000000	430.648479	0.000000	29.5
89	-0.012359	429.287101	0.000925	33.3
90	-0.497303	427.937140	0.006880	29.1
91	-0.826967	426.598440	0.004750	29.5
92	-0.739120	425.270849	0.006562	28.5
93	-0.000000	423.954220	0.000000	28.6
94	-0.000000	422.648404	0.000000	28.8
95	-0.623313	421.353259	0.006210	30.5
96	-0.328804	420.068643	0.004083	29.5
97	-0.047878	418.794419	0.001859	30.0
98	-0.348723	417.530451	0.004893	28.7
99	-0.044744	416.276604	0.001744	29.3
100	-0.000000	415.032748	0.000000	29.5
101	-0.542258	413.798754	0.005904	28.2
102	-0.410158	412.574495	0.005824	28.2
103	-0.902948	411.359849	0.005837	28.3
104	-0.474334	410.154691	0.004980	29.6
105	-0.875164	408.958904	0.005355	27.5
106	-0.025802	407.772368	0.001142	28.9
107	-0.807162	406.594968	0.005771	29.2
108	-0.545462	405.426590	0.004664	30.0
109	-0.000000	404.267122	0.000000	27.5
110	-0.000000	403.116456	0.000000	28.5
111	-0.473838	401.974481	0.006329	27.9
112	-0.373316	400.841093	0.004628	29.3
113	-0.589374	399.716187	0.006395	27.8
114	-0.327181	398.599660	0.003033	28.7
115	-0.882446	397.491411	0.006303	28.7
116	-0.229294	396.391342	0.002795	28.5
117	-0.000000	395.299353	0.000000	28.3
118	-0.000000	394.215350	0.000000	28.3
119	-0.159669	393.139238	0.003635	29.3
120	-0.709520	392.070924	0.005935	28.2
121	-0.101636	391.010316	0.001896	28.7
122	-0.867742	389.957325	0.006064	29.2
123	-0.000000	388.911862	0.000000	28.7
124	-0.000000	387.873839	0.000000	29.4
125	-0.000000	386.843173	0.000000	31.9
126	-0.000000	385.819777	0.000000	26.7
127	-0.187670	384.803569	0.002604	29.7
128	-0.530819	383.794468	0.007119	28.7
129	-0.726464	382.792393	0.004504	29.9
130	-0.014726	381.797264	0.000787	29.6
131	-0.000000	380.809005	0.000000	29.1
132	-0.000000	379.827537	0.000000	28.9
133	-0.859407	378.852786	0.006911	28.5
134	-0.856696	377.884678	0.004894	27.0
135	-0.046439	376.923138	0.002934	29.3
136	-0.922337	375.968095	0.007908	29.2
137	-0.506489	375.019479	0.007474	29.2
138	-0.688499	374.077218	0.005353	26.4
139	-0.188995	373.141244	0.003056	29.7
140	-0.540662	372.211489	0.005781	28.7
141	-0.027463	371.287887	0.000813	27.6
142	-0.902262	370.370370	0.007579	28.2
143	-0.731437	369.458876	0.005933	29.4
144	-0.009238	368.553338	0.000983	29.9
145	-0.419655	367.653696	0.006335	28.5
146	-0.480309	366.759885	0.006376	29.0
147	-0.033528	365.871846	0.001317	28.5
148	-0.884907	364.989518	0.006337	30.5
149	-0.393847	364.112841	0.004427	28.1
150	-0.388192	363.241757	0.004654	29.1
151	-0.000000	362.376208	0.000000	29.2
152	-0.466335	361.516137	0.005748	29.5
153	-0.233709	360.661488	0.002912	28.9
154	-0.000000	359.812206	0.000000	29.3
155	-0.000006	358.968236	0.000001	28.8
156	-0.378038	358.129524	0.004635	29.5
157	-0.660942	357.296018	0.003400	29.8
158	-0.639834	356.467665	0.005978	27.4
159	-0.430878	355.644414	0.003724	29.6
160	-0.544626	354.826213	0.003829	27.7
161	-0.000000	354.013012	0.000000	31.5
162	-0.000005	353.204763	0.000022	29.2
163	-0.000000	352.401415	0.000000	29.3
164	-0.000000	351.602922	0.000000	28.9
165	-0.790131	350.809235	0.005258	28.7
166	-0.797511	350.020308	0.004943	28.5
167	-0.000000	349.236095	0.000000	29.6
168	-0.000000	348.456550	0.000000	27.8
169	-0.621909	347.681627	0.005935	30.0
170	-0.909360	346.911283	0.006266	28.6
171	-0.000000	346.145474	0.000000	29.7
172	-0.863207	345.384157	0.006210	29.2
173	-0.000000	344.627288	0.000000	29.6
174	-0.539720	343.874826	0.006883	29.0
175	-0.804022	343.126729	0.004629	28.5
176	-0.477813	342.382957	0.004854	28.9
177	-0.602787	341.643469	0.004586	28.2
178	-0.060826	340.908224	0.002510	30.1
179	-0.000000	340.177184	0.000000	28.0
180	-0.916271	339.450309	0.006692	28.9
181	-0.462416	338.727561	0.006162	28.2
182	-0.414839	338.008902	0.004980	28.7
183	-0.570582	337.294295	0.006620	27.1
184	-0.819330	336.583703	0.004539	30.0
185	-0.288251	335.877089	0.003158	30.4
186	-0.662359	335.174416	0.004810	29.1
187	-0.396928	334.475651	0.005280	27.8
188	-0.000000	333.780756	0.000000	28.1
189	-0.670902	333.089698	0.006694	27.9
190	-0.000000	332.402443	0.000000	29.3
191	-0.905362	331.718955	0.006743	29.0
192	-0.653404	331.039203	0.004240	28.4
193	-0.814187	330.363153	0.004294	29.4
194	-0.000000	329.690771	0.000000	28.6
195	-0.868785	329.022027	0.006324	28.1
196	-0.000000	328.356888	0.000000	26.9
197	-0.417452	327.695322	0.003678	30.4
198	-0.797252	327.037299	0.005430	29.2
199	-0.609004	326.382787	0.006222	30.0
200	-0.749650	325.731758	0.005689	29.2
201	-0.047813	325.084179	0.001189	28.3
202	-0.738971	324.440023	0.005372	29.3
203	-0.918253	323.799258	0.008179	28.6
204	-0.106313	323.161858	0.002212	29.3
205	-0.883006	322.527792	0.005516	28.1
206	-0.909029	321.897034	0.006898	29.5
207	-0.666972	321.269554	0.004761	27.5
208	-0.680150	320.645325	0.006557	29.1
209	-0.421478	320.024320	0.005533	28.7
210	-0.439246	319.406512	0.005486	28.4
211	-0.145372	318.791875	0.004823	28.7
212	-0.228363	318.180381	0.003225	29.1
213	-0.015849	317.572005	0.000560	28.5
214	-0.000000	316.966721	0.000000	31.1
215	-0.754990	316.364504	0.005896	29.2
216	-0.402322	315.765329	0.004216	30.1
217	-0.661152	315.169170	0.004848	27.4
218	-0.571291	314.576003	0.004541	30.3
219	-0.502323	313.985804	0.006618	29.5
220	-0.847685	313.398548	0.006168	27.3
221	-1.036683	312.814213	0.008038	29.0
222	-0.137938	312.232773	0.001717	29.6
223	-0.000336	311.654207	0.000126	29.7
224	-0.000000	311.078491	0.000000	27.4
225	-0.000000	310.505602	0.000000	28.9
226	-0.281125	309.935518	0.004201	29.1
227	-0.000000	309.368217	0.000000	29.1
228	-0.046286	308.803676	0.001395	30.3
229	-0.000000	308.241874	0.000000	28.0
230	-0.199260	307.682789	0.004518	29.0
231	-0.939027	307.126400	0.005472	29.6
232	-0.729555	306.572687	0.006456	31.4
233	-0.899914	306.021627	0.005889	33.0
234	-0.364763	305.473201	0.005418	31.2
235	-0.851402	304.927388	0.005410	28.0
236	-0.737574	304.384168	0.006152	28.5
237	-0.496925	303.843521	0.004581	29.9
238	-0.908385	303.305427	0.005894	28.1
239	-0.399796	302.769867	0.005797	30.1
240	-0.170243	302.236821	0.002955	28.8
241	-0.223711	301.706270	0.003556	30.2
242	-0.973936	301.178196	0.006789	29.4
243	-0.682594	300.652580	0.005398	28.2
244	-0.000000	300.129402	0.000000	28.8
245	-0.596268	299.608645	0.006168	27.8
246	-0.427539	299.090291	0.003555	29.9
247	-0.503938	298.574321	0.005989	28.8
248	-0.402938	298.060718	0.006394	29.4
249	-0.010373	297.549465	0.000319	29.5
250	-0.838137	297.040543	0.007225	29.0
251	-0.754233	296.533936	0.005430	29.5
252	-0.689774	296.029626	0.005140	28.4
253	-0.030185	295.527597	0.001453	29.3
254	-0.723082	295.027832	0.008114	27.8
255	-0.000000	294.530315	0.000000	29.3
256	-0.000000	294.035028	0.000000	29.6
257	-0.000000	293.541956	0.000000	28.8
258	-0.000000	293.051083	0.000000	28.9
259	-0.221353	292.562393	0.002772	29.1
260	-0.410438	292.075870	0.003817	28.5
261	-0.568879	291.591498	0.006298	27.9
262	-0.901702	291.109263	0.006522	28.5
263	-0.941064	290.629149	0.006677	28.9
264	-0.504515	290.151140	0.004464	29.5
265	-0.000773	289.675222	0.000170	26.9
266	-0.214560	289.201380	0.003803	29.1
267	-0.865136	288.729600	0.006173	29.5
268	-0.647270	288.259866	0.007278	29.9
269	-0.772419	287.792165	0.004902	30.5
270	-0.000000	287.326481	0.000000	28.2
271	-0.000000	286.862802	0.000000	29.8
272	-0.409836	286.401113	0.005718	29.0
273	-0.996523	285.941400	0.006245	28.1
274	-0.000000	285.483649	0.000000	28.7
275	-0.000000	285.027847	0.000000	29.4
276	-0.493612	284.573981	0.003554	29.0
277	-0.236488	284.122037	0.004703	27.7
278	-0.000000	283.672002	0.000000	28.6
279	-0.902285	283.223863	0.005786	29.7
280	-0.895250	282.777607	0.006209	29.2
281	-0.307216	282.333221	0.003834	28.7
282	-0.888259	281.890692	0.006755	29.4
283	-0.700920	281.450008	0.005395	27.7
284	-0.392993	281.011157	0.005053	31.2
285	-0.721137	280.574125	0.007502	28.9
286	-0.047527	280.138901	0.001464	29.2
287	-0.017749	279.705473	0.000863	28.1
288	-0.693101	279.273829	0.005399	28.9
289	-0.000000	278.843956	0.000000	28.3
290	-0.057681	278.415844	0.002102	28.0
291	-0.406531	277.989479	0.005907	30.9
292	-1.042121	277.564851	0.006482	29.4
293	-0.659251	277.141949	0.005987	30.4
294	-0.000000	276.720761	0.000000	27.8
295	-0.000000	276.301275	0.000000	29.3
296	-0.442672	275.883480	0.003356	29.1
297	-0.699461	275.467366	0.004089	29.3
298	-0.434972	275.052922	0.005386	28.1
299	-0.571047	274.640136	0.006345	27.6
300	-0.334708	274.228998	0.003126	28.6
301	-0.062924	273.819497	0.002409	28.8
302	-0.031460	273.411623	0.003486	30.6
303	-0.615647	273.005365	0.004073	27.3
304	-0.507754	272.600712	0.006782	32.7
305	-0.231067	272.197655	0.003872	28.8
306	-0.668957	271.796184	0.007614	31.0
307	-0.814494	271.396287	0.006099	29.4
308	-0.199295	270.997956	0.002302	28.5
309	-0.853698	270.601180	0.005984	29.7
310	-0.315300	270.205949	0.003853	29.1
311	-0.593456	269.812254	0.003768	28.6
312	-0.133708	269.420085	0.002474	28.2
313	-0.639362	269.029432	0.004716	29.2
314	-0.924965	268.640287	0.005500	29.6
315	-0.751987	268.252638	0.006322	28.9
316	-0.838008	267.866478	0.005983	28.7
317	-0.000000	267.481796	0.000000	28.9
318	-0.267733	267.098584	0.003943	28.9
319	-0.787487	266.716833	0.005914	27.9
320	-0.569841	266.336533	0.006637	28.9
321	-0.889930	265.957676	0.005648	27.8
322	-0.473017	265.580253	0.005423	30.4
323	-0.517936	265.204254	0.006228	28.9
324	-0.228480	264.829672	0.005195	27.8
325	-0.000000	264.456497	0.000000	29.6
326	-0.000000	264.084721	0.000000	29.0
327	-0.256721	263.714335	0.002832	29.5
328	-0.934065	263.345332	0.005598	26.8
329	-0.594977	262.977702	0.006210	28.3
330	-0.510406	262.611438	0.003939	28.8
331	-0.775729	262.246531	0.005637	28.4
332	-0.000000	261.882973	0.000000	27.8
333	-0.456361	261.520756	0.003796	28.2
334	-1.061570	261.159871	0.008241	29.5
335	-0.573506	260.800312	0.007037	29.4
336	-0.522970	260.442070	0.005479	27.9
337	-0.673188	260.085137	0.004091	29.7
338	-0.879880	259.729505	0.005935	29.7
339	-0.666080	259.375167	0.006347	28.8
340	-0.637696	259.022116	0.006171	31.1
341	-0.000538	258.670343	0.000281	29.0
342	-0.567355	258.319841	0.004252	28.9
343	-0.594837	257.970602	0.007146	29.8
344	-0.696336	257.622620	0.004254	28.6
345	-0.002976	257.275887	0.000086	29.2
346	-0.901622	256.930396	0.005667	27.5
347	-0.212089	256.586139	0.002179	30.3
348	-0.469029	256.243109	0.004109	28.8
349	-0.591983	255.901300	0.006768	29.7
350	-0.629942	255.560703	0.004863	29.2
351	-0.026285	255.221313	0.001424	29.0
352	-0.000000	254.883122	0.000000	29.6
353	-0.082641	254.546124	0.001459	29.1
354	-0.204077	254.210311	0.002919	29.6
355	-0.007164	253.875677	0.000724	29.5
356	-0.475393	253.542215	0.005121	29.0
357	-0.644320	253.209918	0.006603	29.5
358	-0.846356	252.878781	0.005270	29.0
359	-0.671946	252.548795	0.004295	27.5
360	-0.141871	252.219956	0.002896	29.0
361	-0.688106	251.892255	0.004675	28.7
362	-0.251205	251.565688	0.002706	29.4
363	-0.040653	251.240247	0.001870	29.0
364	-0.310040	250.915926	0.003424	29.7
365	-0.620460	250.592720	0.006239	29.4
366	-0.002526	250.270621	0.000737	28.6
367	-0.882372	249.949624	0.007434	27.9
368	-0.388823	249.629723	0.004705	29.8
369	-0.202404	249.310911	0.003336	29.2
370	-0.816232	248.993182	0.006359	29.8
371	-0.342268	248.676531	0.003815	28.8
372	-0.853622	248.360952	0.006483	28.6
373	-0.356479	248.046438	0.004847	29.5
374	-0.824747	247.732984	0.004859	29.4
375	-0.909573	247.420584	0.008871	29.8
376	-0.723112	247.109233	0.006660	30.3
377	-0.000000	246.798924	0.000000	28.3
378	-0.508292	246.489652	0.005853	29.1
379	-0.000000	246.181412	0.000000	28.4
380	-0.523867	245.874197	0.006764	29.1
381	-0.700551	245.568002	0.004644	28.3
382	-0.000000	245.262822	0.000000	30.4
383	-0.505673	244.958652	0.004604	29.2
384	-0.620059	244.655485	0.003195	30.0
385	-0.775017	244.353317	0.006127	29.0
386	-0.214438	244.052142	0.003974	28.7
387	-0.568489	243.751955	0.005321	29.7
388	-0.669087	243.452750	0.005901	27.9
389	-0.000000	243.154523	0.000000	27.5
390	-0.737784	242.857268	0.005808	31.8
391	-0.484351	242.560980	0.003409	29.5
392	-0.113226	242.265654	0.003942	30.1
393	-0.869723	241.971285	0.005851	27.3
394	-0.774973	241.677868	0.005816	29.1
395	-0.487811	241.385397	0.003554	30.0
396	-0.333312	241.093869	0.003600	29.5
397	-0.000000	240.803278	0.000000	28.5
398	-0.520373	240.513619	0.005628	28.8
399	-0.546166	240.224887	0.008000	28.0
400	-0.023233	239.937077	0.001075	29.6
401	-0.891345	239.650186	0.007787	28.4
402	-0.936860	239.364207	0.006263	29.2
403	-0.007954	239.079136	0.001004	28.4
404	-0.000000	238.794969	0.000000	30.1
405	-0.000000	238.511701	0.000000	28.5
406	-0.000000	238.229327	0.000000	28.1
407	-0.717046	237.947843	0.006769	28.0
408	-0.000000	237.667244	0.000000	30.8
409	-0.015907	237.387526	0.001590	28.6
410	-0.000000	237.108684	0.000000	28.7
411	-0.000000	236.830714	0.000000	29.7
412	-0.000000	236.553610	0.000000	29.2
413	-0.850839	236.277370	0.004920	28.7
414	-0.013491	236.001989	0.001000	27.6
415	-0.868291	235.727461	0.005870	29.5
416	-0.639874	235.453784	0.008821	29.5
417	-0.000000	235.180952	0.000000	30.0
418	-0.856585	234.908962	0.007426	27.8
419	-0.536882	234.637809	0.005523	29.5
420	-0.008565	234.367488	0.000096	28.4
421	-0.874275	234.097997	0.005073	29.8
422	-0.000000	233.829331	0.000000	28.3
423	-0.000000	233.561485	0.000000	29.0
424	-0.816898	233.294456	0.006638	29.0
425	-0.448856	233.028239	0.004912	29.8
426	-0.813239	232.762831	0.006834	29.1
427	-0.501483	232.498228	0.006883	29.0
428	-0.000000	232.234425	0.000000	29.0
429	-0.325164	231.971419	0.005657	28.3
430	-0.030548	231.709205	0.001503	29.1
431	-0.869496	231.447781	0.006137	28.6
432	-0.000000	231.187141	0.000000	27.4
433	-0.000000	230.927283	0.000000	27.8
434	-0.825188	230.668202	0.005039	28.7
435	-0.791976	230.409895	0.006402	27.2
436	-0.571617	230.152358	0.004993	29.9
437	-0.863303	229.895587	0.005753	28.9
438	-0.418414	229.639578	0.003982	28.0
439	-0.806908	229.384329	0.005273	29.2
440	-0.474762	229.129834	0.005750	29.3
441	-0.653872	228.876091	0.004719	28.5
442	-0.899381	228.623096	0.005313	27.6
443	-0.042181	228.370846	0.001723	29.1
444	-0.390048	228.119336	0.005287	27.7
445	-0.217165	227.868563	0.003173	29.3
446	-0.571806	227.618525	0.006437	28.8
447	-0.000004	227.369216	0.000004	29.9
448	-0.793533	227.120635	0.005924	30.4
449	-0.738344	226.872777	0.006175	28.6
450	-0.536743	226.625638	0.003902	29.3
451	-0.050945	226.379217	0.001077	27.6
452	-0.325411	226.133509	0.003333	29.6
453	-0.000000	225.888510	0.000000	28.7
454	-0.298317	225.644218	0.003868	29.9
455	-0.882478	225.400630	0.005912	28.5
456	-0.380660	225.157741	0.006263	29.2
457	-0.630845	224.915549	0.003676	29.5
458	-0.000000	224.674051	0.000000	28.7
459	-0.811174	224.433242	0.004220	28.7
460	-0.270644	224.193121	0.005225	29.9
461	-0.000000	223.953684	0.000000	28.0
462	-0.000000	223.714927	0.000000	30.6
463	-0.000000	223.476848	0.000000	29.2
464	-0.749001	223.239444	0.008127	29.4
465	-0.689395	223.002710	0.004536	29.5
466	-0.456568	222.766645	0.007575	29.3
467	-0.660192	222.531245	0.006760	29.0
468	-0.648226	222.296508	0.005003	28.4
469	-0.634157	222.062429	0.004930	29.2
470	-0.223654	221.829007	0.003014	27.6
471	-0.560307	221.596238	0.006229	30.1
472	-0.776264	221.364119	0.006598	28.5
473	-0.417932	221.132647	0.006027	28.6
474	-0.000000	220.901820	0.000000	28.4
475	-0.049127	220.671634	0.001977	29.2
476	-0.715048	220.442086	0.005558	28.1
477	-0.427137	220.213174	0.003681	29.1
478	-0.414254	219.984895	0.005136	28.5
479	-0.721851	219.757246	0.004414	29.2
480	-0.572723	219.530224	0.008768	27.5
481	-0.518840	219.303826	0.006463	29.2
482	-0.663407	219.078050	0.004101	29.1
483	-0.000000	218.852893	0.000000	27.7
484	-0.002884	218.628352	0.000127	29.7
485	-0.120337	218.404424	0.003185	28.7
486	-0.695033	218.181106	0.006116	30.9
487	-0.000000	217.958397	0.000000	29.7
488	-0.743404	217.736292	0.007025	29.6
489	-0.235971	217.514790	0.003778	29.1
490	-0.030653	217.293888	0.005011	28.6
491	-0.000007	217.073584	0.000010	29.0
492	-0.549390	216.853873	0.005978	28.4
493	-0.188481	216.634755	0.002553	28.7
494	-0.150264	216.416227	0.001521	27.6
495	-0.000000	216.198285	0.000000	30.1
496	-0.105133	215.980927	0.002268	27.5
497	-0.831345	215.764151	0.006007	28.9
498	-0.219952	215.547955	0.003545	29.1
499	-0.621692	215.332335	0.006214	29.6
500	-0.545240	215.117289	0.005830	28.4
501	-0.710471	214.902815	0.005970	27.3
502	-0.089904	214.688911	0.002024	29.3
503	-0.861183	214.475573	0.005215	29.3
504	-0.830062	214.262800	0.005236	28.8
505	-0.000000	214.050588	0.000000	28.8
506	-0.074155	213.838936	0.002244	29.1
507	-0.163564	213.627842	0.001759	29.7
508	-0.704691	213.417302	0.005573	28.0
509	-0.597804	213.207314	0.005747	28.5
510	-0.736462	212.997877	0.006300	28.6
511	-0.765027	212.788987	0.008099	29.7
512	-0.407234	212.580642	0.005335	28.8
513	-0.039563	212.372841	0.001040	29.9
514	-0.000000	212.165581	0.000000	26.8
515	-0.750321	211.958859	0.005134	30.5
516	-0.920549	211.752673	0.005540	29.2
517	-0.346309	211.547021	0.005733	30.0
518	-0.051020	211.341902	0.003110	27.4
519	-0.000065	211.137311	0.000031	29.7
520	-0.000000	210.933248	0.000000	29.0
521	-0.860065	210.729710	0.006355	33.1
522	-0.967861	210.526695	0.006557	28.3
523	-0.317568	210.324200	0.004662	28.2
524	-0.192375	210.122224	0.005254	29.2
525	-0.204999	209.920765	0.003027	29.5
526	-0.859103	209.719820	0.005119	29.0
527	-0.000003	209.519387	0.000001	29.7
528	-0.163902	209.319463	0.002628	29.5
529	-0.111531	209.120048	0.002545	30.5
530	-0.175715	208.921139	0.004002	28.7
531	-0.682472	208.722733	0.003970	28.5
532	-0.713090	208.524829	0.006235	27.5
533	-0.000000	208.327425	0.000000	29.9
534	-0.693532	208.130518	0.004502	28.8
535	-0.760271	207.934107	0.006234	28.7
536	-0.000000	207.738189	0.000000	29.2
537	-0.000000	207.542762	0.000000	29.6
538	-0.000016	207.347825	0.000018	29.1
539	-0.000000	207.153376	0.000000	29.9
540	-0.609949	206.959412	0.005496	27.5
541	-0.000000	206.765932	0.000000	29.0
542	-0.456058	206.572933	0.003266	29.3
543	-0.846549	206.380414	0.005034	29.0
544	-0.022171	206.188373	0.000888	27.9
545	-0.421077	205.996807	0.004262	29.3
546	-0.540729	205.805716	0.006245	29.5
547	-0.505044	205.615096	0.003730	28.8
548	-0.000000	205.424946	0.000000	27.7
549	-0.602574	205.235265	0.005417	29.4
550	-0.732691	205.046050	0.007080	28.8
551	-0.836225	204.857299	0.005640	29.2
552	-0.606899	204.669011	0.005412	27.3
553	-0.846081	204.481184	0.006310	29.4
554	-0.464086	204.293816	0.005338	29.7
555	-0.794653	204.106905	0.007634	29.1
556	-0.882880	203.920449	0.006524	28.3
557	-0.422224	203.734447	0.004805	29.9
558	-0.000000	203.548896	0.000000	30.5
559	-0.830438	203.363795	0.006995	29.5
560	-0.886501	203.179143	0.004591	27.5
561	-0.644121	202.994937	0.008226	28.7
562	-0.000000	202.811176	0.000000	29.4
563	-0.642931	202.627857	0.005850	29.3
564	-0.249343	202.444980	0.003585	28.6
565	-0.952826	202.262543	0.006701	28.3
566	-0.095735	202.080543	0.006439	29.7
567	-0.840854	201.898979	0.005868	29.2
568	-0.374534	201.717849	0.003767	28.5
569	-0.646277	201.537153	0.004825	26.8
570	-0.485655	201.356887	0.005928	28.8
571	-0.004159	201.177050	0.002454	28.5
572	-0.000000	200.997642	0.000000	27.5
573	-0.926864	200.818659	0.005296	29.1
574	-0.561142	200.640100	0.005347	28.2
575	-0.370997	200.461965	0.005429	28.3
576	-0.000000	200.284250	0.000000	29.1
577	-0.720982	200.106955	0.006752	29.6
578	-0.911223	199.930078	0.006036	29.7
579	-0.000933	199.753617	0.000020	29.5
580	-0.006310	199.577571	0.000368	28.7
581	-0.001052	199.401938	0.000434	29.7
582	-0.749840	199.226717	0.004232	28.9
583	-0.860306	199.051905	0.006634	28.6
584	-0.238257	198.877502	0.003211	28.5
585	-0.000000	198.703506	0.000000	29.1
586	-0.411698	198.529916	0.005167	28.9
587	-0.588748	198.356729	0.006181	29.4
588	-0.442463	198.183944	0.006035	28.4
589	-0.226602	198.011560	0.004279	29.0
590	-0.461319	197.839576	0.004892	33.4
591	-0.136624	197.667989	0.001949	28.0
592	-0.000000	197.496798	0.000000	29.0
593	-0.694720	197.326002	0.007499	30.5
594	-0.000015	197.155600	0.000030	30.0
595	-0.586404	196.985589	0.004979	27.1
596	-0.184790	196.815969	0.003049	31.4
597	-0.486966	196.646738	0.006512	30.5
598	-0.704879	196.477894	0.005165	29.0
599	-0.000000	196.309436	0.000000	29.8
600	-0.002228	196.141363	0.000306	29.0
601	-0.874126	195.973673	0.006065	29.5
602	-0.905518	195.806365	0.006323	29.7
603	-0.000000	195.639437	0.000000	28.0
604	-0.330124	195.472888	0.005642	28.0
605	-0.863092	195.306717	0.005761	28.5
606	-0.035616	195.140922	0.000330	30.1
607	-0.000000	194.975501	0.000000	29.8
608	-0.000000	194.810454	0.000000	29.9
609	-0.809727	194.645779	0.004463	28.0
610	-0.990634	194.481475	0.006841	29.4
611	-0.556546	194.317540	0.006591	28.7
612	-0.553429	194.153973	0.004229	28.6
613	-0.146044	193.990773	0.001710	28.9
614	-0.000000	193.827938	0.000000	30.1
615	-0.000000	193.665467	0.000000	30.0
616	-0.000000	193.503358	0.000000	29.4
617	-0.867936	193.341611	0.005117	27.2
618	-0.071187	193.180224	0.001883	28.7
619	-0.172789	193.019196	0.004489	29.0
620	-0.272133	192.858525	0.002640	28.7
621	-0.305666	192.698210	0.005823	29.3
622	-0.873111	192.538251	0.006133	29.4
623	-0.002515	192.378644	0.000124	29.6
624	-0.494907	192.219391	0.005781	29.1
625	-0.779083	192.060488	0.006504	28.5
626	-0.539589	191.901935	0.006254	29.1
627	-0.427655	191.743730	0.005406	29.3
628	-0.111504	191.585873	0.001506	33.9
629	-0.737033	191.428362	0.005482	28.3
630	-0.730879	191.271196	0.005677	30.5
631	-0.000000	191.114374	0.000000	29.2
632	-0.876478	190.957893	0.005210	28.7
633	-0.757759	190.801755	0.006365	28.8
634	-0.407859	190.645956	0.006260	28.9
635	-0.890078	190.490495	0.005336	27.3
636	-0.017098	190.335373	0.000641	29.2
637	-0.623597	190.180587	0.004834	28.9
638	-0.583994	190.026136	0.005253	29.8
639	-0.000000	189.872019	0.000000	28.2
640	-0.000000	189.718235	0.000000	29.0
641	-0.695358	189.564782	0.005040	28.9
642	-0.028742	189.411661	0.000878	28.2
643	-0.690966	189.258868	0.006899	28.3
644	-0.358698	189.106404	0.003138	27.8
645	-0.141124	188.954267	0.002594	29.6
646	-0.775600	188.802456	0.006051	28.4
647	-0.805671	188.650969	0.004760	29.4
648	-0.851184	188.499807	0.006253	29.4
649	-0.000000	188.348967	0.000000	29.3
650	-0.286125	188.198448	0.005093	28.1
651	-0.250834	188.048250	0.003800	27.8
652	-0.818925	187.898371	0.004991	27.7
653	-0.065971	187.748810	0.002158	28.9
654	-0.491537	187.599566	0.005845	28.2
655	-0.000000	187.450638	0.000000	29.1
656	-0.617095	187.302025	0.003834	28.3
657	-0.000000	187.153725	0.000000	27.9
658	-0.764254	187.005739	0.006448	29.2
659	-0.702024	186.858064	0.005238	27.4
660	-0.767390	186.710699	0.005584	29.5
661	-0.374735	186.563645	0.005687	28.8
662	-0.000000	186.416898	0.000000	29.0
663	-0.000000	186.270459	0.000000	28.1
664	-0.711691	186.124326	0.004776	30.5
665	-0.525873	185.978499	0.005622	30.2
666	-0.868914	185.832976	0.005495	29.2
667	-0.520953	185.687756	0.007107	27.6
668	-0.845091	185.542838	0.006722	29.9
669	-0.843908	185.398222	0.005284	30.2
670	-0.964248	185.253906	0.006288	30.0
671	-0.000000	185.109889	0.000000	29.8
672	-0.703320	184.966170	0.005196	29.9
673	-0.000000	184.822748	0.000000	29.6
674	-0.000000	184.679623	0.000000	30.4
675	-0.359263	184.536792	0.006515	29.3
676	-0.536029	184.394256	0.005690	28.9
677	-0.309280	184.252013	0.003073	27.9
678	-0.000000	184.110062	0.000000	29.0
679	-0.697844	183.968403	0.004518	27.9
680	-0.921151	183.827034	0.005709	28.7
681	-0.359621	183.685954	0.004154	28.9
682	-0.463823	183.545163	0.003165	28.6
683	-0.019389	183.404658	0.001965	29.1
684	-0.136242	183.264441	0.001476	28.4
685	-0.614846	183.124509	0.005662	29.2
686	-0.420213	182.984861	0.003677	29.4
687	-0.610869	182.845497	0.006403	29.6
688	-0.000000	182.706416	0.000000	26.9
689	-0.000000	182.567616	0.000000	30.7
690	-0.000000	182.429098	0.000000	28.9
691	-0.421270	182.290859	0.005493	29.1
692	-0.347169	182.152899	0.003805	29.2
693	-0.546626	182.015217	0.005601	29.0
694	-0.464469	181.877813	0.003565	29.3
695	-0.000000	181.740684	0.000000	29.2
696	-0.498522	181.603832	0.004963	28.5
697	-0.000000	181.467253	0.000000	28.9
698	-0.255312	181.330948	0.003512	27.1
699	-0.241415	181.194916	0.004822	31.2
700	-0.682286	181.059155	0.004440	33.9
701	-0.000000	180.923666	0.000000	30.1
702	-0.948609	180.788446	0.005149	27.9
703	-0.000000	180.653496	0.000000	28.7
704	-0.823294	180.518814	0.005676	28.9
705	-0.201293	180.384399	0.003064	29.0
706	-0.163834	180.250251	0.003735	27.6
707	-0.817357	180.116369	0.005880	28.3
708	-0.893127	179.982752	0.005588	28.0
709	-0.555341	179.849398	0.005926	29.2
710	-0.598995	179.716308	0.006086	29.4
711	-0.665700	179.583480	0.005465	28.7
712	-0.723905	179.450913	0.005718	29.4
713	-0.642589	179.318607	0.006209	28.7
714	-0.667116	179.186561	0.004629	28.5
715	-0.494167	179.054774	0.003939	28.7
716	-0.847470	178.923245	0.006351	28.3
717	-0.144739	178.791973	0.003985	29.3
718	-0.622116	178.660958	0.006676	29.4
719	-0.571148	178.530199	0.004781	28.8
720	-0.886841	178.399694	0.006975	28.9
721	-0.000000	178.269444	0.000000	28.9
722	-0.502878	178.139447	0.003806	28.9
723	-0.464163	178.009702	0.005733	29.1
724	-0.042175	177.880209	0.001401	29.2
725	-0.427149	177.750967	0.005504	29.4
726	-0.545349	177.621975	0.006022	29.0
727	-0.581983	177.493232	0.004675	29.1
728	-0.203870	177.364738	0.003410	27.0
729	-0.712254	177.236492	0.006021	29.7
730	-0.908129	177.108492	0.006306	29.1
731	-0.762848	176.980739	0.006506	29.1
732	-0.052045	176.853231	0.002043	28.9
733	-0.673032	176.725968	0.006677	29.0
734	-0.461340	176.598949	0.005554	29.2
735	-0.092000	176.472173	0.002918	30.7
736	-0.495194	176.345639	0.006380	27.3
737	-0.221333	176.219348	0.003709	29.4
738	-0.000000	176.093296	0.000000	28.4
739	-0.333862	175.967486	0.005192	28.6
740	-0.205089	175.841914	0.002878	28.0
741	-0.693419	175.716581	0.004598	28.5
742	-0.000000	175.591486	0.000000	29.3
743	-0.366000	175.466629	0.005295	28.9
744	-0.765272	175.342008	0.004770	29.4
745	-0.000000	175.217622	0.000000	29.6
746	-0.734546	175.093472	0.008972	31.6
747	-0.287864	174.969556	0.003133	31.6
748	-0.947163	174.845873	0.006598	30.7
749	-0.954281	174.722423	0.006502	29.4
750	-0.904463	174.599206	0.005124	29.7
751	-0.011393	174.476220	0.002787	29.5
752	-0.665099	174.353464	0.005557	30.9
753	-0.069699	174.230939	0.000952	30.1
754	-0.444948	174.108643	0.003005	30.4
755	-0.142073	173.986576	0.002648	31.7
756	-0.891113	173.864737	0.005089	30.7
757	-0.068213	173.743124	0.002659	28.4
758	-0.317846	173.621739	0.004892	29.5
759	-0.000000	173.500579	0.000000	33.0
760	-0.202505	173.379645	0.005838	30.3
761	-0.000000	173.258935	0.000000	30.3
762	-0.926229	173.138449	0.006534	29.2
763	-0.040664	173.018186	0.000756	33.0
764	-0.483101	172.898146	0.007280	28.7
765	-0.411675	172.778327	0.002938	29.1
766	-0.894210	172.658730	0.005846	27.7
767	-0.036912	172.539353	0.000414	30.8
768	-0.543653	172.420196	0.006349	27.5
769	-0.000000	172.301258	0.000000	29.1
770	-0.514211	172.182539	0.005807	34.3
771	-0.318377	172.064037	0.003221	27.2
772	-0.393299	171.945753	0.004726	30.3
773	-0.715031	171.827686	0.005892	28.3
774	-0.681041	171.709834	0.004284	27.6
775	-0.000000	171.592198	0.000000	29.8
776	-0.719178	171.474776	0.005418	29.9
777	-0.076007	171.357568	0.002138	29.1
778	-0.335910	171.240574	0.004803	27.7
779	-0.000000	171.123793	0.000000	28.9
780	-0.703521	171.007223	0.006559	29.0
781	-0.691675	170.890865	0.004831	29.1
782	-0.004657	170.774718	0.000212	28.5
783	-0.000000	170.658782	0.000000	29.4
784	-0.487710	170.543055	0.006599	29.9
785	-0.013289	170.427537	0.004308	30.5
786	-0.020206	170.312227	0.000931	27.9
787	-0.826577	170.197125	0.007071	29.1
788	-0.063395	170.082231	0.001997	28.9
789	-0.767959	169.967543	0.005727	30.0
790	-0.875049	169.853061	0.006488	28.7
791	-0.123392	169.738784	0.002275	27.7
792	-0.878976	169.624713	0.006020	29.5
793	-0.000000	169.510845	0.000000	28.6
794	-0.273036	169.397181	0.004229	27.4
795	-0.339287	169.283720	0.004580	28.8
796	-0.523778	169.170462	0.003494	27.9
797	-0.000000	169.057405	0.000000	30.6
798	-0.785777	168.944549	0.004291	28.0
799	-0.000000	168.831895	0.000000	28.1
800	-0.804866	168.719440	0.006238	29.7
801	-0.000000	168.607185	0.000000	29.5
802	-0.014680	168.495129	0.000550	30.7
803	-0.333508	168.383271	0.004608	28.1
804	-0.008168	168.271611	0.000591	30.3
805	-0.753348	168.160148	0.006446	28.5
806	-0.600923	168.048882	0.006012	30.2
807	-0.679254	167.937812	0.005621	28.4
808	-0.885203	167.826938	0.004830	29.2
809	-0.630966	167.716258	0.005598	27.1
810	-0.337415	167.605773	0.003407	29.8
811	-0.799201	167.495482	0.006746	28.5
812	-0.673603	167.385384	0.005582	28.5
813	-0.050195	167.275479	0.001714	29.1
814	-0.597564	167.165766	0.004874	29.1
815	-0.823241	167.056245	0.004460	29.5
816	-0.109618	166.946915	0.001770	27.8
817	-0.000000	166.837776	0.000000	30.0
818	-0.934029	166.728826	0.006976	28.7
819	-0.000000	166.620067	0.000000	30.0
820	-0.903002	166.511496	0.005860	30.2
821	-0.000000	166.403113	0.000000	28.3
822	-0.000000	166.294919	0.000000	29.5
823	-0.531619	166.186912	0.003546	30.8
824	-0.858057	166.079091	0.006676	30.0
825	-0.454457	165.971458	0.003352	28.6
826	-0.447523	165.864009	0.006890	28.1
827	-0.023851	165.756747	0.000185	28.2
828	-0.849659	165.649669	0.004636	29.9
829	-0.168459	165.542775	0.001942	29.5
830	-0.000000	165.436065	0.000000	29.0
831	-0.457628	165.329538	0.006765	28.9
832	-0.985397	165.223194	0.006968	29.0
833	-0.003439	165.117032	0.000113	29.1
834	-0.565374	165.011052	0.007248	28.3
835	-0.905943	164.905253	0.005957	29.4
836	-0.000000	164.799635	0.000000	31.0
837	-0.856251	164.694197	0.006465	30.4
838	-0.862983	164.588939	0.006182	30.3
839	-0.204727	164.483859	0.003827	28.5
840	-0.000711	164.378959	0.000112	27.5
841	-0.842284	164.274237	0.005126	32.3
842	-0.042582	164.169692	0.001741	27.6
843	-0.451016	164.065325	0.005252	29.6
844	-0.687072	163.961135	0.006520	29.0
845	-0.543244	163.857120	0.006087	29.6
846	-0.757297	163.753282	0.005595	29.0
847	-0.136596	163.649619	0.002798	27.8
848	-0.000000	163.546130	0.000000	28.4
849	-0.759615	163.442816	0.005811	30.3
850	-0.307301	163.339676	0.006529	29.6
851	-0.783256	163.236709	0.005618	28.6
852	-0.616187	163.133915	0.005835	27.7
853	-0.000000	163.031294	0.000000	28.6
854	-0.000000	162.928844	0.000000	29.6
855	-0.000000	162.826566	0.000000	27.7
856	-0.000000	162.724459	0.000000	29.7
857	-0.000000	162.622523	0.000000	27.8
858	-0.794252	162.520757	0.005381	30.0
859	-0.331158	162.419160	0.003655	27.3
860	-0.721520	162.317733	0.004794	27.9
861	-0.930421	162.216474	0.005245	29.4
862	-0.000000	162.115383	0.000000	29.2
863	-0.700217	162.014461	0.004263	28.9
864	-0.000000	161.913705	0.000000	27.1
865	-0.000000	161.813117	0.000000	29.6
866	-0.000000	161.712695	0.000000	29.7
867	-0.450934	161.612439	0.004174	28.5
868	-0.890347	161.512349	0.005766	28.6
869	-0.785685	161.412424	0.006693	29.3
870	-0.000000	161.312663	0.000000	29.1
871	-0.000095	161.213067	0.000027	27.3
872	-0.301667	161.113635	0.004787	29.1
873	-0.597529	161.014366	0.005692	27.9
874	-0.634950	160.915260	0.004656	29.0
875	-0.000000	160.816316	0.000000	27.5
876	-0.907268	160.717535	0.005112	29.6
877	-0.683576	160.618915	0.005401	29.1
878	-0.716213	160.520456	0.006505	29.3
879	-0.489242	160.422158	0.004604	29.3
880	-0.565853	160.324021	0.007288	26.5
881	-0.961849	160.226043	0.005768	30.0
882	-0.896269	160.128225	0.007179	28.8
883	-0.010641	160.030566	0.000148	28.3
884	-0.014707	159.933066	0.001654	28.8
885	-0.168893	159.835723	0.003286	29.3
886	-0.389942	159.738539	0.005406	29.7
887	-0.565318	159.641512	0.003831	27.6
888	-0.794503	159.544642	0.005920	28.8
889	-0.782021	159.447929	0.005510	29.8
890	-0.743654	159.351372	0.004291	29.2
891	-0.360947	159.254971	0.003348	29.3
892	-0.143953	159.158725	0.002385	30.0
893	-0.221493	159.062634	0.003065	28.7
894	-0.379576	158.966697	0.003891	29.9
895	-0.000116	158.870915	0.000111	28.9
896	-0.360659	158.775286	0.004496	30.2
897	-0.667862	158.679811	0.004961	27.3
898	-0.000000	158.584489	0.000000	29.6
899	-0.003760	158.489319	0.000241	29.4
900	-0.888536	158.394302	0.006201	27.7
901	-0.000000	158.299436	0.000000	28.4
902	-0.555346	158.204721	0.005860	27.4
903	-0.780081	158.110158	0.007063	30.0
904	-0.941929	158.015745	0.006209	29.5
905	-0.728673	157.921482	0.007581	29.0
906	-0.122298	157.827369	0.002374	28.8
907	-0.393095	157.733406	0.003337	29.1
908	-0.154653	157.639591	0.002346	29.0
909	-0.542073	157.545925	0.006628	28.8
910	-0.281732	157.452408	0.004392	28.7
911	-0.759875	157.359038	0.007490	29.7
912	-0.519771	157.265816	0.006005	30.4
913	-0.831786	157.172741	0.006328	29.2
914	-0.367453	157.079813	0.004771	26.9
915	-0.000001	156.987031	0.000000	29.8
916	-0.442515	156.894395	0.005064	29.3
917	-0.476154	156.801904	0.004656	27.8
918	-0.332463	156.709559	0.004416	27.8
919	-0.021504	156.617359	0.000694	30.1
920	-0.800601	156.525304	0.004424	28.3
921	-0.840274	156.433392	0.005179	28.8
922	-0.193844	156.341624	0.006533	28.4
923	-0.442727	156.250000	0.006331	29.3
924	-0.298056	156.158519	0.003211	28.8
925	-0.431981	156.067180	0.004771	28.9
926	-0.021269	155.975984	0.001373	29.5
927	-0.000000	155.884930	0.000000	29.6
928	-0.674849	155.794017	0.004911	28.7
929	-0.875208	155.703246	0.005070	27.5
930	-0.397380	155.612615	0.003264	28.7
931	-0.586674	155.522125	0.005058	29.3
932	-0.834417	155.431775	0.005225	28.6
933	-0.745924	155.341565	0.007145	28.3
934	-0.744067	155.251495	0.005491	28.5
935	-0.575103	155.161563	0.006295	29.0
936	-0.937165	155.071771	0.005894	29.1
937	-0.747012	154.982117	0.005788	27.4
938	-0.710823	154.892601	0.006449	29.5
939	-0.890058	154.803222	0.004890	30.0
940	-0.374247	154.713981	0.004942	29.8
941	-0.000000	154.624878	0.000000	28.1
942	-0.796598	154.535910	0.005740	28.5
943	-0.000001	154.447080	0.000002	30.1
944	-0.298504	154.358385	0.003161	28.2
945	-0.506035	154.269826	0.007054	29.5
946	-0.109064	154.181402	0.002688	28.7
947	-0.416866	154.093114	0.004065	29.0
948	-0.674501	154.004960	0.005093	30.4
949	-0.268204	153.916940	0.003757	31.0
950	-0.000000	153.829054	0.000000	28.4
951	-0.000000	153.741303	0.000000	29.5
952	-0.268964	153.653684	0.004145	28.8
953	-0.893762	153.566198	0.005313	28.8
954	-0.058726	153.478846	0.003278	28.9
955	-0.874108	153.391625	0.005700	27.7
956	-0.000000	153.304537	0.000000	28.5
957	-0.678168	153.217580	0.005793	29.3
958	-0.000000	153.130755	0.000000	29.2
959	-0.686839	153.044061	0.004627	29.7
960	-0.000000	152.957498	0.000000	29.2
961	-0.923112	152.871065	0.007354	29.7
962	-0.430232	152.784762	0.005370	29.9
963	-0.674595	152.698589	0.005407	30.2
964	-0.542730	152.612545	0.005054	29.8
965	-0.586352	152.526631	0.005667	28.0
966	-0.848311	152.440845	0.006659	28.6
967	-0.000000	152.355188	0.000000	28.2
968	-0.503577	152.269660	0.006122	29.3
969	-0.443578	152.184259	0.005117	26.4
970	-0.267118	152.098986	0.003931	30.1
971	-0.000000	152.013840	0.000000	28.5
972	-0.482974	151.928821	0.005006	27.0
973	-0.948341	151.843928	0.006767	29.4
974	-0.761015	151.759163	0.007570	30.6
975	-0.000000	151.674523	0.000000	29.8
976	-0.659717	151.590009	0.006261	29.1
977	-0.855730	151.505620	0.007059	28.9
978	-0.021171	151.421357	0.001379	29.2
979	-0.762888	151.337218	0.004534	29.4
980	-0.000000	151.253204	0.000000	28.6
981	-0.299821	151.169314	0.004495	28.8
982	-0.000000	151.085549	0.000000	29.2
983	-0.235699	151.001907	0.002112	29.1
984	-0.686355	150.918388	0.005519	31.0
985	-0.792585	150.834992	0.005192	27.8
986	-0.000000	150.751719	0.000000	29.2
987	-0.735300	150.668569	0.005799	28.0
988	-0.707953	150.585541	0.006678	29.8
989	-0.540736	150.502634	0.005355	29.4
990	-0.592122	150.419849	0.005656	28.8
991	-0.000000	150.337186	0.000000	29.5
992	-0.000000	150.254644	0.000000	29.5
993	-0.000000	150.172222	0.000000	29.3
994	-0.554724	150.089921	0.006866	28.3
995	-0.313277	150.007740	0.004527	28.7
996	-0.338631	149.925679	0.003812	28.1
997	-0.707823	149.843737	0.005596	29.5
998	-0.147390	149.761915	0.006290	29.2
999	-0.000765	149.680212	0.000118	28.5
1000	-0.649944	149.598627	0.007123	28.8
1001	-0.858814	149.517161	0.004383	28.8
1002	-0.000000	149.435814	0.000000	28.5
1003	-0.000000	149.354584	0.000000	27.7
1004	-0.318023	149.273472	0.003807	30.5
1005	-0.854565	149.192477	0.005094	28.8
1006	-0.657046	149.111599	0.006627	29.3
1007	-0.963468	149.030838	0.006704	28.8
1008	-0.571609	148.950194	0.006933	29.1
1009	-0.946385	148.869666	0.005744	28.9
1010	-0.000000	148.789253	0.000000	27.7
1011	-0.781318	148.708957	0.006572	29.3
1012	-0.179383	148.628776	0.003802	29.7
1013	-0.000000	148.548710	0.000000	29.4
1014	-0.828370	148.468759	0.005963	28.7
1015	-0.818788	148.388923	0.005796	29.9
1016	-0.000000	148.309201	0.000000	28.3
1017	-0.542912	148.229594	0.006574	29.8
1018	-0.877634	148.150100	0.004963	27.9
1019	-0.000000	148.070719	0.000000	29.4
1020	-0.043728	147.991452	0.000718	29.9
1021	-0.041074	147.912298	0.000859	29.1
1022	-0.317873	147.833257	0.003157	28.4
1023	-0.696690	147.754329	0.005782	28.3
1024	-0.807483	147.675512	0.004972	28.1
1025	-0.005419	147.596808	0.000135	28.2
1026	-0.513742	147.518216	0.006558	30.0
1027	-0.868107	147.439735	0.007834	28.9
1028	-0.659133	147.361365	0.004872	29.6
1029	-0.894248	147.283106	0.005570	29.4
1030	-0.850847	147.204958	0.005835	29.1
1031	-0.000004	147.126920	0.000005	28.5
1032	-0.000000	147.048993	0.000000	28.8
1033	-0.001855	146.971175	0.000123	29.0
1034	-0.205040	146.893468	0.002847	29.1
1035	-0.000000	146.815869	0.000000	29.3
1036	-0.759949	146.738380	0.005866	28.2
1037	-0.816408	146.661000	0.004626	30.3
1038	-0.352152	146.583729	0.005406	30.0
1039	-0.796233	146.506566	0.006134	28.9
1040	-0.007237	146.429511	0.000680	29.0
1041	-0.469793	146.352565	0.006857	29.4
1042	-0.576533	146.275726	0.005687	28.2
1043	-0.483675	146.198994	0.006746	29.5
1044	-0.770924	146.122370	0.005254	29.3
1045	-0.000000	146.045853	0.000000	27.9
1046	-0.910558	145.969442	0.005264	29.4
1047	-0.514999	145.893139	0.004700	28.4
1048	-0.000000	145.816941	0.000000	26.8
1049	-0.653689	145.740849	0.004021	29.2
1050	-0.201321	145.664863	0.003342	29.6
1051	-0.298370	145.588983	0.003035	28.9
1052	-0.798133	145.513208	0.007832	27.2
1053	-0.957503	145.437538	0.005650	28.7
1054	-0.000000	145.361973	0.000000	29.3
1055	-0.004120	145.286513	0.000092	29.1
1056	-0.000000	145.211157	0.000000	30.6
1057	-0.730421	145.135905	0.005000	29.3
1058	-0.565967	145.060757	0.006678	28.7
1059	-0.000000	144.985712	0.000000	28.9
1060	-0.450692	144.910771	0.004356	27.7
1061	-0.256855	144.835934	0.004076	29.2
1062	-0.027532	144.761199	0.004190	29.6
1063	-0.365824	144.686567	0.002377	30.1
1064	-0.538035	144.612037	0.006706	29.1
1065	-0.736952	144.537610	0.006357	27.9
1066	-0.000000	144.463285	0.000000	29.0
1067	-0.236759	144.389062	0.002836	29.4
1068	-0.632757	144.314940	0.005305	28.8
1069	-0.635276	144.240920	0.007307	26.7
1070	-0.222114	144.167001	0.003391	29.3
1071	-0.000000	144.093182	0.000001	28.1
1072	-0.607525	144.019465	0.006812	27.7
1073	-0.450263	143.945848	0.005397	29.3
1074	-0.000000	143.872331	0.000000	28.4
1075	-0.490037	143.798914	0.003482	29.4
1076	-0.037829	143.725597	0.001870	29.5
1077	-0.778566	143.652380	0.004187	28.6
1078	-0.536192	143.579262	0.003527	28.7
1079	-0.545840	143.506243	0.007495	29.0
1080	-0.847511	143.433323	0.006534	28.7
1081	-0.000000	143.360502	0.000000	28.8
1082	-0.098409	143.287780	0.003247	27.6
1083	-0.368042	143.215155	0.003270	28.7
1084	-0.841634	143.142629	0.006171	28.4
1085	-0.709710	143.070201	0.004702	28.1
1086	-0.514734	142.997870	0.005431	29.0
1087	-0.000000	142.925637	0.000000	29.3
1088	-0.601329	142.853501	0.004459	27.8
1089	-0.729829	142.781462	0.008074	29.7
1090	-0.326144	142.709519	0.003391	28.0
1091	-0.311852	142.637674	0.003532	29.5
1092	-0.000000	142.565924	0.000000	30.4
1093	-0.000000	142.494271	0.000000	28.3
1094	-0.000000	142.422714	0.000000	29.4
1095	-0.248761	142.351252	0.003599	28.8
1096	-0.217322	142.279886	0.003172	27.9
1097	-0.000023	142.208616	0.000014	28.1
1098	-0.812860	142.137440	0.005683	30.7
1099	-1.048184	142.066360	0.006662	28.7
1100	-1.021396	141.995374	0.007412	30.1
1101	-0.586823	141.924483	0.005897	28.6
1102	-0.736316	141.853685	0.005751	29.2
1103	-0.018952	141.782983	0.001376	29.7
1104	-0.881406	141.712373	0.005738	28.2
1105	-0.000000	141.641858	0.000000	28.4
1106	-0.388501	141.571436	0.005272	27.7
1107	-0.000000	141.501108	0.000000	30.5
1108	-0.004990	141.430872	0.000669	29.9
1109	-0.087327	141.360730	0.001949	30.3
1110	-0.000463	141.290680	0.000076	27.8
1111	-0.419160	141.220722	0.005026	29.5
1112	-0.031814	141.150857	0.001356	29.5
1113	-0.778859	141.081084	0.006123	28.9
1114	-0.573208	141.011403	0.006176	28.2
1115	-0.000000	140.941813	0.000000	32.3
1116	-0.000000	140.872315	0.000000	29.3
1117	-0.922709	140.802909	0.006352	29.0
1118	-1.063748	140.733593	0.006164	28.2
1119	-0.124064	140.664369	0.001690	28.9
1120	-0.000000	140.595235	0.000000	27.6
1121	-0.000000	140.526192	0.000000	29.7
1122	-0.000000	140.457239	0.000000	27.4
1123	-0.000000	140.388376	0.000000	32.2
1124	-0.790174	140.319603	0.005303	29.1
1125	-0.412693	140.250920	0.006045	28.6
1126	-0.816198	140.182326	0.004769	28.6
1127	-0.000000	140.113822	0.000000	29.6
1128	-0.000000	140.045407	0.000000	27.2
1129	-0.443821	139.977081	0.004953	29.4
1130	-0.000000	139.908844	0.000000	28.1
1131	-0.522313	139.840696	0.003302	30.5
1132	-0.000000	139.772635	0.000000	28.9
1133	-0.598300	139.704664	0.006770	29.4
1134	-0.000000	139.636780	0.000000	29.1
1135	-0.762736	139.568984	0.005320	28.1
1136	-0.687790	139.501276	0.007838	29.0
1137	-0.506660	139.433655	0.003691	28.8
1138	-0.903194	139.366122	0.007147	30.1
1139	-0.000000	139.298676	0.000000	29.2
1140	-0.673493	139.231317	0.006520	29.6
1141	-0.760139	139.164045	0.004316	28.9
1142	-0.688298	139.096859	0.004911	29.2
1143	-0.547915	139.029760	0.005073	29.2
1144	-0.000000	138.962747	0.000000	28.4
1145	-0.242707	138.895820	0.001880	28.6
1146	-0.863337	138.828978	0.005091	27.8
1147	-0.058167	138.762223	0.001067	29.0
1148	-0.000000	138.695553	0.000000	29.5
1149	-0.000000	138.628969	0.000000	28.8
1150	-0.752066	138.562469	0.004640	28.8
1151	-0.643484	138.496055	0.003435	29.3
1152	-0.802408	138.429725	0.007141	28.4
1153	-0.684840	138.363481	0.004987	28.1
1154	-0.925830	138.297320	0.005218	29.5
1155	-0.970932	138.231244	0.005505	31.0
1156	-0.774017	138.165252	0.006303	29.1
1157	-0.947401	138.099344	0.006688	27.0
1158	-0.570235	138.033520	0.004959	27.9
1159	-0.698996	137.967779	0.007005	28.4
1160	-0.000000	137.902122	0.000000	27.4
1161	-0.423092	137.836548	0.004320	28.6
1162	-0.952901	137.771057	0.005906	29.2
1163	-0.722069	137.705649	0.005101	29.1
1164	-0.482888	137.640324	0.006079	35.1
1165	-0.361122	137.575081	0.005491	28.0
1166	-0.313408	137.509921	0.004664	29.1
1167	-0.000000	137.444842	0.000000	29.1
1168	-0.802819	137.379846	0.004075	30.0
1169	-0.497003	137.314932	0.003541	28.7
1170	-0.598225	137.250100	0.006543	29.2
1171	-0.441430	137.185349	0.004775	28.4
1172	-0.790862	137.120680	0.005699	29.0
1173	-0.000000	137.056092	0.000000	27.9
1174	-0.435603	136.991585	0.004489	31.0
1175	-0.429218	136.927158	0.003858	27.0
1176	-0.351333	136.862813	0.004671	29.2
1177	-0.527690	136.798548	0.003469	28.1
1178	-0.564603	136.734363	0.005194	28.5
1179	-0.987369	136.670259	0.006781	29.5
1180	-0.089041	136.606235	0.002071	29.6
1181	-0.809911	136.542291	0.006226	28.8
1182	-0.053022	136.478426	0.002324	28.9
1183	-0.000946	136.414641	0.000414	29.7
1184	-0.634552	136.350936	0.003688	29.7
1185	-0.744449	136.287310	0.005816	29.7
1186	-0.295555	136.223763	0.002834	29.5
1187	-0.462051	136.160295	0.005622	29.6
1188	-0.200633	136.096905	0.004047	27.9
1189	-0.573783	136.033594	0.005271	30.0
1190	-0.000000	135.970362	0.000000	28.9
1191	-0.805650	135.907208	0.005244	29.3
1192	-0.626341	135.844133	0.004616	27.5
1193	-1.006901	135.781135	0.006258	29.6
1194	-0.555262	135.718215	0.004206	29.2
1195	-0.114831	135.655373	0.002951	27.4
1196	-0.362409	135.592608	0.005095	29.4
1197	-0.045332	135.529921	0.002798	28.7
1198	-0.000000	135.467311	0.000000	28.3
1199	-0.000795	135.404778	0.000091	33.1
1200	-0.840830	135.342322	0.005563	27.5
1201	-0.457926	135.279942	0.004513	29.4
1202	-0.011004	135.217640	0.000468	27.9
1203	-0.277028	135.155413	0.003809	29.5
1204	-0.013834	135.093263	0.000390	29.1
1205	-0.111406	135.031190	0.002682	28.6
1206	-0.720533	134.969192	0.006206	28.8
1207	-0.927950	134.907270	0.006807	28.5
1208	-0.608038	134.845424	0.004516	27.7
1209	-0.115920	134.783653	0.001996	28.5
1210	-0.949817	134.721958	0.006235	28.8
1211	-0.063109	134.660338	0.002178	29.2
1212	-0.887435	134.598793	0.006297	26.6
1213	-0.902893	134.537323	0.005264	29.7
1214	-0.764500	134.475927	0.005291	28.8
1215	-0.639761	134.414607	0.005421	29.4
1216	-0.738860	134.353361	0.006411	28.1
1217	-0.755428	134.292189	0.007992	30.7
1218	-0.837153	134.231092	0.004573	28.8
1219	-0.211166	134.170068	0.002197	29.3
1220	-0.811923	134.109119	0.005258	27.1
1221	-0.774648	134.048243	0.005530	28.7
1222	-0.479950	133.987441	0.005294	29.2
1223	-0.825609	133.926713	0.006057	28.0
1224	-0.369164	133.866057	0.003808	27.7
1225	-0.000037	133.805475	0.000031	28.5
1226	-0.237277	133.744966	0.002253	29.5
1227	-0.000000	133.684530	0.000000	29.4
1228	-0.802128	133.624167	0.004798	27.5
1229	-0.000000	133.563877	0.000000	28.8
1230	-0.601248	133.503658	0.005569	28.6
1231	-0.329796	133.443513	0.003010	27.8
1232	-0.586586	133.383439	0.006306	28.7
1233	-0.534278	133.323437	0.006094	28.5
1234	-0.878530	133.263508	0.005780	30.5
1235	-0.000000	133.203650	0.000000	30.0
1236	-0.671656	133.143864	0.005407	27.4
1237	-0.799193	133.084149	0.006035	29.4
1238	-0.000000	133.024506	0.000000	28.8
1239	-0.750637	132.964934	0.004804	28.9
1240	-0.852410	132.905433	0.005418	28.4
1241	-0.817721	132.846003	0.005270	28.3
1242	-0.000000	132.786643	0.000000	30.3
1243	-0.869989	132.727355	0.004798	27.7
1244	-0.610277	132.668137	0.004528	29.2
1245	-0.177226	132.608989	0.003037	29.5
1246	-0.534010	132.549912	0.005744	30.1
1247	-0.453227	132.490904	0.003608	28.0
1248	-0.584620	132.431967	0.007074	28.0
1249	-0.000000	132.373100	0.000000	29.5
1250	-0.887520	132.314302	0.006304	29.9
1251	-0.526217	132.255574	0.006052	29.2
1252	-0.690441	132.196916	0.006874	27.6
1253	-0.678391	132.138326	0.005723	29.6
1254	-0.687786	132.079806	0.006142	29.5
1255	-0.000000	132.021355	0.000000	29.3
1256	-0.715670	131.962973	0.005398	29.9
1257	-0.523385	131.904660	0.003621	28.0
1258	-0.331248	131.846415	0.004048	28.8
1259	-0.710542	131.788239	0.006434	28.6
1260	-0.569112	131.730131	0.005818	29.3
1261	-0.000029	131.672092	0.000025	28.4
1262	-0.529606	131.614121	0.005914	29.2
1263	-0.949275	131.556217	0.006117	28.9
1264	-0.351663	131.498382	0.003846	27.9
1265	-0.220551	131.440614	0.004774	28.3
1266	-0.889880	131.382914	0.005559	28.3
1267	-0.848859	131.325282	0.004351	29.5
1268	-0.000000	131.267717	0.000000	28.9
1269	-0.771140	131.210219	0.005879	28.3
1270	-0.525494	131.152788	0.006709	30.5
1271	-0.000000	131.095424	0.000000	34.5
1272	-0.030149	131.038127	0.002452	29.3
1273	-0.097448	130.980897	0.002989	28.6
1274	-0.008608	130.923733	0.001070	28.2
1275	-0.672816	130.866636	0.003709	28.9
1276	-0.143590	130.809605	0.002762	29.3
1277	-0.368444	130.752641	0.004044	29.3
1278	-0.000000	130.695742	0.000000	28.1
1279	-0.000000	130.638910	0.000000	28.9
1280	-0.602466	130.582143	0.006090	29.3
1281	-0.874143	130.525442	0.005288	28.6
1282	-0.462616	130.468807	0.004419	29.5
1283	-0.796641	130.412237	0.005256	29.0
1284	-0.000000	130.355733	0.000000	29.5
1285	-0.000000	130.299294	0.000000	30.4
1286	-0.307355	130.242920	0.004396	29.1
1287	-0.996303	130.186611	0.006102	28.1
1288	-0.020793	130.130366	0.001150	28.8
1289	-0.000000	130.074187	0.000000	27.5
1290	-0.000000	130.018072	0.000000	29.5
1291	-0.154083	129.962022	0.001653	27.0
1292	-0.205948	129.906036	0.002848	29.0
1293	-0.000000	129.850114	0.000000	28.6
1294	-0.023607	129.794257	0.001455	27.6
1295	-0.827224	129.738463	0.006602	29.3
1296	-0.768349	129.682734	0.007151	29.1
1297	-0.099449	129.627068	0.001571	29.0
1298	-0.378803	129.571466	0.002967	28.5
1299	-0.281030	129.515927	0.003519	29.3
1300	-0.137923	129.460452	0.001728	29.3
1301	-0.052004	129.405040	0.001663	30.4
1302	-0.702091	129.349692	0.007592	28.7
1303	-0.833594	129.294406	0.004821	28.9
1304	-0.926064	129.239183	0.005812	30.1
1305	-0.660115	129.184024	0.003619	29.7
1306	-0.032452	129.128927	0.000708	29.8
1307	-0.676211	129.073892	0.005004	33.9
1308	-0.465343	129.018921	0.005553	30.6
1309	-0.645428	128.964011	0.007068	29.0
1310	-0.648991	128.909164	0.005439	28.5
1311	-0.758578	128.854379	0.005912	28.5
1312	-0.035527	128.799656	0.001297	28.6
1313	-0.000000	128.744995	0.000000	29.5
1314	-0.000000	128.690396	0.000000	28.6
1315	-0.509595	128.635858	0.003680	28.2
1316	-0.191917	128.581382	0.003306	28.5
1317	-0.636831	128.526968	0.007848	28.3
1318	-0.702157	128.472615	0.004530	30.5
1319	-0.001428	128.418323	0.000210	31.3
1320	-0.725329	128.364092	0.005935	31.3
1321	-0.491330	128.309922	0.005148	30.3
1322	-0.058247	128.255814	0.001664	30.8
1323	-0.669265	128.201766	0.004380	29.6
1324	-0.008037	128.147778	0.000168	28.7
1325	-0.231915	128.093852	0.003279	29.1
1326	-0.587787	128.039985	0.007205	31.1
1327	-0.000000	127.986180	0.000000	29.1
1328	-0.418051	127.932434	0.005461	30.3
1329	-0.562270	127.878749	0.006335	31.1
1330	-0.000094	127.825123	0.000018	29.7
1331	-0.000000	127.771558	0.000000	30.3
1332	-0.000000	127.718052	0.000000	29.6
1333	-0.000000	127.664606	0.000000	28.9
1334	-0.088932	127.611220	0.001987	28.0
1335	-0.426994	127.557893	0.003000	28.5
1336	-0.886453	127.504625	0.006494	29.8
1337	-0.000000	127.451417	0.000000	33.4
1338	-0.730906	127.398268	0.004443	31.5
1339	-0.158491	127.345178	0.001856	30.0
1340	-0.000000	127.292147	0.000000	29.8
1341	-0.352584	127.239175	0.006981	27.5
1342	-0.581252	127.186261	0.005773	29.5
1343	-0.923393	127.133407	0.006545	30.9
1344	-0.000000	127.080610	0.000000	29.1
1345	-0.502217	127.027872	0.004960	27.4
1346	-0.741689	126.975193	0.003939	29.1
1347	-0.588715	126.922572	0.007200	29.7
1348	-0.172031	126.870008	0.001653	30.3
1349	-0.845841	126.817503	0.004499	29.4
1350	-0.963555	126.765056	0.006187	29.0
1351	-0.722021	126.712667	0.006405	29.6
1352	-0.481920	126.660335	0.004400	30.1
1353	-0.498486	126.608061	0.006826	29.0
1354	-0.210976	126.555844	0.003470	28.2
1355	-0.004300	126.503685	0.000000	28.8
1356	-0.102930	126.451583	0.001453	28.9
1357	-0.521971	126.399538	0.004499	28.5
1358	-0.000000	126.347550	0.000000	30.6
1359	-0.531383	126.295619	0.005717	28.6
1360	-0.548133	126.243745	0.006425	30.3
1361	-0.000000	126.191928	0.000000	30.1
1362	-0.000000	126.140168	0.000000	30.2
1363	-0.690171	126.088464	0.007590	28.0
1364	-0.633744	126.036817	0.006982	28.9
1365	-0.000000	125.985226	0.000000	28.5
1366	-0.078573	125.933691	0.004331	29.4
1367	-0.000135	125.882212	0.000084	28.7
1368	-0.006013	125.830790	0.000303	29.4
1369	-0.730871	125.779423	0.006527	29.6
1370	-0.000000	125.728113	0.000000	29.6
1371	-0.000847	125.676858	0.000022	30.6
1372	-0.910443	125.625659	0.005693	28.5
1373	-0.035434	125.574515	0.001509	30.3
1374	-0.678042	125.523427	0.005277	28.5
1375	-0.501986	125.472394	0.003927	30.1
1376	-0.858953	125.421417	0.006930	30.5
1377	-0.556749	125.370495	0.006471	28.7
1378	-0.877038	125.319628	0.005643	30.9
1379	-0.000000	125.268815	0.000000	28.5
1380	-0.122886	125.218058	0.003681	29.3
1381	-0.822584	125.167356	0.005614	30.5
1382	-0.092915	125.116708	0.002052	27.8
1383	-0.582140	125.066115	0.006286	29.0
1384	-0.372996	125.015576	0.003219	27.8
1385	-0.774536	124.965092	0.005049	29.7
1386	-0.749986	124.914662	0.004181	29.0
1387	-0.254552	124.864287	0.005008	30.0
1388	-0.462531	124.813965	0.004632	29.6
1389	-0.013346	124.763698	0.001850	31.4
1390	-0.232779	124.713485	0.004963	29.8
1391	-0.814202	124.663325	0.006218	29.7
1392	-0.000000	124.613219	0.000000	28.8
1393	-0.534675	124.563167	0.005163	28.7
1394	-0.643183	124.513168	0.004668	28.0
1395	-0.614328	124.463223	0.006479	29.7
1396	-0.145843	124.413332	0.001606	29.6
1397	-0.000000	124.363493	0.000000	29.5
1398	-0.538902	124.313708	0.005550	30.2
1399	-0.951586	124.263976	0.006191	30.1
1400	-0.741798	124.214297	0.005095	29.9
1401	-0.000000	124.164671	0.000000	29.2
1402	-0.856506	124.115097	0.006482	27.9
1403	-0.342198	124.065577	0.003836	29.9
1404	-0.000000	124.016109	0.000000	30.4
1405	-0.464866	123.966693	0.004836	30.5
1406	-0.743553	123.917330	0.005900	29.3
1407	-0.635480	123.868020	0.006061	31.4
1408	-0.000000	123.818762	0.000000	28.8
1409	-0.780709	123.769556	0.005961	29.7
1410	-0.489623	123.720402	0.002976	28.5
1411	-0.840261	123.671300	0.007408	29.3
1412	-0.513523	123.622250	0.005888	28.7
1413	-0.000000	123.573252	0.000000	29.4
1414	-0.000000	123.524305	0.000000	30.3
1415	-0.067057	123.475411	0.002909	28.5
1416	-0.395810	123.426568	0.006228	28.2
1417	-0.452910	123.377776	0.005094	27.5
1418	-0.635593	123.329036	0.004994	29.9
1419	-0.512942	123.280347	0.005589	28.9
1420	-0.002298	123.231709	0.002448	28.4
1421	-0.866828	123.183122	0.005754	33.3
1422	-0.000000	123.134587	0.000000	29.9
1423	-0.000000	123.086102	0.000000	30.0
1424	-0.154626	123.037669	0.001890	29.6
1425	-0.737361	122.989286	0.006014	30.9
1426	-0.867258	122.940954	0.007471	30.0
1427	-0.841703	122.892672	0.005620	28.7
1428	-0.767814	122.844441	0.005255	27.9
1429	-0.345609	122.796261	0.002912	30.6
1430	-0.652360	122.748130	0.005494	29.0
1431	-0.763587	122.700050	0.005597	29.1
1432	-0.764194	122.652021	0.005505	27.8
1433	-0.000000	122.604041	0.000000	30.3
1434	-0.751470	122.556111	0.004781	30.3
1435	-0.704993	122.508232	0.004351	28.9
1436	-0.823650	122.460402	0.004300	29.4
1437	-0.202861	122.412622	0.005896	29.0
1438	-0.000000	122.364891	0.000000	29.6
1439	-0.354816	122.317210	0.005266	28.9
1440	-0.000000	122.269579	0.000000	29.6
1441	-0.000000	122.221997	0.000000	30.4
1442	-0.000238	122.174465	0.000065	29.7
1443	-0.361806	122.126981	0.004406	29.6
1444	-0.629547	122.079547	0.005654	29.2
1445	-0.341374	122.032162	0.005488	30.1
1446	-0.052614	121.984826	0.002308	27.4
1447	-0.397457	121.937539	0.004074	28.8
1448	-0.000000	121.890301	0.000000	34.1
1449	-0.000395	121.843112	0.000479	31.5
1450	-0.084499	121.795971	0.002402	31.0
1451	-0.305661	121.748879	0.004488	30.0
1452	-0.560703	121.701835	0.006350	30.4
1453	-0.771977	121.654840	0.006767	28.2
1454	-0.030484	121.607893	0.000203	31.1
1455	-0.065923	121.560994	0.001117	28.3
1456	-0.000000	121.514144	0.000000	30.1
1457	-0.000015	121.467342	0.000009	29.3
1458	-0.806475	121.420588	0.008448	29.8
1459	-0.401739	121.373882	0.005299	29.4
1460	-0.888580	121.327223	0.005557	30.8
1461	-0.511748	121.280613	0.003998	30.0
1462	-0.000000	121.234050	0.000000	30.4
1463	-0.664746	121.187535	0.003673	28.7
1464	-0.000000	121.141067	0.000000	29.2
1465	-0.624818	121.094647	0.007425	29.2
1466	-0.656178	121.048274	0.006570	29.3
1467	-0.405199	121.001949	0.006834	28.6
1468	-0.443404	120.955671	0.003229	29.3
1469	-0.729710	120.909440	0.004733	28.9
1470	-0.000000	120.863256	0.000000	33.1
1471	-0.000000	120.817119	0.000000	30.6
1472	-0.866037	120.771029	0.006753	32.6
1473	-0.842562	120.724986	0.006216	30.0
1474	-0.702422	120.678990	0.004195	29.9
1475	-0.000000	120.633040	0.000000	27.6
1476	-0.437637	120.587137	0.007065	30.5
1477	-0.006589	120.541281	0.000634	29.2
1478	-0.781012	120.495471	0.005680	29.4
1479	-0.884077	120.449707	0.005511	28.2
1480	-0.704791	120.403990	0.004276	29.5
1481	-0.463397	120.358319	0.004022	29.6
1482	-0.462987	120.312694	0.005085	29.9
1483	-0.648754	120.267115	0.005089	32.6
1484	-0.000000	120.221582	0.000000	30.2
1485	-0.789082	120.176096	0.004160	28.7
1486	-0.704119	120.130655	0.005113	29.5
1487	-0.785158	120.085260	0.007526	29.3
1488	-0.720369	120.039910	0.005232	29.8
1489	-0.959985	119.994606	0.006347	28.1
1490	-0.720504	119.949348	0.005481	27.9
1491	-0.128599	119.904135	0.002420	29.3
1492	-0.816336	119.858968	0.005087	29.4
1493	-0.420350	119.813846	0.003568	28.6
1494	-0.685354	119.768769	0.004501	28.3
1495	-0.530318	119.723738	0.003391	29.4
1496	-0.780617	119.678752	0.005344	29.7
1497	-0.257833	119.633810	0.003732	28.9
1498	-0.002563	119.588914	0.000234	28.1
1499	-0.800613	119.544062	0.005916	29.1
1500	-0.480208	119.499256	0.005386	27.7
1501	-0.902284	119.454494	0.006043	29.6
1502	-0.007977	119.409777	0.000063	29.8
1503	-0.869531	119.365104	0.005789	28.5
1504	-0.866393	119.320476	0.005875	28.8
1505	-0.953110	119.275893	0.004985	28.4
1506	-0.317681	119.231353	0.005019	27.4
1507	-0.968381	119.186859	0.007498	30.0
1508	-0.622291	119.142408	0.005628	29.6
1509	-0.501744	119.098002	0.004593	28.9
1510	-0.000000	119.053639	0.000000	28.8
1511	-0.058654	119.009321	0.001073	29.5
1512	-0.859692	118.965047	0.005892	29.1
1513	-0.041386	118.920816	0.002914	28.8
1514	-0.709995	118.876630	0.005668	26.7
1515	-0.967702	118.832487	0.007070	29.0
1516	-0.742444	118.788388	0.005093	29.1
1517	-0.109244	118.744332	0.001370	28.2
1518	-0.115519	118.700320	0.003542	28.1
1519	-0.000000	118.656352	0.000000	33.7
1520	-0.290620	118.612427	0.004135	27.3
1521	-0.000000	118.568545	0.000000	29.5
1522	-0.004048	118.524706	0.000117	28.0
1523	-0.000025	118.480911	0.000010	29.1
1524	-0.885921	118.437159	0.006463	29.1
1525	-0.000000	118.393450	0.000000	29.1
1526	-0.009665	118.349784	0.002788	29.2
1527	-1.022087	118.306160	0.006890	28.3
1528	-0.231959	118.262580	0.003090	28.6
1529	-0.730145	118.219042	0.004982	29.8
1530	-0.000000	118.175548	0.000000	29.2
1531	-0.738903	118.132095	0.006863	27.7
1532	-0.006126	118.088686	0.000110	29.1
1533	-0.000800	118.045319	0.000169	29.5
1534	-1.042118	118.001994	0.007555	28.5
1535	-0.000295	117.958712	0.000009	28.8
1536	-0.452384	117.915472	0.003763	28.8
1537	-0.916364	117.872274	0.005682	28.5
1538	-0.388415	117.829118	0.005620	29.3
1539	-0.000000	117.786005	0.000000	28.8
1540	-0.917358	117.742933	0.005674	30.0
1541	-0.144727	117.699904	0.003096	29.5
1542	-0.881374	117.656916	0.005182	29.5
1543	-0.550765	117.613971	0.004694	28.9
1544	-0.388783	117.571067	0.004018	29.1
1545	-0.000000	117.528205	0.000000	29.0
1546	-0.784334	117.485384	0.004986	29.5
1547	-0.741698	117.442605	0.007107	28.8
1548	-0.391079	117.399867	0.004284	27.5
1549	-0.821419	117.357171	0.005910	29.4
1550	-0.000000	117.314517	0.000000	29.1
1551	-0.005857	117.271903	0.000139	28.8
1552	-0.826310	117.229331	0.006415	27.2
1553	-0.004193	117.186800	0.000246	29.2
1554	-0.915620	117.144311	0.006684	29.8
1555	-0.309927	117.101862	0.003558	31.2
1556	-0.717647	117.059454	0.004752	28.3
1557	-0.000000	117.017087	0.000000	29.2
1558	-0.697432	116.974762	0.005653	28.9
1559	-0.714992	116.932476	0.006878	30.0
1560	-0.864381	116.890232	0.006785	28.2
1561	-0.000000	116.848028	0.000000	28.6
1562	-0.790048	116.805865	0.003836	28.1
1563	-0.003719	116.763743	0.000122	30.1
1564	-0.480881	116.721661	0.005750	29.0
1565	-0.000557	116.679619	0.000082	29.6
1566	-0.621338	116.637618	0.006267	28.9
1567	-0.874195	116.595657	0.004255	28.5
1568	-0.290180	116.553736	0.005191	27.7
1569	-0.904405	116.511855	0.005675	28.6
1570	-0.711084	116.470015	0.005696	28.5
1571	-0.693256	116.428214	0.006469	30.9
1572	-0.000000	116.386454	0.000000	29.2
1573	-0.913165	116.344733	0.005064	29.7
1574	-0.000000	116.303052	0.000000	28.4
1575	-0.687019	116.261412	0.004437	29.2
1576	-0.640722	116.219810	0.004521	29.4
1577	-0.357705	116.178249	0.003425	29.1
1578	-0.944645	116.136727	0.005164	28.2
1579	-0.007553	116.095245	0.001178	29.5
1580	-0.567412	116.053802	0.003833	29.8
1581	-0.525707	116.012398	0.005754	28.9
1582	-0.861147	115.971034	0.005249	27.8
1583	-0.000000	115.929710	0.000000	28.8
1584	-0.000000	115.888424	0.000000	29.2
1585	-0.000000	115.847178	0.000000	27.7
1586	-0.542133	115.805970	0.005170	28.7
1587	-0.136824	115.764802	0.002787	27.9
1588	-0.504949	115.723673	0.004742	29.3
1589	-0.025314	115.682583	0.001738	28.9
1590	-0.244898	115.641532	0.002383	30.0
1591	-0.002579	115.600519	0.001521	28.5
1592	-0.000000	115.559546	0.000000	28.3
1593	-0.804305	115.518610	0.006557	28.3
1594	-0.000000	115.477714	0.000000	28.8
1595	-0.241386	115.436856	0.003174	28.1
1596	-0.177671	115.396037	0.003773	29.8
1597	-0.818451	115.355256	0.003865	28.5
1598	-0.678858	115.314514	0.006304	29.4
1599	-0.345216	115.273810	0.003939	29.4
1600	-0.395578	115.233144	0.004347	28.5
1601	-0.425523	115.192517	0.007537	28.9
1602	-0.843824	115.151927	0.004660	27.7
1603	-0.600099	115.111376	0.005465	29.4
1604	-0.000000	115.070863	0.000000	27.6
1605	-0.680374	115.030388	0.005216	29.6
1606	-0.642675	114.989951	0.007170	28.8
1607	-0.843130	114.949551	0.004832	28.6
1608	-0.197734	114.909190	0.002996	28.5
1609	-1.022411	114.868866	0.007378	26.9
1610	-0.624250	114.828580	0.006582	29.3
1611	-0.758863	114.788332	0.004543	30.7
1612	-0.520998	114.748121	0.003845	30.6
1613	-0.835731	114.707948	0.006261	29.0
1614	-0.710152	114.667812	0.005187	30.0
1615	-0.680286	114.627714	0.007747	29.3
1616	-0.479107	114.587653	0.004292	29.8
1617	-0.868071	114.547629	0.005710	29.3
1618	-0.160672	114.507643	0.003518	28.2
1619	-0.308267	114.467693	0.004731	28.8
1620	-0.852182	114.427781	0.006731	28.7
1621	-0.499703	114.387907	0.004050	30.5
1622	-0.939627	114.348069	0.005310	28.8
1623	-0.890520	114.308268	0.007429	29.1
1624	-0.000000	114.268504	0.000000	28.0
1625	-0.869058	114.228777	0.005124	30.3
1626	-0.934096	114.189086	0.005549	30.9
1627	-0.720099	114.149433	0.005939	29.3
1628	-0.001370	114.109816	0.000275	29.7
1629	-0.951212	114.070235	0.007982	26.6
1630	-0.723356	114.030692	0.004602	29.2
1631	-0.765956	113.991185	0.005148	27.9
1632	-0.954406	113.951714	0.006196	28.4
1633	-0.522045	113.912280	0.003802	28.8
1634	-0.000000	113.872882	0.000000	28.7
1635	-0.382687	113.833521	0.003783	28.0
1636	-0.455286	113.794195	0.005144	29.1
1637	-0.756002	113.754906	0.005338	29.9
1638	-0.000006	113.715653	0.000005	30.3
1639	-0.907168	113.676437	0.006070	28.7
1640	-0.943701	113.637256	0.005280	28.8
1641	-0.815306	113.598111	0.007370	28.8
1642	-0.747609	113.559002	0.006081	29.8
1643	-0.324284	113.519929	0.005418	28.3
1644	-0.663113	113.480892	0.006393	28.1
1645	-0.000097	113.441891	0.000085	27.8
1646	-0.000000	113.402925	0.000000	30.2
1647	-0.780640	113.363995	0.005728	28.5
1648	-0.880432	113.325101	0.005499	29.1
1649	-0.022633	113.286242	0.002754	29.2
1650	-0.456043	113.247419	0.004650	29.4
1651	-0.000000	113.208631	0.000000	29.6
1652	-0.588565	113.169879	0.005086	28.1
1653	-0.876687	113.131162	0.004958	29.5
1654	-0.606543	113.092480	0.003976	28.1
1655	-0.645539	113.053833	0.006160	29.9
1656	-0.000000	113.015222	0.000000	27.9
1657	-0.000000	112.976646	0.000000	29.1
1658	-0.643428	112.938105	0.006597	28.6
1659	-0.024653	112.899599	0.000879	29.2
1660	-0.813032	112.861128	0.005293	28.2
1661	-0.898113	112.822692	0.006187	29.2
1662	-0.000000	112.784291	0.000000	32.7
1663	-0.624021	112.745924	0.007330	29.5
1664	-0.236693	112.707593	0.002745	28.5
1665	-0.509793	112.669296	0.006788	28.9
1666	-0.908167	112.631034	0.006204	27.9
1667	-0.112681	112.592806	0.001551	29.0
1668	-0.713602	112.554613	0.005674	29.1
1669	-0.791249	112.516455	0.004880	28.5
1670	-0.829496	112.478331	0.005306	29.1
1671	-0.612443	112.440241	0.006966	28.7
1672	-0.314265	112.402186	0.003737	30.1
1673	-0.779088	112.364165	0.006212	28.7
1674	-0.424549	112.326179	0.005311	29.0
1675	-0.248024	112.288227	0.003128	28.1
1676	-0.450399	112.250309	0.005237	29.0
1677	-0.825141	112.212425	0.006682	28.2
1678	-0.497006	112.174575	0.004119	27.0
1679	-0.779874	112.136759	0.005095	29.2
1680	-0.000000	112.098977	0.000000	28.9
1681	-0.859418	112.061229	0.005782	29.9
1682	-0.738729	112.023515	0.003740	27.7
1683	-0.393115	111.985834	0.005543	29.6
1684	-0.912739	111.948188	0.005896	30.2
1685	-0.975771	111.910575	0.007517	29.3
1686	-0.125146	111.872996	0.002049	30.4
1687	-0.000000	111.835450	0.000000	29.1
1688	-0.513306	111.797939	0.004935	29.6
1689	-0.509804	111.760460	0.005354	29.3
1690	-0.752265	111.723015	0.006451	28.4
1691	-0.052482	111.685604	0.003079	28.2
1692	-0.000000	111.648226	0.000000	28.8
1693	-0.751480	111.610881	0.004330	29.4
1694	-0.624314	111.573570	0.004568	29.7
1695	-0.677689	111.536292	0.006599	27.7
1696	-0.087762	111.499047	0.001840	28.8
1697	-0.000000	111.461835	0.000000	29.9
1698	-0.776506	111.424656	0.004073	29.8
1699	-0.549823	111.387510	0.004519	30.7
1700	-0.866800	111.350398	0.004799	29.4
1701	-0.465101	111.313318	0.006102	29.1
1702	-0.000000	111.276271	0.000000	29.2
1703	-0.000000	111.239257	0.000000	28.9
1704	-0.690456	111.202276	0.005586	28.0
1705	-1.041139	111.165328	0.007199	29.1
1706	-0.150217	111.128412	0.002456	29.5
1707	-0.046882	111.091529	0.001334	30.4
1708	-0.000000	111.054679	0.000000	29.5
1709	-0.658419	111.017861	0.005979	29.3
1710	-0.687682	110.981076	0.006830	27.4
1711	-0.000000	110.944323	0.000000	30.0
1712	-0.036083	110.907603	0.001143	28.3
1713	-0.814893	110.870915	0.005543	27.5
1714	-1.014973	110.834259	0.004917	28.7
1715	-0.000000	110.797636	0.000000	29.3
1716	-0.825162	110.761045	0.004985	28.5
1717	-0.489141	110.724486	0.004338	27.8
1718	-0.588002	110.687959	0.005484	29.4
1719	-0.925967	110.651465	0.005141	29.3
1720	-0.000000	110.615002	0.000000	29.0
1721	-0.775277	110.578572	0.005710	28.1
1722	-0.766514	110.542173	0.005754	28.2
1723	-0.000000	110.505807	0.000000	28.4
1724	-0.065792	110.469472	0.001647	28.6
1725	-0.554657	110.433169	0.003485	28.2
1726	-0.632655	110.396898	0.006020	29.5
1727	-0.833390	110.360659	0.008226	28.8
1728	-0.005016	110.324451	0.000230	27.2
1729	-0.727757	110.288276	0.005213	30.3
1730	-0.895664	110.252131	0.005198	27.9
1731	-0.555929	110.216019	0.004857	31.2
1732	-0.876546	110.179937	0.005572	29.4
1733	-0.643308	110.143888	0.005502	28.8
1734	-0.850492	110.107869	0.005558	30.4
1735	-0.368728	110.071882	0.002765	28.5
1736	-0.359750	110.035927	0.005175	28.8
1737	-0.831468	110.000003	0.004748	28.2
1738	-0.804468	109.964110	0.006261	28.2
1739	-0.663893	109.928248	0.005650	29.0
1740	-0.784889	109.892417	0.007450	28.7
1741	-0.014580	109.856618	0.000991	28.2
1742	-0.876353	109.820850	0.007080	29.0
1743	-0.859677	109.785112	0.005657	29.4
1744	-0.000000	109.749406	0.000000	28.6
1745	-0.000000	109.713730	0.000000	28.5
1746	-0.000000	109.678086	0.000000	28.7
1747	-0.401324	109.642472	0.003517	28.8
1748	-0.501745	109.606890	0.003298	29.2
1749	-0.301571	109.571337	0.005592	29.2
1750	-0.921330	109.535816	0.005869	28.6
1751	-0.959949	109.500326	0.006178	29.0
1752	-0.459131	109.464866	0.005110	29.5
1753	-0.000000	109.429436	0.000000	29.2
1754	-0.000000	109.394038	0.000000	28.5
1755	-0.933955	109.358669	0.005671	28.9
1756	-0.813382	109.323331	0.006725	28.5
1757	-0.086041	109.288024	0.001534	28.3
1758	-0.107091	109.252747	0.002976	30.0
1759	-0.680038	109.217501	0.004832	29.1
1760	-0.894589	109.182284	0.007581	29.9
1761	-0.000000	109.147098	0.000000	28.7
1762	-0.899727	109.111942	0.007467	29.3
1763	-0.744978	109.076817	0.006379	27.6
1764	-0.000000	109.041721	0.000000	29.5
1765	-0.913432	109.006656	0.005245	28.7
1766	-0.830179	108.971620	0.005512	29.0
1767	-0.092738	108.936615	0.001823	29.0
1768	-0.355128	108.901640	0.003582	29.3
1769	-0.821246	108.866694	0.005119	30.3
1770	-0.504184	108.831779	0.002933	29.2
1771	-0.819009	108.796893	0.005798	27.8
1772	-0.053846	108.762037	0.002065	30.1
1773	-0.003868	108.727211	0.000183	29.4
1774	-0.961305	108.692415	0.006724	28.8
1775	-0.001929	108.657648	0.000422	29.1
1776	-0.513835	108.622911	0.006165	29.3
1777	-0.842632	108.588203	0.008109	29.7
1778	-0.193153	108.553525	0.004588	28.5
1779	-0.000000	108.518877	0.000000	28.7
1780	-0.002374	108.484258	0.000220	27.1
1781	-0.000000	108.449668	0.000000	30.2
1782	-0.561402	108.415108	0.006748	28.0
1783	-0.218461	108.380578	0.004148	29.1
1784	-0.805034	108.346076	0.006758	29.5
1785	-0.000000	108.311604	0.000000	29.7
1786	-0.459738	108.277161	0.006350	28.3
1787	-0.591434	108.242747	0.003628	28.3
1788	-0.189200	108.208363	0.003570	29.1
1789	-0.663166	108.174007	0.003856	29.5
1790	-0.751643	108.139681	0.004240	28.1
1791	-0.396464	108.105383	0.005431	28.3
1792	-0.030925	108.071115	0.001539	29.5
1793	-0.932204	108.036875	0.006805	29.8
1794	-0.572057	108.002665	0.006106	29.3
1795	-0.000001	107.968483	0.000001	29.5
1796	-0.018057	107.934330	0.000332	29.0
1797	-0.001800	107.900206	0.000202	29.4
1798	-0.608454	107.866111	0.005605	29.6
1799	-0.338170	107.832044	0.003362	28.7
1800	-1.022719	107.798007	0.006784	28.6
1801	-0.000000	107.763997	0.000000	27.7
1802	-0.000000	107.730017	0.000000	29.6
1803	-0.880539	107.696065	0.005084	26.4
1804	-0.768619	107.662141	0.004244	29.0
1805	-0.569464	107.628246	0.005836	28.7
1806	-0.479074	107.594379	0.005173	29.4
1807	-0.944752	107.560541	0.005076	30.4
1808	-0.800538	107.526731	0.004694	27.9
1809	-0.000000	107.492949	0.000000	28.6
1810	-0.000000	107.459196	0.000000	28.4
1811	-0.000000	107.425471	0.000000	30.1
1812	-0.000000	107.391774	0.000000	28.4
1813	-0.752459	107.358106	0.005208	28.5
1814	-0.415609	107.324465	0.005216	29.0
1815	-0.221907	107.290853	0.002866	28.5
1816	-0.526590	107.257268	0.005997	27.8
1817	-0.830197	107.223712	0.006124	28.7
1818	-0.844818	107.190184	0.005191	29.4
1819	-0.000000	107.156683	0.000000	28.7
1820	-0.495997	107.123211	0.006094	29.7
1821	-0.000000	107.089766	0.000000	28.5
1822	-0.447255	107.056349	0.004522	29.4
1823	-0.039056	107.022960	0.000787	29.0
1824	-0.424951	106.989599	0.003469	28.4
1825	-0.000000	106.956265	0.000000	27.4
1826	-0.623650	106.922960	0.006151	29.1
1827	-0.642747	106.889681	0.006298	27.7
1828	-0.812115	106.856431	0.005104	29.2
1829	-0.000243	106.823208	0.000112	29.7
1830	-0.531379	106.790012	0.006612	29.1
1831	-0.461508	106.756844	0.005763	29.5
1832	-0.356380	106.723703	0.005472	28.6
1833	-0.607525	106.690590	0.007407	29.8
1834	-0.000000	106.657505	0.000000	29.3
1835	-0.606351	106.624446	0.004749	30.0
1836	-0.572498	106.591415	0.002771	29.7
1837	-0.422352	106.558411	0.005434	30.9
1838	-0.212866	106.525435	0.005771	29.6
1839	-0.020403	106.492485	0.002148	30.0
1840	-0.751314	106.459563	0.006817	30.9
1841	-0.522401	106.426668	0.007512	31.1
1842	-0.542125	106.393800	0.006878	33.0
1843	-0.914689	106.360959	0.005847	29.9
1844	-0.874056	106.328145	0.006654	32.3
1845	-0.795532	106.295358	0.005533	30.5
1846	-0.036131	106.262598	0.000786	29.8
1847	-0.896107	106.229865	0.007818	28.2
1848	-0.010832	106.197158	0.000536	29.8
1849	-0.000000	106.164479	0.000000	28.4
1850	-0.024497	106.131826	0.001867	29.7
1851	-0.562006	106.099201	0.005028	29.6
1852	-0.580827	106.066602	0.006915	30.3
1853	-0.565261	106.034029	0.008309	30.7
1854	-0.506408	106.001483	0.005009	30.7
1855	-0.604241	105.968964	0.004894	29.7
1856	-0.704297	105.936472	0.005245	29.0
1857	-0.789236	105.904006	0.005378	27.2
1858	-0.908670	105.871566	0.006253	29.5
1859	-0.000164	105.839153	0.000069	28.6
1860	-0.000000	105.806767	0.000000	28.5
1861	-0.085549	105.774407	0.001900	29.3
1862	-0.489262	105.742073	0.005692	28.4
1863	-0.000000	105.709766	0.000000	28.5
1864	-0.052403	105.677485	0.001898	28.7
1865	-0.367307	105.645230	0.004619	27.6
1866	-0.141640	105.613001	0.002826	29.7
1867	-0.529851	105.580799	0.003306	28.9
1868	-0.000000	105.548623	0.000000	31.0
1869	-0.655274	105.516473	0.005024	28.7
1870	-0.648133	105.484349	0.006410	29.0
1871	-0.762903	105.452251	0.004569	28.9
1872	-0.825442	105.420179	0.004376	28.9
1873	-0.922874	105.388133	0.005166	28.9
1874	-0.826823	105.356113	0.007065	28.2
1875	-0.005275	105.324119	0.000472	31.1
1876	-0.000253	105.292151	0.000031	27.9
1877	-0.000000	105.260209	0.000000	35.1
1878	-0.173295	105.228293	0.003646	27.6
1879	-0.695366	105.196402	0.005953	28.9
1880	-0.891695	105.164537	0.005719	29.1
1881	-0.877678	105.132698	0.006073	28.8
1882	-0.713728	105.100885	0.004904	28.0
1883	-0.681041	105.069097	0.005138	29.6
1884	-0.567865	105.037335	0.003602	29.2
1885	-0.779141	105.005598	0.006350	29.2
1886	-0.045958	104.973887	0.002081	28.2
1887	-0.773911	104.942202	0.006231	29.0
1888	-0.316339	104.910542	0.002971	29.5
1889	-0.582162	104.878907	0.006424	29.3
1890	-0.000000	104.847298	0.000000	28.7
1891	-0.295868	104.815715	0.004098	29.1
1892	-0.695095	104.784156	0.004356	28.3
1893	-0.658467	104.752623	0.005903	29.6
1894	-0.356043	104.721116	0.005406	27.9
1895	-0.000027	104.689633	0.000031	29.2
1896	-0.911300	104.658176	0.007106	29.9
1897	-0.441285	104.626744	0.005035	29.0
1898	-0.000003	104.595337	0.000002	29.4
1899	-0.819550	104.563955	0.007059	28.1
1900	-0.832085	104.532599	0.006007	30.3
1901	-0.398732	104.501267	0.004798	29.7
1902	-0.846574	104.469960	0.007068	30.2
1903	-0.980262	104.438679	0.006007	29.1
1904	-1.043971	104.407422	0.007235	28.8
1905	-0.568793	104.376191	0.005357	28.4
1906	-0.106326	104.344984	0.001614	30.1
1907	-0.471052	104.313802	0.003979	29.8
1908	-0.576354	104.282645	0.004567	30.2
1909	-0.645207	104.251513	0.004553	30.6
1910	-0.000000	104.220405	0.000000	28.4
1911	-0.000000	104.189323	0.000000	29.5
1912	-0.276236	104.158265	0.003412	29.7
1913	-0.000000	104.127231	0.000000	29.6
1914	-0.000000	104.096222	0.000000	28.7
1915	-0.000000	104.065238	0.000000	28.4
1916	-0.411745	104.034279	0.005425	29.3
1917	-0.343122	104.003344	0.003750	28.7
1918	-0.000000	103.972433	0.000000	27.8
1919	-0.002366	103.941547	0.000222	28.8
1920	-0.038708	103.910686	0.001049	29.0
1921	-0.000000	103.879849	0.000000	29.9
1922	-0.435958	103.849036	0.005664	29.3
1923	-0.638603	103.818248	0.006025	29.2
1924	-0.160643	103.787484	0.001895	29.3
1925	-0.663857	103.756744	0.005527	28.2
1926	-0.000000	103.726029	0.000000	28.4
1927	-0.046879	103.695338	0.001260	27.4
1928	-0.699349	103.664671	0.003796	29.6
1929	-0.773393	103.634028	0.004532	26.9
1930	-1.000770	103.603409	0.006831	28.7
1931	-0.989485	103.572814	0.005663	29.4
1932	-0.011901	103.542244	0.000305	28.4
1933	-0.017209	103.511698	0.000136	29.8
1934	-0.000000	103.481175	0.000000	27.0
1935	-0.237101	103.450677	0.003528	30.3
1936	-0.672218	103.420202	0.004713	28.1
1937	-0.000000	103.389752	0.000000	32.0
1938	-0.354928	103.359325	0.004766	29.8
1939	-0.000000	103.328922	0.000000	29.1
1940	-0.005118	103.298543	0.000208	28.6
1941	-0.946839	103.268188	0.005159	28.8
1942	-0.902084	103.237857	0.005259	27.6
1943	-0.046499	103.207549	0.002068	28.3
1944	-0.958905	103.177265	0.005718	28.9
1945	-0.448650	103.147005	0.004039	29.0
1946	-0.045665	103.116768	0.000785	28.6
1947	-0.004129	103.086556	0.000000	29.9
1948	-0.162907	103.056366	0.002383	30.8
1949	-0.000000	103.026200	0.000000	28.7
1950	-0.637197	102.996058	0.004874	28.5
1951	-0.577195	102.965939	0.004008	28.5
1952	-0.496424	102.935844	0.005558	28.8
1953	-0.000000	102.905772	0.000000	29.8
1954	-0.515113	102.875724	0.004666	28.0
1955	-0.579788	102.845699	0.004765	29.0
1956	-0.518761	102.815697	0.003260	29.6
1957	-0.307084	102.785719	0.004528	29.6
1958	-0.824828	102.755764	0.006820	28.9
1959	-0.000000	102.725832	0.000000	26.9
1960	-0.950952	102.695924	0.006548	29.3
1961	-0.002948	102.666038	0.000304	29.4
1962	-0.915780	102.636176	0.005579	29.4
1963	-0.595179	102.606337	0.004970	28.4
1964	-0.861500	102.576521	0.004998	29.7
1965	-0.031825	102.546728	0.000353	28.9
1966	-0.274682	102.516959	0.003397	28.1
1967	-0.784469	102.487212	0.006561	27.4
1968	-0.000000	102.457488	0.000000	28.1
1969	-0.897459	102.427788	0.004939	30.0
1970	-0.732201	102.398110	0.004259	27.4
1971	-0.000000	102.368455	0.000000	28.6
1972	-0.833084	102.338823	0.004788	29.3
1973	-0.604509	102.309214	0.006852	29.7
1974	-0.689433	102.279628	0.005940	28.6
1975	-0.001161	102.250064	0.000201	28.1
1976	-0.524651	102.220524	0.005315	28.2
1977	-0.704619	102.191006	0.005306	29.9
1978	-0.875987	102.161511	0.005263	29.2
1979	-0.000000	102.132038	0.000000	29.6
1980	-0.000029	102.102588	0.000005	29.7
1981	-0.456393	102.073161	0.005945	29.0
1982	-0.000000	102.043757	0.000000	30.6
1983	-0.963361	102.014375	0.006133	34.1
1984	-0.000000	101.985015	0.000000	28.6
1985	-0.002624	101.955678	0.000266	27.6
1986	-0.857467	101.926364	0.006355	29.3
1987	-0.000000	101.897072	0.000000	28.2
1988	-0.007060	101.867802	0.001199	28.0
1989	-0.165875	101.838555	0.002699	29.4
1990	-0.017840	101.809330	0.000672	30.5
1991	-0.000001	101.780128	0.000001	29.3
1992	-1.020719	101.750948	0.006848	28.8
1993	-0.000000	101.721790	0.000000	28.4
1994	-0.006604	101.692654	0.000176	29.6
1995	-0.739491	101.663541	0.006914	28.3
1996	-0.686436	101.634450	0.006351	28.4
1997	-0.000000	101.605381	0.000000	28.7
1998	-0.728635	101.576335	0.004779	27.7
1999	-0.000000	101.547310	0.000000	29.4
