1:ItNr	2:Metric	3:StepSize	4:||Gradient||	Time[ms]
0	-0.816273	627.201626	0.008683	933.2
1	-0.885489	623.504937	0.009960	7.9
2	-0.000000	619.865785	0.000000	7.3
3	-0.000000	616.282728	0.000000	7.9
4	-0.023543	612.754375	0.001756	7.6
5	-0.603319	609.279381	0.008217	7.8
6	-0.796113	605.856447	0.007352	7.9
7	-0.066862	602.484317	0.002003	7.6
8	-0.772716	599.161779	0.009546	7.9
9	-0.493037	595.887656	0.008773	8.0
10	-0.372274	592.660813	0.008643	8.2
11	-0.092143	589.480151	0.006568	7.8
12	-0.585926	586.344606	0.009130	8.2
13	-0.000000	583.253145	0.000000	7.8
14	-0.000000	580.204771	0.000000	9.1
15	-0.768834	577.198517	0.004725	8.5
16	-1.061522	574.233444	0.010933	8.0
17	-0.446870	571.308645	0.007069	7.6
18	-0.377276	568.423237	0.004799	7.9
19	-0.003668	565.576365	0.000963	8.4
20	-0.000011	562.767201	0.000003	8.1
21	-0.000000	559.994938	0.000000	9.8
22	-0.547178	557.258797	0.005778	7.9
23	-0.707354	554.558018	0.009703	9.7
24	-0.711644	551.891865	0.010245	7.9
25	-0.529542	549.259621	0.008652	9.4
26	-0.936116	546.660592	0.008132	8.1
27	-0.554319	544.094102	0.008678	8.1
28	-0.673305	541.559494	0.008616	8.5
29	-0.359410	539.056129	0.005677	8.1
30	-0.937316	536.583387	0.011676	7.8
31	-0.276968	534.140663	0.004375	8.5
32	-0.948681	531.727370	0.014549	8.1
33	-0.539290	529.342935	0.007478	8.0
34	-0.660784	526.986802	0.006848	7.9
35	-0.732559	524.658430	0.008968	8.2
36	-0.000000	522.357290	0.000000	7.2
37	-0.749133	520.082868	0.009431	9.0
38	-1.023944	517.834665	0.010998	7.7
39	-0.921844	515.612193	0.007079	8.6
40	-0.179321	513.414976	0.005984	7.7
41	-0.784483	511.242551	0.009476	8.1
42	-0.439516	509.094468	0.006605	7.5
43	-0.000000	506.970285	0.000000	8.5
44	-0.836033	504.869574	0.006401	8.0
45	-0.890208	502.791916	0.006600	8.5
46	-0.191140	500.736903	0.004487	8.7
47	-0.000000	498.704137	0.000000	7.9
48	-0.861962	496.693228	0.011215	9.5
49	-0.973853	494.703798	0.011258	8.3
50	-0.086596	492.735476	0.005053	8.7
51	-0.950126	490.787900	0.011392	8.4
52	-0.965210	488.860718	0.008782	8.1
53	-0.181601	486.953585	0.003723	8.7
54	-0.479473	485.066164	0.006606	9.0
55	-0.000000	483.198126	0.000000	9.1
56	-0.941655	481.349149	0.009893	8.7
57	-0.602624	479.518920	0.009058	9.0
58	-0.266399	477.707132	0.006873	8.4
59	-0.625560	475.913485	0.005692	9.3
60	-0.416408	474.137684	0.006616	8.1
61	-0.000000	472.379445	0.000000	8.8
62	-0.949107	470.638485	0.009762	8.4
63	-0.695593	468.914531	0.008642	9.3
64	-0.003590	467.207315	0.000170	8.3
65	-0.401785	465.516573	0.005405	9.3
66	-0.083526	463.842050	0.002444	8.3
67	-0.560547	462.183494	0.006948	8.4
68	-0.488953	460.540658	0.005530	9.1
69	-0.249650	458.913303	0.007022	8.3
70	-0.658192	457.301192	0.007158	9.8
71	-0.000000	455.704096	0.000000	8.4
72	-0.201985	454.121787	0.003885	9.1
73	-0.877633	452.554045	0.010970	7.6
74	-0.269203	451.000653	0.004964	8.6
75	-0.000000	449.461399	0.000000	9.3
76	-0.503252	447.936075	0.007710	12.6
77	-0.000000	446.424477	0.000000	10.6
78	-0.000000	444.926406	0.000000	9.3
79	-0.000000	443.441666	0.000000	7.9
80	-0.393418	441.970065	0.004417	9.6
81	-0.753115	440.511415	0.007591	8.6
82	-0.641026	439.065533	0.008561	8.9
83	-0.512348	437.632238	0.008333	8.3
84	-0.790140	436.211351	0.007979	8.6
85	-0.703755	434.802701	0.012589	8.4
86	-0.000000	433.406117	0.000000	8.1
87	-0.118176	432.021430	0.002887	7.9
88	-0.000000	430.648479	0.000000	8.7
89	-0.178962	429.287101	0.004603	7.8
90	-0.733004	427.937140	0.007980	8.9
91	-0.416860	426.598440	0.006888	8.6
92	-0.881834	425.270849	0.004381	8.4
93	-0.947171	423.954220	0.008495	7.4
94	-0.222763	422.648404	0.005126	8.2
95	-0.011515	421.353259	0.001049	7.5
96	-0.953540	420.068643	0.006242	8.7
97	-0.607173	418.794419	0.007849	8.9
98	-0.268425	417.530451	0.004738	8.2
99	-0.477132	416.276604	0.006363	9.5
100	-0.360422	415.032748	0.008283	8.4
101	-0.726386	413.798754	0.007990	9.2
102	-0.212334	412.574495	0.003053	8.8
103	-0.897584	411.359849	0.004310	8.6
104	-0.000000	410.154691	0.000000	8.0
105	-0.738377	408.958904	0.008981	8.2
106	-0.771655	407.772368	0.008888	8.3
107	-0.316812	406.594968	0.004854	7.9
108	-0.818856	405.426590	0.005295	7.9
109	-0.385692	404.267122	0.007344	8.7
110	-0.301674	403.116456	0.005381	7.8
111	-0.781540	401.974481	0.010318	8.9
112	-0.980007	400.841093	0.010045	8.5
113	-0.927779	399.716187	0.007382	8.5
114	-0.016422	398.599660	0.001231	7.9
115	-0.467983	397.491411	0.005353	10.2
116	-0.014172	396.391342	0.000699	10.0
117	-0.443429	395.299353	0.006945	8.1
118	-0.391073	394.215350	0.004791	9.4
119	-0.618939	393.139238	0.006986	7.8
120	-0.579995	392.070924	0.006911	9.2
121	-0.226437	391.010316	0.003112	8.3
122	-0.053019	389.957325	0.001650	8.2
123	-0.013789	388.911862	0.001072	8.5
124	-0.638135	387.873839	0.007246	8.0
125	-0.358013	386.843173	0.004263	8.8
126	-0.000016	385.819777	0.000016	8.6
127	-0.151004	384.803569	0.004012	9.2
128	-0.185992	383.794468	0.004566	8.3
129	-0.144543	382.792393	0.003466	9.3
130	-0.000000	381.797264	0.000000	8.5
131	-0.000000	380.809005	0.000000	8.8
132	-0.000000	379.827537	0.000000	8.9
133	-0.821461	378.852786	0.009826	8.7
134	-0.939567	377.884678	0.008912	8.1
135	-1.043049	376.923138	0.008035	8.8
136	-0.929456	375.968095	0.013174	8.4
137	-0.255497	375.019479	0.005409	8.8
138	-0.790098	374.077218	0.007468	9.2
139	-0.514757	373.141244	0.006960	8.5
140	-0.484831	372.211489	0.006288	9.7
141	-0.621813	371.287887	0.006875	7.9
142	-0.013354	370.370370	0.002432	9.1
143	-0.008251	369.458876	0.000333	7.6
144	-0.058409	368.553338	0.003071	8.6
145	-0.000000	367.653696	0.000000	8.4
146	-0.000000	366.759885	0.000000	8.4
147	-0.066985	365.871846	0.002446	8.2
148	-0.942111	364.989518	0.008821	8.5
149	-0.943734	364.112841	0.008549	9.5
150	-0.009089	363.241757	0.001016	8.8
151	-0.472091	362.376208	0.006356	9.4
152	-0.701476	361.516137	0.006457	8.7
153	-0.869982	360.661488	0.008276	8.8
154	-0.267488	359.812206	0.004238	8.0
155	-0.554891	358.968236	0.004130	8.3
156	-0.755523	358.129524	0.005272	8.0
157	-0.237889	357.296018	0.006527	8.6
158	-0.000000	356.467665	0.000000	7.9
159	-0.782583	355.644414	0.007141	8.7
160	-0.298246	354.826213	0.003822	8.1
161	-0.000027	354.013012	0.000014	8.8
162	-0.000000	353.204763	0.000000	7.5
163	-0.004446	352.401415	0.000453	8.7
164	-0.281508	351.602922	0.001832	7.6
165	-0.736040	350.809235	0.007948	10.3
166	-0.726760	350.020308	0.006100	10.3
167	-0.614026	349.236095	0.005350	8.1
168	-0.532337	348.456550	0.006241	9.1
169	-0.567878	347.681627	0.006548	8.5
170	-0.893124	346.911283	0.007135	8.2
171	-0.948291	346.145474	0.008715	8.3
172	-0.000000	345.384157	0.000000	8.2
173	-0.508770	344.627288	0.004340	8.0
174	-0.500808	343.874826	0.006377	8.8
175	-0.359158	343.126729	0.004022	8.3
176	-0.000000	342.382957	0.000000	8.4
177	-0.952123	341.643469	0.011941	7.9
178	-0.530702	340.908224	0.006747	8.9
179	-0.979232	340.177184	0.007539	8.8
180	-0.430201	339.450309	0.004236	8.1
181	-0.000000	338.727561	0.000000	8.2
182	-0.229998	338.008902	0.004307	8.1
183	-0.971110	337.294295	0.006449	9.4
184	-0.466242	336.583703	0.006587	8.0
185	-0.946718	335.877089	0.009449	9.2
186	-0.000000	335.174416	0.000000	7.9
187	-0.940091	334.475651	0.005174	9.2
188	-0.790248	333.780756	0.007508	7.9
189	-0.792796	333.089698	0.008650	7.8
190	-0.251321	332.402443	0.003222	8.2
191	-0.000000	331.718955	0.000000	8.6
192	-0.629612	331.039203	0.011460	8.7
193	-0.000000	330.363153	0.000000	12.0
194	-0.700343	329.690771	0.007901	9.8
195	-0.441504	329.022027	0.011167	8.1
196	-0.057369	328.356888	0.000978	8.4
197	-0.346059	327.695322	0.003973	8.1
198	-0.000000	327.037299	0.000000	8.4
199	-0.595648	326.382787	0.011210	8.4
200	-0.460091	325.731758	0.005571	8.8
201	-0.000000	325.084179	0.000000	8.3
202	-0.645426	324.440023	0.005219	8.4
203	-0.387146	323.799258	0.005065	8.1
204	-0.733352	323.161858	0.009260	8.2
205	-0.412076	322.527792	0.005928	9.1
206	-0.942980	321.897034	0.009794	8.3
207	-0.520034	321.269554	0.006703	9.9
208	-0.782372	320.645325	0.005732	8.0
209	-0.039234	320.024320	0.001763	9.4
210	-0.991132	319.406512	0.007210	7.8
211	-0.000155	318.791875	0.000070	8.8
212	-0.001481	318.180381	0.000223	8.9
213	-0.209419	317.572005	0.006958	9.5
214	-0.664835	316.966721	0.003936	9.2
215	-0.000000	316.364504	0.000000	8.1
216	-0.164926	315.765329	0.002746	10.0
217	-0.469930	315.169170	0.005634	8.5
218	-0.000000	314.576003	0.000000	8.6
219	-0.367369	313.985804	0.005314	9.0
220	-0.793277	313.398548	0.006298	8.8
221	-0.969186	312.814213	0.006645	8.0
222	-0.196160	312.232773	0.005021	9.0
223	-0.010702	311.654207	0.000961	9.0
224	-0.000000	311.078491	0.000000	9.0
225	-0.519090	310.505602	0.005911	9.8
226	-0.827272	309.935518	0.007847	7.9
227	-0.004179	309.368217	0.000470	11.2
228	-0.597167	308.803676	0.003881	8.1
229	-0.106042	308.241874	0.002484	8.8
230	-0.000000	307.682789	0.000000	9.3
231	-0.591022	307.126400	0.006368	8.2
232	-0.686471	306.572687	0.009249	8.9
233	-0.861631	306.021627	0.012146	7.9
234	-0.000000	305.473201	0.000000	9.5
235	-0.000006	304.927388	0.000002	8.2
236	-0.746773	304.384168	0.005318	8.9
237	-0.749613	303.843521	0.006351	8.6
238	-0.593641	303.305427	0.008543	8.3
239	-0.532677	302.769867	0.005441	8.6
240	-0.530767	302.236821	0.009398	9.3
241	-0.935675	301.706270	0.006672	9.5
242	-0.662339	301.178196	0.007118	8.5
243	-0.947878	300.652580	0.008126	10.5
244	-0.884538	300.129402	0.006820	7.9
245	-0.008875	299.608645	0.000723	9.8
246	-0.835476	299.090291	0.010503	9.1
247	-0.034495	298.574321	0.002568	8.1
248	-0.716337	298.060718	0.009027	8.4
249	-0.406996	297.549465	0.004725	8.7
250	-0.504277	297.040543	0.004141	8.9
251	-0.456030	296.533936	0.004868	8.1
252	-0.417698	296.029626	0.004739	9.0
253	-0.097073	295.527597	0.000828	8.0
254	-0.142595	295.027832	0.004470	9.5
255	-0.394251	294.530315	0.004920	7.9
256	-0.000000	294.035028	0.000000	8.9
257	-0.226614	293.541956	0.002489	7.7
258	-0.799622	293.051083	0.009811	8.7
259	-0.000000	292.562393	0.000000	8.1
260	-0.930073	292.075870	0.008798	8.3
261	-0.803470	291.591498	0.006682	8.1
262	-0.880589	291.109263	0.005728	8.4
263	-0.576994	290.629149	0.006064	7.8
264	-0.000000	290.151140	0.000000	8.2
265	-0.230757	289.675222	0.003806	8.3
266	-0.542483	289.201380	0.006239	8.2
267	-0.000000	288.729600	0.000000	7.9
268	-0.327081	288.259866	0.005897	8.5
269	-0.297677	287.792165	0.003500	7.4
270	-0.711701	287.326481	0.005541	8.9
271	-0.000000	286.862802	0.000000	7.6
272	-0.847535	286.401113	0.006385	8.5
273	-0.705988	285.941400	0.007566	7.8
274	-0.003842	285.483649	0.000417	8.7
275	-0.672844	285.027847	0.006181	8.3
276	-0.397999	284.573981	0.005748	8.1
277	-0.552232	284.122037	0.007459	7.6
278	-0.010621	283.672002	0.002268	8.8
279	-0.707373	283.223863	0.006839	9.1
280	-0.904171	282.777607	0.010586	8.0
281	-0.000000	282.333221	0.000000	9.7
282	-0.281085	281.890692	0.004422	8.0
283	-0.000000	281.450008	0.000000	9.5
284	-1.058736	281.011157	0.008457	8.4
285	-0.549388	280.574125	0.005083	8.5
286	-0.698929	280.138901	0.006867	7.8
287	-0.845832	279.705473	0.007440	8.2
288	-0.000000	279.273829	0.000000	8.1
289	-0.122501	278.843956	0.004374	8.0
290	-0.240553	278.415844	0.004485	7.9
291	-0.687596	277.989479	0.007692	8.2
292	-0.115430	277.564851	0.002737	8.0
293	-0.812351	277.141949	0.005979	8.2
294	-0.864114	276.720761	0.006453	8.0
295	-0.382321	276.301275	0.009423	8.2
296	-0.726363	275.883480	0.006302	7.8
297	-0.000000	275.467366	0.000000	8.4
298	-0.000000	275.052922	0.000000	7.8
299	-0.875264	274.640136	0.008273	8.8
300	-0.000000	274.228998	0.000000	8.0
301	-0.000000	273.819497	0.000000	8.4
302	-0.013513	273.411623	0.000222	8.0
303	-0.930575	273.005365	0.009195	8.6
304	-1.048559	272.600712	0.013263	7.7
305	-0.451635	272.197655	0.005529	8.5
306	-0.879691	271.796184	0.006673	8.1
307	-0.991457	271.396287	0.012465	11.8
308	-0.000000	270.997956	0.000000	11.3
309	-0.015007	270.601180	0.000721	8.6
310	-0.873375	270.205949	0.006725	7.9
311	-0.876673	269.812254	0.007674	9.3
312	-0.570546	269.420085	0.005697	8.1
313	-0.841768	269.029432	0.009560	9.4
314	-0.014751	268.640287	0.000567	7.8
315	-0.000000	268.252638	0.000000	9.1
316	-0.028164	267.866478	0.001921	8.1
317	-0.402657	267.481796	0.004940	8.6
318	-0.505373	267.098584	0.007135	7.8
319	-0.877841	266.716833	0.005215	8.4
320	-0.063772	266.336533	0.002078	7.7
321	-0.706418	265.957676	0.004818	8.6
322	-0.000000	265.580253	0.000000	7.6
323	-0.000000	265.204254	0.000000	8.4
324	-0.465329	264.829672	0.006894	7.9
325	-0.000000	264.456497	0.000000	8.6
326	-0.000000	264.084721	0.000000	7.7
327	-0.745926	263.714335	0.010190	8.7
328	-0.000000	263.345332	0.000000	7.7
329	-0.784320	262.977702	0.005090	8.3
330	-0.920226	262.611438	0.005766	7.8
331	-0.000001	262.246531	0.000001	8.7
332	-0.110469	261.882973	0.003849	7.6
333	-0.306875	261.520756	0.004695	8.8
334	-0.051006	261.159871	0.003846	8.2
335	-0.000000	260.800312	0.000000	8.0
336	-0.687590	260.442070	0.007892	8.7
337	-0.696718	260.085137	0.005731	8.6
338	-0.486832	259.729505	0.005327	10.4
339	-0.929467	259.375167	0.006675	8.3
340	-0.331213	259.022116	0.004672	9.1
341	-0.425234	258.670343	0.009499	8.9
342	-0.000000	258.319841	0.000000	8.4
343	-0.505289	257.970602	0.008439	8.2
344	-0.001572	257.622620	0.000261	8.5
345	-0.000000	257.275887	0.000000	7.8
346	-0.323168	256.930396	0.004295	8.3
347	-0.582437	256.586139	0.006951	7.9
348	-0.000000	256.243109	0.000000	8.2
349	-0.000052	255.901300	0.000011	8.4
350	-0.726558	255.560703	0.007178	8.4
351	-0.000000	255.221313	0.000000	8.1
352	-0.019042	254.883122	0.001938	9.3
353	-0.835873	254.546124	0.006019	7.8
354	-0.829361	254.210311	0.007723	8.4
355	-0.861329	253.875677	0.006855	8.2
356	-0.602730	253.542215	0.005163	7.9
357	-0.353397	253.209918	0.004137	8.6
358	-0.004843	252.878781	0.000482	7.8
359	-0.000000	252.548795	0.000000	9.5
360	-0.668888	252.219956	0.005868	7.6
361	-0.372903	251.892255	0.004882	10.0
362	-0.848453	251.565688	0.006614	7.9
363	-0.512055	251.240247	0.004821	8.5
364	-0.000725	250.915926	0.000161	8.4
365	-0.534799	250.592720	0.007611	8.3
366	-0.774365	250.270621	0.005483	8.5
367	-0.106156	249.949624	0.002511	8.0
368	-0.553710	249.629723	0.007287	8.3
369	-0.000000	249.310911	0.000000	8.8
370	-0.047927	248.993182	0.001300	9.2
371	-0.623706	248.676531	0.006901	9.3
372	-0.535130	248.360952	0.006920	9.1
373	-0.584199	248.046438	0.007097	8.5
374	-0.487279	247.732984	0.005691	8.9
375	-0.000014	247.420584	0.000005	8.2
376	-0.682024	247.109233	0.006597	9.1
377	-0.000000	246.798924	0.000000	7.8
378	-0.018855	246.489652	0.001396	8.7
379	-0.040538	246.181412	0.000969	7.7
380	-0.161750	245.874197	0.002597	8.4
381	-0.736581	245.568002	0.007290	7.7
382	-0.000000	245.262822	0.000000	9.1
383	-0.510380	244.958652	0.006223	8.1
384	-0.776619	244.655485	0.004500	8.4
385	-0.421858	244.353317	0.004657	8.2
386	-0.195133	244.052142	0.004292	8.2
387	-0.977354	243.751955	0.009961	8.6
388	-0.000000	243.452750	0.000000	8.3
389	-0.663227	243.154523	0.011236	8.7
390	-0.805279	242.857268	0.010519	8.0
391	-0.881669	242.560980	0.005370	9.6
392	-0.588841	242.265654	0.005832	8.4
393	-1.071508	241.971285	0.011384	9.3
394	-0.000000	241.677868	0.000000	8.2
395	-0.553825	241.385397	0.006165	8.9
396	-0.016072	241.093869	0.002580	7.9
397	-0.540942	240.803278	0.008049	8.3
398	-0.000000	240.513619	0.000000	7.7
399	-0.927396	240.224887	0.005945	8.9
400	-0.000000	239.937077	0.000000	8.0
401	-0.742367	239.650186	0.006460	8.5
402	-0.977766	239.364207	0.006539	7.7
403	-0.456659	239.079136	0.005026	8.1
404	-0.950116	238.794969	0.006725	7.7
405	-0.070284	238.511701	0.001977	8.6
406	-0.969137	238.229327	0.006158	8.0
407	-0.350383	237.947843	0.004986	8.7
408	-0.699815	237.667244	0.007061	9.8
409	-0.757194	237.387526	0.005923	7.6
410	-0.000000	237.108684	0.000000	9.9
411	-0.434811	236.830714	0.003504	8.2
412	-0.000000	236.553610	0.000000	8.8
413	-0.064718	236.277370	0.001815	8.3
414	-0.000000	236.001989	0.000000	8.4
415	-0.202154	235.727461	0.002660	8.1
416	-0.446705	235.453784	0.005964	8.3
417	-0.000115	235.180952	0.000103	7.9
418	-0.056006	234.908962	0.003239	8.4
419	-0.473284	234.637809	0.006656	8.4
420	-0.359911	234.367488	0.003764	9.7
421	-0.570182	234.097997	0.005217	9.0
422	-0.000803	233.829331	0.000726	7.5
423	-0.883599	233.561485	0.008023	7.4
424	-0.054140	233.294456	0.002029	7.2
425	-0.833589	233.028239	0.006084	7.9
426	-0.686023	232.762831	0.006794	7.9
427	-0.117997	232.498228	0.006368	7.9
428	-0.724229	232.234425	0.007999	7.7
429	-0.985059	231.971419	0.007032	7.9
430	-0.064359	231.709205	0.002080	7.9
431	-0.309630	231.447781	0.004178	7.9
432	-0.931282	231.187141	0.005566	7.6
433	-0.205847	230.927283	0.002834	8.2
434	-0.724727	230.668202	0.003931	8.0
435	-0.449928	230.409895	0.006480	8.4
436	-0.003472	230.152358	0.000024	7.6
437	-0.000000	229.895587	0.000000	8.6
438	-0.447380	229.639578	0.009078	7.9
439	-0.467745	229.384329	0.005510	8.5
440	-0.000000	229.129834	0.000000	7.9
441	-0.713726	228.876091	0.011175	8.5
442	-0.837301	228.623096	0.008228	7.7
443	-0.910062	228.370846	0.007838	8.3
444	-0.000000	228.119336	0.000000	7.8
445	-0.486519	227.868563	0.005549	8.6
446	-0.929126	227.618525	0.010343	8.2
447	-0.000000	227.369216	0.000000	8.4
448	-0.000000	227.120635	0.000000	8.2
449	-0.901125	226.872777	0.005482	10.1
450	-0.626316	226.625638	0.004422	9.2
451	-0.000000	226.379217	0.000000	8.2
452	-0.000179	226.133509	0.000143	10.2
453	-0.000000	225.888510	0.000000	7.8
454	-0.715190	225.644218	0.006028	8.6
455	-0.105440	225.400630	0.004869	8.2
456	-0.877564	225.157741	0.005831	9.5
457	-0.776570	224.915549	0.005845	8.0
458	-0.227246	224.674051	0.004260	8.0
459	-0.729236	224.433242	0.006714	8.9
460	-0.004591	224.193121	0.000587	8.1
461	-0.365701	223.953684	0.005936	8.9
462	-0.911370	223.714927	0.005933	9.0
463	-0.707265	223.476848	0.007118	8.9
464	-0.958580	223.239444	0.004509	7.8
465	-0.000000	223.002710	0.000000	9.7
466	-0.292720	222.766645	0.006348	7.6
467	-0.672130	222.531245	0.008212	9.3
468	-0.414852	222.296508	0.005100	8.1
469	-0.966839	222.062429	0.005238	8.5
470	-0.770013	221.829007	0.005587	8.0
471	-0.806219	221.596238	0.008714	8.6
472	-0.000000	221.364119	0.000000	7.7
473	-0.248963	221.132647	0.003075	8.5
474	-0.962566	220.901820	0.006169	8.6
475	-0.955800	220.671634	0.006428	8.5
476	-0.000009	220.442086	0.000004	9.3
477	-0.055642	220.213174	0.002756	9.1
478	-0.465351	219.984895	0.004931	9.1
479	-0.704762	219.757246	0.007137	8.6
480	-0.577403	219.530224	0.003906	8.7
481	-0.480448	219.303826	0.005800	8.6
482	-0.000000	219.078050	0.000000	9.1
483	-0.714979	218.852893	0.005205	9.3
484	-0.510897	218.628352	0.006718	9.4
485	-1.055624	218.404424	0.010175	8.9
486	-0.000000	218.181106	0.000000	8.2
487	-0.769025	217.958397	0.004759	8.8
488	-0.481823	217.736292	0.005609	7.9
489	-0.569798	217.514790	0.006605	8.5
490	-0.426709	217.293888	0.003093	7.4
491	-0.954102	217.073584	0.006470	8.7
492	-0.730252	216.853873	0.005991	8.1
493	-0.669952	216.634755	0.007044	8.9
494	-0.893994	216.416227	0.007791	8.1
495	-0.903602	216.198285	0.005517	8.8
496	-0.000000	215.980927	0.000000	7.9
497	-0.529865	215.764151	0.006711	8.0
498	-0.093121	215.547955	0.004540	8.3
499	-0.433129	215.332335	0.005561	8.5
500	-0.000000	215.117289	0.000000	8.9
501	-0.004798	214.902815	0.000403	8.1
502	-0.000000	214.688911	0.000000	8.8
503	-0.352717	214.475573	0.003265	9.1
504	-0.487845	214.262800	0.005419	9.4
505	-0.154630	214.050588	0.004290	9.1
506	-0.935670	213.838936	0.006847	8.2
507	-0.573885	213.627842	0.005124	7.7
508	-0.788167	213.417302	0.010240	8.8
509	-0.000000	213.207314	0.000000	7.5
510	-0.811669	212.997877	0.005981	8.9
511	-0.738935	212.788987	0.005811	8.0
512	-0.541686	212.580642	0.006190	8.4
513	-0.000000	212.372841	0.000000	8.0
514	-0.955819	212.165581	0.005732	8.8
515	-0.482450	211.958859	0.003880	8.8
516	-0.349946	211.752673	0.004939	8.0
517	-0.000000	211.547021	0.000000	10.5
518	-0.577063	211.341902	0.003783	8.0
519	-0.000000	211.137311	0.000000	9.7
520	-0.000000	210.933248	0.000000	8.0
521	-0.000000	210.729710	0.000000	8.3
522	-0.027022	210.526695	0.002051	8.2
523	-0.630090	210.324200	0.006601	9.2
524	-0.211930	210.122224	0.002690	8.9
525	-0.115345	209.920765	0.002503	9.1
526	-0.696897	209.719820	0.007417	10.9
527	-0.043427	209.519387	0.000320	9.4
528	-0.016149	209.319463	0.000732	8.7
529	-0.252650	209.120048	0.007684	9.0
530	-0.900484	208.921139	0.005404	8.9
531	-0.363161	208.722733	0.005456	9.7
532	-0.234056	208.524829	0.003504	8.5
533	-0.157512	208.327425	0.003119	10.1
534	-0.836868	208.130518	0.007243	9.2
535	-0.270387	207.934107	0.003130	13.9
536	-0.543670	207.738189	0.004469	9.3
537	-0.000000	207.542762	0.000000	7.8
538	-0.000000	207.347825	0.000000	8.7
539	-0.580149	207.153376	0.006900	8.5
540	-0.314730	206.959412	0.005998	9.0
541	-0.123031	206.765932	0.004152	9.1
542	-0.000000	206.572933	0.000000	8.7
543	-0.044257	206.380414	0.001426	9.8
544	-0.686445	206.188373	0.004314	9.8
545	-0.677928	205.996807	0.007582	9.5
546	-0.000000	205.805716	0.000000	9.2
547	-0.641652	205.615096	0.008045	8.6
548	-0.650378	205.424946	0.007091	9.7
549	-0.933756	205.235265	0.006479	8.4
550	-0.899309	205.046050	0.005572	8.6
551	-0.283084	204.857299	0.004258	8.9
552	-0.000000	204.669011	0.000000	9.0
553	-0.782674	204.481184	0.005391	8.5
554	-0.007204	204.293816	0.001089	8.6
555	-0.000000	204.106905	0.000000	9.2
556	-0.000000	203.920449	0.000000	8.2
557	-0.307191	203.734447	0.002420	10.3
558	-0.829042	203.548896	0.006622	8.4
559	-0.902684	203.363795	0.006815	10.4
560	-0.689288	203.179143	0.006626	8.7
561	-0.000000	202.994937	0.000000	8.5
562	-0.724165	202.811176	0.006979	9.9
563	-0.769734	202.627857	0.005537	9.3
564	-0.339827	202.444980	0.004980	10.0
565	-0.884427	202.262543	0.006670	8.8
566	-0.947864	202.080543	0.009661	9.0
567	-0.728538	201.898979	0.007850	9.5
568	-0.000166	201.717849	0.000072	8.7
569	-0.168794	201.537153	0.004004	9.0
570	-0.925196	201.356887	0.007843	8.2
571	-0.038894	201.177050	0.001218	9.7
572	-0.650683	200.997642	0.004834	8.5
573	-0.789615	200.818659	0.006663	9.5
574	-0.699160	200.640100	0.004922	10.9
575	-0.000000	200.461965	0.000000	8.7
576	-0.751993	200.284250	0.007267	9.6
577	-0.885710	200.106955	0.009020	8.2
578	-0.666260	199.930078	0.006286	8.5
579	-0.754192	199.753617	0.006920	10.3
580	-0.000000	199.577571	0.000000	9.1
581	-0.770094	199.401938	0.005899	10.2
582	-0.600905	199.226717	0.007382	9.1
583	-0.442712	199.051905	0.006337	9.2
584	-0.556891	198.877502	0.007623	10.4
585	-0.755900	198.703506	0.006257	9.9
586	-0.000000	198.529916	0.000000	9.5
587	-0.000000	198.356729	0.000000	9.4
588	-0.987172	198.183944	0.010094	10.0
589	-0.924161	198.011560	0.008568	9.9
590	-0.623148	197.839576	0.005126	8.0
591	-0.000000	197.667989	0.000000	8.6
592	-0.199760	197.496798	0.007533	8.9
593	-0.412840	197.326002	0.005211	9.0
594	-0.731664	197.155600	0.006967	10.9
595	-0.512152	196.985589	0.005576	8.5
596	-0.440145	196.815969	0.005689	9.7
597	-0.423702	196.646738	0.006625	8.9
598	-0.822324	196.477894	0.007148	9.3
599	-0.000055	196.309436	0.000012	8.9
600	-0.351253	196.141363	0.006789	8.2
601	-0.734030	195.973673	0.008721	8.2
602	-0.655233	195.806365	0.005380	7.7
603	-0.002164	195.639437	0.000144	9.1
604	-0.869529	195.472888	0.005813	7.8
605	-0.103584	195.306717	0.002819	8.3
606	-0.000000	195.140922	0.000000	8.4
607	-0.468533	194.975501	0.005446	8.3
608	-0.598312	194.810454	0.007188	9.1
609	-0.431973	194.645779	0.003380	8.6
610	-0.840295	194.481475	0.007012	9.8
611	-0.318609	194.317540	0.004427	9.7
612	-0.346913	194.153973	0.006551	8.4
613	-0.315721	193.990773	0.003992	8.2
614	-0.684644	193.827938	0.005903	9.0
615	-0.006427	193.665467	0.000536	8.5
616	-0.000000	193.503358	0.000000	8.9
617	-0.719765	193.341611	0.004373	9.2
618	-0.591892	193.180224	0.005886	8.4
619	-0.000000	193.019196	0.000000	9.8
620	-0.555558	192.858525	0.005049	8.7
621	-0.729580	192.698210	0.009002	8.9
622	-0.547041	192.538251	0.005892	8.2
623	-0.086038	192.378644	0.002396	8.4
624	-0.739027	192.219391	0.006607	8.0
625	-0.294253	192.060488	0.005026	8.9
626	-0.000000	191.901935	0.000000	7.9
627	-0.969982	191.743730	0.007653	8.6
628	-0.003355	191.585873	0.000647	7.7
629	-0.620644	191.428362	0.005531	9.5
630	-0.000000	191.271196	0.000000	10.7
631	-0.894470	191.114374	0.008643	8.2
632	-0.653750	190.957893	0.005997	10.3
633	-0.228488	190.801755	0.004316	8.9
634	-0.459930	190.645956	0.005565	8.6
635	-0.054624	190.490495	0.001201	8.1
636	-0.398315	190.335373	0.005270	8.4
637	-0.835219	190.180587	0.007430	9.4
638	-0.236410	190.026136	0.005395	9.3
639	-0.226385	189.872019	0.003690	9.0
640	-0.878099	189.718235	0.004423	8.8
641	-0.000000	189.564782	0.000000	8.4
642	-0.685755	189.411661	0.005353	9.3
643	-0.766187	189.258868	0.005015	9.6
644	-0.000113	189.106404	0.000053	9.3
645	-1.006930	188.954267	0.007890	9.3
646	-0.151352	188.802456	0.006257	9.9
647	-0.444213	188.650969	0.003569	7.7
648	-0.083057	188.499807	0.004751	9.5
649	-0.003423	188.348967	0.000546	8.2
650	-0.765803	188.198448	0.009312	8.5
651	-0.614286	188.048250	0.005672	8.4
652	-0.797438	187.898371	0.007923	8.7
653	-0.945469	187.748810	0.007134	8.3
654	-0.331255	187.599566	0.007930	8.8
655	-0.620174	187.450638	0.006841	10.2
656	-0.014893	187.302025	0.001396	7.8
657	-0.354380	187.153725	0.005296	9.5
658	-0.763913	187.005739	0.006361	7.9
659	-0.533619	186.858064	0.005190	9.0
660	-0.000000	186.710699	0.000000	8.7
661	-0.361477	186.563645	0.004130	8.5
662	-0.000000	186.416898	0.000000	8.6
663	-0.676537	186.270459	0.007432	8.1
664	-0.436059	186.124326	0.005849	8.1
665	-0.828975	185.978499	0.006091	8.4
666	-0.000000	185.832976	0.000000	10.2
667	-0.703416	185.687756	0.008526	8.9
668	-0.555571	185.542838	0.006295	9.0
669	-0.000000	185.398222	0.000000	8.8
670	-0.762232	185.253906	0.007267	9.1
671	-0.823000	185.109889	0.004311	8.2
672	-0.435520	184.966170	0.004513	9.0
673	-0.013620	184.822748	0.001089	8.5
674	-0.000000	184.679623	0.000000	8.5
675	-0.490739	184.536792	0.005117	8.1
676	-0.004874	184.394256	0.000787	8.7
677	-0.849603	184.252013	0.005931	8.8
678	-0.664058	184.110062	0.006590	8.8
679	-0.000000	183.968403	0.000000	9.9
680	-0.000000	183.827034	0.000000	8.2
681	-0.000000	183.685954	0.000000	9.1
682	-0.913264	183.545163	0.008043	8.6
683	-0.801535	183.404658	0.004716	8.7
684	-0.860545	183.264441	0.006374	8.0
685	-0.000000	183.124509	0.000000	8.4
686	-0.186051	182.984861	0.004615	8.3
687	-1.010899	182.845497	0.008391	8.1
688	-0.000000	182.706416	0.000000	9.4
689	-0.918661	182.567616	0.008194	8.4
690	-0.969386	182.429098	0.005986	9.7
691	-0.000403	182.290859	0.000096	8.5
692	-0.158940	182.152899	0.004436	9.7
693	-0.096109	182.015217	0.002393	8.7
694	-0.978478	181.877813	0.009566	8.5
695	-0.650790	181.740684	0.007584	8.2
696	-0.549134	181.603832	0.005234	8.6
697	-0.890826	181.467253	0.005585	7.6
698	-0.883790	181.330948	0.006272	9.4
699	-0.742194	181.194916	0.005130	9.7
700	-0.007195	181.059155	0.000891	8.9
701	-0.000000	180.923666	0.000000	9.8
702	-0.490349	180.788446	0.005840	9.3
703	-0.015859	180.653496	0.000346	9.1
704	-0.254817	180.518814	0.003727	9.8
705	-0.885728	180.384399	0.005114	8.6
706	-0.000000	180.250251	0.000000	10.4
707	-0.050546	180.116369	0.001443	8.0
708	-0.000000	179.982752	0.000000	9.8
709	-0.912085	179.849398	0.009723	8.6
710	-0.837867	179.716308	0.007098	9.0
711	-0.682671	179.583480	0.003240	9.8
712	-0.000000	179.450913	0.000000	8.2
713	-0.391277	179.318607	0.008526	10.0
714	-1.003896	179.186561	0.005701	8.7
715	-0.751991	179.054774	0.009085	8.5
716	-0.344599	178.923245	0.003657	8.0
717	-0.015584	178.791973	0.000248	8.5
718	-0.591375	178.660958	0.006864	8.1
719	-0.000000	178.530199	0.000000	10.0
720	-0.929006	178.399694	0.004589	8.2
721	-0.000000	178.269444	0.000000	8.8
722	-0.969014	178.139447	0.006868	8.9
723	-0.129807	178.009702	0.004593	8.9
724	-0.564590	177.880209	0.004529	9.9
725	-0.431337	177.750967	0.005894	8.0
726	-0.877072	177.621975	0.006823	9.5
727	-0.480213	177.493232	0.006085	8.0
728	-0.646295	177.364738	0.006776	8.6
729	-0.289626	177.236492	0.003929	7.8
730	-0.778954	177.108492	0.009656	9.2
731	-0.877090	176.980739	0.006626	8.0
732	-0.410682	176.853231	0.005763	8.1
733	-0.636950	176.725968	0.006390	7.8
734	-0.000011	176.598949	0.000008	8.5
735	-0.580635	176.472173	0.006666	9.2
736	-0.000000	176.345639	0.000000	7.6
737	-0.883813	176.219348	0.004741	8.1
738	-0.916110	176.093296	0.006313	8.3
739	-0.000000	175.967486	0.000000	9.3
740	-0.269384	175.841914	0.004362	9.7
741	-0.742980	175.716581	0.005725	9.1
742	-0.279221	175.591486	0.005017	8.4
743	-0.928793	175.466629	0.007609	8.6
744	-0.562890	175.342008	0.005875	8.4
745	-0.760255	175.217622	0.006317	8.4
746	-0.584049	175.093472	0.005674	8.3
747	-0.213267	174.969556	0.003668	9.3
748	-0.621003	174.845873	0.005308	8.7
749	-0.000000	174.722423	0.000000	8.3
750	-0.000000	174.599206	0.000000	8.3
751	-0.039015	174.476220	0.003078	8.5
752	-0.924018	174.353464	0.007823	10.3
753	-0.334841	174.230939	0.004675	8.1
754	-0.092473	174.108643	0.002324	8.8
755	-0.040115	173.986576	0.002752	7.9
756	-0.961673	173.864737	0.007124	9.8
757	-0.000000	173.743124	0.000000	10.6
758	-0.135852	173.621739	0.004479	10.3
759	-0.724919	173.500579	0.003678	8.3
760	-0.782880	173.379645	0.007479	7.7
761	-0.389118	173.258935	0.005588	8.5
762	-0.033314	173.138449	0.001932	7.8
763	-0.718054	173.018186	0.009496	8.9
764	-0.000000	172.898146	0.000000	7.9
765	-0.012537	172.778327	0.000435	8.0
766	-0.013954	172.658730	0.001151	8.1
767	-0.962092	172.539353	0.006007	8.3
768	-0.000000	172.420196	0.000000	8.7
769	-0.863699	172.301258	0.007506	8.0
770	-0.051348	172.182539	0.002597	8.1
771	-0.729533	172.064037	0.006133	8.3
772	-0.713818	171.945753	0.006804	8.0
773	-0.015543	171.827686	0.001293	9.2
774	-0.699192	171.709834	0.006061	9.0
775	-0.000000	171.592198	0.000000	8.8
776	-0.272116	171.474776	0.003608	9.4
777	-0.588779	171.357568	0.004788	9.1
778	-0.113308	171.240574	0.003051	8.6
779	-0.565719	171.123793	0.006096	7.8
780	-0.322148	171.007223	0.004961	9.3
781	-0.000000	170.890865	0.000000	8.3
782	-0.506290	170.774718	0.005371	8.4
783	-0.951839	170.658782	0.007598	9.5
784	-0.000000	170.543055	0.000000	8.7
785	-0.546402	170.427537	0.006875	9.5
786	-0.858829	170.312227	0.004669	8.1
787	-0.000000	170.197125	0.000000	9.5
788	-0.000000	170.082231	0.000000	8.7
789	-0.008728	169.967543	0.000238	8.4
790	-0.052253	169.853061	0.002478	8.5
791	-0.541089	169.738784	0.005411	8.8
792	-0.512485	169.624713	0.004403	9.0
793	-0.030957	169.510845	0.002504	8.5
794	-0.000276	169.397181	0.000084	9.7
795	-0.142592	169.283720	0.004382	8.9
796	-0.537159	169.170462	0.006267	9.5
797	-0.994681	169.057405	0.006029	8.6
798	-0.512922	168.944549	0.006172	8.9
799	-1.003388	168.831895	0.007746	7.8
800	-0.881991	168.719440	0.005099	9.2
801	-0.811949	168.607185	0.004917	10.0
802	-0.394625	168.495129	0.004941	8.3
803	-0.949384	168.383271	0.007604	9.5
804	-0.452856	168.271611	0.004406	8.4
805	-0.000000	168.160148	0.000000	8.4
806	-0.000000	168.048882	0.000000	8.7
807	-0.876030	167.937812	0.005152	8.3
808	-0.275053	167.826938	0.004698	9.7
809	-0.010303	167.716258	0.001403	8.4
810	-0.879595	167.605773	0.006380	9.3
811	-0.000000	167.495482	0.000000	8.8
812	-0.697978	167.385384	0.006805	8.9
813	-0.328923	167.275479	0.005306	8.2
814	-0.308064	167.165766	0.003919	9.0
815	-0.864130	167.056245	0.006064	8.5
816	-0.755814	166.946915	0.005196	8.9
817	-0.742337	166.837776	0.005467	8.4
818	-0.818927	166.728826	0.006050	9.3
819	-0.119552	166.620067	0.002096	9.6
820	-0.000000	166.511496	0.000000	8.4
821	-0.000000	166.403113	0.000000	9.2
822	-0.767450	166.294919	0.004321	8.2
823	-0.656616	166.186912	0.005967	9.6
824	-0.888170	166.079091	0.005430	8.6
825	-0.820465	165.971458	0.005640	8.5
826	-0.445676	165.864009	0.003873	8.3
827	-0.541816	165.756747	0.005507	8.2
828	-0.514641	165.649669	0.005541	10.0
829	-0.510513	165.542775	0.005843	9.4
830	-0.000000	165.436065	0.000000	9.3
831	-0.608681	165.329538	0.004103	8.7
832	-0.660721	165.223194	0.005807	8.7
833	-0.000000	165.117032	0.000000	8.4
834	-0.772517	165.011052	0.005862	8.7
835	-0.000000	164.905253	0.000000	7.6
836	-0.950196	164.799635	0.007431	9.1
837	-0.506957	164.694197	0.007434	9.3
838	-0.849025	164.588939	0.006818	9.9
839	-0.873732	164.483859	0.004109	10.8
840	-0.000000	164.378959	0.000000	7.8
841	-0.000000	164.274237	0.000000	8.6
842	-0.790309	164.169692	0.004534	8.9
843	-0.000000	164.065325	0.000000	9.1
844	-0.751473	163.961135	0.004828	8.2
845	-0.577897	163.857120	0.006129	8.1
846	-0.000000	163.753282	0.000000	9.6
847	-0.101326	163.649619	0.002792	8.3
848	-0.896261	163.546130	0.005891	9.6
849	-0.000000	163.442816	0.000000	8.1
850	-0.748192	163.339676	0.005928	8.4
851	-0.378975	163.236709	0.005047	8.7
852	-0.826284	163.133915	0.004886	8.7
853	-0.075302	163.031294	0.001481	7.8
854	-0.885561	162.928844	0.009371	8.0
855	-0.633917	162.826566	0.004809	8.1
856	-0.541133	162.724459	0.005671	8.2
857	-0.599081	162.622523	0.006273	7.8
858	-0.000000	162.520757	0.000000	7.9
859	-1.024847	162.419160	0.006398	8.1
860	-0.000000	162.317733	0.000000	9.4
861	-0.000000	162.216474	0.000000	7.5
862	-0.358576	162.115383	0.004067	8.5
863	-0.877086	162.014461	0.008084	8.0
864	-0.000000	161.913705	0.000000	8.4
865	-0.412544	161.813117	0.004807	8.4
866	-0.461893	161.712695	0.003140	8.2
867	-0.000000	161.612439	0.000000	9.8
868	-0.038045	161.512349	0.001851	8.4
869	-0.577067	161.412424	0.005366	10.3
870	-0.000000	161.312663	0.000000	8.9
871	-0.757765	161.213067	0.008165	9.9
872	-0.684352	161.113635	0.005491	9.6
873	-0.534576	161.014366	0.004791	8.1
874	-0.353867	160.915260	0.003551	8.3
875	-0.837976	160.816316	0.007084	8.4
876	-0.093073	160.717535	0.000957	8.8
877	-0.324425	160.618915	0.004845	8.7
878	-0.011941	160.520456	0.000966	8.7
879	-0.107951	160.422158	0.003406	10.0
880	-0.058155	160.324021	0.000988	8.6
881	-0.272883	160.226043	0.004120	9.3
882	-0.158223	160.128225	0.002738	8.3
883	-0.000000	160.030566	0.000000	8.9
884	-0.000000	159.933066	0.000000	8.4
885	-0.150737	159.835723	0.003481	8.9
886	-0.840981	159.738539	0.007782	9.6
887	-0.733829	159.641512	0.007703	8.5
888	-0.079160	159.544642	0.002925	8.9
889	-0.602688	159.447929	0.005150	10.0
890	-0.000000	159.351372	0.000000	9.6
891	-0.484420	159.254971	0.004616	8.0
892	-0.581379	159.158725	0.005866	9.0
893	-0.810413	159.062634	0.006148	8.1
894	-0.000000	158.966697	0.000000	8.6
895	-0.054063	158.870915	0.000974	7.8
896	-0.955949	158.775286	0.007657	8.6
897	-0.000000	158.679811	0.000000	7.8
898	-0.954024	158.584489	0.004497	8.1
899	-0.478383	158.489319	0.006261	8.7
900	-0.105528	158.394302	0.005482	8.0
901	-0.447655	158.299436	0.005089	8.1
902	-0.742378	158.204721	0.008116	8.0
903	-0.472068	158.110158	0.006825	9.2
904	-0.985979	158.015745	0.007448	8.2
905	-0.729859	157.921482	0.006515	9.1
906	-0.752607	157.827369	0.007510	8.6
907	-0.849815	157.733406	0.004189	9.4
908	-0.685252	157.639591	0.006272	8.8
909	-0.658039	157.545925	0.005685	8.6
910	-0.000000	157.452408	0.000000	7.4
911	-1.038960	157.359038	0.007094	8.8
912	-0.552721	157.265816	0.008428	8.3
913	-0.000000	157.172741	0.000000	9.0
914	-0.354831	157.079813	0.002828	8.1
915	-0.000000	156.987031	0.000000	8.3
916	-0.796255	156.894395	0.006354	7.9
917	-0.000000	156.801904	0.000000	8.1
918	-0.378577	156.709559	0.004624	8.8
919	-0.395405	156.617359	0.003981	8.0
920	-0.985242	156.525304	0.007766	10.1
921	-0.910989	156.433392	0.008378	7.9
922	-0.657218	156.341624	0.004158	9.5
923	-0.548294	156.250000	0.005492	7.7
924	-0.499533	156.158519	0.004894	8.5
925	-0.988818	156.067180	0.006238	8.3
926	-1.031108	155.975984	0.009225	8.6
927	-0.631923	155.884930	0.003815	8.4
928	-0.427203	155.794017	0.003453	7.9
929	-0.759239	155.703246	0.008171	8.4
930	-0.000000	155.612615	0.000000	8.4
931	-0.594697	155.522125	0.007447	8.0
932	-0.000000	155.431775	0.000000	7.9
933	-0.445094	155.341565	0.005750	9.1
934	-0.952868	155.251495	0.005469	10.0
935	-0.133747	155.161563	0.003161	9.8
936	-0.398943	155.071771	0.003789	8.3
937	-0.047863	154.982117	0.003964	8.5
938	-0.000000	154.892601	0.000000	8.7
939	-0.700546	154.803222	0.004882	8.9
940	-0.989322	154.713981	0.009529	9.3
941	-0.691582	154.624878	0.004973	9.2
942	-0.000000	154.535910	0.000000	10.9
943	-0.000273	154.447080	0.000240	8.8
944	-0.952560	154.358385	0.006473	10.3
945	-0.000000	154.269826	0.000001	10.6
946	-0.665924	154.181402	0.008002	10.4
947	-0.000000	154.093114	0.000000	10.5
948	-0.057318	154.004960	0.002754	8.8
949	-0.000000	153.916940	0.000000	10.1
950	-0.357409	153.829054	0.007329	9.4
951	-0.062596	153.741303	0.003887	8.9
952	-0.556405	153.653684	0.004944	9.7
953	-0.863401	153.566198	0.008396	8.2
954	-0.510019	153.478846	0.005734	9.0
955	-0.506120	153.391625	0.005692	8.5
956	-0.547492	153.304537	0.006199	9.3
957	-0.796111	153.217580	0.004977	10.8
958	-0.660459	153.130755	0.006151	9.1
959	-0.000000	153.044061	0.000000	8.9
960	-0.497038	152.957498	0.005238	8.3
961	-0.002131	152.871065	0.000020	9.3
962	-0.000000	152.784762	0.000000	9.6
963	-0.806537	152.698589	0.007998	9.7
964	-0.766919	152.612545	0.005542	10.1
965	-0.527710	152.526631	0.007368	8.9
966	-0.906634	152.440845	0.005893	9.1
967	-0.614013	152.355188	0.006703	9.8
968	-0.952348	152.269660	0.006814	9.0
969	-0.783094	152.184259	0.006768	9.3
970	-0.000000	152.098986	0.000000	8.7
971	-1.005992	152.013840	0.006146	9.6
972	-0.021673	151.928821	0.002186	8.2
973	-0.457464	151.843928	0.005676	8.8
974	-0.974658	151.759163	0.006424	9.6
975	-0.000000	151.674523	0.000000	9.2
976	-0.592084	151.590009	0.006157	9.6
977	-0.545050	151.505620	0.005442	8.5
978	-0.385276	151.421357	0.006269	9.2
979	-0.144701	151.337218	0.002826	8.4
980	-0.621390	151.253204	0.007714	12.1
981	-0.315623	151.169314	0.006373	11.4
982	-0.787558	151.085549	0.008184	9.8
983	-0.895241	151.001907	0.005237	9.8
984	-0.695157	150.918388	0.004844	9.8
985	-1.110132	150.834992	0.009408	8.3
986	-0.497368	150.751719	0.004218	8.6
987	-0.947135	150.668569	0.006371	9.4
988	-0.501860	150.585541	0.005688	9.0
989	-0.000000	150.502634	0.000000	8.6
990	-0.000000	150.419849	0.000000	8.2
991	-0.430923	150.337186	0.006169	9.0
992	-0.748767	150.254644	0.005028	8.1
993	-0.266565	150.172222	0.003805	8.8
994	-0.471415	150.089921	0.005020	8.9
995	-0.012954	150.007740	0.001186	9.3
996	-0.048197	149.925679	0.001315	7.8
997	-0.850549	149.843737	0.008662	9.0
998	-0.294334	149.761915	0.003559	7.8
999	-0.574879	149.680212	0.006145	8.8
1000	-0.699668	149.598627	0.007062	9.0
1001	-0.553541	149.517161	0.005767	8.1
1002	-0.000000	149.435814	0.000000	10.4
1003	-0.000000	149.354584	0.000000	7.9
1004	-0.000000	149.273472	0.000000	8.3
1005	-0.746609	149.192477	0.005055	8.8
1006	-0.000000	149.111599	0.000000	7.9
1007	-0.000898	149.030838	0.000026	8.2
1008	-0.000000	148.950194	0.000000	8.4
1009	-0.144270	148.869666	0.002764	9.4
1010	-0.111567	148.789253	0.002888	8.0
1011	-0.826126	148.708957	0.007606	10.0
1012	-0.283501	148.628776	0.004653	8.6
1013	-0.000327	148.548710	0.000426	8.5
1014	-0.277608	148.468759	0.003308	7.8
1015	-0.000000	148.388923	0.000000	8.4
1016	-0.631378	148.309201	0.005752	7.9
1017	-0.542226	148.229594	0.004986	8.6
1018	-0.000113	148.150100	0.000016	8.0
1019	-0.000000	148.070719	0.000000	8.7
1020	-0.852075	147.991452	0.006416	8.0
1021	-0.000000	147.912298	0.000000	9.0
1022	-0.956234	147.833257	0.007057	7.6
1023	-0.062121	147.754329	0.002487	8.6
1024	-0.000000	147.675512	0.000000	7.8
1025	-0.833169	147.596808	0.006420	8.8
1026	-0.000000	147.518216	0.000000	9.5
1027	-0.000768	147.439735	0.000186	8.4
1028	-0.700710	147.361365	0.006923	9.7
1029	-0.000000	147.283106	0.000000	7.8
1030	-0.000000	147.204958	0.000000	9.2
1031	-0.873171	147.126920	0.004969	8.3
1032	-0.483861	147.048993	0.003269	8.4
1033	-0.785106	146.971175	0.006064	8.3
1034	-0.160419	146.893468	0.005912	8.5
1035	-0.623102	146.815869	0.004920	12.1
1036	-0.669859	146.738380	0.006373	7.9
1037	-0.000000	146.661000	0.000000	9.2
1038	-0.862565	146.583729	0.005396	8.5
1039	-0.155323	146.506566	0.003760	8.6
1040	-0.019653	146.429511	0.001600	8.0
1041	-0.711482	146.352565	0.008715	8.7
1042	-0.997751	146.275726	0.007158	8.8
1043	-1.001167	146.198994	0.006346	8.4
1044	-0.971311	146.122370	0.006752	7.8
1045	-0.680825	146.045853	0.003899	8.7
1046	-0.418496	145.969442	0.004438	9.4
1047	-0.689214	145.893139	0.005237	8.5
1048	-0.990962	145.816941	0.007562	8.7
1049	-0.815250	145.740849	0.007201	8.8
1050	-0.438703	145.664863	0.004040	9.4
1051	-0.000000	145.588983	0.000000	8.0
1052	-0.748575	145.513208	0.006017	8.9
1053	-0.528638	145.437538	0.005436	7.7
1054	-0.001984	145.361973	0.000194	9.5
1055	-0.722667	145.286513	0.005365	8.5
1056	-0.341720	145.211157	0.003668	8.1
1057	-0.369413	145.135905	0.005160	8.7
1058	-0.413975	145.060757	0.005113	7.7
1059	-0.513083	144.985712	0.003561	9.0
1060	-0.000000	144.910771	0.000000	8.1
1061	-0.294384	144.835934	0.004751	9.9
1062	-0.688150	144.761199	0.004613	8.5
1063	-0.749435	144.686567	0.005550	8.6
1064	-1.003952	144.612037	0.006140	8.3
1065	-0.000000	144.537610	0.000000	8.2
1066	-0.470282	144.463285	0.005285	8.4
1067	-0.031946	144.389062	0.002086	8.5
1068	-0.769893	144.314940	0.006935	8.1
1069	-0.599651	144.240920	0.006165	8.7
1070	-0.133317	144.167001	0.002966	8.0
1071	-0.006455	144.093182	0.000696	8.7
1072	-0.699068	144.019465	0.006347	7.8
1073	-0.937145	143.945848	0.007756	9.3
1074	-0.258139	143.872331	0.005392	8.3
1075	-0.912978	143.798914	0.005479	8.8
1076	-0.968347	143.725597	0.005696	9.7
1077	-0.701592	143.652380	0.005772	8.1
1078	-0.908283	143.579262	0.007060	9.7
1079	-0.710282	143.506243	0.004993	8.4
1080	-0.765507	143.433323	0.004948	8.7
1081	-0.363156	143.360502	0.004720	7.5
1082	-0.815878	143.287780	0.005150	8.4
1083	-0.692705	143.215155	0.007567	8.0
1084	-0.375620	143.142629	0.004876	8.4
1085	-0.737389	143.070201	0.006835	8.5
1086	-0.705312	142.997870	0.006292	8.3
1087	-0.000000	142.925637	0.000000	7.8
1088	-0.845811	142.853501	0.005732	8.7
1089	-0.387728	142.781462	0.004464	8.2
1090	-0.960268	142.709519	0.005907	8.3
1091	-0.885660	142.637674	0.005178	8.4
1092	-0.421537	142.565924	0.004656	8.6
1093	-0.018687	142.494271	0.001044	8.6
1094	-0.128445	142.422714	0.003566	8.1
1095	-0.893661	142.351252	0.005718	9.5
1096	-0.000000	142.279886	0.000000	9.0
1097	-0.932406	142.208616	0.006663	8.8
1098	-0.000000	142.137440	0.000000	9.1
1099	-0.880502	142.066360	0.009402	12.0
1100	-0.093644	141.995374	0.003775	9.3
1101	-0.156507	141.924483	0.003021	7.7
1102	-0.711613	141.853685	0.006214	9.5
1103	-0.592860	141.782983	0.005964	8.0
1104	-0.725330	141.712373	0.004277	8.3
1105	-0.949331	141.641858	0.004635	7.7
1106	-0.000000	141.571436	0.000000	9.8
1107	-0.212747	141.501108	0.005174	7.9
1108	-0.441228	141.430872	0.005919	8.4
1109	-0.471509	141.360730	0.005440	8.2
1110	-0.000000	141.290680	0.000000	10.5
1111	-0.905488	141.220722	0.007030	10.1
1112	-0.586420	141.150857	0.006224	8.0
1113	-0.000000	141.081084	0.000000	8.6
1114	-0.780504	141.011403	0.005976	9.1
1115	-0.372630	140.941813	0.004556	8.3
1116	-0.566237	140.872315	0.003400	7.8
1117	-0.582224	140.802909	0.004867	8.8
1118	-0.320332	140.733593	0.003842	8.5
1119	-0.000000	140.664369	0.000000	8.4
1120	-0.508257	140.595235	0.006268	7.5
1121	-0.000000	140.526192	0.000000	8.7
1122	-0.366858	140.457239	0.006479	7.6
1123	-0.000000	140.388376	0.000000	8.3
1124	-0.568427	140.319603	0.005288	7.9
1125	-0.003359	140.250920	0.000173	8.6
1126	-0.665093	140.182326	0.005823	7.8
1127	-0.000000	140.113822	0.000000	8.0
1128	-0.364075	140.045407	0.003157	8.8
1129	-0.753004	139.977081	0.006164	7.9
1130	-0.000000	139.908844	0.000000	9.0
1131	-0.000000	139.840696	0.000000	8.4
1132	-0.419725	139.772635	0.004650	9.2
1133	-0.063761	139.704664	0.003061	8.0
1134	-0.337729	139.636780	0.004445	8.8
1135	-0.921131	139.568984	0.007532	9.4
1136	-0.000000	139.501276	0.000000	7.9
1137	-0.526111	139.433655	0.006350	7.9
1138	-0.924465	139.366122	0.007337	8.0
1139	-1.001559	139.298676	0.009266	8.5
1140	-0.629734	139.231317	0.005720	8.9
1141	-0.824394	139.164045	0.003785	8.1
1142	-0.618977	139.096859	0.004813	8.8
1143	-1.045737	139.029760	0.008647	7.6
1144	-0.000000	138.962747	0.000000	8.4
1145	-0.714029	138.895820	0.004720	8.9
1146	-0.000000	138.828978	0.000000	7.9
1147	-0.000000	138.762223	0.000000	7.8
1148	-0.264393	138.695553	0.003459	8.1
1149	-0.005898	138.628969	0.000583	9.0
1150	-0.952305	138.562469	0.006945	8.5
1151	-0.000000	138.496055	0.000000	10.7
1152	-0.707925	138.429725	0.005879	7.9
1153	-0.497142	138.363481	0.004802	8.6
1154	-0.000000	138.297320	0.000000	8.3
1155	-0.000000	138.231244	0.000000	8.4
1156	-0.063208	138.165252	0.003623	7.9
1157	-0.746213	138.099344	0.004731	7.9
1158	-0.005171	138.033520	0.000351	8.6
1159	-0.391828	137.967779	0.003479	8.8
1160	-0.000775	137.902122	0.000151	9.4
1161	-0.000483	137.836548	0.000042	8.6
1162	-0.000000	137.771057	0.000000	8.7
1163	-0.323347	137.705649	0.005441	8.6
1164	-0.897427	137.640324	0.004376	9.3
1165	-0.986018	137.575081	0.006735	8.1
1166	-0.931839	137.509921	0.004828	9.4
1167	-0.038429	137.444842	0.002469	7.9
1168	-0.827990	137.379846	0.007618	9.8
1169	-0.303250	137.314932	0.004057	8.3
1170	-0.768704	137.250100	0.007833	8.9
1171	-0.000000	137.185349	0.000000	9.1
1172	-0.633092	137.120680	0.005103	9.2
1173	-0.757484	137.056092	0.006711	9.7
1174	-0.583197	136.991585	0.005122	10.0
1175	-0.000914	136.927158	0.000115	8.7
1176	-0.000000	136.862813	0.000000	8.2
1177	-0.001283	136.798548	0.000247	8.7
1178	-1.039934	136.734363	0.008438	9.1
1179	-0.000000	136.670259	0.000000	8.1
1180	-1.105785	136.606235	0.006822	9.1
1181	-0.703337	136.542291	0.009228	8.1
1182	-0.455497	136.478426	0.005746	9.4
1183	-0.726536	136.414641	0.005318	7.9
1184	-0.598588	136.350936	0.009401	8.8
1185	-0.514084	136.287310	0.004202	8.0
1186	-0.893109	136.223763	0.005645	8.6
1187	-0.000149	136.160295	0.000136	7.8
1188	-0.361066	136.096905	0.006503	8.6
1189	-0.960391	136.033594	0.006804	7.9
1190	-0.860942	135.970362	0.005264	8.6
1191	-0.701413	135.907208	0.006953	7.4
1192	-0.000023	135.844133	0.000008	8.9
1193	-0.208332	135.781135	0.004500	7.7
1194	-0.014564	135.718215	0.002597	8.5
1195	-0.006639	135.655373	0.000510	7.4
1196	-0.814429	135.592608	0.005765	8.5
1197	-0.005050	135.529921	0.000744	7.6
1198	-0.729087	135.467311	0.008482	8.1
1199	-0.979699	135.404778	0.005549	8.8
1200	-0.533440	135.342322	0.007319	8.2
1201	-0.000000	135.279942	0.000000	8.1
1202	-0.004925	135.217640	0.000110	7.6
1203	-0.593690	135.155413	0.010141	9.4
1204	-0.000002	135.093263	0.000000	8.0
1205	-0.311006	135.031190	0.004188	8.8
1206	-0.256512	134.969192	0.006863	8.3
1207	-0.029433	134.907270	0.001125	8.7
1208	-0.697046	134.845424	0.005715	8.9
1209	-0.011440	134.783653	0.000397	8.9
1210	-0.000000	134.721958	0.000000	8.0
1211	-0.000000	134.660338	0.000000	8.9
1212	-0.190558	134.598793	0.002551	7.8
1213	-0.019552	134.537323	0.001065	8.6
1214	-0.859562	134.475927	0.006400	8.3
1215	-0.657970	134.414607	0.006002	9.8
1216	-0.998873	134.353361	0.009381	10.0
1217	-0.864339	134.292189	0.005179	8.9
1218	-1.063661	134.231092	0.006855	10.5
1219	-0.000000	134.170068	0.000000	8.4
1220	-0.001251	134.109119	0.000454	8.4
1221	-0.647295	134.048243	0.006902	9.2
1222	-0.362897	133.987441	0.004487	7.9
1223	-0.000000	133.926713	0.000000	10.2
1224	-0.961615	133.866057	0.006940	7.9
1225	-0.640233	133.805475	0.005046	8.8
1226	-0.000000	133.744966	0.000000	8.2
1227	-0.949316	133.684530	0.005269	8.5
1228	-0.000000	133.624167	0.000000	8.1
1229	-0.911059	133.563877	0.005374	9.7
1230	-0.511742	133.503658	0.006955	8.8
1231	-0.421981	133.443513	0.005800	7.9
1232	-0.000000	133.383439	0.000000	9.9
1233	-0.781402	133.323437	0.006354	7.9
1234	-0.573481	133.263508	0.006580	9.7
1235	-0.001225	133.203650	0.000254	8.3
1236	-1.010868	133.143864	0.006747	9.1
1237	-0.867284	133.084149	0.004847	8.1
1238	-0.000000	133.024506	0.000000	8.5
1239	-0.818006	132.964934	0.005783	8.0
1240	-0.445286	132.905433	0.004927	8.6
1241	-1.084593	132.846003	0.007125	9.1
1242	-0.000000	132.786643	0.000000	8.3
1243	-0.213550	132.727355	0.002533	9.4
1244	-0.750063	132.668137	0.006606	8.6
1245	-0.000000	132.608989	0.000000	8.8
1246	-0.494182	132.549912	0.004796	7.9
1247	-0.878224	132.490904	0.005118	8.5
1248	-0.589411	132.431967	0.004634	8.2
1249	-0.000000	132.373100	0.000000	9.1
1250	-0.824660	132.314302	0.004999	8.8
1251	-0.722061	132.255574	0.006203	9.2
1252	-0.693021	132.196916	0.006350	7.6
1253	-0.000000	132.138326	0.000000	8.8
1254	-0.000000	132.079806	0.000000	9.4
1255	-0.001696	132.021355	0.000228	8.6
1256	-0.908336	131.962973	0.009752	9.4
1257	-0.687451	131.904660	0.005398	7.8
1258	-0.000000	131.846415	0.000000	9.1
1259	-0.179905	131.788239	0.003453	8.4
1260	-0.593896	131.730131	0.007610	8.4
1261	-0.514880	131.672092	0.006625	7.7
1262	-0.000000	131.614121	0.000000	8.5
1263	-0.527405	131.556217	0.005054	8.4
1264	-0.676470	131.498382	0.006274	8.1
1265	-0.507458	131.440614	0.005385	8.4
1266	-0.086022	131.382914	0.001778	8.2
1267	-0.000000	131.325282	0.000000	9.7
1268	-0.000000	131.267717	0.000000	7.9
1269	-0.754326	131.210219	0.005528	9.7
1270	-0.431127	131.152788	0.006706	7.9
1271	-0.000000	131.095424	0.000000	9.9
1272	-0.000000	131.038127	0.000000	8.8
1273	-0.786299	130.980897	0.004738	9.2
1274	-0.885293	130.923733	0.006282	9.1
1275	-0.001821	130.866636	0.000495	9.0
1276	-0.800218	130.809605	0.005500	9.0
1277	-0.075670	130.752641	0.002728	8.2
1278	-0.873840	130.695742	0.005406	9.6
1279	-0.448364	130.638910	0.002824	7.9
1280	-1.014660	130.582143	0.007060	9.5
1281	-0.737138	130.525442	0.005100	8.1
1282	-0.000000	130.468807	0.000000	8.7
1283	-0.955001	130.412237	0.005776	7.7
1284	-0.062023	130.355733	0.002619	8.8
1285	-0.000000	130.299294	0.000000	8.2
1286	-0.574768	130.242920	0.005204	8.6
1287	-0.238249	130.186611	0.002318	7.9
1288	-0.764926	130.130366	0.006998	8.5
1289	-0.017401	130.074187	0.000526	8.9
1290	-0.921465	130.018072	0.005310	8.3
1291	-0.000000	129.962022	0.000000	8.0
1292	-0.550159	129.906036	0.005219	7.7
1293	-0.267238	129.850114	0.004959	9.1
1294	-0.160953	129.794257	0.003495	8.1
1295	-0.923756	129.738463	0.006655	9.2
1296	-0.828573	129.682734	0.008943	7.9
1297	-0.912897	129.627068	0.005424	8.8
1298	-0.811074	129.571466	0.005905	7.7
1299	-0.642806	129.515927	0.004680	8.8
1300	-0.261171	129.460452	0.003573	8.7
1301	-0.000000	129.405040	0.000000	8.1
1302	-0.780828	129.349692	0.004993	8.1
1303	-0.421859	129.294406	0.002665	8.5
1304	-0.000000	129.239183	0.000000	8.2
1305	-0.074404	129.184024	0.002426	9.1
1306	-0.000000	129.128927	0.000000	7.7
1307	-0.487883	129.073892	0.006295	8.7
1308	-0.839551	129.018921	0.006669	7.9
1309	-0.000000	128.964011	0.000000	7.9
1310	-0.912738	128.909164	0.006494	8.1
1311	-0.000779	128.854379	0.000130	8.4
1312	-0.000000	128.799656	0.000000	8.0
1313	-0.651342	128.744995	0.005400	8.2
1314	-0.000000	128.690396	0.000000	7.7
1315	-0.000000	128.635858	0.000000	8.2
1316	-0.696037	128.581382	0.005686	7.9
1317	-0.980762	128.526968	0.005836	8.2
1318	-0.288050	128.472615	0.002794	8.8
1319	-0.454535	128.418323	0.004516	7.9
1320	-0.827162	128.364092	0.005328	9.0
1321	-0.564512	128.309922	0.004513	8.0
1322	-0.874767	128.255814	0.005054	9.1
1323	-0.156943	128.201766	0.003958	7.9
1324	-0.058685	128.147778	0.002453	9.6
1325	-0.023561	128.093852	0.003562	8.3
1326	-0.794381	128.039985	0.004596	8.5
1327	-0.098558	127.986180	0.002300	8.0
1328	-0.908875	127.932434	0.006978	8.3
1329	-0.000000	127.878749	0.000000	8.3
1330	-0.000000	127.825123	0.000000	8.2
1331	-0.000000	127.771558	0.000000	7.6
1332	-0.334696	127.718052	0.004471	7.9
1333	-0.000161	127.664606	0.000287	9.9
1334	-0.472633	127.611220	0.003946	10.0
1335	-0.402223	127.557893	0.003558	10.4
1336	-0.000000	127.504625	0.000000	9.0
1337	-0.039162	127.451417	0.001177	9.0
1338	-0.500075	127.398268	0.004935	7.4
1339	-0.000000	127.345178	0.000000	9.3
1340	-0.188998	127.292147	0.005913	7.8
1341	-1.038973	127.239175	0.010561	8.5
1342	-0.425647	127.186261	0.006017	7.6
1343	-0.020079	127.133407	0.000770	8.8
1344	-0.612570	127.080610	0.006333	8.1
1345	-0.452635	127.027872	0.004223	8.8
1346	-0.866104	126.975193	0.006827	8.1
1347	-0.000000	126.922572	0.000000	8.2
1348	-0.478296	126.870008	0.005564	9.2
1349	-0.717883	126.817503	0.006492	7.7
1350	-0.239999	126.765056	0.004436	8.9
1351	-0.000000	126.712667	0.000000	7.9
1352	-0.000000	126.660335	0.000000	9.0
1353	-0.056237	126.608061	0.002602	8.1
1354	-0.046062	126.555844	0.002650	8.8
1355	-0.583023	126.503685	0.007106	7.9
1356	-0.663086	126.451583	0.004539	9.0
1357	-0.000000	126.399538	0.000000	7.9
1358	-0.000000	126.347550	0.000000	8.6
1359	-0.963634	126.295619	0.005507	8.5
1360	-0.021790	126.243745	0.001169	9.2
1361	-0.572411	126.191928	0.005246	8.1
1362	-0.738987	126.140168	0.006247	8.1
1363	-0.492879	126.088464	0.005916	8.4
1364	-0.546876	126.036817	0.005935	8.2
1365	-0.062650	125.985226	0.001690	8.0
1366	-0.579040	125.933691	0.006443	8.6
1367	-0.000000	125.882212	0.000000	9.1
1368	-0.109733	125.830790	0.006027	8.2
1369	-0.143564	125.779423	0.004739	9.4
1370	-0.512842	125.728113	0.006012	7.9
1371	-0.698948	125.676858	0.005715	9.4
1372	-0.567739	125.625659	0.003404	8.4
1373	-0.458626	125.574515	0.003851	8.7
1374	-0.796698	125.523427	0.004922	7.8
1375	-0.802932	125.472394	0.005839	8.2
1376	-0.167819	125.421417	0.005089	8.1
1377	-0.405735	125.370495	0.005505	7.8
1378	-0.000000	125.319628	0.000000	7.9
1379	-0.606413	125.268815	0.007086	8.3
1380	-0.000000	125.218058	0.000000	7.6
1381	-0.848491	125.167356	0.003931	8.3
1382	-0.881849	125.116708	0.006140	7.8
1383	-0.000000	125.066115	0.000000	8.4
1384	-0.772696	125.015576	0.005513	7.8
1385	-0.000000	124.965092	0.000000	8.1
1386	-0.007209	124.914662	0.001248	7.8
1387	-0.570536	124.864287	0.005716	8.9
1388	-1.007347	124.813965	0.007400	7.6
1389	-0.569367	124.763698	0.004800	8.8
1390	-0.324232	124.713485	0.006183	8.0
1391	-0.988345	124.663325	0.005780	8.2
1392	-0.819260	124.613219	0.005024	7.9
1393	-0.000000	124.563167	0.000000	8.5
1394	-0.505706	124.513168	0.003175	8.5
1395	-0.000000	124.463223	0.000000	8.4
1396	-0.000047	124.413332	0.000016	9.6
1397	-0.000000	124.363493	0.000000	8.5
1398	-0.005101	124.313708	0.000256	9.3
1399	-0.986902	124.263976	0.005895	8.0
1400	-0.000000	124.214297	0.000000	8.7
1401	-0.720071	124.164671	0.004239	8.3
1402	-0.590940	124.115097	0.006719	8.2
1403	-0.524442	124.065577	0.005316	9.4
1404	-0.000000	124.016109	0.000000	8.5
1405	-0.000000	123.966693	0.000000	9.1
1406	-0.635024	123.917330	0.006610	8.6
1407	-0.335909	123.868020	0.004262	9.3
1408	-0.413177	123.818762	0.008096	8.3
1409	-0.000000	123.769556	0.000000	9.2
1410	-0.000000	123.720402	0.000000	8.6
1411	-0.541387	123.671300	0.006486	9.3
1412	-0.431290	123.622250	0.004298	8.1
1413	-0.366295	123.573252	0.003456	8.5
1414	-0.248369	123.524305	0.004141	7.8
1415	-0.617984	123.475411	0.004357	8.3
1416	-0.851878	123.426568	0.006147	8.1
1417	-0.715472	123.377776	0.005042	9.8
1418	-0.000000	123.329036	0.000000	9.9
1419	-0.000000	123.280347	0.000000	7.7
1420	-0.190227	123.231709	0.004213	9.8
1421	-0.983373	123.183122	0.011316	8.4
1422	-0.770006	123.134587	0.005900	9.4
1423	-0.959160	123.086102	0.006267	7.7
1424	-0.336416	123.037669	0.002480	8.0
1425	-0.818573	122.989286	0.004605	7.8
1426	-0.032229	122.940954	0.001103	8.3
1427	-0.681080	122.892672	0.004147	8.2
1428	-0.540974	122.844441	0.005173	7.7
1429	-0.770652	122.796261	0.011132	8.2
1430	-0.898374	122.748130	0.006465	8.0
1431	-0.897377	122.700050	0.006738	7.8
1432	-0.000000	122.652021	0.000000	7.7
1433	-1.018920	122.604041	0.005731	8.4
1434	-0.906613	122.556111	0.005092	8.7
1435	-0.327413	122.508232	0.006567	8.1
1436	-0.000000	122.460402	0.000000	7.9
1437	-0.014066	122.412622	0.000822	8.3
1438	-0.287342	122.364891	0.005452	7.7
1439	-0.480910	122.317210	0.005179	8.7
1440	-0.337536	122.269579	0.004944	8.2
1441	-0.015333	122.221997	0.000586	9.5
1442	-0.614794	122.174465	0.005318	8.3
1443	-0.558263	122.126981	0.005107	9.5
1444	-0.087655	122.079547	0.002626	7.8
1445	-0.000000	122.032162	0.000000	9.1
1446	-0.765822	121.984826	0.005600	8.0
1447	-0.482827	121.937539	0.004949	8.7
1448	-0.894084	121.890301	0.006278	8.0
1449	-0.000000	121.843112	0.000000	8.5
1450	-0.712221	121.795971	0.004209	7.8
1451	-0.000287	121.748879	0.000057	10.5
1452	-0.835253	121.701835	0.005225	10.7
1453	-0.000000	121.654840	0.000000	12.3
1454	-0.524628	121.607893	0.005941	8.1
1455	-0.047267	121.560994	0.002234	11.0
1456	-0.047727	121.514144	0.001711	8.2
1457	-0.633714	121.467342	0.004971	8.6
1458	-0.926775	121.420588	0.005461	8.1
1459	-0.981351	121.373882	0.006404	8.5
1460	-0.952596	121.327223	0.006076	8.5
1461	-1.142811	121.280613	0.007827	8.2
1462	-0.447462	121.234050	0.005959	7.7
1463	-0.814591	121.187535	0.005750	8.6
1464	-0.131917	121.141067	0.004794	8.4
1465	-0.367892	121.094647	0.003537	9.4
1466	-0.000000	121.048274	0.000000	8.0
1467	-0.768035	121.001949	0.008235	8.6
1468	-0.033575	120.955671	0.001438	9.1
1469	-0.817992	120.909440	0.006529	8.3
1470	-0.326856	120.863256	0.002982	9.7
1471	-0.958231	120.817119	0.007225	8.6
1472	-0.565771	120.771029	0.006062	8.2
1473	-0.672029	120.724986	0.004424	7.7
1474	-0.290416	120.678990	0.003140	8.5
1475	-0.819578	120.633040	0.006915	8.1
1476	-0.000000	120.587137	0.000000	8.9
1477	-1.048505	120.541281	0.012378	8.3
1478	-0.863053	120.495471	0.007536	8.5
1479	-0.506260	120.449707	0.005694	8.0
1480	-0.002740	120.403990	0.001067	7.8
1481	-0.517750	120.358319	0.004931	8.2
1482	-0.884046	120.312694	0.006947	8.3
1483	-0.876342	120.267115	0.005574	8.1
1484	-0.021110	120.221582	0.001183	7.7
1485	-0.660293	120.176096	0.007245	8.5
1486	-0.027328	120.130655	0.000525	8.1
1487	-0.000340	120.085260	0.000027	8.5
1488	-0.120889	120.039910	0.004528	8.3
1489	-1.033167	119.994606	0.004971	9.1
1490	-0.000000	119.949348	0.000000	8.7
1491	-0.166690	119.904135	0.006106	9.6
1492	-0.135894	119.858968	0.002967	7.6
1493	-0.821970	119.813846	0.005701	8.9
1494	-0.988932	119.768769	0.006367	7.7
1495	-0.112516	119.723738	0.003686	8.4
1496	-0.893326	119.678752	0.005746	7.8
1497	-0.024619	119.633810	0.002899	8.7
1498	-0.039504	119.588914	0.001433	7.6
1499	-0.671032	119.544062	0.005813	8.8
1500	-0.072698	119.499256	0.003011	8.8
1501	-0.925537	119.454494	0.007884	8.7
1502	-0.087209	119.409777	0.006232	8.7
1503	-1.040194	119.365104	0.006451	8.7
1504	-0.048752	119.320476	0.002419	10.0
1505	-0.837744	119.275893	0.005965	8.5
1506	-0.274553	119.231353	0.005359	9.2
1507	-0.969849	119.186859	0.006606	8.3
1508	-0.000000	119.142408	0.000000	8.5
1509	-0.153006	119.098002	0.003366	8.3
1510	-0.000000	119.053639	0.000000	9.2
1511	-0.480354	119.009321	0.005595	8.4
1512	-0.006594	118.965047	0.000209	9.8
1513	-0.000067	118.920816	0.000036	9.7
1514	-0.571328	118.876630	0.004951	7.9
1515	-0.000000	118.832487	0.000000	9.5
1516	-0.000000	118.788388	0.000000	8.0
1517	-0.639562	118.744332	0.006572	8.9
1518	-0.002746	118.700320	0.000992	7.9
1519	-1.056717	118.656352	0.007947	8.7
1520	-0.762471	118.612427	0.007161	7.9
1521	-0.410760	118.568545	0.005367	9.2
1522	-0.137343	118.524706	0.003284	7.8
1523	-0.597017	118.480911	0.005169	9.4
1524	-0.253107	118.437159	0.004856	9.4
1525	-0.522756	118.393450	0.008030	8.5
1526	-0.000000	118.349784	0.000000	9.8
1527	-0.745261	118.306160	0.005578	8.2
1528	-0.576471	118.262580	0.005725	8.5
1529	-0.027533	118.219042	0.000855	7.9
1530	-0.000000	118.175548	0.000000	10.7
1531	-0.000000	118.132095	0.000000	8.1
1532	-0.604621	118.088686	0.004920	8.7
1533	-0.000000	118.045319	0.000000	9.8
1534	-0.822505	118.001994	0.006867	8.9
1535	-0.899522	117.958712	0.006894	9.4
1536	-0.752379	117.915472	0.005597	8.1
1537	-1.068233	117.872274	0.009884	10.7
1538	-0.000000	117.829118	0.000000	8.3
1539	-0.185700	117.786005	0.002781	8.5
1540	-0.891762	117.742933	0.004895	10.6
1541	-0.541182	117.699904	0.004093	7.9
1542	-0.859759	117.656916	0.005821	9.9
1543	-0.357183	117.613971	0.005497	8.0
1544	-0.307945	117.571067	0.002714	8.1
1545	-0.856099	117.528205	0.005856	7.9
1546	-0.000000	117.485384	0.000000	9.0
1547	-0.019599	117.442605	0.003125	8.1
1548	-0.649151	117.399867	0.004883	8.0
1549	-0.516012	117.357171	0.007146	8.2
1550	-0.233022	117.314517	0.003663	8.2
1551	-0.000000	117.271903	0.000000	7.7
1552	-0.000003	117.229331	0.000003	8.3
1553	-0.000000	117.186800	0.000000	8.2
1554	-0.993732	117.144311	0.005963	8.4
1555	-0.933149	117.101862	0.006016	7.8
1556	-0.523640	117.059454	0.005406	8.9
1557	-0.522828	117.017087	0.005207	8.7
1558	-0.998539	116.974762	0.005810	8.0
1559	-0.000000	116.932476	0.000000	8.7
1560	-0.000000	116.890232	0.000000	8.1
1561	-0.998197	116.848028	0.006864	8.4
1562	-0.000000	116.805865	0.000000	7.6
1563	-0.645805	116.763743	0.006368	10.3
1564	-0.425279	116.721661	0.007863	8.3
1565	-0.573655	116.679619	0.005592	9.1
1566	-0.169943	116.637618	0.002495	7.6
1567	-0.905819	116.595657	0.005783	9.1
1568	-0.709627	116.553736	0.004416	8.4
1569	-0.795021	116.511855	0.006501	9.2
1570	-0.426689	116.470015	0.003744	10.2
1571	-0.000000	116.428214	0.000000	8.5
1572	-0.428672	116.386454	0.005199	10.6
1573	-0.001201	116.344733	0.000229	8.0
1574	-0.885811	116.303052	0.004760	8.2
1575	-0.000000	116.261412	0.000000	8.2
1576	-0.812512	116.219810	0.006032	8.3
1577	-0.260485	116.178249	0.004095	7.7
1578	-0.000000	116.136727	0.000000	8.1
1579	-0.000000	116.095245	0.000000	7.7
1580	-0.990748	116.053802	0.006706	8.3
1581	-0.295745	116.012398	0.004802	8.4
1582	-0.000000	115.971034	0.000000	8.3
1583	-0.453298	115.929710	0.004785	7.8
1584	-0.923287	115.888424	0.004844	8.2
1585	-0.083481	115.847178	0.001959	7.3
1586	-0.727440	115.805970	0.005841	8.5
1587	-0.096835	115.764802	0.002567	8.4
1588	-0.639786	115.723673	0.005450	8.4
1589	-0.960872	115.682583	0.003902	8.3
1590	-0.000000	115.641532	0.000000	7.8
1591	-0.984154	115.600519	0.007985	8.4
1592	-0.024343	115.559546	0.001096	8.2
1593	-0.704233	115.518610	0.004078	8.5
1594	-0.810103	115.477714	0.006714	8.8
1595	-0.447827	115.436856	0.004248	9.4
1596	-1.012980	115.396037	0.005097	8.3
1597	-0.019385	115.355256	0.000893	9.3
1598	-0.000000	115.314514	0.000000	8.4
1599	-0.248675	115.273810	0.004315	8.4
1600	-0.000000	115.233144	0.000000	8.2
1601	-0.856790	115.192517	0.005378	8.5
1602	-0.000739	115.151927	0.000596	7.7
1603	-0.000000	115.111376	0.000000	9.7
1604	-0.187445	115.070863	0.003333	7.9
1605	-0.000000	115.030388	0.000000	8.0
1606	-0.488667	114.989951	0.005655	7.9
1607	-0.724797	114.949551	0.005676	9.1
1608	-0.838334	114.909190	0.005188	9.3
1609	-0.607697	114.868866	0.005312	8.0
1610	-0.927470	114.828580	0.007213	10.1
1611	-0.563286	114.788332	0.006174	8.5
1612	-0.913883	114.748121	0.004774	9.3
1613	-0.000000	114.707948	0.000000	9.3
1614	-0.836110	114.667812	0.005897	8.5
1615	-1.079551	114.627714	0.007783	7.9
1616	-0.459520	114.587653	0.005390	8.5
1617	-0.322468	114.547629	0.004628	7.7
1618	-0.816035	114.507643	0.006833	8.9
1619	-0.688329	114.467693	0.004781	8.5
1620	-0.978255	114.427781	0.005390	8.1
1621	-0.290426	114.387907	0.003417	8.3
1622	-0.831286	114.348069	0.005195	8.4
1623	-0.978332	114.308268	0.006545	10.0
1624	-0.543529	114.268504	0.006176	7.7
1625	-0.741940	114.228777	0.005065	9.5
1626	-0.690110	114.189086	0.007548	7.9
1627	-0.868540	114.149433	0.005602	9.5
1628	-0.675056	114.109816	0.006404	8.1
1629	-0.077458	114.070235	0.003013	8.6
1630	-0.326485	114.030692	0.004571	8.7
1631	-0.507648	113.991185	0.004710	8.5
1632	-0.792079	113.951714	0.005527	8.2
1633	-0.203158	113.912280	0.002675	8.2
1634	-0.809387	113.872882	0.006003	8.4
1635	-0.000007	113.833521	0.000004	8.2
1636	-0.759788	113.794195	0.005603	8.6
1637	-1.001196	113.754906	0.006131	8.3
1638	-0.506869	113.715653	0.006240	9.2
1639	-0.000000	113.676437	0.000000	7.9
1640	-0.007785	113.637256	0.000059	9.2
1641	-0.799457	113.598111	0.005645	8.3
1642	-0.736066	113.559002	0.004539	8.8
1643	-0.614505	113.519929	0.008164	8.5
1644	-0.000000	113.480892	0.000000	9.0
1645	-0.922424	113.441891	0.005222	8.3
1646	-0.746926	113.402925	0.004084	8.8
1647	-0.002401	113.363995	0.000211	9.4
1648	-0.000190	113.325101	0.000082	8.0
1649	-0.126287	113.286242	0.004401	10.0
1650	-0.000000	113.247419	0.000000	8.0
1651	-0.001108	113.208631	0.000066	8.9
1652	-0.335571	113.169879	0.004140	7.5
1653	-0.000000	113.131162	0.000000	9.1
1654	-0.003067	113.092480	0.000376	8.0
1655	-0.607398	113.053833	0.005013	8.6
1656	-0.585736	113.015222	0.006594	8.1
1657	-0.004781	112.976646	0.000488	8.5
1658	-0.672287	112.938105	0.004661	8.3
1659	-0.002753	112.899599	0.001795	7.8
1660	-0.497400	112.861128	0.004230	8.8
1661	-0.994194	112.822692	0.006634	9.0
1662	-0.766873	112.784291	0.006655	8.9
1663	-0.001773	112.745924	0.000291	8.8
1664	-0.884719	112.707593	0.005801	9.6
1665	-0.397480	112.669296	0.002843	8.8
1666	-0.721463	112.631034	0.008020	8.5
1667	-0.995442	112.592806	0.006756	8.8
1668	-0.000000	112.554613	0.000000	9.5
1669	-0.000038	112.516455	0.000017	8.3
1670	-0.266575	112.478331	0.002045	9.2
1671	-0.999684	112.440241	0.005572	8.9
1672	-0.498413	112.402186	0.005287	8.8
1673	-0.085951	112.364165	0.002436	11.0
1674	-0.561289	112.326179	0.004818	8.9
1675	-0.582162	112.288227	0.003209	8.7
1676	-0.498515	112.250309	0.005485	8.2
1677	-0.484323	112.212425	0.007291	9.2
1678	-0.472893	112.174575	0.005824	9.0
1679	-0.171723	112.136759	0.004918	8.2
1680	-0.000000	112.098977	0.000000	9.0
1681	-0.834489	112.061229	0.004245	8.2
1682	-0.000000	112.023515	0.000000	9.0
1683	-1.029074	111.985834	0.006157	8.9
1684	-0.873814	111.948188	0.007096	8.4
1685	-0.024962	111.910575	0.001439	7.9
1686	-0.684474	111.872996	0.005476	8.3
1687	-0.824711	111.835450	0.005212	10.6
1688	-0.336225	111.797939	0.002648	9.7
1689	-0.863872	111.760460	0.005254	11.0
1690	-0.689298	111.723015	0.005619	7.8
1691	-0.172381	111.685604	0.001577	8.6
1692	-0.901422	111.648226	0.005167	8.1
1693	-0.252009	111.610881	0.003934	8.5
1694	-0.511899	111.573570	0.005613	7.8
1695	-0.916316	111.536292	0.007516	8.4
1696	-0.800010	111.499047	0.005408	7.7
1697	-0.000000	111.461835	0.000000	8.9
1698	-0.000000	111.424656	0.000000	7.8
1699	-0.008675	111.387510	0.000734	8.9
1700	-0.670261	111.350398	0.007171	8.4
1701	-0.182730	111.313318	0.003010	8.1
1702	-0.009582	111.276271	0.000558	8.9
1703	-0.825682	111.239257	0.004193	7.8
1704	-0.711786	111.202276	0.006286	9.1
1705	-0.661978	111.165328	0.003706	7.6
1706	-0.701498	111.128412	0.005496	8.8
1707	-0.886822	111.091529	0.004922	7.8
1708	-0.000001	111.054679	0.000001	9.3
1709	-0.901488	111.017861	0.005175	8.3
1710	-0.693360	110.981076	0.006267	8.9
1711	-0.959525	110.944323	0.003865	8.0
1712	-0.888387	110.907603	0.004707	8.5
1713	-0.407549	110.870915	0.004886	8.5
1714	-0.000000	110.834259	0.000000	8.3
1715	-0.326085	110.797636	0.004046	8.3
1716	-0.846365	110.761045	0.005705	7.9
1717	-0.000000	110.724486	0.000000	8.0
1718	-0.963427	110.687959	0.006157	8.7
1719	-0.630058	110.651465	0.006242	7.8
1720	-0.000000	110.615002	0.000000	8.9
1721	-0.510738	110.578572	0.002825	7.6
1722	-0.667568	110.542173	0.003611	8.6
1723	-0.357982	110.505807	0.004945	7.5
1724	-0.992611	110.469472	0.006527	8.7
1725	-0.000000	110.433169	0.000000	9.3
1726	-0.743791	110.396898	0.006742	9.0
1727	-0.987782	110.360659	0.004811	9.9
1728	-0.330033	110.324451	0.004936	8.2
1729	-0.764016	110.288276	0.005298	8.9
1730	-0.920828	110.252131	0.004431	7.8
1731	-0.031092	110.216019	0.001579	8.9
1732	-0.875144	110.179937	0.007226	7.7
1733	-0.708871	110.143888	0.004850	8.3
1734	-0.000000	110.107869	0.000000	8.3
1735	-0.000000	110.071882	0.000000	7.9
1736	-0.408105	110.035927	0.005680	8.2
1737	-0.839026	110.000003	0.005352	8.0
1738	-0.000000	109.964110	0.000000	8.7
1739	-0.496724	109.928248	0.005517	7.9
1740	-0.000000	109.892417	0.000000	7.9
1741	-0.000000	109.856618	0.000000	8.0
1742	-0.561588	109.820850	0.006421	7.6
1743	-0.171727	109.785112	0.004289	7.5
1744	-0.017482	109.749406	0.003228	7.6
1745	-0.068069	109.713730	0.003723	8.4
1746	-0.001283	109.678086	0.000973	8.4
1747	-0.229277	109.642472	0.004317	11.0
1748	-0.052444	109.606890	0.001554	9.1
1749	-0.089331	109.571337	0.002395	7.7
1750	-0.324706	109.535816	0.006183	8.9
1751	-0.475930	109.500326	0.004768	7.4
1752	-0.403371	109.464866	0.005925	8.4
1753	-0.936992	109.429436	0.006415	7.3
1754	-0.669621	109.394038	0.005461	9.1
1755	-0.000000	109.358669	0.000000	7.3
1756	-0.000000	109.323331	0.000000	8.4
1757	-0.000000	109.288024	0.000000	7.4
1758	-0.178351	109.252747	0.003136	7.9
1759	-0.774193	109.217501	0.006697	8.0
1760	-0.062917	109.182284	0.000459	8.0
1761	-0.023851	109.147098	0.002038	7.7
1762	-0.329171	109.111942	0.004463	8.4
1763	-0.001116	109.076817	0.000023	7.7
1764	-0.605948	109.041721	0.004892	8.7
1765	-0.160983	109.006656	0.005117	7.9
1766	-0.650995	108.971620	0.004333	8.0
1767	-0.544878	108.936615	0.005840	7.5
1768	-0.336277	108.901640	0.005160	8.4
1769	-0.193780	108.866694	0.003219	7.1
1770	-0.027894	108.831779	0.002891	9.0
1771	-0.766329	108.796893	0.004581	7.4
1772	-0.242436	108.762037	0.003793	9.5
1773	-0.483963	108.727211	0.005082	7.4
1774	-0.359589	108.692415	0.002956	7.7
1775	-0.541422	108.657648	0.004863	7.2
1776	-0.836052	108.622911	0.003752	8.8
1777	-0.000000	108.588203	0.000000	7.4
1778	-0.662391	108.553525	0.005898	8.2
1779	-0.866831	108.518877	0.005449	7.9
1780	-0.097533	108.484258	0.002532	8.2
1781	-0.033258	108.449668	0.000807	7.7
1782	-0.788020	108.415108	0.006842	8.2
1783	-0.007147	108.380578	0.000630	7.6
1784	-0.000000	108.346076	0.000000	8.4
1785	-0.000000	108.311604	0.000000	8.3
1786	-0.084570	108.277161	0.002960	8.1
1787	-0.000000	108.242747	0.000000	7.2
1788	-0.902223	108.208363	0.005047	8.5
1789	-0.923249	108.174007	0.006313	7.2
1790	-0.009684	108.139681	0.000117	9.0
1791	-0.000000	108.105383	0.000000	7.4
1792	-0.933327	108.071115	0.005179	8.8
1793	-0.823515	108.036875	0.005739	7.3
1794	-0.117951	108.002665	0.004240	10.1
1795	-0.866484	107.968483	0.005406	7.9
1796	-0.900983	107.934330	0.009650	7.9
1797	-0.640961	107.900206	0.004591	7.3
1798	-0.000000	107.866111	0.000000	8.6
1799	-0.700556	107.832044	0.006393	8.1
1800	-0.693818	107.798007	0.006329	7.6
1801	-0.915470	107.763997	0.004276	7.4
1802	-0.971197	107.730017	0.008593	7.9
1803	-0.000000	107.696065	0.000000	7.6
1804	-0.983043	107.662141	0.005795	8.1
1805	-0.681169	107.628246	0.005630	7.4
1806	-0.800072	107.594379	0.005246	8.2
1807	-0.760543	107.560541	0.006115	9.1
1808	-1.122700	107.526731	0.007393	9.0
1809	-0.000000	107.492949	0.000000	9.0
1810	-0.001929	107.459196	0.000380	9.3
1811	-0.982369	107.425471	0.006304	7.9
1812	-0.535659	107.391774	0.005402	8.1
1813	-0.423939	107.358106	0.003183	7.8
1814	-0.953546	107.324465	0.008501	7.6
1815	-0.539470	107.290853	0.005382	7.2
1816	-0.209284	107.257268	0.003809	7.6
1817	-0.448625	107.223712	0.006457	8.1
1818	-0.598182	107.190184	0.006282	7.8
1819	-0.717374	107.156683	0.005456	7.6
1820	-0.059807	107.123211	0.002426	7.5
1821	-0.000000	107.089766	0.000000	7.5
1822	-0.764072	107.056349	0.004518	7.6
1823	-0.000000	107.022960	0.000000	8.2
1824	-0.000000	106.989599	0.000000	7.6
1825	-0.376374	106.956265	0.004265	8.4
1826	-0.854726	106.922960	0.004388	7.7
1827	-0.422026	106.889681	0.004603	8.1
1828	-0.927248	106.856431	0.007310	7.8
1829	-0.607704	106.823208	0.003161	7.5
1830	-0.847973	106.790012	0.005025	7.7
1831	-0.819680	106.756844	0.005932	7.5
1832	-0.413615	106.723703	0.004305	8.3
1833	-0.845820	106.690590	0.005757	7.4
1834	-0.169449	106.657505	0.006272	8.7
1835	-0.205211	106.624446	0.004242	7.2
1836	-0.685070	106.591415	0.007442	8.7
1837	-0.573836	106.558411	0.003711	7.3
1838	-0.625987	106.525435	0.004820	8.7
1839	-0.462015	106.492485	0.007103	7.3
1840	-0.544593	106.459563	0.004983	9.0
1841	-0.882128	106.426668	0.005196	7.3
1842	-0.871042	106.393800	0.007422	7.9
1843	-0.472712	106.360959	0.003638	7.2
1844	-0.912110	106.328145	0.005289	9.1
1845	-0.571485	106.295358	0.005428	7.8
1846	-1.044208	106.262598	0.007027	7.9
1847	-0.507579	106.229865	0.005540	8.0
1848	-0.000000	106.197158	0.000000	7.9
1849	-0.988301	106.164479	0.006516	7.5
1850	-0.030280	106.131826	0.001367	8.3
1851	-0.000000	106.099201	0.000000	7.5
1852	-0.000001	106.066602	0.000001	8.3
1853	-0.000000	106.034029	0.000000	7.3
1854	-1.007933	106.001483	0.006082	8.5
1855	-0.529773	105.968964	0.008554	7.3
1856	-0.796445	105.936472	0.006297	8.6
1857	-0.000000	105.904006	0.000000	7.8
1858	-0.000000	105.871566	0.000000	8.7
1859	-0.460764	105.839153	0.006382	7.5
1860	-0.000000	105.806767	0.000000	8.8
1861	-0.434388	105.774407	0.004549	7.5
1862	-0.034094	105.742073	0.001331	8.7
1863	-0.000000	105.709766	0.000000	7.4
1864	-0.304284	105.677485	0.004261	8.7
1865	-0.935088	105.645230	0.005115	7.3
1866	-0.821975	105.613001	0.005038	8.4
1867	-0.877578	105.580799	0.005445	7.4
1868	-0.693676	105.548623	0.005236	8.9
1869	-0.817773	105.516473	0.006043	7.4
1870	-0.612332	105.484349	0.005866	8.5
1871	-0.575307	105.452251	0.005215	7.4
1872	-0.928743	105.420179	0.005908	8.3
1873	-1.016414	105.388133	0.004161	7.8
1874	-0.000000	105.356113	0.000000	8.0
1875	-0.044890	105.324119	0.001056	7.9
1876	-1.013957	105.292151	0.009508	8.4
1877	-0.610632	105.260209	0.005696	8.3
1878	-0.438380	105.228293	0.005485	7.6
1879	-0.000000	105.196402	0.000000	7.4
1880	-0.839024	105.164537	0.004531	8.4
1881	-0.160008	105.132698	0.003201	7.4
1882	-0.669202	105.100885	0.006043	8.4
1883	-0.938177	105.069097	0.004646	7.5
1884	-0.005857	105.037335	0.000615	8.4
1885	-0.687844	105.005598	0.005985	7.9
1886	-0.770982	104.973887	0.005734	8.6
1887	-0.176785	104.942202	0.005184	7.7
1888	-0.002304	104.910542	0.000031	8.9
1889	-0.256763	104.878907	0.003756	7.7
1890	-0.290859	104.847298	0.004704	8.5
1891	-0.004702	104.815715	0.002753	7.4
1892	-0.965824	104.784156	0.006891	8.4
1893	-0.508950	104.752623	0.004962	7.3
1894	-0.668265	104.721116	0.007023	9.3
1895	-0.000000	104.689633	0.000000	7.7
1896	-0.995156	104.658176	0.007686	9.4
1897	-0.708580	104.626744	0.006509	7.3
1898	-0.140912	104.595337	0.001793	7.5
1899	-0.912782	104.563955	0.004798	7.9
1900	-0.357125	104.532599	0.009036	7.6
1901	-0.000000	104.501267	0.000000	7.8
1902	-0.593831	104.469960	0.007953	7.7
1903	-0.534508	104.438679	0.003687	7.8
1904	-0.811450	104.407422	0.005142	7.9
1905	-0.767945	104.376191	0.004797	7.6
1906	-0.130673	104.344984	0.004419	8.1
1907	-1.045717	104.313802	0.005737	7.5
1908	-0.559410	104.282645	0.003902	8.8
1909	-0.969709	104.251513	0.007129	7.3
1910	-0.000000	104.220405	0.000000	8.5
1911	-0.000014	104.189323	0.000033	7.4
1912	-0.647519	104.158265	0.005479	9.3
1913	-0.000000	104.127231	0.000000	8.1
1914	-0.040550	104.096222	0.003952	8.0
1915	-0.769864	104.065238	0.003600	7.7
1916	-0.201921	104.034279	0.004610	9.4
1917	-0.012724	104.003344	0.001021	10.8
1918	-0.000000	103.972433	0.000000	7.9
1919	-0.934646	103.941547	0.005899	9.4
1920	-0.745221	103.910686	0.007023	7.3
1921	-0.289934	103.879849	0.004442	8.5
1922	-0.137795	103.849036	0.007911	7.4
1923	-0.552074	103.818248	0.005791	8.2
1924	-0.481039	103.787484	0.003485	7.8
1925	-0.000000	103.756744	0.000000	8.5
1926	-0.073239	103.726029	0.003038	7.6
1927	-0.940183	103.695338	0.006612	9.0
1928	-0.000000	103.664671	0.000000	7.7
1929	-0.242659	103.634028	0.003849	8.9
1930	-0.000000	103.603409	0.000000	8.0
1931	-0.825368	103.572814	0.007704	8.7
1932	-0.700395	103.542244	0.005247	8.4
1933	-0.547230	103.511698	0.003405	9.7
1934	-0.906827	103.481175	0.005581	8.5
1935	-1.027861	103.450677	0.005534	9.6
1936	-0.401104	103.420202	0.003230	7.3
1937	-0.000000	103.389752	0.000000	8.6
1938	-0.000000	103.359325	0.000000	7.3
1939	-0.645271	103.328922	0.006717	7.9
1940	-0.000000	103.298543	0.000000	7.2
1941	-0.884336	103.268188	0.007778	7.9
1942	-0.735323	103.237857	0.006758	7.3
1943	-0.705837	103.207549	0.007537	7.8
1944	-0.000000	103.177265	0.000000	7.2
1945	-0.628559	103.147005	0.005029	8.4
1946	-0.000000	103.116768	0.000000	7.4
1947	-0.000000	103.086556	0.000000	9.1
1948	-0.097539	103.056366	0.006233	7.4
1949	-0.494587	103.026200	0.004314	8.1
1950	-0.654429	102.996058	0.004454	7.3
1951	-0.795519	102.965939	0.007603	8.5
1952	-0.777984	102.935844	0.004907	7.3
1953	-0.963196	102.905772	0.005575	8.7
1954	-0.666079	102.875724	0.004714	7.2
1955	-1.077956	102.845699	0.008154	8.6
1956	-0.000142	102.815697	0.000069	7.7
1957	-0.703540	102.785719	0.005612	8.6
1958	-0.000000	102.755764	0.000000	7.4
1959	-0.314717	102.725832	0.004060	8.4
1960	-0.871157	102.695924	0.008554	7.5
1961	-0.000000	102.666038	0.000000	8.2
1962	-0.762263	102.636176	0.005739	7.6
1963	-0.960828	102.606337	0.004841	8.6
1964	-0.793963	102.576521	0.005124	7.9
1965	-0.000000	102.546728	0.000000	8.9
1966	-0.853368	102.516959	0.004283	7.7
1967	-0.077874	102.487212	0.003062	8.5
1968	-0.000000	102.457488	0.000000	7.5
1969	-0.000000	102.427788	0.000000	8.5
1970	-0.000000	102.398110	0.000000	7.3
1971	-0.634776	102.368455	0.005272	8.6
1972	-0.774838	102.338823	0.007924	7.2
1973	-0.507856	102.309214	0.005842	8.5
1974	-0.765406	102.279628	0.006588	7.3
1975	-0.181793	102.250064	0.002664	8.7
1976	-0.640960	102.220524	0.006502	7.4
1977	-0.229664	102.191006	0.003437	8.7
1978	-0.523238	102.161511	0.004838	7.4
1979	-0.111526	102.132038	0.002752	8.2
1980	-0.920086	102.102588	0.008684	7.8
1981	-0.937860	102.073161	0.007151	8.3
1982	-1.006746	102.043757	0.006111	8.0
1983	-0.777813	102.014375	0.003533	7.8
1984	-0.000000	101.985015	0.000000	7.5
1985	-0.000000	101.955678	0.000000	8.4
1986	-0.048581	101.926364	0.002076	7.5
1987	-0.000000	101.897072	0.000000	8.2
1988	-0.633937	101.867802	0.004158	7.6
1989	-0.167386	101.838555	0.003925	8.4
1990	-0.274523	101.809330	0.005311	7.4
1991	-0.623968	101.780128	0.004820	8.4
1992	-0.775296	101.750948	0.006042	7.2
1993	-0.977498	101.721790	0.005396	9.1
1994	-0.891118	101.692654	0.005467	7.1
1995	-0.128032	101.663541	0.003526	9.3
1996	-0.045154	101.634450	0.002720	7.0
1997	-0.341519	101.605381	0.003767	8.9
1998	-0.049977	101.576335	0.001514	7.2
1999	-0.247379	101.547310	0.002688	8.8
