1:ItNr	2:Metric	3:StepSize	4:||Gradient||	Time[ms]
0	-0.727737	627.201626	0.010930	836.8
1	-1.038079	623.504937	0.011927	5.0
2	-1.115097	619.865785	0.019618	4.3
3	-0.805400	616.282728	0.020764	4.1
4	-0.000000	612.754375	0.000000	5.1
5	-0.378635	609.279381	0.010742	4.5
6	-0.732138	605.856447	0.009506	4.8
7	-0.000000	602.484317	0.000000	4.6
8	-0.000000	599.161779	0.000000	4.3
9	-0.693258	595.887656	0.020837	5.0
10	-0.000000	592.660813	0.000000	5.1
11	-0.595942	589.480151	0.007238	4.7
12	-0.725610	586.344606	0.018463	5.7
13	-0.257510	583.253145	0.004330	4.7
14	-0.000000	580.204771	0.000000	4.6
15	-0.755106	577.198517	0.016675	4.1
16	-0.953326	574.233444	0.030219	5.1
17	-0.974960	571.308645	0.027017	4.9
18	-0.914170	568.423237	0.028416	4.5
19	-0.405923	565.576365	0.016533	5.3
20	-0.000000	562.767201	0.000000	4.4
21	-0.899732	559.994938	0.011045	4.1
22	-0.488293	557.258797	0.008543	5.2
23	-0.041743	554.558018	0.000858	4.7
24	-1.057165	551.891865	0.016265	4.4
25	-0.875591	549.259621	0.023579	5.2
26	-0.665735	546.660592	0.040376	4.8
27	-0.638290	544.094102	0.013155	4.6
28	-0.542032	541.559494	0.006294	5.3
29	-0.373235	539.056129	0.008465	5.4
30	-0.000000	536.583387	0.000000	5.0
31	-0.646296	534.140663	0.010873	5.2
32	-0.000000	531.727370	0.000000	4.6
33	-0.101787	529.342935	0.003734	4.7
34	-1.015415	526.986802	0.013034	5.1
35	-0.256300	524.658430	0.003890	4.8
36	-0.222115	522.357290	0.002558	4.8
37	-0.000000	520.082868	0.000000	5.5
38	-0.009936	517.834665	0.000937	5.4
39	-0.882645	515.612193	0.029372	5.2
40	-0.717284	513.414976	0.017404	4.9
41	-0.299748	511.242551	0.010916	5.7
42	-1.019180	509.094468	0.011485	5.8
43	-0.732812	506.970285	0.017753	5.3
44	-0.000000	504.869574	0.000000	5.2
45	-0.472892	502.791916	0.013133	5.3
46	-0.292595	500.736903	0.002893	5.2
47	-0.895329	498.704137	0.035294	4.9
48	-0.154668	496.693228	0.004989	4.9
49	-0.000000	494.703798	0.000000	5.2
50	-0.000000	492.735476	0.000000	5.0
51	-0.000000	490.787900	0.000000	4.9
52	-0.500579	488.860718	0.029832	4.9
53	-0.315197	486.953585	0.010142	5.6
54	-0.891485	485.066164	0.009702	5.3
55	-0.225315	483.198126	0.003046	4.9
56	-0.931957	481.349149	0.012253	5.4
57	-0.217456	479.518920	0.004010	5.0
58	-0.695413	477.707132	0.027085	4.9
59	-0.496573	475.913485	0.006794	5.6
60	-1.068172	474.137684	0.016694	5.1
61	-0.627975	472.379445	0.012748	5.1
62	-0.000000	470.638485	0.000000	5.4
63	-0.277478	468.914531	0.006235	5.0
64	-0.596436	467.207315	0.007712	4.9
65	-0.931379	465.516573	0.027804	6.0
66	-0.000000	463.842050	0.000000	5.3
67	-0.896351	462.183494	0.009874	5.6
68	-0.742170	460.540658	0.010268	5.6
69	-0.562976	458.913303	0.013418	5.5
70	-0.520093	457.301192	0.005016	5.0
71	-0.284230	455.704096	0.004895	5.2
72	-0.000000	454.121787	0.000000	4.9
73	-1.092128	452.554045	0.012617	5.6
74	-0.659463	451.000653	0.008459	5.2
75	-0.795487	449.461399	0.012889	4.6
76	-0.000000	447.936075	0.000000	5.3
77	-0.844622	446.424477	0.022227	5.7
78	-0.020860	444.926406	0.001218	5.5
79	-0.571844	443.441666	0.008195	6.0
80	-0.772607	441.970065	0.009367	5.7
81	-0.627592	440.511415	0.017273	5.1
82	-0.501102	439.065533	0.033976	5.9
83	-0.463361	437.632238	0.011683	5.6
84	-0.477812	436.211351	0.004671	6.3
85	-0.000001	434.802701	0.000000	5.8
86	-0.788924	433.406117	0.010926	5.1
87	-0.085378	432.021430	0.003690	5.0
88	-0.001219	430.648479	0.000696	5.6
89	-0.000000	429.287101	0.000000	5.7
90	-0.914087	427.937140	0.008697	5.9
91	-0.185180	426.598440	0.005963	5.5
92	-0.491826	425.270849	0.017786	6.0
93	-0.103782	423.954220	0.002109	6.2
94	-0.673442	422.648404	0.009872	5.3
95	-0.062499	421.353259	0.002209	5.2
96	-0.052791	420.068643	0.002743	6.1
97	-0.029533	418.794419	0.000966	5.3
98	-0.000000	417.530451	0.000000	5.3
99	-0.512377	416.276604	0.008047	5.7
100	-0.880105	415.032748	0.014993	5.7
101	-0.993128	413.798754	0.019120	5.8
102	-0.000000	412.574495	0.000000	5.4
103	-0.654391	411.359849	0.019715	4.7
104	-1.017120	410.154691	0.025985	6.3
105	-0.554577	408.958904	0.009308	7.4
106	-0.562077	407.772368	0.008321	8.3
107	-0.585080	406.594968	0.008845	6.9
108	-0.882777	405.426590	0.009857	9.2
109	-0.000000	404.267122	0.000000	6.7
110	-0.547726	403.116456	0.007704	6.3
111	-1.099466	401.974481	0.011821	6.0
112	-0.000000	400.841093	0.000000	6.0
113	-0.986605	399.716187	0.014892	6.0
114	-0.069859	398.599660	0.001751	6.0
115	-0.000000	397.491411	0.000000	5.9
116	-0.000000	396.391342	0.000000	6.1
117	-0.224296	395.299353	0.005945	6.1
118	-0.836302	394.215350	0.010952	5.9
119	-0.128594	393.139238	0.003669	6.1
120	-0.900250	392.070924	0.015301	6.2
121	-0.806547	391.010316	0.011479	6.2
122	-0.000524	389.957325	0.000079	6.0
123	-0.956263	388.911862	0.026738	6.1
124	-0.397588	387.873839	0.007154	6.4
125	-0.878699	386.843173	0.010256	5.7
126	-0.000000	385.819777	0.000000	5.9
127	-0.933032	384.803569	0.014324	5.7
128	-0.850013	383.794468	0.016705	6.4
129	-0.708990	382.792393	0.005586	8.6
130	-1.104241	381.797264	0.033677	6.6
131	-0.228508	380.809005	0.006422	6.1
132	-0.873511	379.827537	0.008902	6.6
133	-0.007909	378.852786	0.000353	7.1
134	-1.018590	377.884678	0.039366	6.4
135	-0.499390	376.923138	0.010930	7.6
136	-0.695617	375.968095	0.007282	6.0
137	-0.530930	375.019479	0.008365	7.6
138	-0.718636	374.077218	0.012098	5.9
139	-0.678855	373.141244	0.010316	6.3
140	-0.099365	372.211489	0.004072	6.4
141	-0.897488	371.287887	0.009956	5.3
142	-0.610889	370.370370	0.011114	6.0
143	-0.370877	369.458876	0.005032	6.1
144	-0.000000	368.553338	0.000000	5.9
145	-1.019780	367.653696	0.022118	6.3
146	-0.878178	366.759885	0.026696	5.6
147	-0.569648	365.871846	0.011355	5.7
148	-0.000702	364.989518	0.000083	5.9
149	-0.340349	364.112841	0.023001	5.9
150	-0.000000	363.241757	0.000000	5.9
151	-0.392046	362.376208	0.008563	5.6
152	-0.024804	361.516137	0.001184	5.2
153	-0.395999	360.661488	0.009941	5.7
154	-0.627029	359.812206	0.008721	5.3
155	-0.104450	358.968236	0.002801	5.1
156	-0.535452	358.129524	0.011308	5.9
157	-0.479996	357.296018	0.009575	6.1
158	-0.000000	356.467665	0.000000	6.0
159	-0.703252	355.644414	0.011475	5.8
160	-0.922786	354.826213	0.012538	5.8
161	-0.980738	354.013012	0.024984	7.3
162	-0.000000	353.204763	0.000000	5.6
163	-0.702136	352.401415	0.010421	5.3
164	-0.000000	351.602922	0.000000	5.7
165	-0.000000	350.809235	0.000000	5.2
166	-0.341668	350.020308	0.006430	5.4
167	-0.960752	349.236095	0.006240	5.6
168	-0.687739	348.456550	0.015311	5.3
169	-0.000000	347.681627	0.000000	6.1
170	-0.759021	346.911283	0.026148	5.8
171	-0.736972	346.145474	0.011481	5.2
172	-0.342583	345.384157	0.005958	5.4
173	-1.169903	344.627288	0.030273	5.2
174	-0.948720	343.874826	0.020169	5.3
175	-0.002844	343.126729	0.000405	5.6
176	-0.983848	342.382957	0.012229	4.8
177	-0.000000	341.643469	0.000000	5.3
178	-0.169234	340.908224	0.004193	6.1
179	-0.511696	340.177184	0.009833	5.9
180	-0.680752	339.450309	0.009312	6.3
181	-0.000000	338.727561	0.000000	5.3
182	-0.076315	338.008902	0.001812	5.2
183	-0.784972	337.294295	0.006746	5.9
184	-0.607219	336.583703	0.012286	4.9
185	-0.944142	335.877089	0.011097	4.7
186	-0.329045	335.174416	0.005238	5.7
187	-0.959371	334.475651	0.041067	5.2
188	-0.767164	333.780756	0.010741	5.0
189	-0.000227	333.089698	0.000091	5.7
190	-0.000000	332.402443	0.000000	5.1
191	-0.828955	331.718955	0.017959	4.6
192	-0.665749	331.039203	0.009610	6.0
193	-0.768441	330.363153	0.008134	4.6
194	-0.380722	329.690771	0.004067	5.3
195	-0.000000	329.022027	0.000000	5.7
196	-1.026930	328.356888	0.027514	5.0
197	-0.000000	327.695322	0.000000	4.9
198	-0.509131	327.037299	0.014852	5.5
199	-0.000000	326.382787	0.000000	4.7
200	-0.304652	325.731758	0.009324	5.3
201	-0.000000	325.084179	0.000000	6.5
202	-1.152640	324.440023	0.021991	4.9
203	-0.878461	323.799258	0.024266	6.0
204	-0.972112	323.161858	0.011096	5.3
205	-0.000076	322.527792	0.000071	5.1
206	-0.524256	321.897034	0.003800	5.7
207	-0.018164	321.269554	0.001060	5.0
208	-0.467521	320.645325	0.006569	5.1
209	-0.059878	320.024320	0.001052	6.9
210	-0.334984	319.406512	0.007539	5.4
211	-0.781860	318.791875	0.013589	5.2
212	-1.049671	318.180381	0.026015	5.6
213	-0.000000	317.572005	0.000000	5.7
214	-0.681409	316.966721	0.009324	5.1
215	-0.000000	316.364504	0.000000	5.6
216	-0.000000	315.765329	0.000000	5.3
217	-0.000000	315.169170	0.000000	5.0
218	-0.970527	314.576003	0.015897	5.3
219	-0.984349	313.985804	0.019540	5.1
220	-0.946378	313.398548	0.011616	5.1
221	-0.000000	312.814213	0.000000	5.4
222	-0.621502	312.232773	0.008024	5.5
223	-0.983047	311.654207	0.013965	5.3
224	-0.470760	311.078491	0.009916	5.8
225	-0.000000	310.505602	0.000000	4.8
226	-0.000000	309.935518	0.000000	4.6
227	-0.784739	309.368217	0.012119	6.2
228	-0.900486	308.803676	0.014170	5.1
229	-0.000000	308.241874	0.000000	5.1
230	-0.411015	307.682789	0.008053	5.7
231	-0.123039	307.126400	0.003299	4.9
232	-0.000000	306.572687	0.000000	5.1
233	-0.000000	306.021627	0.000000	5.4
234	-0.392769	305.473201	0.009060	5.5
235	-0.486658	304.927388	0.007796	4.9
236	-0.463497	304.384168	0.008950	5.5
237	-0.000000	303.843521	0.000000	5.4
238	-0.729034	303.305427	0.006373	5.4
239	-0.975071	302.769867	0.011134	5.4
240	-0.873769	302.236821	0.017467	5.7
241	-0.000000	301.706270	0.000000	5.7
242	-1.006317	301.178196	0.018751	5.8
243	-0.000000	300.652580	0.000000	4.8
244	-0.655507	300.129402	0.010376	6.6
245	-0.809812	299.608645	0.013984	5.2
246	-0.137683	299.090291	0.000966	5.5
247	-0.622632	298.574321	0.013224	5.3
248	-0.954837	298.060718	0.007538	5.0
249	-1.038751	297.549465	0.027002	5.6
250	-0.623229	297.040543	0.006815	5.5
251	-0.532845	296.533936	0.011992	6.2
252	-0.000000	296.029626	0.000000	5.7
253	-0.733716	295.527597	0.005168	5.5
254	-0.556201	295.027832	0.009751	5.6
255	-0.050235	294.530315	0.002958	5.5
256	-0.357905	294.035028	0.006613	5.4
257	-0.874539	293.541956	0.006507	4.6
258	-0.000000	293.051083	0.000000	4.9
259	-0.532058	292.562393	0.007227	6.0
260	-0.000000	292.075870	0.000000	6.0
261	-0.987576	291.591498	0.015479	5.4
262	-0.000000	291.109263	0.000000	5.3
263	-1.001912	290.629149	0.021289	5.2
264	-0.000027	290.151140	0.000011	5.8
265	-0.576188	289.675222	0.009505	5.1
266	-0.132760	289.201380	0.001912	5.4
267	-0.000000	288.729600	0.000000	5.8
268	-0.000000	288.259866	0.000000	5.7
269	-0.862838	287.792165	0.009812	5.7
270	-0.000000	287.326481	0.000000	6.5
271	-0.858545	286.862802	0.008504	5.2
272	-0.003512	286.401113	0.000146	5.0
273	-0.145161	285.941400	0.003884	5.7
274	-0.000000	285.483649	0.000000	5.0
275	-0.675425	285.027847	0.010374	5.1
276	-0.642881	284.573981	0.010393	5.4
277	-0.595838	284.122037	0.005828	5.0
278	-0.974473	283.672002	0.012927	6.5
279	-0.285028	283.223863	0.003486	5.6
280	-0.875654	282.777607	0.024278	5.6
281	-0.000000	282.333221	0.000000	5.7
282	-0.669934	281.890692	0.009186	5.3
283	-0.529549	281.450008	0.007995	5.1
284	-0.738568	281.011157	0.011766	5.7
285	-0.956318	280.574125	0.019260	5.8
286	-0.769961	280.138901	0.007945	5.4
287	-0.249532	279.705473	0.008172	5.5
288	-0.452472	279.273829	0.004967	5.7
289	-0.000000	278.843956	0.000000	5.4
290	-0.693528	278.415844	0.011186	5.9
291	-0.183808	277.989479	0.004023	5.4
292	-0.225466	277.564851	0.003280	5.8
293	-0.279266	277.141949	0.006124	5.8
294	-1.018940	276.720761	0.019609	4.8
295	-0.756390	276.301275	0.009462	5.8
296	-1.124597	275.883480	0.009280	5.4
297	-0.020193	275.467366	0.001211	5.6
298	-0.000000	275.052922	0.000000	6.1
299	-0.297826	274.640136	0.004187	5.1
300	-0.824416	274.228998	0.017877	5.5
301	-0.433884	273.819497	0.010871	6.0
302	-0.000000	273.411623	0.000000	5.4
303	-0.560990	273.005365	0.012495	6.2
304	-0.532205	272.600712	0.007716	5.3
305	-0.000000	272.197655	0.000000	5.8
306	-0.008759	271.796184	0.000484	7.3
307	-0.329661	271.396287	0.005386	5.0
308	-0.521385	270.997956	0.003930	5.4
309	-0.910118	270.601180	0.023779	5.4
310	-0.000173	270.205949	0.000061	4.7
311	-0.604406	269.812254	0.008943	5.6
312	-0.771553	269.420085	0.008447	5.7
313	-0.970314	269.029432	0.010999	5.0
314	-0.462901	268.640287	0.008569	4.9
315	-0.815282	268.252638	0.011225	5.2
316	-0.000000	267.866478	0.000000	5.1
317	-0.150127	267.481796	0.004756	5.0
318	-0.000142	267.098584	0.000004	5.2
319	-0.000000	266.716833	0.000000	5.4
320	-0.471537	266.336533	0.007185	5.3
321	-0.735917	265.957676	0.009885	5.4
322	-0.000000	265.580253	0.000000	6.0
323	-0.776375	265.204254	0.009107	5.8
324	-0.275302	264.829672	0.002991	6.2
325	-1.028279	264.456497	0.015575	5.7
326	-0.373205	264.084721	0.001883	5.2
327	-0.219079	263.714335	0.001827	5.4
328	-0.555990	263.345332	0.009905	5.8
329	-0.507701	262.977702	0.008806	5.6
330	-0.365157	262.611438	0.008033	5.5
331	-0.585519	262.246531	0.012023	5.3
332	-0.359709	261.882973	0.005256	5.8
333	-1.138070	261.520756	0.011124	5.0
334	-0.840015	261.159871	0.005287	5.1
335	-0.844705	260.800312	0.020555	5.6
336	-0.000000	260.442070	0.000000	5.5
337	-0.389654	260.085137	0.007123	5.4
338	-1.003396	259.729505	0.017212	5.8
339	-0.000000	259.375167	0.000000	5.2
340	-0.290902	259.022116	0.005467	5.6
341	-0.753892	258.670343	0.005780	4.9
342	-0.028400	258.319841	0.001178	4.6
343	-0.715553	257.970602	0.030848	5.6
344	-1.028311	257.622620	0.010569	5.3
345	-0.033010	257.275887	0.000800	5.1
346	-1.031149	256.930396	0.023852	5.4
347	-0.322801	256.586139	0.009108	4.9
348	-0.904610	256.243109	0.021553	5.0
349	-0.270690	255.901300	0.004750	5.0
350	-0.683478	255.560703	0.015121	5.6
351	-0.627748	255.221313	0.005107	5.5
352	-0.508067	254.883122	0.006170	4.8
353	-0.623602	254.546124	0.008127	5.3
354	-0.665467	254.210311	0.010683	5.6
355	-0.380015	253.875677	0.006089	5.4
356	-0.103201	253.542215	0.002254	5.1
357	-0.893387	253.209918	0.009760	5.2
358	-0.002765	252.878781	0.000351	5.5
359	-0.682378	252.548795	0.005731	5.8
360	-0.406657	252.219956	0.006327	5.8
361	-0.639819	251.892255	0.018570	5.8
362	-0.657364	251.565688	0.006943	5.7
363	-0.000000	251.240247	0.000000	5.7
364	-0.062661	250.915926	0.002161	5.4
365	-0.000006	250.592720	0.000003	5.7
366	-0.903156	250.270621	0.015387	5.4
367	-0.548156	249.949624	0.006878	5.9
368	-0.584334	249.629723	0.009921	5.3
369	-0.000036	249.310911	0.000014	5.7
370	-0.000000	248.993182	0.000000	5.8
371	-1.138574	248.676531	0.011361	4.9
372	-0.737571	248.360952	0.007763	6.2
373	-0.000000	248.046438	0.000000	5.8
374	-0.000003	247.732984	0.000002	5.1
375	-0.879119	247.420584	0.012007	6.0
376	-0.633686	247.109233	0.006920	5.2
377	-0.027243	246.798924	0.000893	5.5
378	-0.000000	246.489652	0.000000	5.7
379	-0.000000	246.181412	0.000000	5.1
380	-0.000000	245.874197	0.000000	5.7
381	-0.204068	245.568002	0.002981	5.9
382	-0.000418	245.262822	0.000115	4.9
383	-0.642964	244.958652	0.006913	4.9
384	-0.302436	244.655485	0.002158	5.4
385	-0.249461	244.353317	0.004875	4.6
386	-0.012720	244.052142	0.000394	5.0
387	-0.193135	243.751955	0.004694	5.2
388	-0.525018	243.452750	0.008366	5.0
389	-0.420194	243.154523	0.003427	5.2
390	-0.956286	242.857268	0.009269	5.4
391	-1.052972	242.560980	0.009488	5.6
392	-0.489683	242.265654	0.004837	5.4
393	-0.000000	241.971285	0.000000	5.2
394	-0.811460	241.677868	0.009630	5.1
395	-0.725805	241.385397	0.023248	5.1
396	-0.423552	241.093869	0.006761	5.4
397	-1.019120	240.803278	0.017349	5.3
398	-0.000679	240.513619	0.000089	5.0
399	-0.401091	240.224887	0.006298	5.4
400	-0.000000	239.937077	0.000000	5.0
401	-0.508575	239.650186	0.007489	5.8
402	-0.000000	239.364207	0.000000	5.8
403	-0.933891	239.079136	0.008251	5.0
404	-0.828958	238.794969	0.008704	4.9
405	-0.000005	238.511701	0.000002	5.4
406	-1.146411	238.229327	0.019356	4.6
407	-1.052045	237.947843	0.004755	4.6
408	-1.090602	237.667244	0.016717	5.5
409	-0.008297	237.387526	0.001055	4.7
410	-0.000000	237.108684	0.000000	5.0
411	-0.836042	236.830714	0.012462	6.3
412	-0.147059	236.553610	0.004312	5.5
413	-0.000000	236.277370	0.000000	5.1
414	-0.000000	236.001989	0.000000	6.0
415	-0.000000	235.727461	0.000000	4.8
416	-0.551296	235.453784	0.009339	5.4
417	-0.679210	235.180952	0.009863	5.6
418	-0.328304	234.908962	0.006371	4.8
419	-0.655223	234.637809	0.009310	5.6
420	-0.194404	234.367488	0.003905	5.9
421	-0.000000	234.097997	0.000000	5.8
422	-0.682861	233.829331	0.011355	6.0
423	-0.983350	233.561485	0.035228	5.4
424	-0.086930	233.294456	0.002095	5.3
425	-0.196633	233.028239	0.005773	5.9
426	-0.497424	232.762831	0.007388	4.9
427	-0.882180	232.498228	0.010539	5.7
428	-0.151009	232.234425	0.004057	6.0
429	-0.506749	231.971419	0.007740	5.3
430	-0.666714	231.709205	0.006992	5.3
431	-0.561860	231.447781	0.008250	5.7
432	-1.079901	231.187141	0.011876	5.3
433	-0.819663	230.927283	0.013394	5.0
434	-0.000000	230.668202	0.000000	5.4
435	-0.000000	230.409895	0.000000	5.3
436	-0.000000	230.152358	0.000000	5.2
437	-0.000000	229.895587	0.000000	5.6
438	-0.076778	229.639578	0.001577	5.7
439	-0.642522	229.384329	0.008068	6.0
440	-0.788996	229.129834	0.010806	5.5
441	-0.948407	228.876091	0.007391	5.1
442	-1.092608	228.623096	0.021483	5.7
443	-1.065672	228.370846	0.016879	5.3
444	-0.414900	228.119336	0.008477	4.9
445	-0.000000	227.868563	0.000000	5.5
446	-0.022007	227.618525	0.001650	4.7
447	-1.099356	227.369216	0.018968	4.6
448	-0.879954	227.120635	0.007683	6.0
449	-1.238566	226.872777	0.039085	6.1
450	-0.205684	226.625638	0.003260	5.8
451	-0.238401	226.379217	0.005756	6.2
452	-0.427702	226.133509	0.005947	5.4
453	-0.618027	225.888510	0.015795	5.7
454	-1.056468	225.644218	0.057398	5.4
455	-0.000000	225.400630	0.000000	5.6
456	-0.910521	225.157741	0.014314	6.5
457	-0.594253	224.915549	0.007698	6.3
458	-0.000000	224.674051	0.000000	5.4
459	-0.000000	224.433242	0.000000	6.2
460	-0.029287	224.193121	0.000907	5.0
461	-0.000000	223.953684	0.000000	5.0
462	-0.573348	223.714927	0.009359	6.2
463	-0.014169	223.476848	0.000625	6.0
464	-0.135905	223.239444	0.002389	6.3
465	-0.717586	223.002710	0.012496	6.2
466	-0.193499	222.766645	0.003457	4.8
467	-0.407924	222.531245	0.005395	5.5
468	-0.684016	222.296508	0.005594	5.6
469	-0.883367	222.062429	0.011880	6.0
470	-0.000000	221.829007	0.000000	6.7
471	-0.264187	221.596238	0.003646	5.7
472	-0.987446	221.364119	0.006950	6.0
473	-0.166106	221.132647	0.004055	5.9
474	-0.243134	220.901820	0.007133	5.4
475	-0.997790	220.671634	0.019463	7.0
476	-0.982073	220.442086	0.014741	5.4
477	-0.215248	220.213174	0.005161	6.5
478	-0.147519	219.984895	0.001957	4.9
479	-0.757705	219.757246	0.010119	5.6
480	-0.284240	219.530224	0.004291	6.3
481	-0.375522	219.303826	0.003778	5.8
482	-0.372488	219.078050	0.005129	5.5
483	-0.000000	218.852893	0.000000	5.6
484	-1.093779	218.628352	0.009105	5.2
485	-1.041525	218.404424	0.014544	6.0
486	-0.062588	218.181106	0.002037	5.6
487	-0.640617	217.958397	0.006542	5.4
488	-0.000000	217.736292	0.000000	4.8
489	-0.000075	217.514790	0.000036	5.3
490	-0.000000	217.293888	0.000000	5.3
491	-0.000000	217.073584	0.000000	5.2
492	-0.015895	216.853873	0.000806	4.9
493	-0.401889	216.634755	0.007097	5.6
494	-0.875365	216.416227	0.009352	5.4
495	-0.624521	216.198285	0.004596	5.3
496	-0.000000	215.980927	0.000000	5.5
497	-0.065893	215.764151	0.002333	5.5
498	-0.577327	215.547955	0.007576	6.0
499	-0.777182	215.332335	0.008591	4.6
500	-0.000000	215.117289	0.000000	5.9
501	-0.000000	214.902815	0.000000	5.4
502	-0.976220	214.688911	0.010489	5.1
503	-0.915015	214.475573	0.027181	5.7
504	-0.529881	214.262800	0.008292	5.6
505	-0.644929	214.050588	0.009644	5.0
506	-0.304602	213.838936	0.009884	5.9
507	-0.424759	213.627842	0.004816	5.1
508	-0.064547	213.417302	0.001276	5.0
509	-0.000000	213.207314	0.000000	5.6
510	-0.039283	212.997877	0.002569	5.1
511	-0.928361	212.788987	0.013346	5.1
512	-0.039261	212.580642	0.000669	7.0
513	-0.000000	212.372841	0.000000	5.1
514	-0.524261	212.165581	0.007731	5.7
515	-0.332449	211.958859	0.007960	5.2
516	-0.000061	211.752673	0.000022	4.9
517	-1.059539	211.547021	0.010318	6.0
518	-0.522183	211.341902	0.007901	5.5
519	-1.249554	211.137311	0.012640	5.3
520	-0.943608	210.933248	0.022946	5.9
521	-0.745455	210.729710	0.007860	4.7
522	-0.421954	210.526695	0.002432	5.0
523	-1.052248	210.324200	0.005059	5.6
524	-0.000006	210.122224	0.000005	4.8
525	-0.000000	209.920765	0.000000	5.8
526	-0.000000	209.719820	0.000000	5.4
527	-0.439186	209.519387	0.003633	5.4
528	-0.609362	209.319463	0.009082	5.9
529	-0.969941	209.120048	0.020204	5.7
530	-0.673497	208.921139	0.013411	5.9
531	-0.781166	208.722733	0.012473	5.0
532	-1.024344	208.524829	0.015286	5.7
533	-0.990590	208.327425	0.013789	6.0
534	-0.000000	208.130518	0.000000	5.9
535	-1.088085	207.934107	0.017317	5.1
536	-0.863197	207.738189	0.007968	5.5
537	-1.001447	207.542762	0.018291	5.9
538	-0.840860	207.347825	0.004568	5.9
539	-0.563322	207.153376	0.007849	5.7
540	-0.002053	206.959412	0.000280	5.4
541	-0.478344	206.765932	0.004352	5.5
542	-0.604149	206.572933	0.007260	5.2
543	-1.009230	206.380414	0.010263	5.7
544	-0.513528	206.188373	0.007091	4.9
545	-0.010404	205.996807	0.000417	4.9
546	-0.007895	205.805716	0.000430	5.9
547	-0.710916	205.615096	0.006801	5.2
548	-1.094516	205.424946	0.019330	5.0
549	-0.040149	205.235265	0.000517	6.4
550	-1.012448	205.046050	0.013725	5.4
551	-0.569323	204.857299	0.005791	4.9
552	-0.867719	204.669011	0.005850	5.1
553	-0.376599	204.481184	0.006899	5.4
554	-0.000000	204.293816	0.000000	5.8
555	-0.762673	204.106905	0.009656	5.6
556	-0.547609	203.920449	0.007259	4.6
557	-0.806762	203.734447	0.007534	5.8
558	-1.145531	203.548896	0.013964	4.9
559	-0.822733	203.363795	0.012963	4.6
560	-0.353826	203.179143	0.004953	5.9
561	-0.119371	202.994937	0.003589	4.8
562	-1.042853	202.811176	0.015796	5.3
563	-0.000000	202.627857	0.000000	5.4
564	-0.443536	202.444980	0.006990	5.5
565	-0.519083	202.262543	0.008335	5.6
566	-0.000000	202.080543	0.000000	5.5
567	-0.902314	201.898979	0.009679	5.3
568	-0.618634	201.717849	0.009689	5.7
569	-0.910259	201.537153	0.009916	5.5
570	-0.490496	201.356887	0.005827	5.4
571	-0.667602	201.177050	0.006169	5.0
572	-0.265550	200.997642	0.002436	5.8
573	-0.124986	200.818659	0.003251	5.1
574	-0.612052	200.640100	0.008634	4.6
575	-0.000000	200.461965	0.000000	5.3
576	-0.694229	200.284250	0.008056	5.8
577	-0.681551	200.106955	0.010757	5.4
578	-0.524998	199.930078	0.006878	5.8
579	-0.578588	199.753617	0.002818	4.6
580	-0.600193	199.577571	0.007505	5.0
581	-0.700870	199.401938	0.008382	5.9
582	-0.575747	199.226717	0.007101	5.1
583	-0.558721	199.051905	0.022666	4.8
584	-0.891862	198.877502	0.010238	5.6
585	-0.373119	198.703506	0.005703	4.8
586	-0.539978	198.529916	0.007500	5.0
587	-0.018751	198.356729	0.000738	5.8
588	-1.087399	198.183944	0.010568	5.5
589	-0.000000	198.011560	0.000000	4.9
590	-0.000000	197.839576	0.000000	5.7
591	-0.541914	197.667989	0.006830	4.8
592	-1.033012	197.496798	0.009174	5.6
593	-0.000001	197.326002	0.000000	5.8
594	-0.945967	197.155600	0.012901	5.3
595	-0.411221	196.985589	0.004914	5.4
596	-1.156383	196.815969	0.017830	5.8
597	-0.000000	196.646738	0.000000	5.5
598	-0.000000	196.477894	0.000000	5.6
599	-0.464011	196.309436	0.006183	5.3
600	-0.000000	196.141363	0.000000	5.6
601	-0.000000	195.973673	0.000000	6.0
602	-0.000078	195.806365	0.000044	5.5
603	-0.000000	195.639437	0.000000	5.3
604	-0.760098	195.472888	0.017571	5.7
605	-0.002659	195.306717	0.000100	5.3
606	-0.156461	195.140922	0.004897	5.4
607	-1.017632	194.975501	0.012498	5.5
608	-0.000000	194.810454	0.000000	5.8
609	-0.976745	194.645779	0.012419	5.3
610	-0.000451	194.481475	0.000118	5.4
611	-0.003186	194.317540	0.000362	5.5
612	-1.143724	194.153973	0.013149	4.6
613	-0.642676	193.990773	0.005566	5.9
614	-0.677810	193.827938	0.013507	5.2
615	-0.001984	193.665467	0.000232	6.0
616	-0.554404	193.503358	0.010007	5.9
617	-0.999758	193.341611	0.009281	5.4
618	-0.000000	193.180224	0.000000	5.7
619	-0.000058	193.019196	0.000005	5.5
620	-0.571138	192.858525	0.007001	4.9
621	-1.116354	192.698210	0.018332	5.4
622	-0.000000	192.538251	0.000000	5.6
623	-0.941549	192.378644	0.014417	4.6
624	-0.130704	192.219391	0.002373	5.7
625	-0.875797	192.060488	0.013340	5.5
626	-0.725480	191.901935	0.012945	5.1
627	-0.602756	191.743730	0.005510	5.5
628	-0.511934	191.585873	0.007579	4.9
629	-0.873688	191.428362	0.029031	5.2
630	-0.141301	191.271196	0.001996	5.5
631	-1.082678	191.114374	0.019062	5.1
632	-0.000507	190.957893	0.000057	5.2
633	-0.711689	190.801755	0.006161	6.2
634	-1.208092	190.645956	0.014595	5.5
635	-0.885548	190.490495	0.008776	6.3
636	-0.860905	190.335373	0.005094	5.0
637	-0.000000	190.180587	0.000000	4.9
638	-1.108659	190.026136	0.015279	5.4
639	-0.627777	189.872019	0.010048	5.4
640	-0.608433	189.718235	0.004847	7.2
641	-0.862678	189.564782	0.009595	5.1
642	-0.673187	189.411661	0.004860	5.6
643	-1.107871	189.258868	0.026209	4.6
644	-0.756417	189.106404	0.004164	5.5
645	-1.035068	188.954267	0.029025	5.1
646	-0.085414	188.802456	0.002604	5.3
647	-0.587621	188.650969	0.008191	5.7
648	-1.129477	188.499807	0.006499	5.3
649	-0.676700	188.348967	0.008646	5.0
650	-0.396919	188.198448	0.004715	5.5
651	-0.060197	188.048250	0.002601	5.2
652	-1.023149	187.898371	0.012006	4.8
653	-0.000002	187.748810	0.000000	5.8
654	-1.112597	187.599566	0.013915	5.5
655	-0.532465	187.450638	0.009316	4.9
656	-0.763430	187.302025	0.012473	6.2
657	-0.876776	187.153725	0.015149	5.3
658	-0.371885	187.005739	0.003728	6.1
659	-0.016920	186.858064	0.001232	6.0
660	-0.417023	186.710699	0.008566	4.9
661	-0.000797	186.563645	0.000182	5.9
662	-0.000000	186.416898	0.000000	5.7
663	-0.370337	186.270459	0.008588	5.7
664	-0.700734	186.124326	0.011273	5.2
665	-0.037624	185.978499	0.001462	4.9
666	-0.914827	185.832976	0.009172	6.3
667	-0.717067	185.687756	0.006315	5.5
668	-0.901002	185.542838	0.013222	5.7
669	-0.000011	185.398222	0.000011	5.8
670	-1.028540	185.253906	0.032966	5.5
671	-0.492814	185.109889	0.003572	5.4
672	-0.341567	184.966170	0.006211	5.8
673	-0.774116	184.822748	0.007264	5.2
674	-0.000000	184.679623	0.000000	5.4
675	-0.000000	184.536792	0.000000	5.3
676	-0.911938	184.394256	0.014666	5.2
677	-0.852120	184.252013	0.012198	4.8
678	-0.887571	184.110062	0.020331	5.3
679	-0.000000	183.968403	0.000000	5.4
680	-0.000000	183.827034	0.000000	5.1
681	-0.800242	183.685954	0.004457	5.9
682	-0.000000	183.545163	0.000000	5.6
683	-0.741697	183.404658	0.011803	5.1
684	-0.276702	183.264441	0.005489	5.5
685	-0.000000	183.124509	0.000000	4.9
686	-0.549468	182.984861	0.006447	5.0
687	-0.806977	182.845497	0.005393	5.6
688	-0.574157	182.706416	0.007263	5.0
689	-0.325640	182.567616	0.008842	5.0
690	-0.000000	182.429098	0.000000	5.9
691	-0.000017	182.290859	0.000007	4.9
692	-0.570697	182.152899	0.003238	5.0
693	-0.898147	182.015217	0.019871	5.6
694	-0.750321	181.877813	0.007575	5.0
695	-0.845852	181.740684	0.005957	5.0
696	-0.937983	181.603832	0.008204	5.6
697	-0.259736	181.467253	0.004908	4.7
698	-0.624222	181.330948	0.006696	5.5
699	-0.468408	181.194916	0.003261	5.1
700	-0.000000	181.059155	0.000000	4.7
701	-0.000000	180.923666	0.000000	6.1
702	-0.363098	180.788446	0.007493	5.6
703	-0.062943	180.653496	0.000750	5.6
704	-1.201851	180.518814	0.024426	5.2
705	-0.818190	180.384399	0.007684	5.0
706	-0.936354	180.250251	0.010078	5.5
707	-0.121807	180.116369	0.003224	6.0
708	-0.000000	179.982752	0.000000	5.0
709	-0.922396	179.849398	0.017750	5.7
710	-0.000000	179.716308	0.000000	5.6
711	-0.000000	179.583480	0.000000	6.1
712	-0.000000	179.450913	0.000000	5.2
713	-1.048402	179.318607	0.022242	5.8
714	-0.242593	179.186561	0.007130	5.2
715	-0.000036	179.054774	0.000013	4.8
716	-1.021962	178.923245	0.013949	5.7
717	-0.630184	178.791973	0.005939	5.0
718	-0.000000	178.660958	0.000000	5.7
719	-0.561870	178.530199	0.008024	6.9
720	-0.663839	178.399694	0.005707	5.1
721	-1.015695	178.269444	0.015539	5.5
722	-0.965162	178.139447	0.010053	5.1
723	-0.000000	178.009702	0.000000	4.8
724	-1.115459	177.880209	0.011334	5.9
725	-0.488648	177.750967	0.007998	5.2
726	-0.677431	177.621975	0.009005	5.4
727	-0.000000	177.493232	0.000000	5.9
728	-0.681999	177.364738	0.023692	5.0
729	-0.664287	177.236492	0.006928	4.6
730	-0.963074	177.108492	0.009133	5.6
731	-0.399216	176.980739	0.004243	4.7
732	-0.497021	176.853231	0.014381	5.7
733	-1.020579	176.725968	0.007924	5.6
734	-0.464632	176.598949	0.006852	5.2
735	-0.443005	176.472173	0.007147	5.0
736	-0.536677	176.345639	0.007368	5.6
737	-1.150998	176.219348	0.026275	5.8
738	-0.558601	176.093296	0.005279	5.4
739	-0.471055	175.967486	0.006588	5.2
740	-0.394869	175.841914	0.011487	5.5
741	-0.913174	175.716581	0.011094	5.2
742	-0.423604	175.591486	0.006987	5.3
743	-0.641251	175.466629	0.012968	5.8
744	-0.000000	175.342008	0.000000	4.6
745	-0.000000	175.217622	0.000000	5.2
746	-0.002241	175.093472	0.000196	5.2
747	-0.804462	174.969556	0.011599	5.1
748	-1.190151	174.845873	0.017134	5.7
749	-0.514596	174.722423	0.005233	5.0
750	-0.313573	174.599206	0.003702	5.3
751	-0.000000	174.476220	0.000000	5.7
752	-1.176381	174.353464	0.019845	5.0
753	-0.270056	174.230939	0.004811	4.8
754	-0.721543	174.108643	0.010496	5.9
755	-0.199395	173.986576	0.002663	5.0
756	-1.008486	173.864737	0.007847	4.7
757	-0.792817	173.743124	0.010191	5.8
758	-0.650662	173.621739	0.007599	5.7
759	-0.000006	173.500579	0.000001	5.5
760	-0.557145	173.379645	0.005554	5.9
761	-0.716920	173.258935	0.005971	5.3
762	-1.102673	173.138449	0.014477	5.9
763	-0.000000	173.018186	0.000000	5.1
764	-0.963074	172.898146	0.025052	4.9
765	-0.733719	172.778327	0.011266	5.8
766	-0.002964	172.658730	0.000246	5.4
767	-0.744361	172.539353	0.006038	6.0
768	-1.012380	172.420196	0.016171	5.7
769	-0.333304	172.301258	0.001970	5.2
770	-0.035384	172.182539	0.001400	5.4
771	-0.310621	172.064037	0.005149	5.8
772	-0.969179	171.945753	0.011088	5.8
773	-0.081004	171.827686	0.001934	5.5
774	-1.110318	171.709834	0.041047	5.5
775	-0.128660	171.592198	0.002870	5.5
776	-0.988559	171.474776	0.018573	5.4
777	-0.835057	171.357568	0.005297	5.8
778	-0.915466	171.240574	0.006057	5.1
779	-0.000000	171.123793	0.000000	5.3
780	-0.032980	171.007223	0.001547	5.5
781	-0.728662	170.890865	0.008082	5.7
782	-0.645015	170.774718	0.007766	5.5
783	-0.369437	170.658782	0.003713	5.0
784	-0.000000	170.543055	0.000000	5.4
785	-1.032693	170.427537	0.004917	6.3
786	-0.000000	170.312227	0.000000	5.1
787	-0.000000	170.197125	0.000000	4.5
788	-0.912899	170.082231	0.013720	6.3
789	-0.000000	169.967543	0.000000	5.5
790	-1.149431	169.853061	0.009715	5.8
791	-0.051756	169.738784	0.001510	5.0
792	-0.245695	169.624713	0.003672	5.1
793	-0.000000	169.510845	0.000000	5.4
794	-0.800427	169.397181	0.008592	5.1
795	-1.002262	169.283720	0.007319	5.1
796	-0.407954	169.170462	0.007209	5.2
797	-0.525593	169.057405	0.004933	5.8
798	-0.899009	168.944549	0.006176	4.9
799	-0.000000	168.831895	0.000000	5.3
800	-0.483391	168.719440	0.002878	5.4
801	-0.998857	168.607185	0.018408	5.5
802	-0.474904	168.495129	0.005473	5.2
803	-0.995667	168.383271	0.004208	5.4
804	-0.792093	168.271611	0.017375	5.4
805	-0.893211	168.160148	0.008895	4.8
806	-0.000000	168.048882	0.000000	5.2
807	-0.000008	167.937812	0.000006	5.0
808	-1.038359	167.826938	0.007363	5.6
809	-0.650326	167.716258	0.009597	6.1
810	-0.000000	167.605773	0.000000	5.8
811	-1.176038	167.495482	0.024520	5.9
812	-1.009387	167.385384	0.011289	5.8
813	-0.000000	167.275479	0.000000	5.7
814	-0.271497	167.165766	0.004575	7.2
815	-0.829441	167.056245	0.011802	6.1
816	-0.444901	166.946915	0.004978	6.2
817	-0.000000	166.837776	0.000000	5.6
818	-0.000000	166.728826	0.000000	5.6
819	-0.442268	166.620067	0.007999	6.3
820	-0.120782	166.511496	0.003314	6.6
821	-0.000000	166.403113	0.000000	6.7
822	-0.349417	166.294919	0.004836	6.1
823	-0.803138	166.186912	0.005442	7.4
824	-1.035086	166.079091	0.026889	6.1
825	-0.337338	165.971458	0.006885	5.3
826	-0.390221	165.864009	0.005469	6.4
827	-0.705085	165.756747	0.008357	5.5
828	-0.484845	165.649669	0.003103	5.2
829	-0.762080	165.542775	0.005084	5.4
830	-0.847229	165.436065	0.005466	4.8
831	-0.655597	165.329538	0.004402	6.7
832	-0.656687	165.223194	0.007852	5.3
833	-0.154863	165.117032	0.003088	5.5
834	-1.209908	165.011052	0.011860	6.0
835	-0.688788	164.905253	0.003870	5.5
836	-1.059031	164.799635	0.014818	5.8
837	-0.137061	164.694197	0.002356	5.4
838	-0.811694	164.588939	0.009778	4.9
839	-0.172430	164.483859	0.004182	5.6
840	-0.000000	164.378959	0.000000	5.3
841	-0.000000	164.274237	0.000000	5.5
842	-0.411309	164.169692	0.011506	5.4
843	-0.507541	164.065325	0.008029	5.3
844	-0.992663	163.961135	0.016310	7.3
845	-0.000005	163.857120	0.000001	5.0
846	-0.728738	163.753282	0.005943	6.7
847	-0.517764	163.649619	0.006084	5.1
848	-0.041083	163.546130	0.003373	5.4
849	-0.158377	163.442816	0.005366	6.3
850	-0.000000	163.339676	0.000000	5.0
851	-1.165078	163.236709	0.017419	5.6
852	-0.000000	163.133915	0.000000	5.3
853	-0.000000	163.031294	0.000000	5.0
854	-0.000000	162.928844	0.000000	6.5
855	-0.015225	162.826566	0.000520	5.5
856	-1.119896	162.724459	0.016612	8.0
857	-0.426028	162.622523	0.009094	6.7
858	-0.630378	162.520757	0.007982	8.8
859	-0.000003	162.419160	0.000001	7.8
860	-1.022572	162.317733	0.011173	7.5
861	-0.002023	162.216474	0.000103	6.5
862	-0.605265	162.115383	0.008290	6.2
863	-0.585360	162.014461	0.006279	6.1
864	-0.000043	161.913705	0.000001	7.0
865	-0.879833	161.813117	0.020919	5.9
866	-0.000000	161.712695	0.000000	5.7
867	-0.965045	161.612439	0.003604	6.0
868	-1.071997	161.512349	0.009844	6.6
869	-0.000000	161.412424	0.000000	6.0
870	-0.148734	161.312663	0.003324	6.5
871	-0.000000	161.213067	0.000000	5.8
872	-0.000000	161.113635	0.000000	5.7
873	-0.012832	161.014366	0.000736	5.8
874	-0.000000	160.915260	0.000000	6.3
875	-0.364475	160.816316	0.007437	5.8
876	-0.966476	160.717535	0.009293	6.3
877	-0.754211	160.618915	0.015898	6.5
878	-0.001282	160.520456	0.000264	6.9
879	-1.221885	160.422158	0.012534	6.5
880	-0.000000	160.324021	0.000000	7.5
881	-0.001488	160.226043	0.000069	8.4
882	-0.000000	160.128225	0.000000	6.8
883	-0.393844	160.030566	0.006641	7.3
884	-0.000000	159.933066	0.000000	5.9
885	-0.000008	159.835723	0.000000	5.8
886	-0.976907	159.738539	0.008316	6.4
887	-0.112435	159.641512	0.003267	6.0
888	-0.845466	159.544642	0.007214	5.4
889	-0.634397	159.447929	0.007183	5.8
890	-1.043790	159.351372	0.012826	6.3
891	-0.289867	159.254971	0.003472	6.1
892	-0.000000	159.158725	0.000000	5.5
893	-0.423300	159.062634	0.008995	5.8
894	-1.009838	158.966697	0.008634	6.3
895	-0.659534	158.870915	0.009900	6.6
896	-0.921625	158.775286	0.016226	5.8
897	-0.845461	158.679811	0.008202	7.0
898	-0.734734	158.584489	0.009307	5.2
899	-0.377864	158.489319	0.003751	6.3
900	-0.000000	158.394302	0.000000	6.0
901	-0.666420	158.299436	0.011834	5.5
902	-0.721896	158.204721	0.006941	6.0
903	-0.000000	158.110158	0.000000	6.2
904	-0.000000	158.015745	0.000000	5.5
905	-0.805578	157.921482	0.007537	5.6
906	-0.000000	157.827369	0.000000	6.8
907	-0.000000	157.733406	0.000000	6.5
908	-0.220013	157.639591	0.006601	5.3
909	-0.909020	157.545925	0.010645	5.5
910	-0.130277	157.452408	0.005163	4.8
911	-0.997469	157.359038	0.010336	5.6
912	-0.572865	157.265816	0.004231	5.3
913	-1.268993	157.172741	0.024159	5.5
914	-0.954687	157.079813	0.028401	6.3
915	-0.575609	156.987031	0.006226	6.1
916	-0.000009	156.894395	0.000007	5.7
917	-1.062020	156.801904	0.009532	6.0
918	-1.199939	156.709559	0.035371	5.8
919	-0.303131	156.617359	0.002924	5.4
920	-0.637874	156.525304	0.007623	5.4
921	-0.818582	156.433392	0.006541	4.7
922	-1.144925	156.341624	0.016780	5.8
923	-1.013239	156.250000	0.008593	5.2
924	-1.126316	156.158519	0.006654	5.2
925	-0.775948	156.067180	0.011265	6.7
926	-1.080299	155.975984	0.011903	5.4
927	-0.932099	155.884930	0.006625	6.6
928	-0.517204	155.794017	0.003023	6.0
929	-0.896522	155.703246	0.009468	5.6
930	-0.652891	155.612615	0.007082	6.0
931	-0.412021	155.522125	0.005573	5.7
932	-0.000000	155.431775	0.000000	6.4
933	-0.981561	155.341565	0.029638	6.0
934	-0.841274	155.251495	0.005583	5.7
935	-0.539983	155.161563	0.009178	5.5
936	-0.000000	155.071771	0.000000	5.4
937	-0.029669	154.982117	0.000788	5.8
938	-0.000066	154.892601	0.000022	5.7
939	-0.544952	154.803222	0.007509	5.4
940	-0.000000	154.713981	0.000000	6.7
941	-0.316291	154.624878	0.009881	5.9
942	-0.866926	154.535910	0.008450	6.5
943	-0.600601	154.447080	0.005696	6.2
944	-1.104423	154.358385	0.016217	5.8
945	-0.006703	154.269826	0.000288	6.3
946	-0.000000	154.181402	0.000000	5.4
947	-0.562937	154.093114	0.004434	6.1
948	-0.928925	154.004960	0.005716	6.5
949	-1.055438	153.916940	0.016168	6.8
950	-0.008781	153.829054	0.000419	4.9
951	-0.821013	153.741303	0.009425	5.1
952	-0.816282	153.653684	0.007455	5.6
953	-0.795409	153.566198	0.014450	5.9
954	-0.053280	153.478846	0.002002	5.8
955	-0.037709	153.391625	0.000897	6.0
956	-0.923472	153.304537	0.004963	5.4
957	-1.052784	153.217580	0.010320	5.9
958	-0.804330	153.130755	0.008158	5.2
959	-0.233468	153.044061	0.001593	5.8
960	-0.003416	152.957498	0.000163	5.8
961	-0.754785	152.871065	0.007500	5.7
962	-1.099060	152.784762	0.024725	5.9
963	-0.762848	152.698589	0.006591	5.3
964	-1.145766	152.612545	0.019675	5.1
965	-0.050666	152.526631	0.001477	5.7
966	-0.731520	152.440845	0.010703	5.1
967	-0.696511	152.355188	0.017778	5.1
968	-0.418089	152.269660	0.005556	5.8
969	-1.048600	152.184259	0.008192	5.5
970	-0.388418	152.098986	0.006621	5.9
971	-0.830004	152.013840	0.012441	4.8
972	-0.000000	151.928821	0.000000	5.3
973	-0.802837	151.843928	0.008140	6.1
974	-1.011600	151.759163	0.006015	4.8
975	-0.594949	151.674523	0.004963	4.6
976	-0.860392	151.590009	0.013389	6.0
977	-1.002783	151.505620	0.016298	4.6
978	-0.487252	151.421357	0.005362	5.1
979	-0.000000	151.337218	0.000000	5.8
980	-0.788059	151.253204	0.013015	5.0
981	-0.798214	151.169314	0.005916	5.1
982	-0.402461	151.085549	0.006398	5.7
983	-1.083423	151.001907	0.014819	4.7
984	-0.881391	150.918388	0.006881	4.6
985	-0.395869	150.834992	0.009061	5.5
986	-0.001200	150.751719	0.000257	4.7
987	-0.551244	150.668569	0.005222	5.5
988	-1.025667	150.585541	0.016940	5.9
989	-0.879207	150.502634	0.016089	5.0
990	-0.620291	150.419849	0.005262	5.1
991	-0.716123	150.337186	0.005201	5.6
992	-0.094020	150.254644	0.002722	4.8
993	-0.510702	150.172222	0.004554	6.3
994	-0.994879	150.089921	0.007358	5.4
995	-0.008387	150.007740	0.000322	5.6
996	-1.052264	149.925679	0.008370	5.3
997	-0.000000	149.843737	0.000000	5.3
998	-1.011181	149.761915	0.016007	5.5
999	-0.737955	149.680212	0.005119	6.0
1000	-1.107263	149.598627	0.022249	5.9
1001	-0.001043	149.517161	0.000196	4.6
1002	-0.408625	149.435814	0.006170	5.4
1003	-0.774897	149.354584	0.006770	6.2
1004	-0.867866	149.273472	0.010523	5.7
1005	-0.787119	149.192477	0.007032	5.7
1006	-1.139266	149.111599	0.012021	5.3
1007	-0.000000	149.030838	0.000000	5.4
1008	-0.775258	148.950194	0.005631	6.0
1009	-0.000000	148.869666	0.000000	4.8
1010	-0.674371	148.789253	0.009163	5.3
1011	-0.854928	148.708957	0.009726	6.1
1012	-0.563510	148.628776	0.005452	5.7
1013	-0.310410	148.548710	0.005857	6.3
1014	-0.000000	148.468759	0.000000	5.4
1015	-0.000000	148.388923	0.000000	5.2
1016	-1.098272	148.309201	0.008615	6.3
1017	-0.756156	148.229594	0.007483	5.5
1018	-0.697934	148.150100	0.005987	5.4
1019	-0.447997	148.070719	0.008505	5.8
1020	-0.729877	147.991452	0.007227	5.2
1021	-1.153017	147.912298	0.009505	5.3
1022	-0.000000	147.833257	0.000000	5.4
1023	-0.835970	147.754329	0.007152	5.5
1024	-1.043704	147.675512	0.018213	5.9
1025	-0.812797	147.596808	0.007910	5.4
1026	-0.102641	147.518216	0.004445	5.7
1027	-0.480545	147.439735	0.005299	5.9
1028	-0.000000	147.361365	0.000000	5.2
1029	-0.709337	147.283106	0.008427	5.4
1030	-0.703662	147.204958	0.011909	5.1
1031	-0.376907	147.126920	0.005549	5.2
1032	-0.253108	147.048993	0.004047	5.0
1033	-0.987507	146.971175	0.004161	5.6
1034	-0.613404	146.893468	0.010066	5.3
1035	-0.855601	146.815869	0.009065	5.0
1036	-1.309511	146.738380	0.028609	5.2
1037	-0.933097	146.661000	0.011339	5.9
1038	-0.996436	146.583729	0.005928	6.2
1039	-0.903720	146.506566	0.006481	6.0
1040	-0.000000	146.429511	0.000000	5.9
1041	-0.213961	146.352565	0.007164	4.7
1042	-0.426013	146.275726	0.008464	5.5
1043	-0.000000	146.198994	0.000000	5.7
1044	-0.000000	146.122370	0.000000	5.1
1045	-0.834612	146.045853	0.005385	5.7
1046	-0.017250	145.969442	0.001088	5.4
1047	-0.000135	145.893139	0.000008	5.4
1048	-0.000807	145.816941	0.000160	5.4
1049	-0.609463	145.740849	0.006150	4.6
1050	-0.368623	145.664863	0.006202	5.4
1051	-0.930520	145.588983	0.009511	5.4
1052	-0.880094	145.513208	0.024265	4.7
1053	-0.709948	145.437538	0.015741	5.5
1054	-0.504777	145.361973	0.005775	5.5
1055	-0.000000	145.286513	0.000000	5.5
1056	-0.000000	145.211157	0.000000	5.3
1057	-0.000000	145.135905	0.000000	5.6
1058	-0.823825	145.060757	0.013044	4.6
1059	-0.000000	144.985712	0.000000	8.7
1060	-0.745525	144.910771	0.006833	6.7
1061	-0.713271	144.835934	0.007759	6.0
1062	-0.393858	144.761199	0.008496	4.8
1063	-0.000000	144.686567	0.000000	5.2
1064	-0.000000	144.612037	0.000000	5.4
1065	-0.000000	144.537610	0.000000	5.2
1066	-0.654966	144.463285	0.004531	5.1
1067	-0.735741	144.389062	0.009995	5.5
1068	-0.724131	144.314940	0.004249	5.4
1069	-0.274520	144.240920	0.005342	5.0
1070	-0.818762	144.167001	0.011980	5.3
1071	-0.882345	144.093182	0.007589	5.8
1072	-0.607785	144.019465	0.006186	5.4
1073	-0.866503	143.945848	0.016893	5.2
1074	-0.948649	143.872331	0.010952	5.7
1075	-0.681307	143.798914	0.005941	5.1
1076	-0.275130	143.725597	0.003394	5.6
1077	-1.047603	143.652380	0.039693	5.2
1078	-1.104999	143.579262	0.014617	5.5
1079	-1.036689	143.506243	0.009837	6.5
1080	-1.115664	143.433323	0.010727	5.4
1081	-0.754091	143.360502	0.010842	7.3
1082	-0.889276	143.287780	0.008828	5.3
1083	-0.507507	143.215155	0.004485	6.2
1084	-0.288525	143.142629	0.008149	7.0
1085	-0.775567	143.070201	0.011389	4.8
1086	-0.000000	142.997870	0.000000	6.4
1087	-0.556611	142.925637	0.004058	7.4
1088	-0.971055	142.853501	0.011182	4.8
1089	-0.571052	142.781462	0.003528	5.4
1090	-0.185353	142.709519	0.004516	5.0
1091	-0.546746	142.637674	0.006685	5.5
1092	-0.741168	142.565924	0.006812	5.4
1093	-0.732397	142.494271	0.010261	5.9
1094	-0.679730	142.422714	0.008202	4.7
1095	-0.417527	142.351252	0.004683	4.9
1096	-0.759005	142.279886	0.007672	5.7
1097	-0.634906	142.208616	0.012325	5.3
1098	-0.000000	142.137440	0.000000	5.8
1099	-0.101179	142.066360	0.001121	5.1
1100	-0.884896	141.995374	0.012416	5.4
1101	-0.000000	141.924483	0.000000	5.5
1102	-0.995198	141.853685	0.009081	4.9
1103	-0.925071	141.782983	0.006247	5.0
1104	-0.242877	141.712373	0.005510	5.4
1105	-0.250424	141.641858	0.003234	5.7
1106	-1.010527	141.571436	0.013759	5.8
1107	-0.599199	141.501108	0.005934	6.1
1108	-1.035259	141.430872	0.013741	4.8
1109	-0.306576	141.360730	0.002213	6.4
1110	-0.000000	141.290680	0.000000	5.9
1111	-0.600229	141.220722	0.008792	6.2
1112	-0.765407	141.150857	0.006146	6.7
1113	-0.428083	141.081084	0.005510	6.0
1114	-0.255237	141.011403	0.003890	6.6
1115	-0.000000	140.941813	0.000000	5.8
1116	-0.135961	140.872315	0.003646	6.3
1117	-0.000000	140.802909	0.000000	5.5
1118	-0.029368	140.733593	0.000412	6.5
1119	-0.000000	140.664369	0.000000	6.3
1120	-0.000000	140.595235	0.000000	5.2
1121	-0.000000	140.526192	0.000000	7.1
1122	-1.263259	140.457239	0.009266	6.2
1123	-0.518868	140.388376	0.011257	5.5
1124	-0.000000	140.319603	0.000000	6.0
1125	-0.690362	140.250920	0.005656	5.0
1126	-1.176200	140.182326	0.021505	5.3
1127	-0.147511	140.113822	0.002500	5.8
1128	-0.108308	140.045407	0.002367	5.1
1129	-0.197718	139.977081	0.003836	5.3
1130	-0.000000	139.908844	0.000000	5.9
1131	-0.036717	139.840696	0.001760	5.1
1132	-0.110243	139.772635	0.003509	5.1
1133	-0.083028	139.704664	0.000458	5.6
1134	-1.054775	139.636780	0.016972	6.0
1135	-0.201595	139.568984	0.006672	5.1
1136	-0.000000	139.501276	0.000000	5.8
1137	-0.000000	139.433655	0.000000	5.5
1138	-0.053223	139.366122	0.001090	5.6
1139	-0.000000	139.298676	0.000000	7.4
1140	-0.700089	139.231317	0.005875	5.2
1141	-0.265572	139.164045	0.005399	6.2
1142	-0.462177	139.096859	0.005886	4.9
1143	-0.551010	139.029760	0.008156	5.1
1144	-1.120231	138.962747	0.015364	5.9
1145	-0.672242	138.895820	0.010703	5.2
1146	-0.000000	138.828978	0.000000	5.3
1147	-1.097771	138.762223	0.024522	5.8
1148	-1.124727	138.695553	0.014809	4.8
1149	-0.766585	138.628969	0.004249	5.6
1150	-0.000298	138.562469	0.000037	5.9
1151	-0.000000	138.496055	0.000000	5.3
1152	-0.005814	138.429725	0.000270	6.4
1153	-1.067721	138.363481	0.016447	5.5
1154	-0.059287	138.297320	0.002457	5.8
1155	-0.401288	138.231244	0.007212	5.6
1156	-0.838455	138.165252	0.010711	5.9
1157	-0.000076	138.099344	0.000018	6.4
1158	-0.335000	138.033520	0.007663	5.8
1159	-0.548412	137.967779	0.005926	6.7
1160	-0.000000	137.902122	0.000000	6.6
1161	-0.780444	137.836548	0.007055	5.7
1162	-0.215825	137.771057	0.002968	6.8
1163	-0.589711	137.705649	0.008767	7.0
1164	-0.948811	137.640324	0.036334	6.7
1165	-0.971237	137.575081	0.008644	6.7
1166	-0.904520	137.509921	0.006447	6.2
1167	-0.462706	137.444842	0.003661	9.3
1168	-0.669745	137.379846	0.007470	6.1
1169	-0.036906	137.314932	0.002650	6.1
1170	-0.000000	137.250100	0.000000	6.0
1171	-1.209825	137.185349	0.009330	4.8
1172	-1.002153	137.120680	0.006928	5.2
1173	-0.000000	137.056092	0.000000	5.6
1174	-0.917322	136.991585	0.004874	4.9
1175	-0.885291	136.927158	0.010115	5.8
1176	-1.008205	136.862813	0.010421	6.0
1177	-0.609341	136.798548	0.004927	5.6
1178	-0.911103	136.734363	0.005437	6.5
1179	-0.622789	136.670259	0.008822	5.7
1180	-0.611376	136.606235	0.007126	6.3
1181	-0.000000	136.542291	0.000000	5.5
1182	-1.081574	136.478426	0.031260	4.6
1183	-0.207122	136.414641	0.005659	5.7
1184	-0.562441	136.350936	0.008948	5.1
1185	-0.080983	136.287310	0.002512	5.3
1186	-0.005133	136.223763	0.000376	6.2
1187	-0.310225	136.160295	0.008643	4.6
1188	-0.711117	136.096905	0.008680	5.2
1189	-0.037170	136.033594	0.001769	5.6
1190	-0.315492	135.970362	0.004277	5.4
1191	-0.482548	135.907208	0.004085	5.2
1192	-0.364869	135.844133	0.006401	5.3
1193	-0.849880	135.781135	0.006051	5.1
1194	-0.000000	135.718215	0.000000	4.6
1195	-0.345434	135.655373	0.004642	5.3
1196	-0.703033	135.592608	0.007308	5.5
1197	-0.000000	135.529921	0.000000	5.2
1198	-0.019635	135.467311	0.001079	5.2
1199	-0.899898	135.404778	0.007215	5.8
1200	-0.669479	135.342322	0.006519	5.3
1201	-0.703276	135.279942	0.011452	5.7
1202	-0.018396	135.217640	0.000933	5.1
1203	-0.123035	135.155413	0.004563	5.5
1204	-0.700642	135.093263	0.012555	5.7
1205	-0.262903	135.031190	0.005841	5.5
1206	-0.341142	134.969192	0.004892	5.6
1207	-0.680664	134.907270	0.012066	5.7
1208	-0.223924	134.845424	0.005433	5.3
1209	-0.760495	134.783653	0.005767	5.7
1210	-0.000000	134.721958	0.000000	5.1
1211	-0.000000	134.660338	0.000000	5.6
1212	-0.644833	134.598793	0.005211	6.1
1213	-0.563205	134.537323	0.009090	5.7
1214	-0.850205	134.475927	0.006214	5.5
1215	-0.265976	134.414607	0.006399	5.5
1216	-0.000000	134.353361	0.000000	5.4
1217	-0.937080	134.292189	0.006467	5.9
1218	-0.825569	134.231092	0.016595	5.2
1219	-0.577359	134.170068	0.006562	5.2
1220	-0.000000	134.109119	0.000000	6.5
1221	-0.655373	134.048243	0.006309	5.2
1222	-0.000000	133.987441	0.000000	4.5
1223	-0.610704	133.926713	0.004787	6.0
1224	-0.753033	133.866057	0.009971	5.5
1225	-0.742490	133.805475	0.006503	5.4
1226	-1.313922	133.744966	0.017111	5.3
1227	-0.028225	133.684530	0.001067	4.8
1228	-0.832140	133.624167	0.004768	5.3
1229	-0.513019	133.563877	0.004318	5.7
1230	-0.000000	133.503658	0.000000	5.4
1231	-0.891756	133.443513	0.006789	5.2
1232	-0.570290	133.383439	0.005180	5.2
1233	-0.548179	133.323437	0.007881	5.2
1234	-0.404569	133.263508	0.007678	5.8
1235	-1.026587	133.203650	0.013386	5.2
1236	-0.672753	133.143864	0.006596	5.7
1237	-0.885117	133.084149	0.015378	5.0
1238	-0.588347	133.024506	0.006441	5.3
1239	-0.838021	132.964934	0.006817	5.3
1240	-0.679370	132.905433	0.005482	5.0
1241	-1.238946	132.846003	0.012097	5.6
1242	-0.198029	132.786643	0.004582	6.0
1243	-0.951867	132.727355	0.022748	4.7
1244	-0.000000	132.668137	0.000000	5.4
1245	-0.731659	132.608989	0.007464	4.7
1246	-0.000000	132.549912	0.000000	4.6
1247	-0.915504	132.490904	0.015876	5.8
1248	-0.000000	132.431967	0.000000	5.4
1249	-0.442860	132.373100	0.005181	4.9
1250	-0.000000	132.314302	0.000000	5.6
1251	-0.843848	132.255574	0.006787	5.2
1252	-0.014935	132.196916	0.000451	4.6
1253	-0.973689	132.138326	0.012940	5.5
1254	-0.372391	132.079806	0.004530	5.0
1255	-0.000000	132.021355	0.000000	5.7
1256	-0.000000	131.962973	0.000000	6.0
1257	-0.075635	131.904660	0.003231	4.9
1258	-0.786652	131.846415	0.007936	5.1
1259	-0.268961	131.788239	0.003788	5.4
1260	-0.532282	131.730131	0.007455	5.3
1261	-0.723610	131.672092	0.008053	6.4
1262	-0.090354	131.614121	0.004111	5.4
1263	-0.235223	131.556217	0.003620	5.6
1264	-0.638909	131.498382	0.005855	5.5
1265	-0.241744	131.440614	0.004152	5.1
1266	-1.126614	131.382914	0.025154	5.1
1267	-0.738092	131.325282	0.008258	5.5
1268	-0.000000	131.267717	0.000000	5.5
1269	-0.243070	131.210219	0.004789	4.9
1270	-0.531254	131.152788	0.006743	5.9
1271	-0.530508	131.095424	0.005534	6.0
1272	-0.445687	131.038127	0.005480	4.9
1273	-0.063858	130.980897	0.000648	5.3
1274	-0.736948	130.923733	0.007423	5.5
1275	-0.651328	130.866636	0.008090	5.5
1276	-0.354518	130.809605	0.004169	5.4
1277	-0.806148	130.752641	0.009246	5.5
1278	-0.169756	130.695742	0.003047	7.1
1279	-0.431217	130.638910	0.002160	5.2
1280	-1.103345	130.582143	0.010296	5.8
1281	-0.000000	130.525442	0.000000	7.0
1282	-0.459587	130.468807	0.003860	5.0
1283	-0.000000	130.412237	0.000000	5.1
1284	-1.009995	130.355733	0.016566	5.8
1285	-0.044252	130.299294	0.002426	5.9
1286	-0.000000	130.242920	0.000000	8.1
1287	-0.000000	130.186611	0.000000	5.3
1288	-0.885011	130.130366	0.008262	5.6
1289	-1.061531	130.074187	0.010521	6.1
1290	-1.083042	130.018072	0.012220	5.6
1291	-0.896539	129.962022	0.008516	5.4
1292	-0.000000	129.906036	0.000000	4.6
1293	-0.614104	129.850114	0.005256	4.6
1294	-0.000000	129.794257	0.000000	5.2
1295	-1.003340	129.738463	0.010689	5.6
1296	-0.000000	129.682734	0.000000	4.7
1297	-1.216027	129.627068	0.039203	5.1
1298	-0.308782	129.571466	0.001815	5.7
1299	-0.282048	129.515927	0.007241	4.7
1300	-0.000051	129.460452	0.000003	5.2
1301	-0.000000	129.405040	0.000000	5.2
1302	-0.792108	129.349692	0.012178	5.4
1303	-0.781545	129.294406	0.008555	5.1
1304	-0.153236	129.239183	0.004247	5.8
1305	-0.831819	129.184024	0.011371	5.6
1306	-0.517324	129.128927	0.008557	4.7
1307	-0.912427	129.073892	0.012820	5.5
1308	-0.000000	129.018921	0.000000	5.4
1309	-0.000000	128.964011	0.000000	5.1
1310	-0.002799	128.909164	0.000253	5.6
1311	-0.009537	128.854379	0.001055	5.3
1312	-0.340247	128.799656	0.005523	4.7
1313	-0.116910	128.744995	0.004364	5.6
1314	-0.900154	128.690396	0.009551	5.2
1315	-1.008731	128.635858	0.007202	5.0
1316	-0.926534	128.581382	0.003701	5.6
1317	-0.940748	128.526968	0.006437	5.4
1318	-0.000000	128.472615	0.000000	5.7
1319	-0.963497	128.418323	0.013593	5.2
1320	-0.922790	128.364092	0.006199	5.0
1321	-0.719696	128.309922	0.009991	5.1
1322	-0.678650	128.255814	0.007087	6.3
1323	-0.988024	128.201766	0.007047	5.6
1324	-1.036211	128.147778	0.009394	6.7
1325	-0.004073	128.093852	0.000531	5.7
1326	-0.628275	128.039985	0.005157	5.3
1327	-0.791183	127.986180	0.011566	6.0
1328	-1.032249	127.932434	0.008660	5.1
1329	-0.096932	127.878749	0.003404	5.5
1330	-0.000000	127.825123	0.000000	6.2
1331	-0.000000	127.771558	0.000000	5.4
1332	-0.000000	127.718052	0.000000	5.9
1333	-1.030582	127.664606	0.009869	5.7
1334	-0.146028	127.611220	0.002008	5.6
1335	-0.673039	127.557893	0.012684	5.7
1336	-0.000896	127.504625	0.000054	5.8
1337	-0.774228	127.451417	0.007435	5.1
1338	-0.000000	127.398268	0.000000	5.5
1339	-0.849907	127.345178	0.007549	5.5
1340	-0.019267	127.292147	0.001143	5.3
1341	-0.521872	127.239175	0.007010	5.4
1342	-0.203238	127.186261	0.005984	7.0
1343	-1.024107	127.133407	0.004753	5.5
1344	-0.833156	127.080610	0.004064	4.9
1345	-0.907808	127.027872	0.006340	5.5
1346	-1.069707	126.975193	0.015989	5.6
1347	-0.604931	126.922572	0.011716	6.0
1348	-0.497612	126.870008	0.004743	5.6
1349	-0.017351	126.817503	0.000311	5.5
1350	-0.701142	126.765056	0.006093	5.6
1351	-0.443264	126.712667	0.009061	5.1
1352	-0.619897	126.660335	0.004915	5.7
1353	-0.000000	126.608061	0.000000	4.8
1354	-0.031644	126.555844	0.000942	4.2
1355	-0.753747	126.503685	0.009599	6.6
1356	-0.000000	126.451583	0.000000	5.1
1357	-0.686434	126.399538	0.005434	4.5
1358	-0.546526	126.347550	0.010334	5.6
1359	-0.224133	126.295619	0.005337	5.3
1360	-0.479280	126.243745	0.002304	5.4
1361	-0.032221	126.191928	0.001140	5.6
1362	-0.369608	126.140168	0.006478	5.0
1363	-0.626843	126.088464	0.006374	5.2
1364	-0.000000	126.036817	0.000000	5.3
1365	-0.000000	125.985226	0.000000	5.2
1366	-0.690768	125.933691	0.006386	5.9
1367	-0.130797	125.882212	0.001781	6.3
1368	-0.745100	125.830790	0.005587	5.6
1369	-0.782496	125.779423	0.010205	5.9
1370	-0.091226	125.728113	0.000997	4.9
1371	-0.301328	125.676858	0.010346	5.3
1372	-0.584496	125.625659	0.008190	5.8
1373	-1.003377	125.574515	0.009873	5.6
1374	-0.357547	125.523427	0.006144	5.8
1375	-0.597837	125.472394	0.009364	5.7
1376	-0.003829	125.421417	0.000204	5.2
1377	-0.005536	125.370495	0.000199	5.1
1378	-1.111744	125.319628	0.005286	5.1
1379	-1.218698	125.268815	0.044424	5.3
1380	-1.112707	125.218058	0.010344	5.0
1381	-0.536783	125.167356	0.006066	5.4
1382	-0.618804	125.116708	0.003681	5.5
1383	-0.557718	125.066115	0.005780	5.6
1384	-0.141732	125.015576	0.005076	5.8
1385	-0.000000	124.965092	0.000000	6.0
1386	-0.891362	124.914662	0.008310	5.9
1387	-0.156219	124.864287	0.002877	6.2
1388	-0.485044	124.813965	0.006415	5.2
1389	-1.021968	124.763698	0.008213	5.7
1390	-0.706575	124.713485	0.013372	6.0
1391	-0.761959	124.663325	0.007938	5.3
1392	-0.538345	124.613219	0.006637	6.4
1393	-0.000000	124.563167	0.000000	5.7
1394	-0.000000	124.513168	0.000000	5.4
1395	-1.021745	124.463223	0.009670	5.5
1396	-0.000000	124.413332	0.000000	5.2
1397	-0.761176	124.363493	0.006015	5.2
1398	-0.798801	124.313708	0.009785	5.7
1399	-0.815077	124.263976	0.005773	5.7
1400	-0.655061	124.214297	0.010438	5.7
1401	-0.349538	124.164671	0.004987	5.1
1402	-0.000000	124.115097	0.000000	4.9
1403	-0.602210	124.065577	0.006153	5.5
1404	-0.809116	124.016109	0.004405	5.2
1405	-0.834518	123.966693	0.009873	5.2
1406	-0.983511	123.917330	0.006095	5.5
1407	-0.043387	123.868020	0.000637	5.1
1408	-0.000000	123.818762	0.000000	5.3
1409	-0.696531	123.769556	0.006095	5.4
1410	-0.809416	123.720402	0.006974	5.2
1411	-0.653111	123.671300	0.006430	5.9
1412	-0.616544	123.622250	0.004925	5.6
1413	-0.023605	123.573252	0.001289	5.5
1414	-0.822751	123.524305	0.005824	5.1
1415	-1.134242	123.475411	0.012121	5.6
1416	-0.972782	123.426568	0.016682	5.5
1417	-0.000000	123.377776	0.000000	5.6
1418	-0.082590	123.329036	0.001905	5.6
1419	-0.099097	123.280347	0.002583	5.1
1420	-0.119284	123.231709	0.002133	5.0
1421	-0.489107	123.183122	0.006356	5.8
1422	-0.000000	123.134587	0.000000	5.0
1423	-0.633057	123.086102	0.004945	5.2
1424	-1.040521	123.037669	0.007291	5.7
1425	-1.009814	122.989286	0.019874	5.1
1426	-0.000000	122.940954	0.000000	5.2
1427	-0.766286	122.892672	0.003798	6.1
1428	-0.453834	122.844441	0.004550	5.0
1429	-0.673045	122.796261	0.012710	5.2
1430	-0.000000	122.748130	0.000000	5.8
1431	-0.336288	122.700050	0.001791	4.9
1432	-1.005167	122.652021	0.013981	5.6
1433	-0.497987	122.604041	0.005694	5.6
1434	-0.634520	122.556111	0.006253	4.6
1435	-0.000000	122.508232	0.000000	5.7
1436	-0.378722	122.460402	0.005252	5.0
1437	-0.271064	122.412622	0.004805	5.0
1438	-0.828437	122.364891	0.007541	5.7
1439	-1.077359	122.317210	0.011769	5.4
1440	-0.001185	122.269579	0.000140	5.4
1441	-0.605749	122.221997	0.004049	5.4
1442	-0.000000	122.174465	0.000000	5.1
1443	-0.000000	122.126981	0.000000	5.5
1444	-0.842297	122.079547	0.008519	5.5
1445	-0.082162	122.032162	0.003125	5.2
1446	-0.641522	121.984826	0.005744	5.3
1447	-0.695969	121.937539	0.007669	5.5
1448	-0.857127	121.890301	0.011510	5.5
1449	-0.008815	121.843112	0.000272	5.4
1450	-1.075866	121.795971	0.017947	5.4
1451	-0.673544	121.748879	0.005249	5.8
1452	-0.591275	121.701835	0.004617	5.7
1453	-0.772219	121.654840	0.005722	5.4
1454	-0.008048	121.607893	0.000892	5.4
1455	-0.761927	121.560994	0.006946	5.5
1456	-0.792875	121.514144	0.009522	5.3
1457	-0.908626	121.467342	0.007580	5.8
1458	-0.000000	121.420588	0.000000	5.8
1459	-0.565240	121.373882	0.002847	5.9
1460	-0.591522	121.327223	0.004815	5.4
1461	-0.983192	121.280613	0.010201	6.2
1462	-0.000012	121.234050	0.000009	5.8
1463	-0.000004	121.187535	0.000002	5.6
1464	-1.092435	121.141067	0.010343	5.2
1465	-0.649755	121.094647	0.007770	5.4
1466	-1.117802	121.048274	0.031940	5.3
1467	-0.642110	121.001949	0.006431	5.8
1468	-0.321399	120.955671	0.005275	5.5
1469	-0.944941	120.909440	0.014071	6.2
1470	-0.000000	120.863256	0.000000	4.6
1471	-0.000035	120.817119	0.000009	5.0
1472	-0.000000	120.771029	0.000000	5.4
1473	-0.082137	120.724986	0.002094	5.2
1474	-0.000000	120.678990	0.000000	5.1
1475	-1.093299	120.633040	0.012753	5.8
1476	-0.834505	120.587137	0.009635	5.0
1477	-0.463480	120.541281	0.005086	6.2
1478	-0.191607	120.495471	0.005218	5.2
1479	-0.000725	120.449707	0.000045	5.5
1480	-0.799378	120.403990	0.011165	6.1
1481	-0.316228	120.358319	0.005315	5.9
1482	-0.576944	120.312694	0.008193	5.6
1483	-0.000000	120.267115	0.000000	6.0
1484	-0.095259	120.221582	0.002830	5.7
1485	-1.097863	120.176096	0.028619	6.5
1486	-0.565865	120.130655	0.007065	6.1
1487	-0.099832	120.085260	0.003227	5.5
1488	-0.192129	120.039910	0.004674	5.9
1489	-0.947624	119.994606	0.012461	5.2
1490	-0.083110	119.949348	0.001938	5.3
1491	-0.477086	119.904135	0.008385	6.2
1492	-0.340326	119.858968	0.005153	5.5
1493	-1.106929	119.813846	0.009250	7.7
1494	-0.611839	119.768769	0.004897	5.6
1495	-0.408391	119.723738	0.005864	5.8
1496	-0.954774	119.678752	0.011655	5.9
1497	-0.983612	119.633810	0.008116	5.6
1498	-0.919583	119.588914	0.006646	6.3
1499	-0.445846	119.544062	0.005031	6.2
1500	-1.071154	119.499256	0.008400	5.1
1501	-1.112713	119.454494	0.008672	6.5
1502	-0.000001	119.409777	0.000001	5.0
1503	-0.890099	119.365104	0.007283	5.5
1504	-0.923177	119.320476	0.007051	5.6
1505	-0.880289	119.275893	0.004422	4.7
1506	-0.666719	119.231353	0.006585	5.2
1507	-1.139313	119.186859	0.015684	5.1
1508	-0.926716	119.142408	0.009189	5.6
1509	-0.000000	119.098002	0.000000	6.0
1510	-1.045019	119.053639	0.011495	5.6
1511	-0.548200	119.009321	0.006127	6.4
1512	-0.457088	118.965047	0.006272	5.5
1513	-0.025545	118.920816	0.001703	5.7
1514	-0.000000	118.876630	0.000000	5.2
1515	-0.783641	118.832487	0.008969	5.9
1516	-0.765453	118.788388	0.006251	5.7
1517	-1.019676	118.744332	0.017611	5.5
1518	-0.000000	118.700320	0.000000	6.3
1519	-0.000000	118.656352	0.000000	5.7
1520	-1.067559	118.612427	0.009402	6.0
1521	-0.448600	118.568545	0.006067	5.4
1522	-1.055094	118.524706	0.007861	5.7
1523	-0.852655	118.480911	0.006682	5.4
1524	-0.004888	118.437159	0.000078	5.7
1525	-1.056685	118.393450	0.011188	5.4
1526	-0.698329	118.349784	0.004581	7.0
1527	-1.061969	118.306160	0.010815	5.5
1528	-0.364701	118.262580	0.010839	5.1
1529	-0.539405	118.219042	0.009628	5.9
1530	-0.708873	118.175548	0.010372	5.1
1531	-0.548749	118.132095	0.006752	5.9
1532	-0.209742	118.088686	0.003243	5.6
1533	-0.350462	118.045319	0.007131	5.1
1534	-0.214491	118.001994	0.003495	6.0
1535	-0.000000	117.958712	0.000000	4.7
1536	-0.946136	117.915472	0.005471	5.0
1537	-0.351466	117.872274	0.004522	5.9
1538	-0.847978	117.829118	0.006546	5.5
1539	-0.000000	117.786005	0.000000	5.0
1540	-0.046363	117.742933	0.001309	5.3
1541	-1.147054	117.699904	0.010094	4.9
1542	-0.000000	117.656916	0.000000	5.5
1543	-1.009090	117.613971	0.016012	5.6
1544	0.000000	117.571067	0.000000	5.2
1545	-0.790714	117.528205	0.007925	5.4
1546	-0.904123	117.485384	0.008967	5.5
1547	-0.030708	117.442605	0.001582	5.6
1548	-1.069315	117.399867	0.009778	6.8
1549	-0.000024	117.357171	0.000001	5.4
1550	-0.118244	117.314517	0.004486	5.8
1551	-0.335238	117.271903	0.007553	5.7
1552	-0.000000	117.229331	0.000000	5.1
1553	-0.790279	117.186800	0.011016	5.9
1554	-0.495192	117.144311	0.006085	5.7
1555	-0.957389	117.101862	0.010818	6.0
1556	-1.092463	117.059454	0.009409	5.3
1557	-0.810706	117.017087	0.007089	6.2
1558	-0.378121	116.974762	0.001585	5.2
1559	-0.511208	116.932476	0.005424	5.8
1560	-0.401288	116.890232	0.004279	5.3
1561	-0.217781	116.848028	0.005647	5.2
1562	-0.879863	116.805865	0.005290	5.5
1563	-0.000000	116.763743	0.000000	5.3
1564	-1.131964	116.721661	0.014299	4.9
1565	-0.261373	116.679619	0.002131	6.1
1566	-0.503736	116.637618	0.007341	5.1
1567	-0.869493	116.595657	0.006398	4.5
1568	-1.018437	116.553736	0.007286	5.6
1569	-0.000000	116.511855	0.000000	5.6
1570	-0.906613	116.470015	0.010346	5.4
1571	-0.672981	116.428214	0.005704	5.3
1572	-1.042795	116.386454	0.020168	4.7
1573	-1.036214	116.344733	0.008317	5.2
1574	-1.029453	116.303052	0.012621	5.9
1575	-0.097693	116.261412	0.003651	5.3
1576	-0.823864	116.219810	0.003859	5.8
1577	-0.872852	116.178249	0.008077	5.6
1578	-0.076421	116.136727	0.002418	5.4
1579	-0.576714	116.095245	0.012958	5.0
1580	-0.365203	116.053802	0.008568	4.8
1581	-0.948313	116.012398	0.010140	5.0
1582	-1.239667	115.971034	0.010054	5.7
1583	-1.016344	115.929710	0.006025	5.3
1584	-1.107799	115.888424	0.009762	5.5
1585	-0.796536	115.847178	0.005665	5.5
1586	-0.000000	115.805970	0.000000	5.2
1587	-0.000000	115.764802	0.000000	5.4
1588	-1.094918	115.723673	0.003379	5.1
1589	-0.025268	115.682583	0.001488	4.9
1590	-1.147527	115.641532	0.021202	5.2
1591	-0.000000	115.600519	0.000000	5.5
1592	-0.715728	115.559546	0.005892	5.2
1593	-1.001789	115.518610	0.006275	4.8
1594	-1.186469	115.477714	0.006232	5.8
1595	-1.115606	115.436856	0.007644	6.2
1596	-0.989978	115.396037	0.008528	5.5
1597	-1.083110	115.355256	0.008175	5.7
1598	-1.114513	115.314514	0.015059	4.8
1599	-0.044661	115.273810	0.001671	4.5
1600	-0.886866	115.233144	0.021559	6.1
1601	-0.844330	115.192517	0.009913	5.0
1602	-0.054205	115.151927	0.001846	4.6
1603	-0.665282	115.111376	0.013415	5.5
1604	-0.000025	115.070863	0.000012	4.9
1605	-0.906714	115.030388	0.008757	4.6
1606	-0.353749	114.989951	0.005061	5.9
1607	-0.826929	114.949551	0.004581	5.8
1608	-0.974005	114.909190	0.010164	5.1
1609	-0.000000	114.868866	0.000000	5.9
1610	-0.682579	114.828580	0.009480	5.8
1611	-1.174439	114.788332	0.006748	5.5
1612	-1.033326	114.748121	0.008518	5.1
1613	-1.049735	114.707948	0.020394	5.8
1614	-0.565579	114.667812	0.013892	6.1
1615	-0.476476	114.627714	0.005248	5.6
1616	-0.809692	114.587653	0.010988	6.0
1617	-0.576567	114.547629	0.011442	5.5
1618	-0.776834	114.507643	0.012478	5.2
1619	-0.961806	114.467693	0.004964	5.4
1620	-0.000000	114.427781	0.000000	5.4
1621	-0.182641	114.387907	0.003663	5.6
1622	-0.833478	114.348069	0.005418	5.2
1623	-0.801814	114.308268	0.008424	5.8
1624	-0.930386	114.268504	0.007914	5.3
1625	-0.505112	114.228777	0.006617	5.8
1626	-0.091895	114.189086	0.000930	5.3
1627	-0.754939	114.149433	0.008344	6.0
1628	-0.541626	114.109816	0.005212	6.2
1629	-0.477123	114.070235	0.003752	5.0
1630	-0.152298	114.030692	0.005244	6.5
1631	-0.492580	113.991185	0.007228	5.6
1632	-0.001905	113.951714	0.000129	5.4
1633	-0.000000	113.912280	0.000000	5.9
1634	-1.029819	113.872882	0.009918	5.6
1635	-0.719330	113.833521	0.006485	5.7
1636	-0.329283	113.794195	0.005533	5.1
1637	-0.563745	113.754906	0.004543	5.9
1638	-0.000000	113.715653	0.000000	5.4
1639	-1.019947	113.676437	0.009367	4.7
1640	-0.000000	113.637256	0.000000	5.8
1641	-0.081866	113.598111	0.001691	4.7
1642	-0.000000	113.559002	0.000000	5.6
1643	-0.000000	113.519929	0.000000	5.8
1644	-0.991561	113.480892	0.009304	4.9
1645	-0.597299	113.441891	0.005371	5.1
1646	-0.648663	113.402925	0.012448	5.6
1647	-0.354925	113.363995	0.004633	4.9
1648	-0.931534	113.325101	0.008418	8.3
1649	-0.702879	113.286242	0.006247	4.6
1650	-0.085111	113.247419	0.002382	5.0
1651	-0.238794	113.208631	0.005220	5.4
1652	-0.738517	113.169879	0.006327	4.8
1653	-0.975139	113.131162	0.012912	5.6
1654	-0.872397	113.092480	0.005198	5.2
1655	-0.623220	113.053833	0.007090	5.0
1656	-0.044152	113.015222	0.001345	5.2
1657	-0.000000	112.976646	0.000000	5.2
1658	-0.083045	112.938105	0.003226	5.4
1659	-1.056859	112.899599	0.013481	5.7
1660	-0.347049	112.861128	0.005148	5.1
1661	-0.557659	112.822692	0.009509	5.1
1662	-0.000000	112.784291	0.000000	5.5
1663	-0.216548	112.745924	0.003395	5.7
1664	-0.000000	112.707593	0.000000	5.8
1665	-1.005128	112.669296	0.007293	5.1
1666	-0.404263	112.631034	0.006184	5.4
1667	-0.949704	112.592806	0.008734	5.4
1668	-0.955214	112.554613	0.007715	5.3
1669	-0.000000	112.516455	0.000000	5.6
1670	-1.176308	112.478331	0.015180	5.8
1671	-0.708825	112.440241	0.012170	5.9
1672	-0.778013	112.402186	0.011797	6.2
1673	-0.000000	112.364165	0.000000	5.0
1674	-0.943217	112.326179	0.005088	5.7
1675	-0.926546	112.288227	0.009441	5.7
1676	-0.000000	112.250309	0.000000	5.2
1677	-0.660443	112.212425	0.017362	6.0
1678	-1.014972	112.174575	0.011755	4.8
1679	-0.944085	112.136759	0.004629	4.9
1680	-1.100488	112.098977	0.008821	6.7
1681	-0.012972	112.061229	0.001378	5.2
1682	-0.987928	112.023515	0.006019	6.3
1683	-0.063377	111.985834	0.002479	5.4
1684	-1.210865	111.948188	0.016851	5.1
1685	-1.222448	111.910575	0.014396	5.8
1686	-0.989514	111.872996	0.006169	4.8
1687	-0.558215	111.835450	0.008396	5.1
1688	-0.200249	111.797939	0.005252	5.6
1689	-0.024525	111.760460	0.000729	5.7
1690	-0.642335	111.723015	0.011112	5.2
1691	-0.504547	111.685604	0.006634	5.9
1692	-0.000000	111.648226	0.000000	4.8
1693	-0.756233	111.610881	0.005324	5.7
1694	-1.050414	111.573570	0.006419	5.5
1695	-1.119407	111.536292	0.010381	5.0
1696	-0.612666	111.499047	0.006057	5.1
1697	-1.156529	111.461835	0.010726	5.6
1698	-0.677107	111.424656	0.006157	5.1
1699	-0.681888	111.387510	0.005699	5.2
1700	-0.000000	111.350398	0.000000	5.7
1701	-0.000000	111.313318	0.000000	5.1
1702	-0.306945	111.276271	0.004737	4.9
1703	-0.515892	111.239257	0.008266	5.5
1704	-0.982926	111.202276	0.004783	5.5
1705	-0.932552	111.165328	0.007987	5.4
1706	-0.942211	111.128412	0.006354	5.6
1707	-0.000014	111.091529	0.000005	5.2
1708	-0.742956	111.054679	0.005442	4.6
1709	-0.717373	111.017861	0.010866	5.6
1710	-0.579455	110.981076	0.007029	5.0
1711	-0.000000	110.944323	0.000000	5.0
1712	-0.759795	110.907603	0.023573	5.8
1713	-0.000000	110.870915	0.000000	4.9
1714	-0.873218	110.834259	0.007530	4.9
1715	-0.990908	110.797636	0.015510	5.8
1716	-0.492074	110.761045	0.009160	5.1
1717	-1.050693	110.724486	0.010527	5.0
1718	-0.717283	110.687959	0.009229	5.9
1719	-0.051878	110.651465	0.001505	5.5
1720	-0.000000	110.615002	0.000000	5.0
1721	-0.482775	110.578572	0.006988	5.4
1722	-0.630936	110.542173	0.010226	5.5
1723	-0.654789	110.505807	0.007355	5.6
1724	-0.000000	110.469472	0.000000	6.2
1725	-0.307627	110.433169	0.003333	5.6
1726	-0.776578	110.396898	0.007968	5.9
1727	-0.019589	110.360659	0.000576	5.6
1728	-0.728991	110.324451	0.010011	5.7
1729	-0.958530	110.288276	0.024813	5.8
1730	-0.812585	110.252131	0.008788	5.5
1731	-0.329360	110.216019	0.004053	5.7
1732	-0.655266	110.179937	0.003990	5.4
1733	-1.071189	110.143888	0.007009	5.2
1734	-0.025527	110.107869	0.000400	6.3
1735	-1.206174	110.071882	0.023043	5.7
1736	-0.049498	110.035927	0.002839	5.5
1737	-0.842064	110.000003	0.009475	6.4
1738	-0.959024	109.964110	0.013739	5.8
1739	-0.446518	109.928248	0.010158	5.4
1740	-0.000000	109.892417	0.000000	6.1
1741	-0.000000	109.856618	0.000000	5.6
1742	-1.040996	109.820850	0.008981	5.7
1743	-0.461872	109.785112	0.005944	5.1
1744	-0.022218	109.749406	0.000893	5.3
1745	-0.519185	109.713730	0.010639	5.7
1746	-0.004782	109.678086	0.000099	5.1
1747	-0.704624	109.642472	0.005138	5.7
1748	-0.138693	109.606890	0.003439	4.9
1749	-1.025189	109.571337	0.005326	5.9
1750	-0.533132	109.535816	0.006701	4.9
1751	-0.000000	109.500326	0.000000	5.4
1752	-0.596476	109.464866	0.009885	5.8
1753	-0.025084	109.429436	0.000926	5.4
1754	-0.924331	109.394038	0.010393	5.0
1755	-0.849694	109.358669	0.007181	6.0
1756	-0.194795	109.323331	0.003641	5.3
1757	-0.906002	109.288024	0.005919	5.1
1758	-0.000000	109.252747	0.000000	6.8
1759	-0.308059	109.217501	0.006451	4.7
1760	-0.781459	109.182284	0.009797	5.9
1761	-0.000000	109.147098	0.000000	5.6
1762	-0.292552	109.111942	0.004214	4.6
1763	-0.732806	109.076817	0.006336	5.3
1764	-0.813683	109.041721	0.006483	5.6
1765	-0.000000	109.006656	0.000000	5.5
1766	-1.003544	108.971620	0.007547	5.7
1767	-0.512214	108.936615	0.006726	5.1
1768	-0.790170	108.901640	0.006500	5.6
1769	-0.641088	108.866694	0.005450	5.5
1770	-1.004402	108.831779	0.009412	4.6
1771	-0.422794	108.796893	0.004953	5.5
1772	-0.648927	108.762037	0.013161	5.8
1773	-0.248452	108.727211	0.004625	5.6
1774	-0.231873	108.692415	0.002900	5.4
1775	-0.912107	108.657648	0.006390	5.5
1776	-0.000000	108.622911	0.000000	5.2
1777	-0.704168	108.588203	0.004819	4.8
1778	-0.724524	108.553525	0.004327	5.2
1779	-1.235873	108.518877	0.022048	5.1
1780	-0.000000	108.484258	0.000000	4.6
1781	-0.921478	108.449668	0.007400	5.8
1782	-0.586512	108.415108	0.012929	5.8
1783	-0.692775	108.380578	0.006040	5.8
1784	-0.129486	108.346076	0.004023	5.9
1785	-0.912493	108.311604	0.007644	5.3
1786	-0.522626	108.277161	0.005402	5.1
1787	-1.017799	108.242747	0.016537	5.9
1788	-0.000373	108.208363	0.000078	5.7
1789	-0.241018	108.174007	0.003748	5.7
1790	-0.446624	108.139681	0.005985	5.4
1791	-0.234582	108.105383	0.002675	5.5
1792	-0.976765	108.071115	0.011214	6.0
1793	-0.910391	108.036875	0.018215	5.8
1794	-0.914495	108.002665	0.004387	5.5
1795	-1.118454	107.968483	0.009939	5.4
1796	-0.982616	107.934330	0.007900	5.2
1797	-0.668926	107.900206	0.011376	5.9
1798	-1.047745	107.866111	0.008381	6.7
1799	-0.538581	107.832044	0.007174	6.5
1800	-0.519412	107.798007	0.006734	6.4
1801	-0.693508	107.763997	0.004170	5.4
1802	-1.011269	107.730017	0.006949	5.7
1803	-0.359268	107.696065	0.003965	5.6
1804	-0.958589	107.662141	0.013186	5.1
1805	-0.000000	107.628246	0.000000	5.4
1806	-0.648342	107.594379	0.006632	5.3
1807	-1.001846	107.560541	0.004738	5.6
1808	-0.000000	107.526731	0.000000	4.8
1809	-0.000000	107.492949	0.000000	5.1
1810	-0.947737	107.459196	0.008114	5.6
1811	-0.000000	107.425471	0.000000	5.2
1812	-0.717563	107.391774	0.009128	6.0
1813	-0.846466	107.358106	0.008045	5.0
1814	-0.975205	107.324465	0.008732	5.7
1815	-0.760026	107.290853	0.015523	5.4
1816	-1.113710	107.257268	0.012446	5.6
1817	-0.000000	107.223712	0.000000	5.9
1818	-0.660666	107.190184	0.005737	5.5
1819	-0.631957	107.156683	0.008172	5.5
1820	-0.000000	107.123211	0.000000	6.1
1821	-0.210634	107.089766	0.003989	4.8
1822	-0.000000	107.056349	0.000000	5.5
1823	-0.809068	107.022960	0.013725	5.7
1824	-0.220739	106.989599	0.004124	4.7
1825	-0.038995	106.956265	0.001050	5.5
1826	-0.967687	106.922960	0.006108	5.6
1827	-0.000000	106.889681	0.000000	4.5
1828	-0.000000	106.856431	0.000000	4.7
1829	-0.745334	106.823208	0.006471	5.8
1830	-0.539348	106.790012	0.007268	5.6
1831	-0.062636	106.756844	0.001479	5.3
1832	-1.100631	106.723703	0.009131	5.4
1833	-0.000000	106.690590	0.000000	4.9
1834	-1.148504	106.657505	0.016409	6.1
1835	-0.188434	106.624446	0.002981	5.8
1836	-0.928857	106.591415	0.012613	5.8
1837	-0.000001	106.558411	0.000000	5.7
1838	-0.933237	106.525435	0.012680	5.3
1839	-0.603436	106.492485	0.007090	6.0
1840	-0.213777	106.459563	0.003944	5.4
1841	-0.123117	106.426668	0.003048	4.9
1842	-1.109219	106.393800	0.013058	5.9
1843	-0.465687	106.360959	0.005643	5.7
1844	-0.840489	106.328145	0.007166	5.9
1845	-0.577360	106.295358	0.005633	6.2
1846	-0.981374	106.262598	0.009730	5.3
1847	-0.674861	106.229865	0.006682	5.5
1848	-0.638739	106.197158	0.007999	5.8
1849	-0.000000	106.164479	0.000000	5.5
1850	-0.000000	106.131826	0.000000	6.1
1851	-0.891820	106.099201	0.005810	5.7
1852	-0.426355	106.066602	0.004740	5.4
1853	-0.573618	106.034029	0.004827	4.6
1854	-0.418049	106.001483	0.009732	5.2
1855	-1.056426	105.968964	0.008871	5.9
1856	-0.327189	105.936472	0.004848	6.0
1857	-1.190320	105.904006	0.018852	5.9
1858	-0.946891	105.871566	0.011663	5.6
1859	-0.357792	105.839153	0.005720	5.5
1860	-0.171795	105.806767	0.005962	5.5
1861	-0.000000	105.774407	0.000000	5.8
1862	-0.823519	105.742073	0.008980	5.4
1863	-0.488113	105.709766	0.005416	5.6
1864	-0.532559	105.677485	0.010483	5.1
1865	-0.702890	105.645230	0.003680	6.1
1866	-0.000000	105.613001	0.000000	5.6
1867	-0.000000	105.580799	0.000000	5.3
1868	-1.034966	105.548623	0.005318	6.1
1869	-0.014680	105.516473	0.000425	5.0
1870	-0.000000	105.484349	0.000000	5.2
1871	-0.000000	105.452251	0.000000	6.4
1872	-0.000000	105.420179	0.000000	5.2
1873	-1.030363	105.388133	0.011187	6.0
1874	-0.127735	105.356113	0.000793	5.3
1875	-0.947893	105.324119	0.010985	5.8
1876	-0.000000	105.292151	0.000000	6.3
1877	-1.115452	105.260209	0.011697	6.1
1878	-0.000000	105.228293	0.000000	5.2
1879	-0.561580	105.196402	0.005271	6.0
1880	-0.000090	105.164537	0.000049	5.5
1881	-0.742832	105.132698	0.009175	5.5
1882	-0.733433	105.100885	0.005523	5.4
1883	-0.932759	105.069097	0.008753	5.6
1884	-0.000000	105.037335	0.000000	6.3
1885	-0.747047	105.005598	0.025835	5.7
1886	-0.000000	104.973887	0.000000	5.5
1887	-0.720887	104.942202	0.009805	5.6
1888	-0.558862	104.910542	0.004058	5.3
1889	-0.189898	104.878907	0.001780	5.6
1890	-0.735170	104.847298	0.005644	5.4
1891	-0.804549	104.815715	0.007074	5.5
1892	-0.002381	104.784156	0.000314	5.1
1893	-0.001295	104.752623	0.000108	5.8
1894	-0.430276	104.721116	0.005894	5.4
1895	-0.737804	104.689633	0.005880	5.1
1896	-0.346768	104.658176	0.004447	5.2
1897	-0.000000	104.626744	0.000000	5.1
1898	-0.000000	104.595337	0.000000	5.3
1899	-1.116085	104.563955	0.009649	5.4
1900	-0.131836	104.532599	0.004069	5.7
1901	-0.857688	104.501267	0.006733	6.9
1902	-0.029019	104.469960	0.000967	6.2
1903	-0.402663	104.438679	0.004128	5.2
1904	-1.091051	104.407422	0.018860	5.7
1905	-0.136207	104.376191	0.004909	5.5
1906	-0.000000	104.344984	0.000000	5.6
1907	-0.783113	104.313802	0.008512	5.7
1908	-0.589845	104.282645	0.004932	4.7
1909	-0.002626	104.251513	0.000198	4.6
1910	-0.843366	104.220405	0.006776	5.6
1911	-1.017309	104.189323	0.006520	5.4
1912	-0.494524	104.158265	0.003564	5.6
1913	-0.000000	104.127231	0.000000	5.5
1914	-0.000000	104.096222	0.000000	5.1
1915	-0.000000	104.065238	0.000000	4.8
1916	-0.056353	104.034279	0.001100	5.7
1917	-1.039329	104.003344	0.005664	5.1
1918	-1.186366	103.972433	0.011527	5.7
1919	-0.431184	103.941547	0.002040	4.9
1920	-0.134489	103.910686	0.003223	4.7
1921	-1.025736	103.879849	0.016790	5.1
1922	-0.000000	103.849036	0.000000	5.6
1923	-0.749565	103.818248	0.011828	5.6
1924	-0.650209	103.787484	0.013132	6.8
1925	-0.990488	103.756744	0.009817	5.7
1926	-0.318287	103.726029	0.005843	5.1
1927	-0.773674	103.695338	0.010400	5.5
1928	-0.000000	103.664671	0.000000	4.8
1929	-0.552780	103.634028	0.008648	5.0
1930	-0.802093	103.603409	0.006039	5.5
1931	-0.736441	103.572814	0.008007	5.1
1932	-0.000000	103.542244	0.000000	5.6
1933	-0.000000	103.511698	0.000000	5.6
1934	-1.069916	103.481175	0.017113	5.6
1935	-0.969055	103.450677	0.009407	5.0
1936	-0.581993	103.420202	0.007776	5.4
1937	-0.717384	103.389752	0.008208	5.2
1938	-0.823900	103.359325	0.015653	5.0
1939	-0.343429	103.328922	0.005629	6.7
1940	-0.035823	103.298543	0.002503	5.4
1941	-0.645539	103.268188	0.006958	4.8
1942	-0.000000	103.237857	0.000000	6.0
1943	-1.089083	103.207549	0.011579	5.1
1944	-0.799472	103.177265	0.004730	5.2
1945	-0.000000	103.147005	0.000000	6.8
1946	-0.000000	103.116768	0.000000	5.9
1947	-0.858610	103.086556	0.006351	6.2
1948	-1.118011	103.056366	0.006308	6.0
1949	-1.002539	103.026200	0.006807	6.2
1950	-0.088483	102.996058	0.001118	6.4
1951	-0.000000	102.965939	0.000000	5.5
1952	-0.000000	102.935844	0.000000	6.0
1953	-0.521481	102.905772	0.004765	6.0
1954	-0.177241	102.875724	0.003902	5.8
1955	-0.686564	102.845699	0.010707	5.9
1956	-0.371538	102.815697	0.005269	5.8
1957	-1.083204	102.785719	0.008703	5.7
1958	-0.582488	102.755764	0.008039	5.9
1959	-0.577389	102.725832	0.004694	5.5
1960	-0.918148	102.695924	0.005145	5.9
1961	-0.430383	102.666038	0.011214	6.3
1962	-0.027511	102.636176	0.000662	5.9
1963	-0.701853	102.606337	0.006054	5.8
1964	-1.061969	102.576521	0.015676	5.5
1965	-1.102150	102.546728	0.010189	6.3
1966	-1.001960	102.516959	0.008169	7.4
1967	-0.834044	102.487212	0.006747	7.3
1968	-0.319681	102.457488	0.005635	6.6
1969	-0.820522	102.427788	0.012129	5.8
1970	-0.000000	102.398110	0.000000	6.2
1971	-0.000000	102.368455	0.000000	5.8
1972	-0.767266	102.338823	0.007687	5.9
1973	-0.039592	102.309214	0.001819	6.0
1974	-0.720092	102.279628	0.007785	5.7
1975	-0.000000	102.250064	0.000000	7.1
1976	-0.048885	102.220524	0.002775	5.5
1977	-0.000000	102.191006	0.000000	5.4
1978	-0.240538	102.161511	0.004289	6.6
1979	-1.145448	102.132038	0.020526	5.5
1980	-1.068427	102.102588	0.017958	5.2
1981	-0.891603	102.073161	0.005403	5.8
1982	-0.916148	102.043757	0.007755	5.3
1983	-0.000000	102.014375	0.000000	6.7
1984	-0.944484	101.985015	0.007650	5.6
1985	-0.040434	101.955678	0.001799	5.5
1986	-0.437164	101.926364	0.004373	5.9
1987	-0.984400	101.897072	0.007005	5.3
1988	-0.881840	101.867802	0.008432	5.7
1989	-0.000168	101.838555	0.000005	5.5
1990	-0.000000	101.809330	0.000000	5.5
1991	-0.000000	101.780128	0.000000	5.8
1992	-0.000000	101.750948	0.000000	5.4
1993	-0.000001	101.721790	0.000000	5.7
1994	-0.497212	101.692654	0.004839	6.0
1995	-0.523182	101.663541	0.007149	5.5
1996	-0.931514	101.634450	0.009125	5.5
1997	-0.000493	101.605381	0.000110	5.9
1998	-0.489796	101.576335	0.005850	6.1
1999	-0.058933	101.547310	0.001637	6.1
