1:ItNr	2:Metric	3:StepSize	4:||Gradient||	Time[ms]
0	-0.789778	627.201626	0.009663	848.4
1	-0.900856	623.504937	0.008629	8.0
2	-0.000000	619.865785	0.000000	9.3
3	-0.000000	616.282728	0.000000	7.2
4	-0.028045	612.754375	0.001890	8.9
5	-0.604555	609.279381	0.006407	7.0
6	-0.746966	605.856447	0.006890	7.8
7	-0.107486	602.484317	0.002731	6.8
8	-0.744813	599.161779	0.013220	8.7
9	-0.494796	595.887656	0.006885	7.5
10	-0.428252	592.660813	0.012253	8.5
11	-0.106878	589.480151	0.004146	7.8
12	-0.633216	586.344606	0.009188	8.4
13	-0.000000	583.253145	0.000000	7.6
14	-0.000000	580.204771	0.000000	9.7
15	-0.826365	577.198517	0.006475	7.8
16	-1.025248	574.233444	0.013939	8.3
17	-0.527828	571.308645	0.010011	7.4
18	-0.389427	568.423237	0.006380	8.9
19	-0.004906	565.576365	0.000539	8.3
20	-0.000001	562.767201	0.000001	8.6
21	-0.000000	559.994938	0.000000	8.1
22	-0.537877	557.258797	0.007546	9.6
23	-0.697399	554.558018	0.009004	9.2
24	-0.728565	551.891865	0.011247	9.8
25	-0.518763	549.259621	0.007638	8.9
26	-1.017073	546.660592	0.010200	7.6
27	-0.568847	544.094102	0.004468	9.3
28	-0.713829	541.559494	0.005370	8.4
29	-0.413257	539.056129	0.005625	8.1
30	-1.043179	536.583387	0.015871	7.9
31	-0.318157	534.140663	0.006333	8.6
32	-0.892941	531.727370	0.007966	7.8
33	-0.577456	529.342935	0.007099	8.2
34	-0.720154	526.986802	0.007140	8.4
35	-0.744659	524.658430	0.013036	7.9
36	-0.000000	522.357290	0.000000	7.2
37	-0.738724	520.082868	0.008215	8.0
38	-0.945771	517.834665	0.011489	8.4
39	-0.906265	515.612193	0.004938	8.6
40	-0.213202	513.414976	0.006822	7.5
41	-0.807855	511.242551	0.012337	7.5
42	-0.417584	509.094468	0.007312	6.7
43	-0.000000	506.970285	0.000000	8.4
44	-0.822628	504.869574	0.006987	7.2
45	-0.915519	502.791916	0.008640	8.7
46	-0.217680	500.736903	0.003475	7.8
47	-0.000000	498.704137	0.000000	7.9
48	-0.859309	496.693228	0.013246	6.8
49	-0.940403	494.703798	0.009636	8.9
50	-0.098188	492.735476	0.001815	7.3
51	-0.924897	490.787900	0.013569	8.4
52	-0.925495	488.860718	0.007846	7.9
53	-0.191068	486.953585	0.005573	7.7
54	-0.562377	485.066164	0.005476	8.1
55	-0.000000	483.198126	0.000000	8.3
56	-0.902066	481.349149	0.012020	7.9
57	-0.574270	479.518920	0.006598	8.6
58	-0.286843	477.707132	0.004855	8.3
59	-0.693247	475.913485	0.009934	7.5
60	-0.403003	474.137684	0.006904	7.7
61	-0.000000	472.379445	0.000000	8.3
62	-0.865760	470.638485	0.007954	7.6
63	-0.714558	468.914531	0.005507	7.8
64	-0.007705	467.207315	0.000209	7.1
65	-0.419795	465.516573	0.006627	8.6
66	-0.091507	463.842050	0.002554	6.9
67	-0.706141	462.183494	0.008935	8.4
68	-0.478577	460.540658	0.005788	6.9
69	-0.250457	458.913303	0.002050	9.3
70	-0.668442	457.301192	0.007381	7.3
71	-0.000000	455.704096	0.000000	8.7
72	-0.253972	454.121787	0.003097	7.0
73	-0.871945	452.554045	0.005231	8.7
74	-0.270273	451.000653	0.004347	6.8
75	-0.000000	449.461399	0.000000	9.1
76	-0.461946	447.936075	0.006568	7.5
77	-0.000000	446.424477	0.000000	8.5
78	-0.000000	444.926406	0.000000	7.3
79	-0.000000	443.441666	0.000000	7.8
80	-0.470687	441.970065	0.005848	6.7
81	-0.718245	440.511415	0.007709	9.3
82	-0.651144	439.065533	0.007940	7.9
83	-0.510426	437.632238	0.007206	8.4
84	-0.815844	436.211351	0.008510	8.2
85	-0.735510	434.802701	0.007155	8.6
86	-0.000000	433.406117	0.000000	7.7
87	-0.128713	432.021430	0.002557	9.9
88	-0.000000	430.648479	0.000000	7.4
89	-0.197624	429.287101	0.003682	7.7
90	-0.662451	427.937140	0.011258	7.3
91	-0.423612	426.598440	0.006247	8.3
92	-0.855631	425.270849	0.004928	7.2
93	-0.930535	423.954220	0.019967	8.5
94	-0.242289	422.648404	0.008146	6.7
95	-0.011946	421.353259	0.001020	8.6
96	-0.947343	420.068643	0.004477	7.8
97	-0.634142	418.794419	0.008642	8.8
98	-0.280994	417.530451	0.004202	7.7
99	-0.539264	416.276604	0.006105	8.3
100	-0.368970	415.032748	0.008036	7.4
101	-0.680006	413.798754	0.013434	8.4
102	-0.210780	412.574495	0.004560	7.3
103	-0.875235	411.359849	0.004927	8.8
104	-0.000000	410.154691	0.000000	7.5
105	-0.801835	408.958904	0.008054	8.0
106	-0.749995	407.772368	0.009203	7.2
107	-0.368468	406.594968	0.003458	7.9
108	-0.847212	405.426590	0.004687	7.9
109	-0.458705	404.267122	0.008998	8.6
110	-0.319019	403.116456	0.005618	7.6
111	-0.756486	401.974481	0.007428	8.4
112	-0.934008	400.841093	0.020482	7.9
113	-0.954400	399.716187	0.007137	7.9
114	-0.036236	398.599660	0.001191	7.8
115	-0.488305	397.491411	0.005975	7.3
116	-0.023218	396.391342	0.000744	7.7
117	-0.508773	395.299353	0.006207	8.6
118	-0.389134	394.215350	0.005075	7.6
119	-0.577628	393.139238	0.006960	8.2
120	-0.662770	392.070924	0.007113	7.2
121	-0.215647	391.010316	0.005641	8.6
122	-0.059651	389.957325	0.000887	7.1
123	-0.015123	388.911862	0.000607	9.0
124	-0.646027	387.873839	0.008294	7.4
125	-0.408233	386.843173	0.003807	9.5
126	-0.000005	385.819777	0.000007	7.1
127	-0.202083	384.803569	0.002647	8.9
128	-0.250132	383.794468	0.003512	7.5
129	-0.156169	382.792393	0.003580	8.7
130	-0.000000	381.797264	0.000000	7.3
131	-0.000000	380.809005	0.000000	9.8
132	-0.000000	379.827537	0.000000	7.8
133	-0.793858	378.852786	0.011676	8.2
134	-0.911453	377.884678	0.007454	7.0
135	-1.036207	376.923138	0.027139	8.3
136	-0.865391	375.968095	0.016555	8.1
137	-0.253409	375.019479	0.003309	7.6
138	-0.932251	374.077218	0.009053	7.1
139	-0.637891	373.141244	0.006952	7.9
140	-0.458984	372.211489	0.007005	8.2
141	-0.707037	371.287887	0.008263	8.1
142	-0.016244	370.370370	0.000227	8.0
143	-0.007642	369.458876	0.000267	7.9
144	-0.066264	368.553338	0.002320	9.2
145	-0.000000	367.653696	0.000000	7.6
146	-0.000000	366.759885	0.000000	7.6
147	-0.098424	365.871846	0.002610	7.9
148	-0.880659	364.989518	0.007992	7.9
149	-0.875481	364.112841	0.009086	7.9
150	-0.016445	363.241757	0.000371	8.2
151	-0.460394	362.376208	0.007690	8.3
152	-0.624015	361.516137	0.005861	6.8
153	-0.850495	360.661488	0.006923	8.9
154	-0.258363	359.812206	0.002692	7.2
155	-0.592500	358.968236	0.004558	8.8
156	-0.814253	358.129524	0.005583	7.8
157	-0.250125	357.296018	0.005581	8.5
158	-0.000000	356.467665	0.000000	6.7
159	-0.717402	355.644414	0.004844	9.4
160	-0.301047	354.826213	0.002476	7.7
161	-0.001057	354.013012	0.000030	8.2
162	-0.000000	353.204763	0.000000	7.3
163	-0.007726	352.401415	0.000289	8.5
164	-0.261423	351.602922	0.005885	6.8
165	-0.740932	350.809235	0.007013	8.7
166	-0.849118	350.020308	0.009142	7.0
167	-0.599530	349.236095	0.006200	8.5
168	-0.535794	348.456550	0.006274	7.3
169	-0.582891	347.681627	0.008009	8.6
170	-0.904450	346.911283	0.009702	7.9
171	-0.884903	346.145474	0.016551	8.1
172	-0.000000	345.384157	0.000000	7.6
173	-0.508235	344.627288	0.005551	9.1
174	-0.427083	343.874826	0.006827	8.7
175	-0.416296	343.126729	0.004668	8.9
176	-0.000000	342.382957	0.000000	7.8
177	-0.841267	341.643469	0.009491	9.3
178	-0.531574	340.908224	0.011995	8.5
179	-0.906542	340.177184	0.012235	8.4
180	-0.513099	339.450309	0.003084	9.0
181	-0.000000	338.727561	0.000000	8.0
182	-0.278340	338.008902	0.005355	10.3
183	-0.907603	337.294295	0.008283	7.1
184	-0.544998	336.583703	0.007142	8.7
185	-0.930539	335.877089	0.009709	7.5
186	-0.000000	335.174416	0.000000	8.3
187	-0.899323	334.475651	0.005176	7.5
188	-0.787150	333.780756	0.009923	8.2
189	-0.795376	333.089698	0.009755	8.1
190	-0.300695	332.402443	0.003312	7.9
191	-0.000000	331.718955	0.000000	7.8
192	-0.655948	331.039203	0.011630	8.1
193	-0.000000	330.363153	0.000000	7.5
194	-0.728126	329.690771	0.018190	8.0
195	-0.498090	329.022027	0.006725	7.9
196	-0.076369	328.356888	0.001948	8.1
197	-0.416014	327.695322	0.005345	7.4
198	-0.000000	327.037299	0.000000	8.3
199	-0.621049	326.382787	0.008510	7.0
200	-0.477423	325.731758	0.005448	8.8
201	-0.000000	325.084179	0.000000	7.6
202	-0.693993	324.440023	0.005550	9.0
203	-0.403352	323.799258	0.008166	6.9
204	-0.711479	323.161858	0.006994	8.8
205	-0.451089	322.527792	0.008093	6.8
206	-1.077359	321.897034	0.013031	9.3
207	-0.516788	321.269554	0.006413	7.5
208	-0.818018	320.645325	0.006441	8.9
209	-0.052471	320.024320	0.000841	6.9
210	-0.928910	319.406512	0.010722	8.6
211	-0.000235	318.791875	0.000164	7.1
212	-0.003010	318.180381	0.001968	9.7
213	-0.233732	317.572005	0.004876	7.2
214	-0.687340	316.966721	0.004630	8.0
215	-0.000000	316.364504	0.000000	7.7
216	-0.224568	315.765329	0.003137	7.9
217	-0.470313	315.169170	0.006642	7.8
218	-0.000000	314.576003	0.000000	7.5
219	-0.448561	313.985804	0.010906	7.4
220	-0.915115	313.398548	0.006482	8.4
221	-0.965623	312.814213	0.006951	7.6
222	-0.231925	312.232773	0.003985	8.7
223	-0.013000	311.654207	0.000233	7.7
224	-0.000000	311.078491	0.000000	8.7
225	-0.605489	310.505602	0.006838	7.2
226	-0.822892	309.935518	0.009550	8.8
227	-0.006726	309.368217	0.000301	7.7
228	-0.653239	308.803676	0.005474	9.0
229	-0.145582	308.241874	0.002126	8.3
230	-0.000000	307.682789	0.000000	8.6
231	-0.649398	307.126400	0.008075	7.7
232	-0.668094	306.572687	0.008377	7.9
233	-0.946545	306.021627	0.016497	7.5
234	-0.000000	305.473201	0.000000	8.7
235	-0.000000	304.927388	0.000000	7.7
236	-0.841325	304.384168	0.007193	8.0
237	-0.805762	303.843521	0.006296	7.8
238	-0.527912	303.305427	0.005315	8.1
239	-0.575881	302.769867	0.006940	7.8
240	-0.640809	302.236821	0.008370	7.7
241	-0.915650	301.706270	0.016007	7.7
242	-0.677566	301.178196	0.007543	7.9
243	-0.903630	300.652580	0.011137	8.3
244	-0.901071	300.129402	0.008284	7.5
245	-0.029129	299.608645	0.000249	7.3
246	-0.922857	299.090291	0.013994	8.1
247	-0.043658	298.574321	0.002222	7.6
248	-0.741087	298.060718	0.008054	8.8
249	-0.438047	297.549465	0.005238	7.2
250	-0.497052	297.040543	0.009083	8.7
251	-0.401309	296.533936	0.004821	7.4
252	-0.431481	296.029626	0.011716	9.2
253	-0.099952	295.527597	0.003121	7.7
254	-0.145616	295.027832	0.004359	7.9
255	-0.397680	294.530315	0.006934	7.4
256	-0.000000	294.035028	0.000000	8.5
257	-0.230067	293.541956	0.004065	7.3
258	-0.759634	293.051083	0.010105	9.1
259	-0.000000	292.562393	0.000000	7.8
260	-0.904252	292.075870	0.010257	8.0
261	-0.790050	291.591498	0.016003	7.8
262	-0.872384	291.109263	0.013219	7.6
263	-0.605901	290.629149	0.006403	8.6
264	-0.000000	290.151140	0.000000	8.1
265	-0.244616	289.675222	0.004797	7.7
266	-0.516298	289.201380	0.006433	8.3
267	-0.000000	288.729600	0.000000	7.7
268	-0.407159	288.259866	0.006837	7.9
269	-0.318015	287.792165	0.003674	8.6
270	-0.861940	287.326481	0.008909	8.2
271	-0.000000	286.862802	0.000000	7.1
272	-0.859085	286.401113	0.006367	9.2
273	-0.664267	285.941400	0.006771	7.9
274	-0.005044	285.483649	0.000246	8.1
275	-0.711631	285.027847	0.007732	7.8
276	-0.380957	284.573981	0.005997	8.6
277	-0.621499	284.122037	0.006492	8.0
278	-0.021618	283.672002	0.000943	9.2
279	-0.731552	283.223863	0.005958	8.3
280	-0.993321	282.777607	0.008333	8.0
281	-0.000009	282.333221	0.000004	7.7
282	-0.315300	281.890692	0.005895	7.5
283	-0.000000	281.450008	0.000000	8.4
284	-1.190330	281.011157	0.009455	7.3
285	-0.558243	280.574125	0.016653	8.8
286	-0.799937	280.138901	0.007908	7.3
287	-0.825059	279.705473	0.008090	8.3
288	-0.000000	279.273829	0.000000	7.1
289	-0.141911	278.843956	0.002744	7.8
290	-0.258770	278.415844	0.005141	7.9
291	-0.677182	277.989479	0.015839	7.1
292	-0.148777	277.564851	0.002268	7.7
293	-0.893289	277.141949	0.006527	7.4
294	-0.833679	276.720761	0.005802	8.1
295	-0.428834	276.301275	0.009436	7.3
296	-0.710485	275.883480	0.007578	8.5
297	-0.000000	275.467366	0.000000	8.0
298	-0.000007	275.052922	0.000000	8.0
299	-0.757263	274.640136	0.006039	7.9
300	-0.000000	274.228998	0.000000	8.2
301	-0.000000	273.819497	0.000000	7.1
302	-0.016031	273.411623	0.001138	8.2
303	-1.049360	273.005365	0.009203	7.4
304	-1.143725	272.600712	0.020264	8.9
305	-0.464331	272.197655	0.007101	8.4
306	-0.907889	271.796184	0.008350	8.9
307	-0.942083	271.396287	0.014329	8.5
308	-0.000000	270.997956	0.000000	7.9
309	-0.019905	270.601180	0.000228	7.6
310	-0.872435	270.205949	0.005694	7.8
311	-0.885616	269.812254	0.006989	7.9
312	-0.589847	269.420085	0.006496	8.5
313	-0.791025	269.029432	0.012379	8.5
314	-0.020714	268.640287	0.000428	8.4
315	-0.000000	268.252638	0.000000	7.3
316	-0.040583	267.866478	0.001581	7.7
317	-0.472874	267.481796	0.005229	7.3
318	-0.411556	267.098584	0.006177	8.1
319	-0.800534	266.716833	0.006431	7.0
320	-0.088693	266.336533	0.001450	8.4
321	-0.697673	265.957676	0.006499	7.9
322	-0.000000	265.580253	0.000000	8.7
323	-0.000000	265.204254	0.000000	7.8
324	-0.545870	264.829672	0.006769	8.3
325	-0.000000	264.456497	0.000000	7.1
326	-0.000000	264.084721	0.000000	8.4
327	-0.716416	263.714335	0.014605	7.2
328	-0.000000	263.345332	0.000000	8.1
329	-0.866949	262.977702	0.005827	7.7
330	-0.875090	262.611438	0.018296	8.1
331	-0.000003	262.246531	0.000004	7.5
332	-0.126664	261.882973	0.002784	8.6
333	-0.312561	261.520756	0.004151	7.6
334	-0.057465	261.159871	0.001521	8.2
335	-0.000000	260.800312	0.000000	7.2
336	-0.706772	260.442070	0.008095	8.2
337	-0.664359	260.085137	0.007037	7.3
338	-0.426491	259.729505	0.005546	7.9
339	-0.913615	259.375167	0.014916	7.7
340	-0.408392	259.022116	0.004195	8.3
341	-0.527417	258.670343	0.006295	7.8
342	-0.000000	258.319841	0.000000	8.0
343	-0.519202	257.970602	0.005611	7.6
344	-0.005027	257.622620	0.000282	8.4
345	-0.000000	257.275887	0.000000	7.6
346	-0.330696	256.930396	0.004368	8.4
347	-0.607079	256.586139	0.005417	7.9
348	-0.000000	256.243109	0.000000	8.3
349	-0.000280	255.901300	0.000010	8.3
350	-0.714209	255.560703	0.004881	9.1
351	-0.000000	255.221313	0.000000	7.2
352	-0.027220	254.883122	0.002614	8.5
353	-0.858800	254.546124	0.007187	7.2
354	-0.822332	254.210311	0.007436	8.5
355	-0.860940	253.875677	0.006591	7.2
356	-0.581611	253.542215	0.012773	9.1
357	-0.383424	253.209918	0.004866	7.7
358	-0.006607	252.878781	0.000400	8.4
359	-0.000000	252.548795	0.000000	7.3
360	-0.663013	252.219956	0.006203	9.6
361	-0.411841	251.892255	0.005580	7.8
362	-0.778245	251.565688	0.009838	8.0
363	-0.484402	251.240247	0.005089	7.4
364	-0.001574	250.915926	0.000023	7.9
365	-0.498924	250.592720	0.014558	7.9
366	-0.850942	250.270621	0.007171	8.3
367	-0.184320	249.949624	0.000947	7.5
368	-0.504107	249.629723	0.006863	7.7
369	-0.000001	249.310911	0.000001	7.4
370	-0.048904	248.993182	0.001207	7.5
371	-0.621066	248.676531	0.008458	7.7
372	-0.617211	248.360952	0.007915	8.0
373	-0.547210	248.046438	0.007007	7.6
374	-0.527679	247.732984	0.005878	8.1
375	-0.000000	247.420584	0.000000	8.0
376	-0.677521	247.109233	0.006883	7.9
377	-0.000000	246.798924	0.000000	7.6
378	-0.024774	246.489652	0.000686	8.0
379	-0.042443	246.181412	0.000436	7.8
380	-0.195307	245.874197	0.003001	8.4
381	-0.789789	245.568002	0.006902	7.0
382	-0.000000	245.262822	0.000000	8.6
383	-0.589704	244.958652	0.006449	7.5
384	-0.730756	244.655485	0.007066	8.9
385	-0.440486	244.353317	0.004924	7.1
386	-0.262184	244.052142	0.004826	8.8
387	-0.983142	243.751955	0.013926	7.2
388	-0.000000	243.452750	0.000000	9.0
389	-0.691847	243.154523	0.010926	7.2
390	-0.799940	242.857268	0.012333	8.2
391	-0.843616	242.560980	0.016845	6.9
392	-0.599342	242.265654	0.007273	8.7
393	-1.201220	241.971285	0.017685	7.4
394	-0.000000	241.677868	0.000000	8.6
395	-0.568600	241.385397	0.006151	7.7
396	-0.014384	241.093869	0.001585	8.2
397	-0.556016	240.803278	0.011255	7.4
398	-0.000000	240.513619	0.000000	8.5
399	-0.908065	240.224887	0.006014	8.1
400	-0.000000	239.937077	0.000000	8.3
401	-0.752674	239.650186	0.008624	7.4
402	-0.999317	239.364207	0.005524	8.6
403	-0.456989	239.079136	0.004981	7.3
404	-0.947845	238.794969	0.007584	8.7
405	-0.106102	238.511701	0.001360	7.3
406	-0.944652	238.229327	0.010702	9.0
407	-0.356105	237.947843	0.004913	7.6
408	-0.711585	237.667244	0.006493	8.6
409	-0.714436	237.387526	0.007754	7.8
410	-0.000000	237.108684	0.000000	9.0
411	-0.493754	236.830714	0.006049	6.8
412	-0.000000	236.553610	0.000000	8.4
413	-0.084479	236.277370	0.002255	7.5
414	-0.000000	236.001989	0.000000	8.6
415	-0.223037	235.727461	0.001601	6.9
416	-0.356398	235.453784	0.005784	8.5
417	-0.000004	235.180952	0.000008	7.8
418	-0.097550	234.908962	0.003433	8.6
419	-0.538246	234.637809	0.006757	7.4
420	-0.390053	234.367488	0.004376	8.4
421	-0.527466	234.097997	0.005791	8.0
422	-0.002696	233.829331	0.000872	8.2
423	-0.835331	233.561485	0.008152	7.5
424	-0.057381	233.294456	0.002899	8.6
425	-0.855910	233.028239	0.007997	7.5
426	-0.816279	232.762831	0.006057	7.7
427	-0.141942	232.498228	0.004442	7.0
428	-0.781375	232.234425	0.004808	9.1
429	-1.029951	231.971419	0.015050	7.2
430	-0.073907	231.709205	0.002122	9.2
431	-0.364652	231.447781	0.005034	7.7
432	-0.951033	231.187141	0.005642	8.8
433	-0.268267	230.927283	0.004095	7.2
434	-0.763245	230.668202	0.006051	9.1
435	-0.425673	230.409895	0.007537	7.2
436	-0.005811	230.152358	0.000482	8.4
437	-0.000000	229.895587	0.000000	7.6
438	-0.482450	229.639578	0.007705	7.9
439	-0.468676	229.384329	0.005056	7.2
440	-0.000000	229.129834	0.000000	8.1
441	-0.657528	228.876091	0.016632	7.4
442	-0.853414	228.623096	0.009447	8.1
443	-1.014469	228.370846	0.013280	7.9
444	-0.000000	228.119336	0.000000	8.9
445	-0.542365	227.868563	0.006488	8.2
446	-0.838502	227.618525	0.016158	8.4
447	-0.000000	227.369216	0.000000	7.7
448	-0.000000	227.120635	0.000000	7.7
449	-0.942774	226.872777	0.007215	7.3
450	-0.704054	226.625638	0.006288	8.0
451	-0.000000	226.379217	0.000000	8.6
452	-0.000399	226.133509	0.000244	8.1
453	-0.000000	225.888510	0.000000	6.7
454	-0.638879	225.644218	0.008095	8.4
455	-0.123930	225.400630	0.001507	6.9
456	-0.940220	225.157741	0.008329	8.5
457	-0.803147	224.915549	0.010164	7.2
458	-0.229291	224.674051	0.006995	8.8
459	-0.834516	224.433242	0.006777	7.6
460	-0.006067	224.193121	0.000602	9.3
461	-0.437934	223.953684	0.008043	7.3
462	-0.877258	223.714927	0.004793	7.5
463	-0.782568	223.476848	0.007287	7.2
464	-0.973365	223.239444	0.005358	8.8
465	-0.000000	223.002710	0.000000	7.0
466	-0.334522	222.766645	0.007375	8.8
467	-0.637474	222.531245	0.019753	7.6
468	-0.433058	222.296508	0.007068	8.4
469	-0.963875	222.062429	0.005155	7.9
470	-0.746467	221.829007	0.007975	8.6
471	-0.736707	221.596238	0.010616	8.3
472	-0.000000	221.364119	0.000000	8.5
473	-0.287367	221.132647	0.002055	7.8
474	-0.917833	220.901820	0.006757	8.1
475	-1.120472	220.671634	0.011858	7.9
476	-0.000003	220.442086	0.000001	8.5
477	-0.060147	220.213174	0.003011	7.4
478	-0.539277	219.984895	0.005471	8.7
479	-0.698577	219.757246	0.010229	8.0
480	-0.545056	219.530224	0.005261	8.6
481	-0.497616	219.303826	0.005060	7.1
482	-0.000000	219.078050	0.000000	8.1
483	-0.865272	218.852893	0.007560	8.2
484	-0.475332	218.628352	0.006092	8.7
485	-1.015901	218.404424	0.011028	7.1
486	-0.000000	218.181106	0.000000	8.1
487	-0.787691	217.958397	0.007498	8.0
488	-0.503394	217.736292	0.005855	8.2
489	-0.547636	217.514790	0.009068	6.8
490	-0.509805	217.293888	0.004536	7.9
491	-0.969613	217.073584	0.006847	7.5
492	-0.749071	216.853873	0.007547	8.5
493	-0.702044	216.634755	0.007525	7.3
494	-0.866184	216.416227	0.020047	7.6
495	-0.880772	216.198285	0.004978	8.1
496	-0.000000	215.980927	0.000000	8.2
497	-0.500459	215.764151	0.005608	8.0
498	-0.128508	215.547955	0.002323	7.8
499	-0.446910	215.332335	0.005404	7.9
500	-0.000000	215.117289	0.000000	7.8
501	-0.007159	214.902815	0.000309	7.9
502	-0.000000	214.688911	0.000000	8.7
503	-0.402990	214.475573	0.005102	7.9
504	-0.541185	214.262800	0.007149	8.5
505	-0.225295	214.050588	0.004469	7.2
506	-0.938322	213.838936	0.009986	8.3
507	-0.577156	213.627842	0.007570	7.5
508	-0.781882	213.417302	0.016598	7.7
509	-0.000000	213.207314	0.000000	7.3
510	-0.847826	212.997877	0.005353	8.7
511	-0.878837	212.788987	0.007953	7.3
512	-0.558342	212.580642	0.005122	8.3
513	-0.000000	212.372841	0.000000	7.6
514	-0.937660	212.165581	0.014159	8.2
515	-0.537730	211.958859	0.004563	7.7
516	-0.405771	211.752673	0.006251	8.8
517	-0.000000	211.547021	0.000000	7.0
518	-0.569019	211.341902	0.004651	8.2
519	-0.000000	211.137311	0.000000	6.9
520	-0.000000	210.933248	0.000000	9.0
521	-0.000000	210.729710	0.000000	7.2
522	-0.032455	210.526695	0.000963	8.1
523	-0.600755	210.324200	0.006288	7.7
524	-0.245614	210.122224	0.001993	8.2
525	-0.150744	209.920765	0.004731	8.0
526	-0.640014	209.719820	0.008264	8.0
527	-0.048170	209.519387	0.000880	7.9
528	-0.017729	209.319463	0.000323	8.2
529	-0.336172	209.120048	0.004943	8.0
530	-0.905759	208.921139	0.006256	7.8
531	-0.473697	208.722733	0.007393	7.5
532	-0.289082	208.524829	0.002481	8.1
533	-0.176108	208.327425	0.003107	7.9
534	-0.832764	208.130518	0.018443	8.8
535	-0.306566	207.934107	0.002498	7.3
536	-0.573695	207.738189	0.005215	9.4
537	-0.000000	207.542762	0.000000	7.6
538	-0.000000	207.347825	0.000000	8.4
539	-0.632458	207.153376	0.010250	7.2
540	-0.324710	206.959412	0.006787	8.3
541	-0.145737	206.765932	0.002510	7.1
542	-0.000000	206.572933	0.000000	8.4
543	-0.053309	206.380414	0.001761	8.1
544	-0.642626	206.188373	0.006007	9.4
545	-0.712529	205.996807	0.007462	7.1
546	-0.000000	205.805716	0.000000	8.2
547	-0.646142	205.615096	0.011796	8.1
548	-0.635035	205.424946	0.006833	7.6
549	-0.927017	205.235265	0.007288	8.4
550	-0.924573	205.046050	0.008467	7.8
551	-0.276299	204.857299	0.004599	7.8
552	-0.000000	204.669011	0.000000	7.6
553	-0.818399	204.481184	0.007033	7.4
554	-0.008970	204.293816	0.000114	8.2
555	-0.000002	204.106905	0.000001	7.1
556	-0.000000	203.920449	0.000000	8.5
557	-0.376582	203.734447	0.004498	8.1
558	-0.820099	203.548896	0.006791	8.6
559	-0.865075	203.363795	0.009678	8.2
560	-0.754191	203.179143	0.007391	8.6
561	-0.000000	202.994937	0.000000	7.7
562	-0.721150	202.811176	0.006430	8.8
563	-0.763364	202.627857	0.005843	7.3
564	-0.361531	202.444980	0.004898	9.1
565	-0.855730	202.262543	0.008338	7.8
566	-1.019628	202.080543	0.010555	8.0
567	-0.657294	201.898979	0.007098	7.9
568	-0.000944	201.717849	0.000069	7.8
569	-0.170744	201.537153	0.005650	7.6
570	-0.890934	201.356887	0.006862	7.8
571	-0.069240	201.177050	0.000306	8.0
572	-0.764412	200.997642	0.007616	8.0
573	-0.726601	200.818659	0.007626	7.4
574	-0.686268	200.640100	0.005892	8.0
575	-0.000000	200.461965	0.000000	8.4
576	-0.761139	200.284250	0.010038	7.9
577	-0.853924	200.106955	0.011952	8.5
578	-0.720454	199.930078	0.006752	7.7
579	-0.869030	199.753617	0.007844	7.9
580	-0.000000	199.577571	0.000000	8.0
581	-0.763208	199.401938	0.005528	7.7
582	-0.619741	199.226717	0.009232	8.1
583	-0.413558	199.051905	0.006036	7.2
584	-0.549024	198.877502	0.008486	8.6
585	-0.772557	198.703506	0.006257	7.1
586	-0.000000	198.529916	0.000000	8.7
587	-0.000000	198.356729	0.000000	7.4
588	-1.001549	198.183944	0.010598	8.3
589	-0.960017	198.011560	0.006930	7.8
590	-0.613793	197.839576	0.005942	9.5
591	-0.000000	197.667989	0.000000	7.9
592	-0.226112	197.496798	0.004472	7.6
593	-0.453459	197.326002	0.006495	7.3
594	-0.695712	197.155600	0.007871	7.8
595	-0.511384	196.985589	0.005458	7.6
596	-0.494315	196.815969	0.005235	8.1
597	-0.418359	196.646738	0.005699	7.6
598	-0.851402	196.477894	0.008497	8.2
599	-0.000305	196.309436	0.000007	8.6
600	-0.357531	196.141363	0.009413	7.5
601	-0.892883	195.973673	0.010582	7.6
602	-0.715714	195.806365	0.005434	8.3
603	-0.002213	195.639437	0.000204	7.4
604	-0.856983	195.472888	0.006502	8.4
605	-0.105827	195.306717	0.002641	7.6
606	-0.000000	195.140922	0.000000	8.3
607	-0.511123	194.975501	0.005508	7.2
608	-0.572376	194.810454	0.006890	8.6
609	-0.458680	194.645779	0.006664	7.4
610	-0.763523	194.481475	0.006337	8.8
611	-0.329296	194.317540	0.002928	7.6
612	-0.417794	194.153973	0.007518	8.3
613	-0.321980	193.990773	0.005738	7.3
614	-0.673435	193.827938	0.006175	8.9
615	-0.016399	193.665467	0.000254	7.5
616	-0.000000	193.503358	0.000000	8.2
617	-0.769861	193.341611	0.004890	7.4
618	-0.659355	193.180224	0.006348	8.5
619	-0.000000	193.019196	0.000000	7.4
620	-0.517424	192.858525	0.004805	8.3
621	-0.651622	192.698210	0.013020	7.7
622	-0.590494	192.538251	0.007503	8.2
623	-0.114777	192.378644	0.001873	7.8
624	-0.694728	192.219391	0.006438	8.8
625	-0.319927	192.060488	0.006219	7.6
626	-0.000000	191.901935	0.000000	7.9
627	-0.931935	191.743730	0.016108	7.8
628	-0.006490	191.585873	0.000335	8.4
629	-0.580920	191.428362	0.008543	7.6
630	-0.000000	191.271196	0.000000	7.9
631	-0.953171	191.114374	0.011081	7.4
632	-0.690219	190.957893	0.005122	8.5
633	-0.227446	190.801755	0.003635	7.5
634	-0.488017	190.645956	0.006076	7.6
635	-0.074214	190.490495	0.001484	7.2
636	-0.440410	190.335373	0.007345	8.5
637	-0.904149	190.180587	0.008441	7.8
638	-0.268924	190.026136	0.003219	9.1
639	-0.214638	189.872019	0.004364	8.1
640	-0.897128	189.718235	0.006574	9.3
641	-0.000000	189.564782	0.000000	7.8
642	-0.731029	189.411661	0.003881	8.0
643	-0.736169	189.258868	0.008632	7.3
644	-0.000098	189.106404	0.000076	8.7
645	-0.993220	188.954267	0.009517	7.3
646	-0.132118	188.802456	0.005344	8.2
647	-0.505248	188.650969	0.005144	7.3
648	-0.087124	188.499807	0.003383	8.8
649	-0.011377	188.348967	0.000394	7.4
650	-0.782746	188.198448	0.007197	9.1
651	-0.593674	188.048250	0.005749	8.3
652	-0.846095	187.898371	0.009196	7.7
653	-0.914377	187.748810	0.006767	8.3
654	-0.353051	187.599566	0.007865	7.9
655	-0.621681	187.450638	0.006432	7.8
656	-0.017048	187.302025	0.001421	8.1
657	-0.380948	187.153725	0.006327	7.5
658	-0.723050	187.005739	0.005944	8.2
659	-0.549620	186.858064	0.004982	7.3
660	-0.000000	186.710699	0.000000	8.5
661	-0.396285	186.563645	0.004918	7.3
662	-0.000000	186.416898	0.000000	8.2
663	-0.753773	186.270459	0.006689	7.5
664	-0.327599	186.124326	0.006200	8.7
665	-0.891237	185.978499	0.006793	7.0
666	-0.000000	185.832976	0.000000	8.8
667	-0.711229	185.687756	0.004618	7.4
668	-0.612863	185.542838	0.006673	9.4
669	-0.000000	185.398222	0.000000	7.3
670	-0.792703	185.253906	0.007564	8.0
671	-0.907979	185.109889	0.007463	6.8
672	-0.463380	184.966170	0.002306	9.2
673	-0.018129	184.822748	0.001895	7.3
674	-0.000000	184.679623	0.000000	9.1
675	-0.512051	184.536792	0.005232	7.7
676	-0.005381	184.394256	0.000766	8.1
677	-0.821275	184.252013	0.004986	7.2
678	-0.622643	184.110062	0.008037	8.3
679	-0.000000	183.968403	0.000000	7.7
680	-0.000000	183.827034	0.000000	8.3
681	-0.000000	183.685954	0.000000	7.8
682	-0.956305	183.545163	0.012087	8.1
683	-0.757175	183.404658	0.006305	7.5
684	-0.888117	183.264441	0.007838	8.0
685	-0.000000	183.124509	0.000000	7.2
686	-0.204837	182.984861	0.005010	8.4
687	-1.129171	182.845497	0.009266	7.9
688	-0.000000	182.706416	0.000000	8.4
689	-0.934603	182.567616	0.009594	7.9
690	-0.920952	182.429098	0.006729	8.4
691	-0.000489	182.290859	0.000148	7.6
692	-0.165633	182.152899	0.002725	8.6
693	-0.106429	182.015217	0.002043	7.2
694	-0.935852	181.877813	0.007768	8.6
695	-0.639264	181.740684	0.008403	7.0
696	-0.567282	181.603832	0.004343	8.4
697	-0.987195	181.467253	0.008809	7.4
698	-0.921111	181.330948	0.009705	9.1
699	-0.729475	181.194916	0.003859	7.1
700	-0.016557	181.059155	0.000270	8.5
701	-0.000000	180.923666	0.000000	7.4
702	-0.503011	180.788446	0.005177	8.1
703	-0.015577	180.653496	0.000579	6.9
704	-0.272208	180.518814	0.004765	8.5
705	-0.836818	180.384399	0.009885	7.7
706	-0.000000	180.250251	0.000000	8.5
707	-0.064993	180.116369	0.001441	8.0
708	-0.000000	179.982752	0.000000	8.1
709	-0.948120	179.849398	0.009697	7.2
710	-0.793502	179.716308	0.005173	8.4
711	-0.713665	179.583480	0.005705	7.9
712	-0.000000	179.450913	0.000000	9.3
713	-0.408981	179.318607	0.003084	7.4
714	-1.015175	179.186561	0.010669	8.3
715	-0.787089	179.054774	0.006533	7.9
716	-0.378748	178.923245	0.002676	8.9
717	-0.021688	178.791973	0.000873	7.7
718	-0.559842	178.660958	0.006532	8.2
719	-0.000000	178.530199	0.000000	7.6
720	-0.985310	178.399694	0.006910	9.0
721	-0.000000	178.269444	0.000000	7.0
722	-0.963847	178.139447	0.006464	8.9
723	-0.151326	178.009702	0.002951	7.8
724	-0.597550	177.880209	0.005703	7.8
725	-0.424445	177.750967	0.002560	6.8
726	-0.834314	177.621975	0.006414	7.9
727	-0.491383	177.493232	0.006031	8.3
728	-0.665384	177.364738	0.006588	8.4
729	-0.300924	177.236492	0.004566	7.2
730	-0.813826	177.108492	0.008426	7.5
731	-0.939018	176.980739	0.005491	8.0
732	-0.436242	176.853231	0.007027	7.7
733	-0.675136	176.725968	0.004848	7.9
734	-0.000140	176.598949	0.000027	7.9
735	-0.638540	176.472173	0.005813	7.2
736	-0.000000	176.345639	0.000000	8.6
737	-0.886154	176.219348	0.005145	8.3
738	-0.868977	176.093296	0.006924	7.5
739	-0.000000	175.967486	0.000000	8.0
740	-0.309705	175.841914	0.003316	8.4
741	-0.795595	175.716581	0.004827	8.2
742	-0.274281	175.591486	0.005358	8.6
743	-0.923778	175.466629	0.008543	7.6
744	-0.553830	175.342008	0.006712	8.2
745	-0.752266	175.217622	0.006086	7.2
746	-0.583400	175.093472	0.006343	8.2
747	-0.218202	174.969556	0.004533	7.1
748	-0.670620	174.845873	0.009734	9.3
749	-0.000000	174.722423	0.000000	7.6
750	-0.000000	174.599206	0.000000	8.5
751	-0.035701	174.476220	0.001976	6.7
752	-0.915020	174.353464	0.006763	8.7
753	-0.327606	174.230939	0.006252	7.2
754	-0.096372	174.108643	0.001304	8.8
755	-0.038985	173.986576	0.002578	7.7
756	-0.957135	173.864737	0.006975	8.6
757	-0.000000	173.743124	0.000000	7.3
758	-0.160645	173.621739	0.004510	8.1
759	-0.750092	173.500579	0.004683	7.3
760	-0.808009	173.379645	0.006124	8.2
761	-0.396129	173.258935	0.005169	8.0
762	-0.057809	173.138449	0.002870	7.8
763	-0.741935	173.018186	0.008737	7.8
764	-0.000000	172.898146	0.000000	8.2
765	-0.017349	172.778327	0.000905	7.7
766	-0.022383	172.658730	0.000393	8.5
767	-1.063639	172.539353	0.008292	7.8
768	-0.000000	172.420196	0.000000	8.3
769	-0.755844	172.301258	0.007594	7.9
770	-0.051862	172.182539	0.001515	7.9
771	-0.699933	172.064037	0.007171	7.9
772	-0.694582	171.945753	0.009175	8.0
773	-0.020554	171.827686	0.001113	7.4
774	-0.793160	171.709834	0.005159	8.2
775	-0.000000	171.592198	0.000000	7.7
776	-0.357513	171.474776	0.003457	8.7
777	-0.596190	171.357568	0.003602	6.9
778	-0.124218	171.240574	0.002284	9.4
779	-0.613834	171.123793	0.005392	7.4
780	-0.293564	171.007223	0.004006	8.1
781	-0.000000	170.890865	0.000000	7.3
782	-0.614624	170.774718	0.004234	9.3
783	-0.933873	170.658782	0.009074	7.1
784	-0.000000	170.543055	0.000000	8.2
785	-0.584815	170.427537	0.007838	7.3
786	-0.796100	170.312227	0.006277	8.7
787	-0.000000	170.197125	0.000000	8.0
788	-0.000000	170.082231	0.000000	8.3
789	-0.009635	169.967543	0.000376	7.7
790	-0.055938	169.853061	0.002500	8.1
791	-0.570400	169.738784	0.007375	7.6
792	-0.540022	169.624713	0.008099	7.9
793	-0.040729	169.510845	0.002186	7.5
794	-0.002718	169.397181	0.000188	8.4
795	-0.151199	169.283720	0.002560	8.5
796	-0.502850	169.170462	0.006954	8.5
797	-1.002420	169.057405	0.007403	7.8
798	-0.648357	168.944549	0.007122	8.4
799	-0.958101	168.831895	0.007338	7.8
800	-0.866651	168.719440	0.007140	8.2
801	-0.775868	168.607185	0.005208	7.2
802	-0.438440	168.495129	0.005066	8.9
803	-0.895565	168.383271	0.010163	7.4
804	-0.535596	168.271611	0.004139	8.4
805	-0.000000	168.160148	0.000000	7.4
806	-0.000009	168.048882	0.000003	9.6
807	-0.963310	167.937812	0.006318	7.4
808	-0.303208	167.826938	0.005233	8.3
809	-0.008614	167.716258	0.000174	6.9
810	-0.905965	167.605773	0.006619	8.8
811	-0.000000	167.495482	0.000000	7.6
812	-0.608012	167.385384	0.006878	9.3
813	-0.429367	167.275479	0.003817	8.0
814	-0.391950	167.165766	0.005805	8.1
815	-0.804550	167.056245	0.006401	7.8
816	-0.935956	166.946915	0.007672	7.9
817	-0.802175	166.837776	0.006833	7.6
818	-0.783350	166.728826	0.007252	8.1
819	-0.162914	166.620067	0.004447	7.6
820	-0.000000	166.511496	0.000000	9.2
821	-0.000000	166.403113	0.000000	7.5
822	-0.735305	166.294919	0.005437	8.3
823	-0.617207	166.186912	0.005489	8.0
824	-0.853437	166.079091	0.007126	8.5
825	-0.831730	165.971458	0.005515	8.1
826	-0.536871	165.864009	0.004223	8.2
827	-0.548570	165.756747	0.008034	8.0
828	-0.586252	165.649669	0.005648	7.8
829	-0.549729	165.542775	0.003257	7.1
830	-0.000000	165.436065	0.000000	8.0
831	-0.649923	165.329538	0.004154	7.3
832	-0.689483	165.223194	0.003577	8.6
833	-0.000000	165.117032	0.000000	8.6
834	-0.749641	165.011052	0.006383	8.1
835	-0.000000	164.905253	0.000000	7.6
836	-1.038440	164.799635	0.006936	7.4
837	-0.515035	164.694197	0.006246	7.8
838	-0.848042	164.588939	0.008589	8.0
839	-0.834353	164.483859	0.006255	7.3
840	-0.000000	164.378959	0.000000	7.4
841	-0.000000	164.274237	0.000000	7.7
842	-0.789877	164.169692	0.005562	7.4
843	-0.000000	164.065325	0.000000	7.6
844	-0.768149	163.961135	0.005728	8.0
845	-0.578151	163.857120	0.006344	7.7
846	-0.000000	163.753282	0.000000	8.7
847	-0.154852	163.649619	0.002006	7.5
848	-1.016375	163.546130	0.007277	8.2
849	-0.000000	163.442816	0.000000	7.7
850	-0.781398	163.339676	0.007061	7.7
851	-0.417861	163.236709	0.005027	7.1
852	-0.922647	163.133915	0.006372	8.6
853	-0.111228	163.031294	0.002150	7.2
854	-0.993942	162.928844	0.010503	9.4
855	-0.621447	162.826566	0.003928	7.7
856	-0.479997	162.724459	0.005707	7.6
857	-0.625106	162.622523	0.006577	6.8
858	-0.000000	162.520757	0.000000	8.0
859	-1.021216	162.419160	0.008155	7.9
860	-0.000000	162.317733	0.000000	8.2
861	-0.000000	162.216474	0.000000	7.6
862	-0.388404	162.115383	0.003571	8.2
863	-0.908909	162.014461	0.009730	7.7
864	-0.000000	161.913705	0.000000	8.2
865	-0.435378	161.813117	0.005093	7.5
866	-0.456964	161.712695	0.003841	8.7
867	-0.000000	161.612439	0.000000	7.3
868	-0.041463	161.512349	0.003249	8.1
869	-0.573482	161.412424	0.008057	8.3
870	-0.000000	161.312663	0.000000	8.6
871	-0.849957	161.213067	0.010390	8.9
872	-0.741117	161.113635	0.008130	8.6
873	-0.575507	161.014366	0.003953	7.3
874	-0.361883	160.915260	0.004534	7.7
875	-0.832509	160.816316	0.009149	7.3
876	-0.129138	160.717535	0.002426	8.8
877	-0.399238	160.618915	0.004694	7.4
878	-0.015797	160.520456	0.000257	8.0
879	-0.145975	160.422158	0.002776	6.7
880	-0.074639	160.324021	0.001581	8.6
881	-0.267109	160.226043	0.003310	7.9
882	-0.166138	160.128225	0.002505	8.5
883	-0.000000	160.030566	0.000000	7.6
884	-0.000000	159.933066	0.000000	8.0
885	-0.181664	159.835723	0.002929	7.8
886	-0.825555	159.738539	0.008665	8.7
887	-0.726177	159.641512	0.008878	7.6
888	-0.076686	159.544642	0.000881	7.9
889	-0.640513	159.447929	0.006313	7.3
890	-0.000000	159.351372	0.000000	8.7
891	-0.551567	159.254971	0.005897	7.8
892	-0.565491	159.158725	0.005921	8.4
893	-0.846863	159.062634	0.009334	7.7
894	-0.000000	158.966697	0.000000	8.1
895	-0.070398	158.870915	0.001623	7.3
896	-0.981892	158.775286	0.008271	8.8
897	-0.000000	158.679811	0.000000	6.8
898	-0.951860	158.584489	0.006643	9.1
899	-0.474034	158.489319	0.003169	7.2
900	-0.131816	158.394302	0.003868	9.0
901	-0.440007	158.299436	0.005324	8.0
902	-0.854969	158.204721	0.007621	8.4
903	-0.495394	158.110158	0.004763	7.2
904	-0.990768	158.015745	0.008521	9.1
905	-0.711588	157.921482	0.005701	6.8
906	-0.868254	157.827369	0.012351	8.8
907	-0.890244	157.733406	0.005985	7.3
908	-0.759712	157.639591	0.007714	8.5
909	-0.719653	157.545925	0.006006	6.8
910	-0.000000	157.452408	0.000000	8.9
911	-1.058682	157.359038	0.007013	6.9
912	-0.581005	157.265816	0.006259	8.7
913	-0.000000	157.172741	0.000000	7.1
914	-0.344802	157.079813	0.003096	8.7
915	-0.000000	156.987031	0.000000	7.5
916	-0.801368	156.894395	0.007593	9.1
917	-0.000000	156.801904	0.000000	7.7
918	-0.443664	156.709559	0.006458	8.0
919	-0.403833	156.617359	0.004802	7.6
920	-1.035053	156.525304	0.012521	8.6
921	-0.886156	156.433392	0.006325	7.4
922	-0.715598	156.341624	0.004951	8.7
923	-0.542666	156.250000	0.003678	7.3
924	-0.521131	156.158519	0.004252	8.3
925	-1.065272	156.067180	0.008412	7.4
926	-1.120123	155.975984	0.011128	9.1
927	-0.764126	155.884930	0.005736	7.5
928	-0.424291	155.794017	0.005580	8.5
929	-0.786208	155.703246	0.012985	7.3
930	-0.000000	155.612615	0.000000	9.2
931	-0.716751	155.522125	0.008685	6.8
932	-0.000000	155.431775	0.000000	9.0
933	-0.467468	155.341565	0.008399	6.9
934	-1.000591	155.251495	0.006344	9.1
935	-0.131322	155.161563	0.003501	7.2
936	-0.404957	155.071771	0.002580	9.0
937	-0.051982	154.982117	0.004323	7.1
938	-0.000000	154.892601	0.000000	8.2
939	-0.670849	154.803222	0.004836	7.2
940	-0.971037	154.713981	0.009946	9.1
941	-0.751250	154.624878	0.004791	7.8
942	-0.000000	154.535910	0.000000	7.8
943	-0.000777	154.447080	0.000123	7.2
944	-0.915623	154.358385	0.006441	8.6
945	-0.000040	154.269826	0.000001	8.4
946	-0.658262	154.181402	0.006237	7.9
947	-0.000000	154.093114	0.000000	8.4
948	-0.062562	154.004960	0.002201	8.4
949	-0.000000	153.916940	0.000000	8.1
950	-0.325141	153.829054	0.006990	8.2
951	-0.084980	153.741303	0.001697	8.1
952	-0.585565	153.653684	0.003165	8.9
953	-0.936235	153.566198	0.010090	7.9
954	-0.479635	153.478846	0.005136	9.4
955	-0.497827	153.391625	0.005381	8.6
956	-0.661470	153.304537	0.008041	8.8
957	-0.806473	153.217580	0.008403	8.3
958	-0.689243	153.130755	0.005464	7.6
959	-0.000000	153.044061	0.000000	9.1
960	-0.500285	152.957498	0.005233	7.7
961	-0.006050	152.871065	0.000281	9.3
962	-0.000000	152.784762	0.000000	7.9
963	-0.776438	152.698589	0.008280	9.1
964	-0.734299	152.612545	0.008858	7.4
965	-0.485968	152.526631	0.005406	8.4
966	-0.842208	152.440845	0.005653	6.9
967	-0.780739	152.355188	0.006069	9.1
968	-0.972603	152.269660	0.006992	8.1
969	-0.788743	152.184259	0.007067	8.4
970	-0.000000	152.098986	0.000000	8.3
971	-1.061819	152.013840	0.006230	8.0
972	-0.045110	151.928821	0.001297	7.9
973	-0.507840	151.843928	0.005524	8.4
974	-0.943691	151.759163	0.006992	7.4
975	-0.000000	151.674523	0.000000	8.6
976	-0.494440	151.590009	0.006250	7.8
977	-0.644313	151.505620	0.006815	8.7
978	-0.350874	151.421357	0.005977	8.9
979	-0.150913	151.337218	0.003716	9.5
980	-0.588706	151.253204	0.006549	8.8
981	-0.338164	151.169314	0.003948	8.5
982	-0.799608	151.085549	0.009126	9.2
983	-0.897872	151.001907	0.005424	7.8
984	-0.676593	150.918388	0.008243	9.2
985	-1.273909	150.834992	0.017547	7.8
986	-0.512802	150.751719	0.008503	8.7
987	-0.938737	150.668569	0.010329	7.6
988	-0.585812	150.585541	0.006713	9.0
989	-0.000000	150.502634	0.000000	7.6
990	-0.000000	150.419849	0.000000	10.1
991	-0.426227	150.337186	0.006585	9.8
992	-0.739495	150.254644	0.004742	8.3
993	-0.345508	150.172222	0.003756	9.3
994	-0.477705	150.089921	0.004449	7.7
995	-0.035223	150.007740	0.000381	9.0
996	-0.054948	149.925679	0.000699	7.4
997	-0.938152	149.843737	0.008046	8.2
998	-0.355403	149.761915	0.003154	7.2
999	-0.651094	149.680212	0.010462	8.6
1000	-0.733065	149.598627	0.007006	7.9
1001	-0.516615	149.517161	0.005538	8.1
1002	-0.000000	149.435814	0.000000	8.3
1003	-0.000000	149.354584	0.000000	8.1
1004	-0.000000	149.273472	0.000000	7.8
1005	-0.717252	149.192477	0.007106	8.7
1006	-0.000000	149.111599	0.000000	8.1
1007	-0.002285	149.030838	0.000194	8.0
1008	-0.000000	148.950194	0.000000	7.8
1009	-0.151989	148.869666	0.002143	8.8
1010	-0.119271	148.789253	0.001525	7.9
1011	-0.799095	148.708957	0.007216	8.3
1012	-0.316791	148.628776	0.006098	9.1
1013	-0.000464	148.548710	0.000105	8.3
1014	-0.287866	148.468759	0.004330	9.4
1015	-0.000000	148.388923	0.000000	8.2
1016	-0.668795	148.309201	0.009333	9.4
1017	-0.599574	148.229594	0.005104	7.5
1018	-0.000238	148.150100	0.000009	9.2
1019	-0.000000	148.070719	0.000000	8.8
1020	-0.866179	147.991452	0.005590	8.8
1021	-0.000000	147.912298	0.000000	8.3
1022	-1.057955	147.833257	0.008176	7.9
1023	-0.095490	147.754329	0.002273	8.7
1024	-0.000000	147.675512	0.000000	8.4
1025	-0.866151	147.596808	0.007944	8.6
1026	-0.000000	147.518216	0.000000	7.9
1027	-0.001179	147.439735	0.000191	8.4
1028	-0.778336	147.361365	0.005850	7.5
1029	-0.000000	147.283106	0.000000	9.3
1030	-0.000000	147.204958	0.000000	8.3
1031	-0.855517	147.126920	0.009122	8.7
1032	-0.516109	147.048993	0.005005	7.6
1033	-0.777657	146.971175	0.004270	9.0
1034	-0.153837	146.893468	0.003195	7.3
1035	-0.682569	146.815869	0.004206	8.6
1036	-0.667458	146.738380	0.005799	7.4
1037	-0.000000	146.661000	0.000000	8.9
1038	-0.859062	146.583729	0.004230	7.5
1039	-0.193259	146.506566	0.004213	8.1
1040	-0.026229	146.429511	0.000563	7.8
1041	-0.765548	146.352565	0.008331	9.9
1042	-1.029666	146.275726	0.008957	7.4
1043	-0.990888	146.198994	0.009507	8.9
1044	-0.981782	146.122370	0.006272	8.8
1045	-0.669014	146.045853	0.005245	8.1
1046	-0.517767	145.969442	0.005739	9.5
1047	-0.806964	145.893139	0.007103	8.0
1048	-0.969614	145.816941	0.007917	9.8
1049	-0.931166	145.740849	0.005149	8.2
1050	-0.498350	145.664863	0.005070	8.8
1051	-0.000000	145.588983	0.000000	7.5
1052	-0.750165	145.513208	0.005367	8.6
1053	-0.506355	145.437538	0.005244	8.5
1054	-0.006110	145.361973	0.000095	8.7
1055	-0.713719	145.286513	0.004440	8.9
1056	-0.374344	145.211157	0.005204	8.2
1057	-0.396622	145.135905	0.004870	9.5
1058	-0.447785	145.060757	0.009522	8.7
1059	-0.609973	144.985712	0.004956	10.0
1060	-0.000000	144.910771	0.000000	8.8
1061	-0.340105	144.835934	0.007320	8.5
1062	-0.636455	144.761199	0.006365	8.7
1063	-0.881872	144.686567	0.008913	8.8
1064	-0.984320	144.612037	0.010654	8.6
1065	-0.000000	144.537610	0.000000	8.9
1066	-0.487734	144.463285	0.004495	10.6
1067	-0.038579	144.389062	0.000473	8.2
1068	-0.771837	144.314940	0.006794	9.6
1069	-0.606947	144.240920	0.004137	8.3
1070	-0.141633	144.167001	0.002658	8.0
1071	-0.010071	144.093182	0.000473	7.6
1072	-0.742531	144.019465	0.005353	8.6
1073	-0.954037	143.945848	0.010168	9.1
1074	-0.268641	143.872331	0.004409	8.5
1075	-0.826421	143.798914	0.007372	9.1
1076	-0.957765	143.725597	0.005815	9.6
1077	-0.689221	143.652380	0.007454	8.7
1078	-0.918811	143.579262	0.009229	8.7
1079	-0.695124	143.506243	0.005373	8.3
1080	-0.774051	143.433323	0.008336	9.0
1081	-0.359679	143.360502	0.006470	8.0
1082	-0.858338	143.287780	0.006703	7.1
1083	-0.688869	143.215155	0.007083	8.5
1084	-0.398834	143.142629	0.005603	8.1
1085	-0.884462	143.070201	0.007186	7.9
1086	-0.748651	142.997870	0.006630	7.8
1087	-0.000000	142.925637	0.000000	8.0
1088	-0.814159	142.853501	0.010552	7.9
1089	-0.436171	142.781462	0.005052	8.6
1090	-0.967838	142.709519	0.006973	7.7
1091	-0.864980	142.637674	0.009914	8.4
1092	-0.479156	142.565924	0.004579	7.8
1093	-0.019408	142.494271	0.000884	7.7
1094	-0.135368	142.422714	0.003728	8.1
1095	-0.821203	142.351252	0.005728	8.0
1096	-0.000000	142.279886	0.000000	7.8
1097	-1.048497	142.208616	0.007807	8.7
1098	-0.000000	142.137440	0.000000	8.2
1099	-0.859311	142.066360	0.006068	8.0
1100	-0.088800	141.995374	0.003998	8.1
1101	-0.172592	141.924483	0.003282	9.2
1102	-0.711858	141.853685	0.004795	8.9
1103	-0.637815	141.782983	0.007272	8.6
1104	-0.787699	141.712373	0.005388	9.3
1105	-0.883672	141.641858	0.005376	8.9
1106	-0.000000	141.571436	0.000000	8.7
1107	-0.232966	141.501108	0.001987	8.4
1108	-0.500460	141.430872	0.007282	8.5
1109	-0.502880	141.360730	0.008071	8.3
1110	-0.000000	141.290680	0.000000	8.9
1111	-0.973451	141.220722	0.005141	7.7
1112	-0.547680	141.150857	0.005738	8.2
1113	-0.000000	141.081084	0.000000	10.6
1114	-0.871452	141.011403	0.005958	8.1
1115	-0.404237	140.941813	0.005823	8.0
1116	-0.589516	140.872315	0.004163	8.4
1117	-0.596028	140.802909	0.004592	9.3
1118	-0.326460	140.733593	0.004651	9.3
1119	-0.000000	140.664369	0.000000	8.2
1120	-0.495178	140.595235	0.006272	8.9
1121	-0.000000	140.526192	0.000000	8.5
1122	-0.376453	140.457239	0.007522	8.7
1123	-0.000000	140.388376	0.000000	8.0
1124	-0.517465	140.319603	0.005459	8.7
1125	-0.006147	140.250920	0.000368	7.8
1126	-0.701105	140.182326	0.006470	8.4
1127	-0.000000	140.113822	0.000000	7.7
1128	-0.387400	140.045407	0.003160	8.5
1129	-0.711459	139.977081	0.006196	7.5
1130	-0.000000	139.908844	0.000000	8.5
1131	-0.000000	139.840696	0.000000	7.8
1132	-0.435293	139.772635	0.006532	8.0
1133	-0.104730	139.704664	0.002039	7.4
1134	-0.349282	139.636780	0.003301	8.3
1135	-0.869081	139.568984	0.008335	8.1
1136	-0.000000	139.501276	0.000000	8.5
1137	-0.584730	139.433655	0.006758	8.2
1138	-0.952766	139.366122	0.007499	9.2
1139	-1.179320	139.298676	0.009650	9.2
1140	-0.598235	139.231317	0.006056	8.8
1141	-0.859881	139.164045	0.005470	9.7
1142	-0.600653	139.096859	0.005794	8.9
1143	-1.156652	139.029760	0.014000	8.6
1144	-0.000000	138.962747	0.000000	8.3
1145	-0.702991	138.895820	0.004568	8.2
1146	-0.000000	138.828978	0.000000	9.7
1147	-0.000000	138.762223	0.000000	7.4
1148	-0.295847	138.695553	0.002326	8.0
1149	-0.015994	138.628969	0.000181	8.1
1150	-0.932684	138.562469	0.006486	7.9
1151	-0.000000	138.496055	0.000000	8.8
1152	-0.771744	138.429725	0.006668	8.8
1153	-0.513669	138.363481	0.004750	8.7
1154	-0.000000	138.297320	0.000000	9.1
1155	-0.000000	138.231244	0.000000	8.1
1156	-0.092663	138.165252	0.002822	9.4
1157	-0.807844	138.099344	0.006051	8.2
1158	-0.012866	138.033520	0.000329	8.7
1159	-0.400360	137.967779	0.003510	8.0
1160	-0.001164	137.902122	0.000064	8.6
1161	-0.001123	137.836548	0.000098	7.5
1162	-0.000000	137.771057	0.000000	7.9
1163	-0.333286	137.705649	0.004589	8.1
1164	-0.882288	137.640324	0.008233	8.3
1165	-0.949661	137.575081	0.005547	8.9
1166	-0.934997	137.509921	0.008842	8.6
1167	-0.040760	137.444842	0.001024	8.2
1168	-0.838606	137.379846	0.004092	7.5
1169	-0.293367	137.314932	0.003433	7.8
1170	-0.727028	137.250100	0.006757	8.4
1171	-0.000000	137.185349	0.000000	8.6
1172	-0.647844	137.120680	0.007098	8.6
1173	-0.939177	137.056092	0.007915	9.2
1174	-0.537777	136.991585	0.007229	9.1
1175	-0.003163	136.927158	0.000069	9.1
1176	-0.000000	136.862813	0.000000	8.9
1177	-0.001898	136.798548	0.000576	9.2
1178	-1.149592	136.734363	0.013336	9.2
1179	-0.000000	136.670259	0.000000	8.8
1180	-1.219291	136.606235	0.013357	10.7
1181	-0.648516	136.542291	0.005201	8.6
1182	-0.411488	136.478426	0.005823	9.1
1183	-0.736987	136.414641	0.005461	9.3
1184	-0.635005	136.350936	0.005058	8.7
1185	-0.543287	136.287310	0.003611	9.9
1186	-0.904256	136.223763	0.011458	8.5
1187	-0.000874	136.160295	0.000045	9.8
1188	-0.385580	136.096905	0.004930	8.7
1189	-1.032399	136.033594	0.008525	8.8
1190	-0.916130	135.970362	0.005794	10.5
1191	-0.723686	135.907208	0.007241	8.4
1192	-0.000020	135.844133	0.000011	9.0
1193	-0.218287	135.781135	0.003851	8.8
1194	-0.018119	135.718215	0.002724	8.3
1195	-0.007022	135.655373	0.000277	8.3
1196	-1.017213	135.592608	0.005994	9.0
1197	-0.007000	135.529921	0.000530	9.5
1198	-0.858067	135.467311	0.006683	8.5
1199	-0.975639	135.404778	0.006025	9.3
1200	-0.564371	135.342322	0.007563	8.2
1201	-0.000000	135.279942	0.000000	9.1
1202	-0.007782	135.217640	0.000174	8.1
1203	-0.652692	135.155413	0.006833	9.0
1204	-0.000004	135.093263	0.000000	7.2
1205	-0.315946	135.031190	0.004215	9.2
1206	-0.310856	134.969192	0.004104	8.1
1207	-0.040272	134.907270	0.002300	8.2
1208	-0.724700	134.845424	0.009033	8.6
1209	-0.014805	134.783653	0.000990	9.4
1210	-0.000000	134.721958	0.000000	8.2
1211	-0.000000	134.660338	0.000000	8.2
1212	-0.219989	134.598793	0.002259	11.1
1213	-0.019711	134.537323	0.000964	8.0
1214	-0.937262	134.475927	0.006102	10.0
1215	-0.633915	134.414607	0.003959	8.3
1216	-0.967014	134.353361	0.005134	8.2
1217	-0.846853	134.292189	0.009214	7.6
1218	-1.057037	134.231092	0.009080	8.4
1219	-0.000000	134.170068	0.000000	7.5
1220	-0.001203	134.109119	0.000696	9.0
1221	-0.588670	134.048243	0.005392	9.0
1222	-0.379557	133.987441	0.005402	8.0
1223	-0.000000	133.926713	0.000000	8.2
1224	-0.943280	133.866057	0.006866	8.4
1225	-0.683989	133.805475	0.007452	8.0
1226	-0.000000	133.744966	0.000000	8.6
1227	-0.948105	133.684530	0.004936	9.8
1228	-0.000000	133.624167	0.000000	8.4
1229	-1.029260	133.563877	0.007140	9.1
1230	-0.545335	133.503658	0.006141	8.0
1231	-0.394562	133.443513	0.006252	8.5
1232	-0.000000	133.383439	0.000000	8.1
1233	-0.962614	133.323437	0.006468	8.6
1234	-0.622876	133.263508	0.006869	8.1
1235	-0.005074	133.203650	0.000107	9.2
1236	-0.968742	133.143864	0.007081	8.2
1237	-0.840425	133.084149	0.004449	7.7
1238	-0.000000	133.024506	0.000000	8.8
1239	-0.917148	132.964934	0.005650	8.0
1240	-0.531961	132.905433	0.005742	8.6
1241	-1.213564	132.846003	0.009920	8.5
1242	-0.000000	132.786643	0.000000	9.1
1243	-0.232886	132.727355	0.002813	8.1
1244	-0.789378	132.668137	0.006870	9.3
1245	-0.000000	132.608989	0.000000	7.8
1246	-0.547996	132.549912	0.004752	8.4
1247	-0.878196	132.490904	0.006898	9.6
1248	-0.594854	132.431967	0.004140	7.8
1249	-0.000000	132.373100	0.000000	8.7
1250	-0.841513	132.314302	0.007016	9.0
1251	-0.671127	132.255574	0.004568	8.2
1252	-0.707021	132.196916	0.007689	8.7
1253	-0.000000	132.138326	0.000000	7.7
1254	-0.000000	132.079806	0.000000	8.5
1255	-0.004412	132.021355	0.000478	8.3
1256	-0.998064	131.962973	0.009157	8.3
1257	-0.793063	131.904660	0.007515	9.9
1258	-0.000000	131.846415	0.000000	8.0
1259	-0.189825	131.788239	0.002270	9.2
1260	-0.662725	131.730131	0.013440	8.0
1261	-0.543348	131.672092	0.005756	9.4
1262	-0.000000	131.614121	0.000000	7.6
1263	-0.630388	131.556217	0.006560	7.7
1264	-0.750776	131.498382	0.009740	7.4
1265	-0.447439	131.440614	0.005047	8.3
1266	-0.123193	131.382914	0.001890	7.5
1267	-0.000000	131.325282	0.000000	8.1
1268	-0.000000	131.267717	0.000000	8.0
1269	-0.769678	131.210219	0.007369	8.0
1270	-0.442846	131.152788	0.007233	7.4
1271	-0.000000	131.095424	0.000000	8.5
1272	-0.000000	131.038127	0.000000	7.5
1273	-0.788893	130.980897	0.005574	9.2
1274	-0.943386	130.923733	0.009910	8.0
1275	-0.001636	130.866636	0.000390	8.3
1276	-0.847175	130.809605	0.006301	7.6
1277	-0.080283	130.752641	0.002464	8.4
1278	-0.928132	130.695742	0.005736	7.4
1279	-0.455240	130.638910	0.004009	8.3
1280	-1.009981	130.582143	0.006263	7.9
1281	-0.842234	130.525442	0.005332	8.4
1282	-0.000000	130.468807	0.000000	8.2
1283	-1.001408	130.412237	0.007031	7.8
1284	-0.080839	130.355733	0.002690	8.2
1285	-0.000000	130.299294	0.000000	8.2
1286	-0.675242	130.242920	0.007557	8.4
1287	-0.296879	130.186611	0.002472	8.7
1288	-0.776336	130.130366	0.009062	8.0
1289	-0.024563	130.074187	0.000895	7.8
1290	-1.103803	130.018072	0.006708	8.1
1291	-0.000000	129.962022	0.000000	8.7
1292	-0.550395	129.906036	0.004277	9.9
1293	-0.282007	129.850114	0.003134	8.2
1294	-0.162005	129.794257	0.003829	9.3
1295	-0.918384	129.738463	0.006283	8.0
1296	-0.805866	129.682734	0.006551	8.4
1297	-0.937264	129.627068	0.006070	8.7
1298	-0.909352	129.571466	0.007719	9.0
1299	-0.664556	129.515927	0.005866	9.1
1300	-0.303867	129.460452	0.003983	7.8
1301	-0.000001	129.405040	0.000000	9.0
1302	-0.722991	129.349692	0.006449	8.0
1303	-0.526375	129.294406	0.005776	9.0
1304	-0.000000	129.239183	0.000000	7.4
1305	-0.078505	129.184024	0.002894	8.9
1306	-0.000004	129.128927	0.000001	8.3
1307	-0.541779	129.073892	0.004865	8.3
1308	-0.825319	129.018921	0.010060	8.1
1309	-0.000000	128.964011	0.000000	9.4
1310	-0.802094	128.909164	0.006820	9.0
1311	-0.001236	128.854379	0.000048	8.1
1312	-0.000000	128.799656	0.000000	7.7
1313	-0.588428	128.744995	0.004561	8.3
1314	-0.000000	128.690396	0.000000	8.8
1315	-0.000000	128.635858	0.000000	7.5
1316	-0.778862	128.581382	0.006738	8.8
1317	-0.974142	128.526968	0.006692	8.9
1318	-0.317327	128.472615	0.003842	8.9
1319	-0.484746	128.418323	0.005220	8.1
1320	-0.973857	128.364092	0.009543	9.2
1321	-0.633933	128.309922	0.004188	8.1
1322	-0.962093	128.255814	0.006143	9.1
1323	-0.198761	128.201766	0.002183	7.7
1324	-0.061574	128.147778	0.001959	8.5
1325	-0.026172	128.093852	0.001827	7.8
1326	-0.784083	128.039985	0.004811	8.8
1327	-0.113408	127.986180	0.002686	7.6
1328	-0.931920	127.932434	0.005138	8.3
1329	-0.000000	127.878749	0.000000	7.2
1330	-0.000000	127.825123	0.000000	9.7
1331	-0.000000	127.771558	0.000000	10.1
1332	-0.361990	127.718052	0.005097	7.9
1333	-0.000591	127.664606	0.000026	9.4
1334	-0.539516	127.611220	0.004453	8.0
1335	-0.475585	127.557893	0.004179	9.6
1336	-0.000000	127.504625	0.000000	8.0
1337	-0.038261	127.451417	0.000190	8.8
1338	-0.484797	127.398268	0.005058	7.5
1339	-0.000000	127.345178	0.000000	9.3
1340	-0.235222	127.292147	0.003566	8.1
1341	-1.192270	127.239175	0.007989	8.7
1342	-0.460799	127.186261	0.005115	7.9
1343	-0.027577	127.133407	0.000413	9.0
1344	-0.617557	127.080610	0.006422	8.0
1345	-0.483564	127.027872	0.005466	8.6
1346	-0.793189	126.975193	0.007275	8.2
1347	-0.000000	126.922572	0.000000	8.4
1348	-0.520251	126.870008	0.006167	10.3
1349	-0.775159	126.817503	0.007289	7.7
1350	-0.289105	126.765056	0.002359	9.6
1351	-0.000000	126.712667	0.000000	7.9
1352	-0.000000	126.660335	0.000000	9.5
1353	-0.084874	126.608061	0.002658	8.6
1354	-0.052036	126.555844	0.001746	7.9
1355	-0.466984	126.503685	0.005065	8.8
1356	-0.602567	126.451583	0.005533	7.9
1357	-0.000000	126.399538	0.000000	8.5
1358	-0.000000	126.347550	0.000000	7.8
1359	-1.039844	126.295619	0.006782	8.2
1360	-0.036765	126.243745	0.001610	7.9
1361	-0.570243	126.191928	0.005789	9.0
1362	-0.740256	126.140168	0.006685	8.4
1363	-0.451835	126.088464	0.004832	9.0
1364	-0.543299	126.036817	0.005592	8.2
1365	-0.104169	125.985226	0.000798	9.2
1366	-0.600482	125.933691	0.006077	7.9
1367	-0.000000	125.882212	0.000000	9.1
1368	-0.105810	125.830790	0.003262	7.4
1369	-0.159264	125.779423	0.002323	8.9
1370	-0.601570	125.728113	0.006101	7.6
1371	-0.734467	125.676858	0.008401	8.9
1372	-0.652206	125.625659	0.004756	6.7
1373	-0.460427	125.574515	0.006181	9.0
1374	-0.840455	125.523427	0.005816	7.4
1375	-0.890350	125.472394	0.004765	8.9
1376	-0.183470	125.421417	0.002247	7.7
1377	-0.447004	125.370495	0.005852	8.4
1378	-0.000000	125.319628	0.000000	9.2
1379	-0.609708	125.268815	0.006917	8.3
1380	-0.000000	125.218058	0.000000	8.7
1381	-0.857618	125.167356	0.004454	8.0
1382	-0.898058	125.116708	0.007477	8.8
1383	-0.000000	125.066115	0.000000	7.5
1384	-0.749304	125.015576	0.005761	9.9
1385	-0.000000	124.965092	0.000000	7.9
1386	-0.017452	124.914662	0.000346	9.5
1387	-0.621546	124.864287	0.006145	8.2
1388	-0.995045	124.813965	0.009215	8.9
1389	-0.664967	124.763698	0.006906	7.3
1390	-0.335448	124.713485	0.003958	8.6
1391	-0.989360	124.663325	0.006707	8.5
1392	-0.936070	124.613219	0.006553	8.6
1393	-0.000000	124.563167	0.000000	7.7
1394	-0.511340	124.513168	0.003616	8.2
1395	-0.000000	124.463223	0.000000	8.2
1396	-0.000431	124.413332	0.000011	8.8
1397	-0.000000	124.363493	0.000000	9.4
1398	-0.013191	124.313708	0.000187	8.4
1399	-0.967587	124.263976	0.006432	9.6
1400	-0.000000	124.214297	0.000000	7.6
1401	-0.759816	124.164671	0.008189	9.5
1402	-0.609142	124.115097	0.007151	8.4
1403	-0.498849	124.065577	0.004970	9.0
1404	-0.000000	124.016109	0.000000	8.1
1405	-0.000000	123.966693	0.000000	9.4
1406	-0.704696	123.917330	0.007418	8.6
1407	-0.400460	123.868020	0.002620	9.0
1408	-0.415406	123.818762	0.007021	10.6
1409	-0.000000	123.769556	0.000000	8.1
1410	-0.000000	123.720402	0.000000	9.4
1411	-0.549464	123.671300	0.005030	8.5
1412	-0.464217	123.622250	0.003621	9.2
1413	-0.409028	123.573252	0.003087	7.7
1414	-0.262959	123.524305	0.003341	8.6
1415	-0.666541	123.475411	0.003900	8.1
1416	-0.836934	123.426568	0.005585	9.3
1417	-0.709114	123.377776	0.005928	9.6
1418	-0.000000	123.329036	0.000000	8.6
1419	-0.000000	123.280347	0.000000	8.8
1420	-0.205069	123.231709	0.004415	8.5
1421	-1.019452	123.183122	0.013154	9.8
1422	-0.766211	123.134587	0.005832	8.8
1423	-0.917521	123.086102	0.005122	8.4
1424	-0.388047	123.037669	0.004459	9.0
1425	-0.791257	122.989286	0.004580	7.8
1426	-0.036946	122.940954	0.001262	8.6
1427	-0.687839	122.892672	0.005283	8.0
1428	-0.505429	122.844441	0.007598	9.5
1429	-0.771782	122.796261	0.005754	8.3
1430	-0.940667	122.748130	0.006881	9.2
1431	-0.843450	122.700050	0.008325	9.0
1432	-0.000000	122.652021	0.000000	8.6
1433	-1.033782	122.604041	0.005836	7.9
1434	-0.886931	122.556111	0.008366	8.2
1435	-0.336067	122.508232	0.006498	7.5
1436	-0.000000	122.460402	0.000000	8.1
1437	-0.024101	122.412622	0.001013	8.1
1438	-0.308574	122.364891	0.004146	8.5
1439	-0.495212	122.317210	0.005390	8.5
1440	-0.362778	122.269579	0.005477	9.3
1441	-0.021563	122.221997	0.000752	8.1
1442	-0.554044	122.174465	0.005851	9.0
1443	-0.540814	122.126981	0.005213	10.0
1444	-0.137518	122.079547	0.003048	8.4
1445	-0.000000	122.032162	0.000000	9.2
1446	-0.791835	121.984826	0.006490	9.6
1447	-0.538252	121.937539	0.005749	8.6
1448	-0.853528	121.890301	0.007367	9.2
1449	-0.000000	121.843112	0.000000	8.0
1450	-0.739250	121.795971	0.006023	10.0
1451	-0.000690	121.748879	0.000099	8.5
1452	-0.787729	121.701835	0.005428	8.9
1453	-0.000000	121.654840	0.000000	8.5
1454	-0.501191	121.607893	0.005457	8.3
1455	-0.074780	121.560994	0.001609	8.5
1456	-0.052522	121.514144	0.000787	8.4
1457	-0.625562	121.467342	0.005217	8.2
1458	-0.952228	121.420588	0.005623	8.8
1459	-0.994824	121.373882	0.007902	7.6
1460	-1.036084	121.327223	0.009387	8.0
1461	-1.213757	121.280613	0.010288	7.2
1462	-0.407232	121.234050	0.005912	8.4
1463	-0.908335	121.187535	0.006433	7.8
1464	-0.165720	121.141067	0.002623	8.1
1465	-0.467995	121.094647	0.004987	7.2
1466	-0.000000	121.048274	0.000000	8.2
1467	-0.895421	121.001949	0.006180	7.8
1468	-0.036011	120.955671	0.001621	7.9
1469	-0.848143	120.909440	0.010114	8.3
1470	-0.349875	120.863256	0.003270	8.8
1471	-0.849066	120.817119	0.009682	8.9
1472	-0.596682	120.771029	0.005821	8.3
1473	-0.818995	120.724986	0.004952	9.0
1474	-0.322386	120.678990	0.002827	7.6
1475	-0.756762	120.633040	0.007858	9.8
1476	-0.000000	120.587137	0.000000	8.2
1477	-1.252092	120.541281	0.011694	8.9
1478	-0.841825	120.495471	0.007051	7.9
1479	-0.470636	120.449707	0.005057	8.7
1480	-0.001698	120.403990	0.000794	8.1
1481	-0.530047	120.358319	0.004985	7.9
1482	-0.859024	120.312694	0.007201	8.6
1483	-0.853632	120.267115	0.008435	8.5
1484	-0.045614	120.221582	0.000195	8.7
1485	-0.656798	120.176096	0.008856	8.6
1486	-0.028206	120.130655	0.000932	7.9
1487	-0.000371	120.085260	0.000126	8.7
1488	-0.130313	120.039910	0.002868	8.0
1489	-1.072203	119.994606	0.007238	8.1
1490	-0.000000	119.949348	0.000000	8.1
1491	-0.166949	119.904135	0.004495	8.4
1492	-0.143643	119.858968	0.002622	9.2
1493	-0.788299	119.813846	0.006245	7.0
1494	-0.993217	119.768769	0.006951	10.2
1495	-0.103892	119.723738	0.003032	7.9
1496	-0.908161	119.678752	0.006771	9.1
1497	-0.033261	119.633810	0.001222	7.4
1498	-0.064296	119.588914	0.001610	8.6
1499	-0.721276	119.544062	0.003345	7.3
1500	-0.070593	119.499256	0.002461	9.1
1501	-0.979851	119.454494	0.006428	8.3
1502	-0.114162	119.409777	0.001982	8.8
1503	-1.026682	119.365104	0.007710	9.0
1504	-0.060541	119.320476	0.001343	7.7
1505	-0.811979	119.275893	0.006453	8.4
1506	-0.286254	119.231353	0.005434	7.9
1507	-1.098332	119.186859	0.008665	9.9
1508	-0.000000	119.142408	0.000000	8.6
1509	-0.162849	119.098002	0.003674	8.7
1510	-0.000000	119.053639	0.000000	9.0
1511	-0.484103	119.009321	0.004924	9.0
1512	-0.011236	118.965047	0.000336	8.3
1513	-0.000188	118.920816	0.000016	8.3
1514	-0.626511	118.876630	0.005631	8.6
1515	-0.000000	118.832487	0.000000	8.6
1516	-0.000000	118.788388	0.000000	7.3
1517	-0.668149	118.744332	0.006009	8.7
1518	-0.002085	118.700320	0.000222	8.2
1519	-1.044779	118.656352	0.007965	9.0
1520	-0.986326	118.612427	0.007020	10.3
1521	-0.386869	118.568545	0.004111	7.9
1522	-0.156676	118.524706	0.003760	9.7
1523	-0.570994	118.480911	0.005510	7.6
1524	-0.289049	118.437159	0.003120	8.6
1525	-0.531772	118.393450	0.003999	8.0
1526	-0.000000	118.349784	0.000000	8.9
1527	-0.701398	118.306160	0.006749	7.4
1528	-0.594524	118.262580	0.007649	9.0
1529	-0.035820	118.219042	0.001162	7.1
1530	-0.000000	118.175548	0.000000	8.5
1531	-0.000000	118.132095	0.000000	9.3
1532	-0.546828	118.088686	0.004675	7.7
1533	-0.000000	118.045319	0.000000	9.8
1534	-0.837690	118.001994	0.008241	8.4
1535	-1.019040	117.958712	0.007741	9.6
1536	-0.805148	117.915472	0.008141	8.9
1537	-1.052244	117.872274	0.006582	9.0
1538	-0.000000	117.829118	0.000000	7.9
1539	-0.200546	117.786005	0.001672	8.6
1540	-0.991763	117.742933	0.006297	9.2
1541	-0.593689	117.699904	0.004208	8.1
1542	-0.778541	117.656916	0.006870	7.5
1543	-0.324125	117.613971	0.004958	8.5
1544	-0.356380	117.571067	0.004861	7.9
1545	-0.847208	117.528205	0.006827	8.8
1546	-0.000000	117.485384	0.000000	8.1
1547	-0.026943	117.442605	0.001304	8.8
1548	-0.636334	117.399867	0.006098	9.4
1549	-0.550324	117.357171	0.003392	7.4
1550	-0.309749	117.314517	0.004191	9.2
1551	-0.000000	117.271903	0.000000	7.7
1552	-0.000003	117.229331	0.000005	10.0
1553	-0.000000	117.186800	0.000000	7.5
1554	-1.028985	117.144311	0.009428	9.1
1555	-0.932073	117.101862	0.004859	7.4
1556	-0.508415	117.059454	0.005002	8.6
1557	-0.514713	117.017087	0.005779	8.1
1558	-1.011424	116.974762	0.008554	8.0
1559	-0.000000	116.932476	0.000000	9.2
1560	-0.000000	116.890232	0.000000	8.0
1561	-1.001571	116.848028	0.006709	9.1
1562	-0.000000	116.805865	0.000000	7.9
1563	-0.652511	116.763743	0.006953	8.8
1564	-0.466213	116.721661	0.007484	8.3
1565	-0.675667	116.679619	0.004867	8.7
1566	-0.197783	116.637618	0.002903	7.9
1567	-0.933779	116.595657	0.008806	8.7
1568	-0.723652	116.553736	0.004232	7.8
1569	-0.966489	116.511855	0.008874	8.1
1570	-0.434376	116.470015	0.003696	8.3
1571	-0.000000	116.428214	0.000000	8.3
1572	-0.477019	116.386454	0.005564	7.8
1573	-0.000983	116.344733	0.000395	8.1
1574	-0.913499	116.303052	0.007399	7.4
1575	-0.000000	116.261412	0.000000	8.6
1576	-0.837749	116.219810	0.007394	7.6
1577	-0.271741	116.178249	0.005535	8.6
1578	-0.000000	116.136727	0.000000	7.8
1579	-0.000000	116.095245	0.000000	9.1
1580	-0.946232	116.053802	0.005794	7.6
1581	-0.368147	116.012398	0.004836	8.7
1582	-0.000000	115.971034	0.000000	7.5
1583	-0.508773	115.929710	0.003227	9.0
1584	-0.959489	115.888424	0.005979	8.9
1585	-0.120050	115.847178	0.001737	8.5
1586	-0.733053	115.805970	0.006999	9.4
1587	-0.135646	115.764802	0.003483	7.3
1588	-0.601865	115.723673	0.005215	9.7
1589	-0.903398	115.682583	0.004129	7.6
1590	-0.000000	115.641532	0.000000	9.5
1591	-1.121855	115.600519	0.009450	7.7
1592	-0.031479	115.559546	0.001435	8.7
1593	-0.744686	115.518610	0.006864	7.5
1594	-0.829676	115.477714	0.003746	8.7
1595	-0.489840	115.436856	0.005635	8.5
1596	-0.968546	115.396037	0.006956	7.9
1597	-0.022978	115.355256	0.001329	8.2
1598	-0.000000	115.314514	0.000000	7.9
1599	-0.239677	115.273810	0.003719	8.3
1600	-0.000000	115.233144	0.000000	8.3
1601	-0.822972	115.192517	0.007555	8.2
1602	-0.001377	115.151927	0.000005	8.0
1603	-0.000000	115.111376	0.000000	7.6
1604	-0.229921	115.070863	0.003113	8.8
1605	-0.000000	115.030388	0.000000	8.6
1606	-0.521738	114.989951	0.006016	7.8
1607	-0.732556	114.949551	0.006792	11.3
1608	-0.975614	114.909190	0.011997	7.6
1609	-0.604910	114.868866	0.005182	9.5
1610	-1.003306	114.828580	0.006716	7.4
1611	-0.577782	114.788332	0.005398	8.9
1612	-0.836196	114.748121	0.004671	7.6
1613	-0.000000	114.707948	0.000000	8.5
1614	-0.840530	114.667812	0.008752	7.8
1615	-1.153398	114.627714	0.008277	8.4
1616	-0.501566	114.587653	0.006135	8.3
1617	-0.396068	114.547629	0.005942	8.5
1618	-0.854649	114.507643	0.005299	7.8
1619	-0.717217	114.467693	0.005235	8.6
1620	-0.953962	114.427781	0.005507	10.7
1621	-0.330427	114.387907	0.003833	9.2
1622	-0.888887	114.348069	0.007060	9.3
1623	-1.078440	114.308268	0.006773	8.7
1624	-0.614049	114.268504	0.007240	10.6
1625	-0.789067	114.228777	0.008922	10.7
1626	-0.683132	114.189086	0.007107	9.2
1627	-0.862245	114.149433	0.007395	9.2
1628	-0.714193	114.109816	0.005701	8.6
1629	-0.106773	114.070235	0.003019	8.6
1630	-0.351326	114.030692	0.005022	8.5
1631	-0.567619	113.991185	0.005280	9.4
1632	-0.874095	113.951714	0.008549	10.0
1633	-0.213662	113.912280	0.004635	8.5
1634	-0.763312	113.872882	0.005489	9.2
1635	-0.000003	113.833521	0.000002	7.3
1636	-0.773561	113.794195	0.006420	9.0
1637	-0.990523	113.754906	0.007083	9.2
1638	-0.555054	113.715653	0.005978	8.1
1639	-0.000000	113.676437	0.000000	8.4
1640	-0.007818	113.637256	0.000021	7.8
1641	-0.833294	113.598111	0.006309	8.5
1642	-0.786760	113.559002	0.005098	7.9
1643	-0.688659	113.519929	0.007374	9.4
1644	-0.000000	113.480892	0.000000	8.0
1645	-0.900868	113.441891	0.005633	9.1
1646	-0.781620	113.402925	0.005926	7.8
1647	-0.003688	113.363995	0.000308	8.6
1648	-0.002542	113.325101	0.000160	9.0
1649	-0.155497	113.286242	0.002465	8.4
1650	-0.000000	113.247419	0.000000	8.0
1651	-0.002125	113.208631	0.000083	8.1
1652	-0.362399	113.169879	0.004042	7.9
1653	-0.000000	113.131162	0.000000	8.0
1654	-0.011041	113.092480	0.000178	8.2
1655	-0.627719	113.053833	0.005004	8.9
1656	-0.634757	113.015222	0.005390	7.5
1657	-0.014534	112.976646	0.000124	9.0
1658	-0.713674	112.938105	0.004732	8.6
1659	-0.007717	112.899599	0.000621	8.2
1660	-0.513983	112.861128	0.004934	7.9
1661	-1.025980	112.822692	0.008200	7.9
1662	-0.821722	112.784291	0.005774	8.6
1663	-0.006564	112.745924	0.000268	8.4
1664	-1.035866	112.707593	0.007674	10.2
1665	-0.445051	112.669296	0.002828	7.5
1666	-0.732110	112.631034	0.007815	9.1
1667	-0.975155	112.592806	0.006146	9.0
1668	-0.000000	112.554613	0.000000	9.7
1669	-0.000150	112.516455	0.000014	9.6
1670	-0.309997	112.478331	0.001578	8.2
1671	-0.980124	112.440241	0.006460	10.7
1672	-0.512353	112.402186	0.005880	8.5
1673	-0.091639	112.364165	0.001145	8.2
1674	-0.662752	112.326179	0.005757	7.9
1675	-0.649804	112.288227	0.005820	8.3
1676	-0.472780	112.250309	0.005555	7.8
1677	-0.505834	112.212425	0.008002	8.1
1678	-0.449743	112.174575	0.007778	7.9
1679	-0.180799	112.136759	0.003271	8.1
1680	-0.000000	112.098977	0.000000	7.7
1681	-0.799391	112.061229	0.004517	8.5
1682	-0.000000	112.023515	0.000000	8.3
1683	-1.025271	111.985834	0.007147	8.6
1684	-0.826128	111.948188	0.008307	7.9
1685	-0.023251	111.910575	0.001312	8.6
1686	-0.684892	111.872996	0.005009	6.9
1687	-0.807515	111.835450	0.007820	8.2
1688	-0.356659	111.797939	0.003001	7.3
1689	-0.885488	111.760460	0.005221	9.9
1690	-0.654043	111.723015	0.006537	8.1
1691	-0.175792	111.685604	0.003155	8.5
1692	-0.871475	111.648226	0.005790	8.6
1693	-0.294164	111.610881	0.004852	8.6
1694	-0.599243	111.573570	0.004644	9.9
1695	-0.855874	111.536292	0.007796	8.1
1696	-0.778713	111.499047	0.004090	8.8
1697	-0.000000	111.461835	0.000000	7.6
1698	-0.000000	111.424656	0.000000	10.0
1699	-0.010600	111.387510	0.000115	8.5
1700	-0.655251	111.350398	0.007961	8.4
1701	-0.205068	111.313318	0.002587	7.8
1702	-0.014100	111.276271	0.000625	8.2
1703	-0.818434	111.239257	0.007481	8.6
1704	-0.676918	111.202276	0.006260	8.2
1705	-0.699222	111.165328	0.005431	9.5
1706	-0.778636	111.128412	0.007171	7.3
1707	-0.905904	111.091529	0.006080	9.3
1708	-0.000000	111.054679	0.000000	8.2
1709	-0.949814	111.017861	0.008486	9.4
1710	-0.852010	110.981076	0.009259	7.7
1711	-0.950767	110.944323	0.007205	8.5
1712	-0.913191	110.907603	0.006790	7.8
1713	-0.440970	110.870915	0.008132	9.4
1714	-0.000000	110.834259	0.000000	7.4
1715	-0.383736	110.797636	0.004651	9.1
1716	-0.808519	110.761045	0.005748	7.4
1717	-0.000000	110.724486	0.000000	8.4
1718	-0.965837	110.687959	0.007989	7.6
1719	-0.694768	110.651465	0.005065	8.5
1720	-0.000000	110.615002	0.000000	7.9
1721	-0.533407	110.578572	0.005072	8.3
1722	-0.666993	110.542173	0.004772	8.1
1723	-0.462430	110.505807	0.005685	8.6
1724	-0.994763	110.469472	0.008421	10.0
1725	-0.000000	110.433169	0.000000	8.2
1726	-0.736284	110.396898	0.007326	9.1
1727	-0.985523	110.360659	0.008361	7.7
1728	-0.363149	110.324451	0.003044	9.5
1729	-0.914215	110.288276	0.006329	8.0
1730	-1.001228	110.252131	0.005357	9.0
1731	-0.022606	110.216019	0.002885	8.2
1732	-0.896567	110.179937	0.007446	7.9
1733	-0.776355	110.143888	0.005939	8.4
1734	-0.000000	110.107869	0.000000	8.6
1735	-0.000000	110.071882	0.000000	8.6
1736	-0.447810	110.035927	0.006408	8.6
1737	-0.911738	110.000003	0.007401	7.8
1738	-0.000000	109.964110	0.000000	9.1
1739	-0.473390	109.928248	0.004944	8.3
1740	-0.000000	109.892417	0.000000	8.1
1741	-0.000000	109.856618	0.000000	8.3
1742	-0.604833	109.820850	0.005227	8.2
1743	-0.194567	109.785112	0.003430	8.1
1744	-0.015690	109.749406	0.002143	8.2
1745	-0.070186	109.713730	0.002875	9.5
1746	-0.001047	109.678086	0.000160	8.8
1747	-0.269032	109.642472	0.004288	9.0
1748	-0.058794	109.606890	0.000474	7.2
1749	-0.115393	109.571337	0.003269	9.6
1750	-0.357288	109.535816	0.007571	8.1
1751	-0.470778	109.500326	0.005820	7.4
1752	-0.393784	109.464866	0.007233	8.0
1753	-0.958905	109.429436	0.009579	7.9
1754	-0.702229	109.394038	0.004601	8.4
1755	-0.000000	109.358669	0.000000	7.4
1756	-0.000000	109.323331	0.000000	8.7
1757	-0.000000	109.288024	0.000000	9.0
1758	-0.224567	109.252747	0.003515	8.8
1759	-0.720303	109.217501	0.007245	8.6
1760	-0.064445	109.182284	0.001028	8.7
1761	-0.042607	109.147098	0.000934	8.5
1762	-0.381088	109.111942	0.003606	9.6
1763	-0.002472	109.076817	0.000071	8.3
1764	-0.702491	109.041721	0.006345	8.5
1765	-0.195587	109.006656	0.003017	8.3
1766	-0.719895	108.971620	0.005279	9.6
1767	-0.497117	108.936615	0.005625	8.0
1768	-0.334811	108.901640	0.004782	8.9
1769	-0.208824	108.866694	0.003176	10.0
1770	-0.037305	108.831779	0.000629	8.2
1771	-0.801308	108.796893	0.003612	9.4
1772	-0.289451	108.762037	0.006073	8.4
1773	-0.532848	108.727211	0.006222	9.5
1774	-0.399006	108.692415	0.003496	9.1
1775	-0.598213	108.657648	0.006698	8.7
1776	-0.841040	108.622911	0.005347	8.3
1777	-0.000000	108.588203	0.000000	8.7
1778	-0.663717	108.553525	0.005176	9.3
1779	-0.802525	108.518877	0.007413	8.5
1780	-0.115464	108.484258	0.002686	9.5
1781	-0.045686	108.449668	0.000591	8.9
1782	-0.869144	108.415108	0.005629	8.5
1783	-0.016622	108.380578	0.000280	9.4
1784	-0.000000	108.346076	0.000000	7.8
1785	-0.000000	108.311604	0.000000	8.3
1786	-0.092405	108.277161	0.003151	8.0
1787	-0.000000	108.242747	0.000000	7.6
1788	-0.856340	108.208363	0.006142	8.2
1789	-1.061481	108.174007	0.007415	8.1
1790	-0.018011	108.139681	0.000373	8.8
1791	-0.000000	108.105383	0.000000	7.8
1792	-1.055676	108.071115	0.007723	8.6
1793	-0.803497	108.036875	0.007186	8.3
1794	-0.119584	108.002665	0.004103	7.8
1795	-0.841003	107.968483	0.009724	7.6
1796	-0.967000	107.934330	0.009868	7.9
1797	-0.634616	107.900206	0.003894	7.8
1798	-0.000000	107.866111	0.000000	8.2
1799	-0.743613	107.832044	0.007248	7.5
1800	-0.647404	107.798007	0.007729	8.6
1801	-0.875312	107.763997	0.007458	9.8
1802	-0.909616	107.730017	0.007874	7.9
1803	-0.000000	107.696065	0.000000	9.9
1804	-0.971091	107.662141	0.007097	7.3
1805	-0.659852	107.628246	0.006807	9.7
1806	-0.806320	107.594379	0.004791	7.2
1807	-0.747441	107.560541	0.006801	8.6
1808	-1.227302	107.526731	0.009450	8.2
1809	-0.000000	107.492949	0.000000	8.5
1810	-0.002374	107.459196	0.000210	8.2
1811	-0.976352	107.425471	0.006511	7.9
1812	-0.608995	107.391774	0.005889	9.0
1813	-0.485808	107.358106	0.002708	7.8
1814	-1.022519	107.324465	0.008815	8.1
1815	-0.605564	107.290853	0.006318	8.2
1816	-0.230296	107.257268	0.003756	8.4
1817	-0.476572	107.223712	0.002634	9.8
1818	-0.580931	107.190184	0.005956	9.1
1819	-0.656457	107.156683	0.005435	7.7
1820	-0.101992	107.123211	0.000900	10.1
1821	-0.000000	107.089766	0.000000	8.1
1822	-0.781875	107.056349	0.005621	9.7
1823	-0.000000	107.022960	0.000000	7.1
1824	-0.000000	106.989599	0.000000	10.0
1825	-0.383337	106.956265	0.004008	7.9
1826	-0.818077	106.922960	0.004463	7.7
1827	-0.528463	106.889681	0.007382	8.4
1828	-0.947572	106.856431	0.006552	8.4
1829	-0.588396	106.823208	0.004573	8.3
1830	-0.901761	106.790012	0.006489	8.2
1831	-0.773391	106.756844	0.007409	8.1
1832	-0.411640	106.723703	0.005105	7.4
1833	-0.817593	106.690590	0.006405	8.2
1834	-0.163115	106.657505	0.004236	7.3
1835	-0.227639	106.624446	0.003985	9.7
1836	-0.669288	106.591415	0.006630	8.7
1837	-0.604273	106.558411	0.005313	9.0
1838	-0.702931	106.525435	0.005837	7.9
1839	-0.456586	106.492485	0.006504	9.0
1840	-0.535608	106.459563	0.004667	8.2
1841	-0.948245	106.426668	0.007877	8.4
1842	-0.935390	106.393800	0.006924	7.8
1843	-0.478476	106.360959	0.003142	8.9
1844	-0.885197	106.328145	0.005531	8.6
1845	-0.666464	106.295358	0.005927	8.4
1846	-1.127970	106.262598	0.010061	8.0
1847	-0.456796	106.229865	0.007484	9.1
1848	-0.000000	106.197158	0.000000	8.2
1849	-1.043723	106.164479	0.007400	8.7
1850	-0.048737	106.131826	0.001075	9.4
1851	-0.000000	106.099201	0.000000	7.2
1852	-0.000034	106.066602	0.000014	9.5
1853	-0.000000	106.034029	0.000000	8.2
1854	-1.175967	106.001483	0.010272	8.9
1855	-0.500893	105.968964	0.007872	8.1
1856	-0.785812	105.936472	0.006979	8.8
1857	-0.000000	105.904006	0.000000	10.3
1858	-0.000000	105.871566	0.000000	9.2
1859	-0.381672	105.839153	0.005389	10.3
1860	-0.000000	105.806767	0.000000	7.7
1861	-0.445093	105.774407	0.004160	8.7
1862	-0.054302	105.742073	0.001214	8.5
1863	-0.000000	105.709766	0.000000	8.7
1864	-0.317229	105.677485	0.004289	8.5
1865	-1.031891	105.645230	0.005492	10.0
1866	-0.976705	105.613001	0.005655	9.2
1867	-0.793915	105.580799	0.005915	7.8
1868	-0.714974	105.548623	0.004363	9.7
1869	-0.852678	105.516473	0.004476	8.3
1870	-0.576659	105.484349	0.006132	9.6
1871	-0.510348	105.452251	0.005470	8.9
1872	-0.954346	105.420179	0.006321	8.7
1873	-1.096608	105.388133	0.006625	8.9
1874	-0.000000	105.356113	0.000000	8.2
1875	-0.047438	105.324119	0.001931	10.5
1876	-1.183482	105.292151	0.008064	8.9
1877	-0.686510	105.260209	0.007592	9.5
1878	-0.437152	105.228293	0.006262	8.6
1879	-0.000000	105.196402	0.000000	8.8
1880	-0.821911	105.164537	0.005676	8.9
1881	-0.184462	105.132698	0.002727	9.1
1882	-0.745215	105.100885	0.005449	9.6
1883	-0.921734	105.069097	0.006929	9.0
1884	-0.017933	105.037335	0.000449	8.7
1885	-0.749928	105.005598	0.006297	7.9
1886	-0.738485	104.973887	0.006547	9.0
1887	-0.224254	104.942202	0.004237	7.8
1888	-0.003944	104.910542	0.000531	8.3
1889	-0.314785	104.878907	0.003587	7.2
1890	-0.345122	104.847298	0.005877	9.2
1891	-0.005087	104.815715	0.000591	7.5
1892	-0.920711	104.784156	0.005904	10.4
1893	-0.595789	104.752623	0.004214	9.1
1894	-0.638946	104.721116	0.006357	8.6
1895	-0.000000	104.689633	0.000000	9.2
1896	-1.091070	104.658176	0.011834	7.4
1897	-0.759653	104.626744	0.005622	9.2
1898	-0.188944	104.595337	0.001582	7.0
1899	-0.924401	104.563955	0.005441	9.2
1900	-0.423876	104.532599	0.004018	8.3
1901	-0.000000	104.501267	0.000000	8.4
1902	-0.642059	104.469960	0.007124	8.5
1903	-0.659750	104.438679	0.005323	7.8
1904	-0.764548	104.407422	0.006158	8.5
1905	-0.751626	104.376191	0.005574	7.4
1906	-0.192256	104.344984	0.003514	7.5
1907	-1.046613	104.313802	0.006234	7.9
1908	-0.574982	104.282645	0.008779	8.2
1909	-0.927257	104.251513	0.007375	8.1
1910	-0.000000	104.220405	0.000000	8.2
1911	-0.000111	104.189323	0.000032	7.9
1912	-0.678813	104.158265	0.005831	9.3
1913	-0.000000	104.127231	0.000000	8.5
1914	-0.046285	104.096222	0.001400	9.0
1915	-0.786647	104.065238	0.003915	9.2
1916	-0.219438	104.034279	0.003843	9.4
1917	-0.019946	104.003344	0.000876	7.6
1918	-0.000000	103.972433	0.000000	8.2
1919	-0.950041	103.941547	0.005958	7.9
1920	-0.777650	103.910686	0.004762	8.2
1921	-0.349728	103.879849	0.002718	7.8
1922	-0.152282	103.849036	0.002924	8.6
1923	-0.592278	103.818248	0.004925	8.1
1924	-0.491515	103.787484	0.004373	8.9
1925	-0.000000	103.756744	0.000000	8.4
1926	-0.071636	103.726029	0.003336	8.2
1927	-0.916805	103.695338	0.006193	8.4
1928	-0.000000	103.664671	0.000000	8.3
1929	-0.282034	103.634028	0.004133	7.8
1930	-0.000000	103.603409	0.000000	7.3
1931	-0.950303	103.572814	0.007436	8.9
1932	-0.707491	103.542244	0.009609	7.6
1933	-0.612125	103.511698	0.004519	9.0
1934	-0.874960	103.481175	0.010577	7.8
1935	-1.020062	103.450677	0.005779	8.1
1936	-0.472004	103.420202	0.002724	8.8
1937	-0.000000	103.389752	0.000000	9.1
1938	-0.000000	103.359325	0.000000	7.8
1939	-0.678255	103.328922	0.007741	9.6
1940	-0.000000	103.298543	0.000000	7.4
1941	-0.839825	103.268188	0.008261	8.7
1942	-0.738475	103.237857	0.008545	7.8
1943	-0.718188	103.207549	0.007050	8.8
1944	-0.000000	103.177265	0.000000	7.3
1945	-0.658706	103.147005	0.003475	8.6
1946	-0.000000	103.116768	0.000000	7.7
1947	-0.000000	103.086556	0.000000	8.7
1948	-0.117179	103.056366	0.002548	7.5
1949	-0.520392	103.026200	0.005708	8.1
1950	-0.636753	102.996058	0.003734	8.5
1951	-0.795006	102.965939	0.004958	9.1
1952	-0.843358	102.935844	0.006392	9.3
1953	-1.023980	102.905772	0.008618	7.3
1954	-0.749101	102.875724	0.005161	8.7
1955	-1.217977	102.845699	0.009877	7.8
1956	-0.000326	102.815697	0.000074	9.3
1957	-0.796852	102.785719	0.003939	8.5
1958	-0.000000	102.755764	0.000000	8.6
1959	-0.338215	102.725832	0.005781	8.1
1960	-0.900747	102.695924	0.008670	8.6
1961	-0.000000	102.666038	0.000000	7.6
1962	-0.811495	102.636176	0.004405	9.1
1963	-0.898886	102.606337	0.009632	7.1
1964	-0.763052	102.576521	0.004938	8.5
1965	-0.000000	102.546728	0.000000	7.4
1966	-0.880898	102.516959	0.005075	8.5
1967	-0.085811	102.487212	0.001808	7.5
1968	-0.000000	102.457488	0.000000	8.8
1969	-0.000000	102.427788	0.000000	7.7
1970	-0.000000	102.398110	0.000000	8.6
1971	-0.627514	102.368455	0.005963	8.6
1972	-0.831457	102.338823	0.005702	8.5
1973	-0.465911	102.309214	0.005994	9.4
1974	-0.811668	102.279628	0.006298	7.8
1975	-0.212056	102.250064	0.003506	10.1
1976	-0.636915	102.220524	0.005752	7.5
1977	-0.274488	102.191006	0.003167	8.9
1978	-0.532659	102.161511	0.005644	7.8
1979	-0.124427	102.132038	0.002604	8.3
1980	-0.928223	102.102588	0.007381	8.0
1981	-0.942563	102.073161	0.007642	8.6
1982	-1.106300	102.043757	0.006762	8.0
1983	-0.796033	102.014375	0.004869	8.1
1984	-0.000000	101.985015	0.000000	8.4
1985	-0.000000	101.955678	0.000000	7.8
1986	-0.060889	101.926364	0.001440	7.9
1987	-0.000000	101.897072	0.000000	8.7
1988	-0.673753	101.867802	0.004833	8.7
1989	-0.197528	101.838555	0.003926	8.1
1990	-0.292240	101.809330	0.006229	7.7
1991	-0.660918	101.780128	0.004990	8.5
1992	-0.769963	101.750948	0.007929	8.3
1993	-1.159786	101.721790	0.010292	8.7
1994	-0.878925	101.692654	0.004303	8.2
1995	-0.135885	101.663541	0.002390	8.1
1996	-0.050737	101.634450	0.002653	8.8
1997	-0.393739	101.605381	0.004233	7.8
1998	-0.088467	101.576335	0.000411	9.6
1999	-0.320123	101.547310	0.002074	7.7
