1:ItNr	2:Metric	3:StepSize	4:||Gradient||	Time[ms]
0	0.000000	627.201626	0.000000	993.4
1	-0.973978	623.504937	0.007782	28.9
2	-0.810753	619.865785	0.006165	30.5
3	-0.315999	616.282728	0.004603	29.1
4	-0.305892	612.754375	0.005490	31.2
5	-0.000000	609.279381	0.000000	29.5
6	0.000000	605.856447	0.000000	30.8
7	-0.709490	602.484317	0.004828	29.3
8	-0.569192	599.161779	0.005721	29.8
9	-0.000064	595.887656	0.000025	30.6
10	-0.823504	592.660813	0.008952	31.1
11	0.000000	589.480151	0.000000	30.8
12	-0.507910	586.344606	0.006643	30.7
13	0.000000	583.253145	0.000000	29.1
14	-0.663674	580.204771	0.005887	32.3
15	-0.262485	577.198517	0.004822	32.9
16	-0.337375	574.233444	0.003851	29.1
17	-0.514002	571.308645	0.006521	30.3
18	-0.002161	568.423237	0.000102	31.4
19	-0.630808	565.576365	0.006676	32.2
20	-0.000000	562.767201	0.000000	30.6
21	-0.805469	559.994938	0.005630	30.7
22	-0.763805	557.258797	0.005689	30.6
23	-0.818644	554.558018	0.005940	29.7
24	-0.629063	551.891865	0.004945	29.4
25	-0.760160	549.259621	0.007306	32.9
26	-0.575931	546.660592	0.005951	29.0
27	0.000000	544.094102	0.000000	32.3
28	-0.406775	541.559494	0.005581	30.5
29	-0.156769	539.056129	0.001339	31.9
30	-0.264797	536.583387	0.005137	30.5
31	-0.596854	534.140663	0.005428	30.3
32	-0.029001	531.727370	0.001172	29.7
33	-0.059634	529.342935	0.001186	33.7
34	-0.458421	526.986802	0.005653	30.3
35	-0.699805	524.658430	0.005738	31.7
36	-0.006112	522.357290	0.000102	34.1
37	-0.492506	520.082868	0.006844	33.6
38	-0.384026	517.834665	0.004174	31.0
39	-1.084248	515.612193	0.010050	32.5
40	-0.869182	513.414976	0.008385	30.9
41	-0.406192	511.242551	0.007162	30.7
42	-0.423715	509.094468	0.005458	35.1
43	-0.000231	506.970285	0.000078	31.7
44	-0.681712	504.869574	0.007036	32.1
45	-0.588678	502.791916	0.005671	33.2
46	-0.690888	500.736903	0.005084	32.5
47	0.000000	498.704137	0.000000	31.2
48	-0.475356	496.693228	0.007703	31.5
49	-0.558043	494.703798	0.004904	31.3
50	0.000000	492.735476	0.000000	32.0
51	-0.000938	490.787900	0.000042	32.6
52	-0.109605	488.860718	0.001922	30.5
53	-0.424305	486.953585	0.005335	30.8
54	-0.753954	485.066164	0.008161	29.3
55	-0.747065	483.198126	0.005441	31.9
56	0.000000	481.349149	0.000000	32.5
57	0.000000	479.518920	0.000000	30.3
58	0.000000	477.707132	0.000000	31.6
59	-0.294914	475.913485	0.004770	30.5
60	0.000000	474.137684	0.000000	29.6
61	-0.000015	472.379445	0.000017	30.9
62	-0.492837	470.638485	0.006512	30.3
63	0.000000	468.914531	0.000000	30.9
64	-0.532682	467.207315	0.005770	35.0
65	-0.944496	465.516573	0.008492	30.7
66	-0.657708	463.842050	0.004894	31.1
67	-0.735854	462.183494	0.007821	28.9
68	-0.871970	460.540658	0.007305	29.5
69	-0.009251	458.913303	0.000319	29.4
70	-0.582501	457.301192	0.007493	29.0
71	-0.658527	455.704096	0.006752	28.9
72	-0.930001	454.121787	0.007367	34.2
73	-0.161189	452.554045	0.002639	29.0
74	-0.625719	451.000653	0.006563	31.7
75	-0.517134	449.461399	0.005268	28.6
76	-0.151988	447.936075	0.001641	29.4
77	0.000000	446.424477	0.000000	31.5
78	-0.103762	444.926406	0.001844	32.5
79	-0.027783	443.441666	0.000816	30.2
80	0.000000	441.970065	0.000000	30.5
81	0.000000	440.511415	0.000000	31.0
82	-0.229572	439.065533	0.002340	29.9
83	-0.360100	437.632238	0.004620	28.9
84	-0.827895	436.211351	0.006904	31.2
85	0.000000	434.802701	0.000000	35.2
86	-0.192496	433.406117	0.002275	30.8
87	-0.429646	432.021430	0.005093	30.9
88	0.000000	430.648479	0.000000	31.3
89	-0.019065	429.287101	0.000798	30.1
90	-0.503426	427.937140	0.006779	29.9
91	-0.758496	426.598440	0.007325	28.1
92	-0.770077	425.270849	0.005542	33.2
93	0.000000	423.954220	0.000000	29.8
94	0.000000	422.648404	0.000000	29.3
95	-0.671545	421.353259	0.008373	29.0
96	-0.335206	420.068643	0.004501	31.2
97	-0.053535	418.794419	0.001576	30.1
98	-0.316598	417.530451	0.004222	30.0
99	-0.059559	416.276604	0.001260	30.3
100	-0.000018	415.032748	0.000006	33.8
101	-0.532788	413.798754	0.005922	30.1
102	-0.406754	412.574495	0.006574	31.4
103	-0.836080	411.359849	0.006531	30.0
104	-0.548465	410.154691	0.005728	31.8
105	-0.842550	408.958904	0.007316	29.7
106	-0.026893	407.772368	0.001584	31.1
107	-0.781042	406.594968	0.007566	30.7
108	-0.564135	405.426590	0.005171	29.5
109	0.000000	404.267122	0.000000	30.1
110	0.000000	403.116456	0.000000	29.4
111	-0.519595	401.974481	0.005637	30.3
112	-0.369526	400.841093	0.004514	28.6
113	-0.691867	399.716187	0.005388	31.7
114	-0.356764	398.599660	0.003319	28.6
115	-0.833150	397.491411	0.008966	31.8
116	-0.268290	396.391342	0.003018	31.0
117	0.000000	395.299353	0.000000	30.8
118	0.000000	394.215350	0.000000	27.9
119	-0.201060	393.139238	0.003034	29.2
120	-0.747642	392.070924	0.005757	29.5
121	-0.118438	391.010316	0.002821	29.2
122	-0.877149	389.957325	0.006463	31.4
123	0.000000	388.911862	0.000000	33.1
124	0.000000	387.873839	0.000000	30.1
125	0.000000	386.843173	0.000000	32.5
126	0.000000	385.819777	0.000000	28.5
127	-0.178711	384.803569	0.003004	33.4
128	-0.586163	383.794468	0.008317	28.2
129	-0.753875	382.792393	0.005314	30.8
130	-0.014982	381.797264	0.000801	30.5
131	0.000000	380.809005	0.000000	29.8
132	0.000000	379.827537	0.000000	32.3
133	-0.895409	378.852786	0.006959	32.0
134	-0.845990	377.884678	0.004858	29.1
135	-0.057937	376.923138	0.002044	29.3
136	-0.917023	375.968095	0.007645	31.5
137	-0.542833	375.019479	0.007404	29.8
138	-0.730140	374.077218	0.005428	30.8
139	-0.250291	373.141244	0.003415	34.8
140	-0.571711	372.211489	0.006690	33.9
141	-0.028287	371.287887	0.001683	31.5
142	-0.988884	370.370370	0.009913	30.7
143	-0.859925	369.458876	0.006130	32.1
144	-0.009802	368.553338	0.000658	31.8
145	-0.373688	367.653696	0.007587	32.9
146	-0.496894	366.759885	0.006570	33.4
147	-0.042711	365.871846	0.000801	31.3
148	-0.852925	364.989518	0.005238	29.6
149	-0.438943	364.112841	0.006104	31.4
150	-0.396896	363.241757	0.005114	32.4
151	-0.000000	362.376208	0.000000	34.9
152	-0.488971	361.516137	0.006205	34.3
153	-0.251561	360.661488	0.003440	31.9
154	0.000000	359.812206	0.000000	29.8
155	-0.000040	358.968236	0.000002	29.8
156	-0.373434	358.129524	0.004702	29.4
157	-0.662941	357.296018	0.005800	30.5
158	-0.625712	356.467665	0.005868	31.1
159	-0.423708	355.644414	0.004292	33.8
160	-0.517723	354.826213	0.005597	30.0
161	0.000000	354.013012	0.000000	30.7
162	-0.000068	353.204763	0.000010	29.5
163	0.000000	352.401415	0.000000	31.5
164	0.000000	351.602922	0.000000	36.0
165	-0.901441	350.809235	0.008857	31.2
166	-0.714401	350.020308	0.005432	32.4
167	0.000000	349.236095	0.000000	30.6
168	0.000000	348.456550	0.000000	32.1
169	-0.603077	347.681627	0.006718	30.1
170	-0.903595	346.911283	0.007382	31.1
171	0.000000	346.145474	0.000000	31.0
172	-0.876124	345.384157	0.006649	30.8
173	0.000000	344.627288	0.000000	29.7
174	-0.439771	343.874826	0.007189	30.9
175	-0.794197	343.126729	0.007054	31.7
176	-0.469213	342.382957	0.005919	30.8
177	-0.626264	341.643469	0.003796	30.5
178	-0.060710	340.908224	0.002679	31.6
179	0.000000	340.177184	0.000000	29.6
180	-0.949605	339.450309	0.008518	29.3
181	-0.508299	338.727561	0.006406	30.2
182	-0.504418	338.008902	0.007036	30.5
183	-0.567810	337.294295	0.004512	30.0
184	-0.797097	336.583703	0.004659	29.8
185	-0.309940	335.877089	0.003912	30.2
186	-0.678509	335.174416	0.004971	30.5
187	-0.345310	334.475651	0.004611	30.3
188	0.000000	333.780756	0.000000	30.7
189	-0.666894	333.089698	0.007996	30.7
190	0.000000	332.402443	0.000000	30.6
191	-0.886821	331.718955	0.007860	32.3
192	-0.634609	331.039203	0.005933	30.2
193	-0.840253	330.363153	0.006672	29.4
194	-0.000000	329.690771	0.000000	29.7
195	-0.810776	329.022027	0.005481	30.1
196	0.000000	328.356888	0.000000	29.9
197	-0.440754	327.695322	0.004438	30.1
198	-0.804074	327.037299	0.006266	29.5
199	-0.539959	326.382787	0.005417	30.2
200	-0.755776	325.731758	0.009828	30.5
201	-0.061305	325.084179	0.000654	30.8
202	-0.835485	324.440023	0.006188	30.4
203	-0.906172	323.799258	0.008342	31.1
204	-0.133662	323.161858	0.002751	30.1
205	-0.852408	322.527792	0.006397	30.4
206	-1.000280	321.897034	0.009482	29.8
207	-0.643961	321.269554	0.006639	30.0
208	-0.673873	320.645325	0.009070	30.3
209	-0.480138	320.024320	0.005438	33.0
210	-0.486935	319.406512	0.006044	31.4
211	-0.159509	318.791875	0.002144	31.4
212	-0.247119	318.180381	0.003078	30.2
213	-0.028578	317.572005	0.000485	32.3
214	0.000000	316.966721	0.000000	29.8
215	-0.894859	316.364504	0.006610	29.3
216	-0.399858	315.765329	0.004817	29.1
217	-0.745592	315.169170	0.004980	30.3
218	-0.548978	314.576003	0.005763	30.6
219	-0.468139	313.985804	0.006482	30.4
220	-0.841018	313.398548	0.007443	31.9
221	-1.181541	312.814213	0.009821	30.5
222	-0.138209	312.232773	0.003071	30.4
223	-0.000482	311.654207	0.000018	31.6
224	0.000000	311.078491	0.000000	31.2
225	0.000000	310.505602	0.000000	30.6
226	-0.310425	309.935518	0.004231	31.2
227	0.000000	309.368217	0.000000	29.9
228	-0.071778	308.803676	0.001693	30.6
229	0.000000	308.241874	0.000000	31.1
230	-0.209369	307.682789	0.003976	30.5
231	-0.909078	307.126400	0.006205	30.9
232	-0.858096	306.572687	0.007927	30.2
233	-0.913153	306.021627	0.008303	30.3
234	-0.365370	305.473201	0.005949	30.4
235	-0.829854	304.927388	0.006718	30.3
236	-0.763695	304.384168	0.006562	31.9
237	-0.493376	303.843521	0.006253	28.7
238	-0.923897	303.305427	0.006486	30.6
239	-0.383166	302.769867	0.005934	30.9
240	-0.173060	302.236821	0.002763	31.9
241	-0.246872	301.706270	0.004091	31.8
242	-0.945122	301.178196	0.007236	30.1
243	-0.629893	300.652580	0.004832	30.8
244	0.000000	300.129402	0.000000	29.4
245	-0.560795	299.608645	0.004581	29.9
246	-0.473248	299.090291	0.003586	29.8
247	-0.542307	298.574321	0.007522	32.0
248	-0.401990	298.060718	0.004640	30.7
249	-0.014078	297.549465	0.000299	31.0
250	-1.019856	297.040543	0.008798	30.5
251	-0.728574	296.533936	0.006127	31.9
252	-0.690389	296.029626	0.006696	32.5
253	-0.031982	295.527597	0.000917	30.0
254	-0.672393	295.027832	0.006792	29.7
255	0.000000	294.530315	0.000000	31.1
256	-0.000000	294.035028	0.000000	31.4
257	0.000000	293.541956	0.000000	32.2
258	-0.000000	293.051083	0.000000	29.5
259	-0.207858	292.562393	0.003037	31.4
260	-0.405772	292.075870	0.003789	29.8
261	-0.548223	291.591498	0.005593	29.1
262	-0.882729	291.109263	0.007344	32.4
263	-1.018238	290.629149	0.008278	31.5
264	-0.494383	290.151140	0.003420	30.5
265	-0.000959	289.675222	0.000394	30.1
266	-0.235484	289.201380	0.003127	30.5
267	-0.825450	288.729600	0.006112	29.6
268	-0.583568	288.259866	0.005721	29.5
269	-0.893479	287.792165	0.006679	29.9
270	0.000000	287.326481	0.000000	30.4
271	0.000000	286.862802	0.000000	29.6
272	-0.395160	286.401113	0.005184	31.9
273	-1.130482	285.941400	0.009173	29.9
274	0.000000	285.483649	0.000000	32.1
275	0.000000	285.027847	0.000000	33.5
276	-0.526355	284.573981	0.004863	30.5
277	-0.241233	284.122037	0.002753	32.2
278	0.000000	283.672002	0.000000	30.9
279	-1.081292	283.223863	0.008597	31.2
280	-0.884991	282.777607	0.006156	30.4
281	-0.348232	282.333221	0.003656	33.9
282	-0.888905	281.890692	0.006282	32.2
283	-0.661773	281.450008	0.005956	31.5
284	-0.416284	281.011157	0.002655	32.8
285	-0.716656	280.574125	0.007658	31.6
286	-0.059960	280.138901	0.001757	30.3
287	-0.027899	279.705473	0.000704	28.0
288	-0.759005	279.273829	0.006648	29.2
289	0.000000	278.843956	0.000000	32.8
290	-0.074067	278.415844	0.000979	31.3
291	-0.456713	277.989479	0.007668	31.0
292	-1.040363	277.564851	0.007918	30.0
293	-0.723699	277.141949	0.006301	30.5
294	0.000000	276.720761	0.000000	29.6
295	0.000000	276.301275	0.000000	30.4
296	-0.442722	275.883480	0.004470	30.4
297	-0.690235	275.467366	0.004973	30.2
298	-0.445411	275.052922	0.006384	30.1
299	-0.610775	274.640136	0.005949	30.3
300	-0.395260	274.228998	0.003557	30.5
301	-0.061727	273.819497	0.003235	30.2
302	-0.033676	273.411623	0.001576	31.0
303	-0.674368	273.005365	0.007998	31.9
304	-0.523703	272.600712	0.007082	30.6
305	-0.254918	272.197655	0.003176	31.2
306	-0.627016	271.796184	0.007466	30.9
307	-0.851483	271.396287	0.006595	33.5
308	-0.215696	270.997956	0.002830	30.2
309	-0.786525	270.601180	0.007067	30.7
310	-0.320012	270.205949	0.003624	30.4
311	-0.636669	269.812254	0.008237	30.7
312	-0.164305	269.420085	0.002304	31.6
313	-0.656040	269.029432	0.004412	31.4
314	-0.971600	268.640287	0.007817	31.2
315	-0.709277	268.252638	0.004988	30.1
316	-0.812468	267.866478	0.006169	31.6
317	0.000000	267.481796	0.000000	29.4
318	-0.261784	267.098584	0.004418	30.6
319	-0.801908	266.716833	0.006000	29.9
320	-0.658985	266.336533	0.008244	32.6
321	-0.819816	265.957676	0.006802	29.7
322	-0.453635	265.580253	0.004232	31.6
323	-0.510650	265.204254	0.006793	29.6
324	-0.244156	264.829672	0.004421	31.8
325	0.000000	264.456497	0.000000	33.9
326	0.000000	264.084721	0.000000	30.8
327	-0.315510	263.714335	0.003496	30.6
328	-0.910014	263.345332	0.006623	31.0
329	-0.620392	262.977702	0.006246	28.4
330	-0.502897	262.611438	0.004385	31.0
331	-0.882248	262.246531	0.006184	31.2
332	0.000000	261.882973	0.000000	28.7
333	-0.458370	261.520756	0.005471	31.5
334	-1.158040	261.159871	0.009236	31.0
335	-0.606234	260.800312	0.004562	31.0
336	-0.513261	260.442070	0.005733	31.6
337	-0.766368	260.085137	0.006083	29.7
338	-0.814023	259.729505	0.008006	34.3
339	-0.655754	259.375167	0.006900	34.9
340	-0.651339	259.022116	0.004770	33.2
341	-0.002209	258.670343	0.000084	30.1
342	-0.565792	258.319841	0.005865	31.7
343	-0.530912	257.970602	0.007558	31.3
344	-0.670596	257.622620	0.006094	30.6
345	-0.006439	257.275887	0.000168	32.6
346	-1.009138	256.930396	0.008706	32.0
347	-0.225662	256.586139	0.003011	32.5
348	-0.513365	256.243109	0.007194	30.3
349	-0.624333	255.901300	0.007603	31.5
350	-0.610939	255.560703	0.006811	28.7
351	-0.034657	255.221313	0.001467	28.6
352	0.000000	254.883122	0.000000	29.7
353	-0.103120	254.546124	0.001419	30.1
354	-0.212493	254.210311	0.002722	29.0
355	-0.010235	253.875677	0.000560	29.9
356	-0.440242	253.542215	0.005175	32.2
357	-0.698468	253.209918	0.008053	30.0
358	-0.789442	252.878781	0.004222	31.0
359	-0.665611	252.548795	0.006188	32.4
360	-0.157539	252.219956	0.003108	31.2
361	-0.662193	251.892255	0.006999	32.0
362	-0.259944	251.565688	0.003239	30.5
363	-0.047805	251.240247	0.001153	30.6
364	-0.370796	250.915926	0.004409	28.2
365	-0.640648	250.592720	0.007298	30.2
366	-0.003564	250.270621	0.000313	30.4
367	-0.863945	249.949624	0.008476	30.5
368	-0.397600	249.629723	0.003921	33.3
369	-0.211336	249.310911	0.003711	35.0
370	-0.822835	248.993182	0.007091	31.3
371	-0.363964	248.676531	0.003326	33.8
372	-0.841976	248.360952	0.006938	30.2
373	-0.454560	248.046438	0.005675	30.8
374	-0.825066	247.732984	0.006390	32.2
375	-1.026178	247.420584	0.008192	29.4
376	-0.739987	247.109233	0.007430	29.1
377	0.000000	246.798924	0.000000	30.4
378	-0.528299	246.489652	0.006031	32.0
379	0.000000	246.181412	0.000000	32.0
380	-0.508072	245.874197	0.006974	31.8
381	-0.715655	245.568002	0.004896	30.6
382	0.000000	245.262822	0.000000	30.9
383	-0.511427	244.958652	0.004982	29.1
384	-0.633781	244.655485	0.005354	31.4
385	-0.774820	244.353317	0.005530	30.8
386	-0.264703	244.052142	0.004688	31.7
387	-0.590458	243.751955	0.005485	32.1
388	-0.831043	243.452750	0.008012	30.2
389	0.000000	243.154523	0.000000	31.4
390	-0.689698	242.857268	0.006496	30.1
391	-0.489927	242.560980	0.005435	29.8
392	-0.107985	242.265654	0.002954	28.1
393	-0.845573	241.971285	0.006766	30.5
394	-0.796309	241.677868	0.006130	30.7
395	-0.486801	241.385397	0.003548	34.3
396	-0.351854	241.093869	0.004130	31.4
397	0.000000	240.803278	0.000000	30.9
398	-0.608928	240.513619	0.006191	32.0
399	-0.434707	240.224887	0.006902	30.0
400	-0.026819	239.937077	0.000761	30.2
401	-0.816271	239.650186	0.005441	30.7
402	-0.842313	239.364207	0.006018	29.7
403	-0.003076	239.079136	0.001299	30.2
404	0.000000	238.794969	0.000000	30.8
405	0.000000	238.511701	0.000000	30.3
406	0.000000	238.229327	0.000000	32.0
407	-0.744664	237.947843	0.007523	29.2
408	-0.000000	237.667244	0.000000	33.5
409	-0.014949	237.387526	0.002369	33.8
410	0.000000	237.108684	0.000000	31.9
411	0.000000	236.830714	0.000000	28.6
412	0.000000	236.553610	0.000000	31.9
413	-0.782341	236.277370	0.005676	30.7
414	-0.014883	236.001989	0.000953	29.8
415	-0.880289	235.727461	0.007316	30.4
416	-0.610974	235.453784	0.005251	28.9
417	0.000000	235.180952	0.000000	32.2
418	-0.807617	234.908962	0.006797	29.3
419	-0.544232	234.637809	0.005491	30.9
420	-0.008592	234.367488	0.000000	31.1
421	-0.811722	234.097997	0.006003	31.2
422	0.000000	233.829331	0.000000	31.2
423	0.000000	233.561485	0.000000	31.6
424	-0.845074	233.294456	0.006376	31.3
425	-0.430534	233.028239	0.005214	30.5
426	-0.952808	232.762831	0.008111	30.2
427	-0.540245	232.498228	0.006654	30.2
428	0.000000	232.234425	0.000000	30.8
429	-0.312765	231.971419	0.006573	31.3
430	-0.039188	231.709205	0.001404	29.3
431	-0.833080	231.447781	0.007451	32.7
432	0.000000	231.187141	0.000000	29.5
433	0.000000	230.927283	0.000000	29.8
434	-0.802286	230.668202	0.007858	29.1
435	-0.761505	230.409895	0.007624	30.3
436	-0.576558	230.152358	0.007097	29.5
437	-0.844446	229.895587	0.008771	29.3
438	-0.399874	229.639578	0.005281	28.0
439	-0.919825	229.384329	0.006763	31.2
440	-0.518298	229.129834	0.006079	30.8
441	-0.653078	228.876091	0.004834	30.9
442	-0.883400	228.623096	0.005946	31.9
443	-0.044074	228.370846	0.000911	31.1
444	-0.378737	228.119336	0.003604	29.9
445	-0.243767	227.868563	0.002184	29.0
446	-0.569459	227.618525	0.004940	30.6
447	-0.000144	227.369216	0.000033	33.3
448	-0.733248	227.120635	0.006107	29.0
449	-0.732474	226.872777	0.005440	30.7
450	-0.516417	226.625638	0.005593	31.2
451	-0.073719	226.379217	0.001214	30.5
452	-0.350139	226.133509	0.004268	28.9
453	0.000000	225.888510	0.000000	29.8
454	-0.312818	225.644218	0.003620	31.7
455	-0.896126	225.400630	0.007760	30.7
456	-0.422011	225.157741	0.006310	29.7
457	-0.602427	224.915549	0.004835	29.9
458	0.000000	224.674051	0.000000	30.2
459	-0.854368	224.433242	0.006789	29.8
460	-0.240515	224.193121	0.005117	30.7
461	-0.000000	223.953684	0.000000	32.0
462	0.000000	223.714927	0.000000	29.3
463	0.000000	223.476848	0.000000	29.6
464	-0.781971	223.239444	0.007317	30.9
465	-0.676345	223.002710	0.005483	31.1
466	-0.458161	222.766645	0.006728	31.6
467	-0.631152	222.531245	0.006313	29.9
468	-0.668040	222.296508	0.004990	31.5
469	-0.592034	222.062429	0.004488	30.2
470	-0.286434	221.829007	0.004336	30.9
471	-0.513428	221.596238	0.005552	29.4
472	-0.840644	221.364119	0.006366	30.5
473	-0.455862	221.132647	0.007600	30.7
474	0.000000	220.901820	0.000000	30.3
475	-0.046431	220.671634	0.001295	31.1
476	-0.671292	220.442086	0.005712	29.9
477	-0.449843	220.213174	0.004467	28.6
478	-0.436591	219.984895	0.005328	30.2
479	-0.704687	219.757246	0.004432	29.9
480	-0.623672	219.530224	0.006391	30.7
481	-0.476104	219.303826	0.006995	30.0
482	-0.680666	219.078050	0.004846	29.9
483	0.000000	218.852893	0.000000	28.3
484	-0.003662	218.628352	0.000157	30.6
485	-0.136653	218.404424	0.001994	29.8
486	-0.720417	218.181106	0.008698	29.8
487	0.000000	217.958397	0.000000	31.3
488	-0.745579	217.736292	0.006671	29.9
489	-0.261889	217.514790	0.002728	29.6
490	-0.035743	217.293888	0.001586	30.0
491	-0.000029	217.073584	0.000001	30.0
492	-0.484536	216.853873	0.006358	30.5
493	-0.211395	216.634755	0.004422	30.1
494	-0.158579	216.416227	0.003076	30.0
495	0.000000	216.198285	0.000000	30.1
496	-0.126984	215.980927	0.002241	30.2
497	-0.828900	215.764151	0.006833	30.3
498	-0.253336	215.547955	0.003148	30.4
499	-0.679138	215.332335	0.007034	30.1
500	-0.575084	215.117289	0.006738	30.7
501	-0.658214	214.902815	0.006322	30.9
502	-0.102290	214.688911	0.003294	29.1
503	-0.979717	214.475573	0.006819	30.2
504	-0.799819	214.262800	0.004979	30.1
505	0.000000	214.050588	0.000000	29.9
506	-0.084344	213.838936	0.001556	30.2
507	-0.183561	213.627842	0.002295	30.2
508	-0.698129	213.417302	0.005178	29.1
509	-0.588747	213.207314	0.006356	30.8
510	-0.706749	212.997877	0.005695	30.1
511	-0.790692	212.788987	0.008062	32.5
512	-0.430733	212.580642	0.005630	29.4
513	-0.048483	212.372841	0.001131	32.5
514	0.000000	212.165581	0.000000	29.1
515	-0.759489	211.958859	0.005255	30.5
516	-0.951747	211.752673	0.006657	32.9
517	-0.355679	211.547021	0.005244	28.9
518	-0.051958	211.341902	0.002760	32.2
519	-0.001109	211.137311	0.000063	29.8
520	0.000000	210.933248	0.000000	30.9
521	-0.792117	210.729710	0.005836	28.1
522	-1.138916	210.526695	0.009242	29.9
523	-0.349473	210.324200	0.005018	30.2
524	-0.187930	210.122224	0.002891	31.6
525	-0.282802	209.920765	0.003185	31.0
526	-0.873921	209.719820	0.005748	29.7
527	-0.000041	209.519387	0.000063	28.9
528	-0.211920	209.319463	0.002786	30.1
529	-0.129098	209.120048	0.002133	30.0
530	-0.190069	208.921139	0.004516	30.4
531	-0.731142	208.722733	0.005139	29.9
532	-0.709720	208.524829	0.005454	30.2
533	0.000000	208.327425	0.000000	30.1
534	-0.663926	208.130518	0.005382	30.5
535	-0.670092	207.934107	0.005714	30.3
536	0.000000	207.738189	0.000000	31.7
537	0.000000	207.542762	0.000000	30.3
538	-0.000345	207.347825	0.000062	30.8
539	0.000000	207.153376	0.000000	31.3
540	-0.640525	206.959412	0.006558	31.1
541	0.000000	206.765932	0.000000	29.7
542	-0.488060	206.572933	0.004914	30.3
543	-0.846770	206.380414	0.004735	29.8
544	-0.023932	206.188373	0.001030	30.2
545	-0.417317	205.996807	0.005412	29.3
546	-0.541902	205.805716	0.006574	28.6
547	-0.487322	205.615096	0.006201	30.7
548	0.000000	205.424946	0.000000	30.9
549	-0.541344	205.235265	0.005537	30.2
550	-0.716720	205.046050	0.007457	29.0
551	-0.733091	204.857299	0.005439	29.6
552	-0.634438	204.669011	0.005280	27.0
553	-0.949566	204.481184	0.007835	31.1
554	-0.508744	204.293816	0.007167	30.0
555	-0.780458	204.106905	0.008630	30.5
556	-0.950433	203.920449	0.006403	30.0
557	-0.440321	203.734447	0.004536	28.9
558	0.000000	203.548896	0.000000	29.7
559	-0.832055	203.363795	0.007319	28.9
560	-0.973010	203.179143	0.006577	29.4
561	-0.668819	202.994937	0.006930	30.5
562	0.000000	202.811176	0.000000	28.7
563	-0.638543	202.627857	0.004212	30.2
564	-0.266013	202.444980	0.003366	29.6
565	-0.886501	202.262543	0.006661	31.5
566	-0.107527	202.080543	0.003331	29.7
567	-0.795488	201.898979	0.006008	29.7
568	-0.382727	201.717849	0.003597	28.0
569	-0.681968	201.537153	0.004735	31.0
570	-0.548378	201.356887	0.006041	30.5
571	-0.007074	201.177050	0.000938	31.3
572	0.000000	200.997642	0.000000	33.6
573	-0.941164	200.818659	0.006144	31.2
574	-0.531391	200.640100	0.006531	29.7
575	-0.455591	200.461965	0.005414	30.3
576	0.000000	200.284250	0.000000	27.8
577	-0.651113	200.106955	0.007008	30.7
578	-0.882960	199.930078	0.005160	30.0
579	-0.000745	199.753617	0.000024	30.6
580	-0.010260	199.577571	0.000446	28.9
581	-0.007079	199.401938	0.000176	30.6
582	-0.771837	199.226717	0.004590	30.6
583	-0.810512	199.051905	0.006374	30.6
584	-0.255206	198.877502	0.005348	32.3
585	0.000000	198.703506	0.000000	30.0
586	-0.429234	198.529916	0.004767	30.2
587	-0.624764	198.356729	0.007737	28.7
588	-0.499032	198.183944	0.006503	29.6
589	-0.255693	198.011560	0.003453	29.6
590	-0.434456	197.839576	0.006227	30.1
591	-0.149808	197.667989	0.002728	29.5
592	0.000000	197.496798	0.000000	28.4
593	-0.727263	197.326002	0.006980	29.4
594	-0.000157	197.155600	0.000135	29.0
595	-0.540238	196.985589	0.005143	31.1
596	-0.226027	196.815969	0.003272	29.6
597	-0.456540	196.646738	0.006707	29.5
598	-0.745386	196.477894	0.004573	30.5
599	0.000000	196.309436	0.000000	29.3
600	-0.001968	196.141363	0.000060	30.7
601	-0.853144	195.973673	0.005807	32.5
602	-0.986475	195.806365	0.006856	28.9
603	0.000000	195.639437	0.000000	31.2
604	-0.342257	195.472888	0.002677	29.1
605	-0.928979	195.306717	0.006818	30.3
606	-0.039209	195.140922	0.000585	30.5
607	0.000000	194.975501	0.000000	30.9
608	0.000000	194.810454	0.000000	30.9
609	-0.794644	194.645779	0.004875	29.9
610	-0.931953	194.481475	0.007639	30.5
611	-0.575785	194.317540	0.005836	29.3
612	-0.569074	194.153973	0.004603	28.9
613	-0.182358	193.990773	0.002097	31.2
614	0.000000	193.827938	0.000000	29.6
615	0.000000	193.665467	0.000000	30.7
616	0.000000	193.503358	0.000000	30.3
617	-0.846981	193.341611	0.005734	31.7
618	-0.072246	193.180224	0.002300	29.2
619	-0.238177	193.019196	0.005613	29.6
620	-0.310445	192.858525	0.002864	31.4
621	-0.294741	192.698210	0.003556	31.5
622	-0.869422	192.538251	0.006942	31.1
623	-0.004881	192.378644	0.000190	32.9
624	-0.548776	192.219391	0.006499	31.2
625	-0.748157	192.060488	0.006163	28.7
626	-0.634086	191.901935	0.007037	31.0
627	-0.497013	191.743730	0.007057	30.9
628	-0.133448	191.585873	0.003099	29.9
629	-0.689448	191.428362	0.005918	30.1
630	-0.710574	191.271196	0.004945	30.4
631	0.000000	191.114374	0.000000	29.8
632	-0.971884	190.957893	0.006720	33.1
633	-0.801750	190.801755	0.007872	28.4
634	-0.338082	190.645956	0.005714	31.2
635	-0.922242	190.490495	0.007043	29.5
636	-0.033425	190.335373	0.000177	29.7
637	-0.618633	190.180587	0.006725	30.6
638	-0.613852	190.026136	0.005348	30.3
639	-0.000000	189.872019	0.000000	31.1
640	0.000000	189.718235	0.000000	30.1
641	-0.726804	189.564782	0.006232	30.3
642	-0.053577	189.411661	0.000536	30.9
643	-0.651678	189.258868	0.008687	29.3
644	-0.418801	189.106404	0.004114	30.0
645	-0.144943	188.954267	0.002229	30.4
646	-0.809654	188.802456	0.005354	29.9
647	-0.787212	188.650969	0.004494	31.5
648	-0.787852	188.499807	0.005455	29.6
649	0.000000	188.348967	0.000000	29.7
650	-0.267261	188.198448	0.003675	30.2
651	-0.253284	188.048250	0.003912	31.5
652	-0.718654	187.898371	0.007382	29.9
653	-0.075961	187.748810	0.002256	31.4
654	-0.577736	187.599566	0.006547	29.9
655	0.000000	187.450638	0.000000	31.4
656	-0.663646	187.302025	0.005192	28.3
657	0.000000	187.153725	0.000000	29.9
658	-0.835400	187.005739	0.007372	28.5
659	-0.690390	186.858064	0.007427	29.7
660	-0.874818	186.710699	0.006898	29.5
661	-0.354604	186.563645	0.003413	30.3
662	0.000000	186.416898	0.000000	29.5
663	0.000000	186.270459	0.000000	30.5
664	-0.702770	186.124326	0.004069	29.9
665	-0.525412	185.978499	0.005476	30.4
666	-1.000444	185.832976	0.007563	28.8
667	-0.565938	185.687756	0.006441	28.8
668	-0.869053	185.542838	0.007418	30.2
669	-0.820816	185.398222	0.005131	29.7
670	-0.946156	185.253906	0.008018	30.2
671	0.000000	185.109889	0.000000	30.1
672	-0.705777	184.966170	0.005795	30.5
673	0.000000	184.822748	0.000000	28.6
674	0.000000	184.679623	0.000000	30.8
675	-0.433063	184.536792	0.006087	30.0
676	-0.551304	184.394256	0.006920	30.4
677	-0.357646	184.252013	0.002836	29.9
678	0.000000	184.110062	0.000000	30.6
679	-0.764641	183.968403	0.006166	29.2
680	-0.892342	183.827034	0.007122	28.8
681	-0.373701	183.685954	0.006392	30.4
682	-0.496621	183.545163	0.005296	29.7
683	-0.024418	183.404658	0.000723	30.8
684	-0.162964	183.264441	0.002384	28.8
685	-0.567321	183.124509	0.005508	27.9
686	-0.470314	182.984861	0.005088	31.5
687	-0.691514	182.845497	0.007769	28.3
688	0.000000	182.706416	0.000000	30.1
689	0.000000	182.567616	0.000000	29.2
690	0.000000	182.429098	0.000000	31.5
691	-0.496410	182.290859	0.004810	30.0
692	-0.343762	182.152899	0.003141	30.9
693	-0.648396	182.015217	0.006754	30.7
694	-0.473974	181.877813	0.004040	30.8
695	0.000000	181.740684	0.000000	29.1
696	-0.479469	181.603832	0.004756	28.5
697	0.000000	181.467253	0.000000	31.7
698	-0.274005	181.330948	0.003134	30.9
699	-0.245129	181.194916	0.002327	30.2
700	-0.703486	181.059155	0.006227	31.7
701	0.000000	180.923666	0.000000	29.6
702	-1.044726	180.788446	0.007634	30.9
703	0.000000	180.653496	0.000000	28.7
704	-0.800521	180.518814	0.007669	31.8
705	-0.211824	180.384399	0.003837	30.5
706	-0.157047	180.250251	0.003199	30.0
707	-0.804204	180.116369	0.007515	29.3
708	-0.913071	179.982752	0.006108	31.5
709	-0.540072	179.849398	0.005732	27.1
710	-0.639429	179.716308	0.006687	29.1
711	-0.661880	179.583480	0.006570	30.6
712	-0.736900	179.450913	0.006019	29.3
713	-0.583358	179.318607	0.006073	31.1
714	-0.667896	179.186561	0.006805	29.2
715	-0.537313	179.054774	0.003889	28.7
716	-0.845618	178.923245	0.006420	31.2
717	-0.144705	178.791973	0.003261	31.0
718	-0.711354	178.660958	0.008169	31.4
719	-0.616517	178.530199	0.005882	29.9
720	-0.915757	178.399694	0.006757	31.2
721	0.000000	178.269444	0.000000	27.7
722	-0.514026	178.139447	0.005151	30.7
723	-0.474963	178.009702	0.007456	30.7
724	-0.039681	177.880209	0.000817	29.6
725	-0.445554	177.750967	0.005274	31.7
726	-0.557478	177.621975	0.006428	31.1
727	-0.634947	177.493232	0.004303	30.5
728	-0.220341	177.364738	0.002765	31.0
729	-0.752034	177.236492	0.007408	31.7
730	-0.895545	177.108492	0.005750	29.6
731	-0.902786	176.980739	0.007488	31.4
732	-0.052351	176.853231	0.001750	31.2
733	-0.721451	176.725968	0.006898	30.0
734	-0.468824	176.598949	0.006486	28.8
735	-0.104516	176.472173	0.001807	28.5
736	-0.485650	176.345639	0.005488	30.8
737	-0.258256	176.219348	0.003230	30.3
738	0.000000	176.093296	0.000000	29.9
739	-0.425501	175.967486	0.006395	28.2
740	-0.222148	175.841914	0.002134	30.1
741	-0.702166	175.716581	0.005268	30.3
742	0.000000	175.591486	0.000000	30.4
743	-0.385839	175.466629	0.005919	29.8
744	-0.784750	175.342008	0.005555	29.9
745	0.000000	175.217622	0.000000	29.4
746	-0.732311	175.093472	0.007180	31.0
747	-0.306322	174.969556	0.003644	32.1
748	-0.878400	174.845873	0.005989	30.5
749	-0.900440	174.722423	0.008755	30.2
750	-0.913784	174.599206	0.006341	30.1
751	-0.013744	174.476220	0.000602	29.7
752	-0.680592	174.353464	0.007863	28.0
753	-0.071551	174.230939	0.001045	28.7
754	-0.477691	174.108643	0.004031	30.2
755	-0.151710	173.986576	0.003015	29.7
756	-0.860333	173.864737	0.005720	28.2
757	-0.081852	173.743124	0.002391	34.6
758	-0.273471	173.621739	0.004483	29.6
759	0.000000	173.500579	0.000000	28.7
760	-0.238112	173.379645	0.003341	31.1
761	0.000000	173.258935	0.000000	30.8
762	-0.898381	173.138449	0.007469	30.4
763	-0.050800	173.018186	0.001451	30.4
764	-0.453552	172.898146	0.007414	27.4
765	-0.421319	172.778327	0.005300	31.1
766	-0.898682	172.658730	0.007594	30.0
767	-0.047592	172.539353	0.000539	29.2
768	-0.589304	172.420196	0.005060	28.2
769	0.000000	172.301258	0.000000	30.4
770	-0.541090	172.182539	0.005999	30.3
771	-0.396050	172.064037	0.003418	29.9
772	-0.419640	171.945753	0.004747	31.2
773	-0.749337	171.827686	0.006781	29.3
774	-0.684381	171.709834	0.006248	30.1
775	0.000000	171.592198	0.000000	29.1
776	-0.802101	171.474776	0.005192	30.4
777	-0.082975	171.357568	0.002149	30.1
778	-0.377607	171.240574	0.004952	28.7
779	0.000000	171.123793	0.000000	31.0
780	-0.643676	171.007223	0.006545	34.0
781	-0.735124	170.890865	0.006468	29.6
782	-0.008701	170.774718	0.000241	31.5
783	0.000000	170.658782	0.000000	30.4
784	-0.453468	170.543055	0.005788	30.8
785	-0.013343	170.427537	0.001190	30.3
786	-0.026270	170.312227	0.001161	30.4
787	-0.819875	170.197125	0.007053	30.3
788	-0.075243	170.082231	0.002058	32.4
789	-0.791541	169.967543	0.006097	27.7
790	-0.895573	169.853061	0.007223	30.0
791	-0.133573	169.738784	0.003411	31.2
792	-0.852754	169.624713	0.006278	29.7
793	0.000000	169.510845	0.000000	30.5
794	-0.273763	169.397181	0.003787	31.7
795	-0.412776	169.283720	0.003764	33.0
796	-0.642466	169.170462	0.005749	29.8
797	0.000000	169.057405	0.000000	30.3
798	-0.815952	168.944549	0.004819	29.2
799	0.000000	168.831895	0.000000	28.6
800	-0.706684	168.719440	0.005055	29.5
801	0.000000	168.607185	0.000000	30.1
802	-0.028290	168.495129	0.000208	29.1
803	-0.396441	168.383271	0.005306	30.0
804	-0.008409	168.271611	0.000638	32.8
805	-0.795228	168.160148	0.005177	29.8
806	-0.586159	168.048882	0.004973	29.8
807	-0.689000	167.937812	0.005022	29.8
808	-0.887370	167.826938	0.005323	29.6
809	-0.633114	167.716258	0.006624	29.2
810	-0.403191	167.605773	0.004299	28.7
811	-0.760213	167.495482	0.006055	30.4
812	-0.693837	167.385384	0.006828	29.8
813	-0.053446	167.275479	0.001857	30.6
814	-0.665938	167.165766	0.005182	30.7
815	-0.838989	167.056245	0.005478	30.7
816	-0.117904	166.946915	0.001134	30.3
817	0.000000	166.837776	0.000000	30.8
818	-0.889587	166.728826	0.007358	31.1
819	0.000000	166.620067	0.000000	28.7
820	-0.905483	166.511496	0.006039	29.4
821	0.000000	166.403113	0.000000	30.1
822	0.000000	166.294919	0.000000	33.9
823	-0.662945	166.186912	0.005989	30.6
824	-0.866413	166.079091	0.006113	31.3
825	-0.477868	165.971458	0.003451	28.4
826	-0.446234	165.864009	0.004892	29.5
827	-0.030610	165.756747	0.000921	29.3
828	-0.844185	165.649669	0.004970	29.5
829	-0.171710	165.542775	0.002700	30.1
830	0.000000	165.436065	0.000000	30.7
831	-0.423211	165.329538	0.005776	29.3
832	-0.960921	165.223194	0.006720	28.7
833	-0.005222	165.117032	0.000738	29.2
834	-0.563701	165.011052	0.007314	29.6
835	-0.895112	164.905253	0.007831	28.7
836	0.000000	164.799635	0.000000	30.2
837	-0.837605	164.694197	0.006512	30.8
838	-0.809423	164.588939	0.006445	31.1
839	-0.214693	164.483859	0.004078	30.4
840	-0.001401	164.378959	0.000222	30.8
841	-0.811264	164.274237	0.005727	30.1
842	-0.043506	164.169692	0.002295	28.1
843	-0.458447	164.065325	0.005667	30.5
844	-0.691886	163.961135	0.007440	29.5
845	-0.598676	163.857120	0.006458	30.9
846	-0.735581	163.753282	0.006223	31.0
847	-0.158832	163.649619	0.002140	30.2
848	-0.000033	163.546130	0.000013	28.8
849	-0.787468	163.442816	0.004473	29.5
850	-0.287242	163.339676	0.004166	29.1
851	-0.764970	163.236709	0.005786	31.7
852	-0.620574	163.133915	0.006124	32.5
853	-0.000000	163.031294	0.000000	30.0
854	0.000000	162.928844	0.000000	28.8
855	0.000000	162.826566	0.000000	29.4
856	0.000000	162.724459	0.000000	29.1
857	0.000000	162.622523	0.000000	28.8
858	-0.931825	162.520757	0.005935	29.9
859	-0.370446	162.419160	0.004255	29.5
860	-0.775024	162.317733	0.008114	30.3
861	-0.893699	162.216474	0.005323	30.1
862	0.000000	162.115383	0.000000	31.4
863	-0.755002	162.014461	0.004947	30.1
864	0.000000	161.913705	0.000000	29.3
865	-0.000000	161.813117	0.000000	29.9
866	0.000000	161.712695	0.000000	30.8
867	-0.485526	161.612439	0.006201	30.8
868	-0.851332	161.512349	0.006532	29.5
869	-0.806296	161.412424	0.008264	31.0
870	0.000000	161.312663	0.000000	30.4
871	-0.001614	161.213067	0.000282	28.6
872	-0.312215	161.113635	0.004781	29.8
873	-0.652088	161.014366	0.005576	29.6
874	-0.626706	160.915260	0.004780	31.6
875	0.000000	160.816316	0.000000	28.2
876	-0.918132	160.717535	0.006532	28.9
877	-0.707419	160.618915	0.006408	29.1
878	-0.757222	160.520456	0.006037	32.6
879	-0.500365	160.422158	0.003334	31.1
880	-0.645143	160.324021	0.006678	30.3
881	-1.088143	160.226043	0.006779	32.9
882	-0.856531	160.128225	0.005567	29.6
883	-0.014879	160.030566	0.000438	30.8
884	-0.016324	159.933066	0.001147	28.8
885	-0.192678	159.835723	0.005675	29.9
886	-0.462290	159.738539	0.006331	29.9
887	-0.586443	159.641512	0.004920	29.9
888	-0.733236	159.544642	0.005660	30.6
889	-0.827950	159.447929	0.005243	30.2
890	-0.754411	159.351372	0.004219	29.9
891	-0.379313	159.254971	0.004695	30.3
892	-0.138631	159.158725	0.002988	29.9
893	-0.288158	159.062634	0.002972	30.7
894	-0.401289	158.966697	0.004972	28.4
895	-0.000007	158.870915	0.000008	29.2
896	-0.425424	158.775286	0.003903	28.6
897	-0.691855	158.679811	0.005052	30.3
898	0.000000	158.584489	0.000000	30.4
899	-0.004444	158.489319	0.000552	29.9
900	-0.852706	158.394302	0.005900	29.5
901	0.000000	158.299436	0.000000	28.4
902	-0.578002	158.204721	0.006082	28.8
903	-0.885684	158.110158	0.008324	30.4
904	-0.919587	158.015745	0.007556	31.2
905	-0.702235	157.921482	0.007403	29.1
906	-0.139640	157.827369	0.002199	30.7
907	-0.433416	157.733406	0.003419	30.5
908	-0.193670	157.639591	0.002466	30.3
909	-0.536013	157.545925	0.006424	29.9
910	-0.342262	157.452408	0.004832	29.5
911	-0.664283	157.359038	0.007561	29.4
912	-0.578777	157.265816	0.006968	28.7
913	-0.763346	157.172741	0.005261	33.2
914	-0.387825	157.079813	0.004872	31.3
915	-0.000004	156.987031	0.000000	30.4
916	-0.433578	156.894395	0.005214	29.9
917	-0.533285	156.801904	0.005695	30.4
918	-0.339078	156.709559	0.005081	29.1
919	-0.024962	156.617359	0.000205	29.8
920	-0.744942	156.525304	0.006498	30.3
921	-0.790427	156.433392	0.005457	31.4
922	-0.196337	156.341624	0.003350	32.7
923	-0.512171	156.250000	0.005877	31.3
924	-0.339011	156.158519	0.003496	29.0
925	-0.457144	156.067180	0.004872	29.1
926	-0.024393	155.975984	0.001731	28.6
927	0.000000	155.884930	0.000000	30.7
928	-0.769294	155.794017	0.005645	33.8
929	-0.991306	155.703246	0.006943	31.5
930	-0.405833	155.612615	0.003692	35.6
931	-0.586668	155.522125	0.005531	31.2
932	-0.852962	155.431775	0.006815	29.6
933	-0.777949	155.341565	0.007261	30.3
934	-0.844686	155.251495	0.005599	29.7
935	-0.477077	155.161563	0.005603	32.4
936	-0.941144	155.071771	0.007938	30.2
937	-0.769267	154.982117	0.006289	29.9
938	-0.643493	154.892601	0.005833	31.0
939	-0.821022	154.803222	0.004967	29.1
940	-0.414013	154.713981	0.005822	32.2
941	0.000000	154.624878	0.000000	31.9
942	-0.903038	154.535910	0.006249	28.9
943	-0.000003	154.447080	0.000005	29.8
944	-0.332273	154.358385	0.003451	30.1
945	-0.484782	154.269826	0.006360	31.8
946	-0.158827	154.181402	0.001986	29.6
947	-0.534142	154.093114	0.004266	29.3
948	-0.685983	154.004960	0.006106	30.0
949	-0.315982	153.916940	0.004272	30.1
950	0.000000	153.829054	0.000000	30.5
951	0.000000	153.741303	0.000000	29.6
952	-0.298249	153.653684	0.005072	29.2
953	-0.869492	153.566198	0.006526	30.9
954	-0.056936	153.478846	0.002481	30.5
955	-0.796713	153.391625	0.006170	29.7
956	0.000000	153.304537	0.000000	31.4
957	-0.690070	153.217580	0.005795	30.0
958	0.000000	153.130755	0.000000	28.9
959	-0.674060	153.044061	0.004063	31.3
960	0.000000	152.957498	0.000000	28.6
961	-0.856588	152.871065	0.006125	30.5
962	-0.496377	152.784762	0.006111	29.5
963	-0.788704	152.698589	0.005605	29.4
964	-0.590786	152.612545	0.006567	28.9
965	-0.666390	152.526631	0.007012	29.9
966	-0.844402	152.440845	0.008255	28.8
967	0.000000	152.355188	0.000000	30.9
968	-0.478638	152.269660	0.004653	29.4
969	-0.428975	152.184259	0.004912	30.6
970	-0.293070	152.098986	0.005200	29.0
971	0.000000	152.013840	0.000000	29.9
972	-0.610342	151.928821	0.006272	29.3
973	-1.108092	151.843928	0.006875	30.8
974	-0.782743	151.759163	0.007322	29.0
975	0.000000	151.674523	0.000000	28.7
976	-0.658887	151.590009	0.006209	29.9
977	-0.785896	151.505620	0.005863	29.9
978	-0.022721	151.421357	0.001160	30.7
979	-0.761890	151.337218	0.004468	31.5
980	0.000000	151.253204	0.000000	29.9
981	-0.314523	151.169314	0.005411	30.7
982	0.000000	151.085549	0.000000	30.9
983	-0.285531	151.001907	0.003327	29.4
984	-0.724210	150.918388	0.004748	31.8
985	-0.762882	150.834992	0.005060	29.4
986	0.000000	150.751719	0.000000	31.6
987	-0.655512	150.668569	0.005466	30.5
988	-0.861171	150.585541	0.008793	30.1
989	-0.573244	150.502634	0.005562	27.8
990	-0.564919	150.419849	0.005428	30.2
991	0.000000	150.337186	0.000000	30.3
992	0.000000	150.254644	0.000000	30.0
993	0.000000	150.172222	0.000000	30.2
994	-0.705421	150.089921	0.006133	30.4
995	-0.320682	150.007740	0.002687	29.8
996	-0.328286	149.925679	0.003387	30.0
997	-0.744877	149.843737	0.005896	31.3
998	-0.137087	149.761915	0.002186	31.2
999	-0.001618	149.680212	0.000057	33.0
1000	-0.680644	149.598627	0.006169	30.4
1001	-0.918071	149.517161	0.006577	31.6
1002	0.000000	149.435814	0.000000	29.8
1003	0.000000	149.354584	0.000000	30.0
1004	-0.348222	149.273472	0.003470	29.3
1005	-0.925827	149.192477	0.006346	30.6
1006	-0.701275	149.111599	0.006644	29.7
1007	-0.922535	149.030838	0.005815	32.1
1008	-0.563801	148.950194	0.006692	30.9
1009	-0.936819	148.869666	0.006108	29.3
1010	0.000000	148.789253	0.000000	30.9
1011	-0.750804	148.708957	0.006718	29.9
1012	-0.208461	148.628776	0.002631	30.8
1013	-0.000000	148.548710	0.000000	29.2
1014	-0.801266	148.468759	0.004897	31.5
1015	-0.847921	148.388923	0.006097	30.0
1016	0.000000	148.309201	0.000000	30.5
1017	-0.584375	148.229594	0.008554	29.9
1018	-0.850587	148.150100	0.005497	31.2
1019	0.000000	148.070719	0.000000	31.7
1020	-0.047426	147.991452	0.001113	30.2
1021	-0.069824	147.912298	0.000342	29.1
1022	-0.346346	147.833257	0.004384	30.4
1023	-0.716952	147.754329	0.005378	29.5
1024	-0.843897	147.675512	0.005800	29.3
1025	-0.005595	147.596808	0.000271	30.7
1026	-0.547264	147.518216	0.007573	29.3
1027	-0.805587	147.439735	0.007999	28.3
1028	-0.706373	147.361365	0.005388	32.1
1029	-0.890371	147.283106	0.006373	29.3
1030	-0.804028	147.204958	0.007867	29.7
1031	-0.000196	147.126920	0.000010	29.3
1032	0.000000	147.048993	0.000000	29.2
1033	-0.002048	146.971175	0.000133	27.5
1034	-0.224695	146.893468	0.003461	31.0
1035	0.000000	146.815869	0.000000	29.9
1036	-0.782782	146.738380	0.004792	30.3
1037	-0.825780	146.661000	0.005957	30.3
1038	-0.353042	146.583729	0.002460	28.6
1039	-0.816421	146.506566	0.007304	31.1
1040	-0.007916	146.429511	0.000061	31.8
1041	-0.519577	146.352565	0.007208	30.6
1042	-0.545961	146.275726	0.005862	29.5
1043	-0.408479	146.198994	0.007415	29.5
1044	-0.816823	146.122370	0.007246	28.7
1045	0.000000	146.045853	0.000000	30.2
1046	-0.887562	145.969442	0.006229	29.6
1047	-0.515944	145.893139	0.004359	29.6
1048	0.000000	145.816941	0.000000	29.4
1049	-0.754132	145.740849	0.004036	31.2
1050	-0.249049	145.664863	0.005778	29.0
1051	-0.339497	145.588983	0.002935	30.0
1052	-1.020181	145.513208	0.008663	29.2
1053	-1.010151	145.437538	0.006463	30.6
1054	0.000000	145.361973	0.000000	30.9
1055	-0.006596	145.286513	0.000510	29.3
1056	0.000000	145.211157	0.000000	28.0
1057	-0.730134	145.135905	0.005447	30.2
1058	-0.653041	145.060757	0.007042	29.4
1059	0.000000	144.985712	0.000000	29.2
1060	-0.481368	144.910771	0.004098	29.6
1061	-0.276017	144.835934	0.004496	30.9
1062	-0.028406	144.761199	0.004045	29.8
1063	-0.413721	144.686567	0.002421	28.7
1064	-0.507286	144.612037	0.005335	30.7
1065	-0.773770	144.537610	0.006694	26.8
1066	0.000000	144.463285	0.000000	31.4
1067	-0.240307	144.389062	0.003329	30.4
1068	-0.643542	144.314940	0.005202	32.6
1069	-0.630591	144.240920	0.007692	31.7
1070	-0.217786	144.167001	0.004031	30.4
1071	-0.000000	144.093182	0.000000	35.8
1072	-0.552490	144.019465	0.006683	34.7
1073	-0.410024	143.945848	0.005327	31.6
1074	0.000000	143.872331	0.000000	33.6
1075	-0.536110	143.798914	0.004970	34.1
1076	-0.041236	143.725597	0.001777	30.4
1077	-0.763422	143.652380	0.005173	32.3
1078	-0.524011	143.579262	0.005155	32.1
1079	-0.521804	143.506243	0.006542	33.0
1080	-0.895512	143.433323	0.007097	30.7
1081	0.000000	143.360502	0.000000	31.1
1082	-0.090446	143.287780	0.002259	29.9
1083	-0.389366	143.215155	0.005041	32.5
1084	-0.827309	143.142629	0.006155	33.3
1085	-0.788243	143.070201	0.005356	30.1
1086	-0.547899	142.997870	0.005825	29.6
1087	0.000000	142.925637	0.000000	30.6
1088	-0.657782	142.853501	0.007503	29.8
1089	-0.701607	142.781462	0.004317	30.2
1090	-0.338615	142.709519	0.004899	27.6
1091	-0.322109	142.637674	0.004521	30.3
1092	0.000000	142.565924	0.000000	29.5
1093	0.000000	142.494271	0.000000	32.3
1094	0.000000	142.422714	0.000000	29.0
1095	-0.233694	142.351252	0.002722	32.3
1096	-0.227870	142.279886	0.002556	29.3
1097	-0.000088	142.208616	0.000023	29.7
1098	-0.797156	142.137440	0.008279	29.4
1099	-1.092272	142.066360	0.009124	31.9
1100	-1.099272	141.995374	0.008868	30.8
1101	-0.579461	141.924483	0.005121	32.2
1102	-0.676305	141.853685	0.005618	30.1
1103	-0.022979	141.782983	0.001018	29.8
1104	-0.910939	141.712373	0.008052	28.9
1105	0.000000	141.641858	0.000000	29.3
1106	-0.363240	141.571436	0.004851	30.1
1107	0.000000	141.501108	0.000000	27.6
1108	-0.005760	141.430872	0.001794	28.9
1109	-0.083297	141.360730	0.002567	30.5
1110	-0.001477	141.290680	0.000083	29.9
1111	-0.463738	141.220722	0.005157	28.2
1112	-0.038252	141.150857	0.000667	29.5
1113	-0.834100	141.081084	0.005920	29.3
1114	-0.605293	141.011403	0.006466	30.6
1115	0.000000	140.941813	0.000000	31.2
1116	-0.000000	140.872315	0.000000	30.3
1117	-0.891226	140.802909	0.005488	30.8
1118	-1.103638	140.733593	0.007792	30.2
1119	-0.133272	140.664369	0.001960	29.4
1120	0.000000	140.595235	0.000000	28.5
1121	0.000000	140.526192	0.000000	30.3
1122	0.000000	140.457239	0.000000	33.0
1123	0.000000	140.388376	0.000000	30.2
1124	-0.796019	140.319603	0.006472	31.1
1125	-0.502298	140.250920	0.006742	31.1
1126	-0.779724	140.182326	0.007525	30.4
1127	0.000000	140.113822	0.000000	27.9
1128	0.000000	140.045407	0.000000	30.2
1129	-0.473963	139.977081	0.005489	31.4
1130	0.000000	139.908844	0.000000	30.3
1131	-0.583395	139.840696	0.003502	30.9
1132	0.000000	139.772635	0.000000	29.6
1133	-0.526972	139.704664	0.006367	29.0
1134	0.000000	139.636780	0.000000	31.4
1135	-0.799513	139.568984	0.006649	29.8
1136	-0.719416	139.501276	0.007391	30.7
1137	-0.573365	139.433655	0.006506	30.4
1138	-0.940412	139.366122	0.008995	37.8
1139	0.000000	139.298676	0.000000	30.4
1140	-0.624389	139.231317	0.007116	31.1
1141	-0.744251	139.164045	0.004969	31.2
1142	-0.680592	139.096859	0.006356	32.3
1143	-0.563094	139.029760	0.006336	30.0
1144	0.000000	138.962747	0.000000	29.9
1145	-0.279869	138.895820	0.002095	29.1
1146	-0.844100	138.828978	0.005238	29.2
1147	-0.072880	138.762223	0.001312	29.6
1148	0.000000	138.695553	0.000000	30.9
1149	-0.000000	138.628969	0.000000	30.0
1150	-0.728745	138.562469	0.007238	30.2
1151	-0.653999	138.496055	0.004303	30.6
1152	-0.707899	138.429725	0.006872	31.8
1153	-0.713534	138.363481	0.007592	30.7
1154	-0.902438	138.297320	0.007578	31.1
1155	-0.918648	138.231244	0.006946	28.5
1156	-0.728955	138.165252	0.006464	31.0
1157	-0.931829	138.099344	0.008613	28.3
1158	-0.584715	138.033520	0.006405	31.4
1159	-0.654533	137.967779	0.006150	29.8
1160	0.000000	137.902122	0.000000	30.9
1161	-0.439604	137.836548	0.003770	28.6
1162	-0.859253	137.771057	0.005553	30.0
1163	-0.684257	137.705649	0.004742	29.9
1164	-0.415895	137.640324	0.006261	30.5
1165	-0.374367	137.575081	0.003608	30.2
1166	-0.368032	137.509921	0.004563	30.8
1167	0.000000	137.444842	0.000000	29.5
1168	-0.785037	137.379846	0.004597	28.9
1169	-0.573988	137.314932	0.006113	30.6
1170	-0.516172	137.250100	0.005686	30.8
1171	-0.453988	137.185349	0.003210	30.5
1172	-0.795701	137.120680	0.004728	28.5
1173	0.000000	137.056092	0.000000	29.4
1174	-0.491954	136.991585	0.004327	29.2
1175	-0.447981	136.927158	0.003394	31.2
1176	-0.360513	136.862813	0.004839	30.3
1177	-0.498172	136.798548	0.003811	30.4
1178	-0.608667	136.734363	0.004132	30.1
1179	-0.961158	136.670259	0.007340	33.1
1180	-0.088721	136.606235	0.001305	29.3
1181	-0.793331	136.542291	0.007699	32.2
1182	-0.055569	136.478426	0.002154	29.7
1183	-0.000452	136.414641	0.000652	32.2
1184	-0.696732	136.350936	0.004350	30.9
1185	-0.809358	136.287310	0.006805	33.2
1186	-0.349214	136.223763	0.002808	29.1
1187	-0.551103	136.160295	0.006604	29.7
1188	-0.216546	136.096905	0.002792	27.5
1189	-0.598142	136.033594	0.004859	30.6
1190	0.000000	135.970362	0.000000	29.2
1191	-0.785203	135.907208	0.006640	30.3
1192	-0.690786	135.844133	0.004416	29.8
1193	-0.987721	135.781135	0.006104	28.3
1194	-0.583578	135.718215	0.004712	30.5
1195	-0.125573	135.655373	0.003221	30.2
1196	-0.408960	135.592608	0.005833	30.6
1197	-0.064168	135.529921	0.003235	30.5
1198	0.000000	135.467311	0.000000	28.5
1199	-0.001234	135.404778	0.000193	30.2
1200	-0.826877	135.342322	0.006086	30.4
1201	-0.539368	135.279942	0.004682	30.6
1202	-0.021337	135.217640	0.000402	28.9
1203	-0.344252	135.155413	0.002762	28.8
1204	-0.022178	135.093263	0.000604	29.6
1205	-0.119708	135.031190	0.003921	30.1
1206	-0.669745	134.969192	0.006061	31.8
1207	-0.894239	134.907270	0.005116	33.0
1208	-0.614658	134.845424	0.005712	29.7
1209	-0.131574	134.783653	0.003189	30.9
1210	-0.904078	134.721958	0.005401	29.7
1211	-0.084949	134.660338	0.001910	30.8
1212	-0.778786	134.598793	0.006102	31.5
1213	-0.861789	134.537323	0.006922	30.5
1214	-0.797074	134.475927	0.007371	30.8
1215	-0.590560	134.414607	0.005953	30.7
1216	-0.710112	134.353361	0.007053	30.2
1217	-0.770336	134.292189	0.007087	30.2
1218	-0.817429	134.231092	0.005437	30.1
1219	-0.247335	134.170068	0.002094	29.8
1220	-0.834381	134.109119	0.006748	30.4
1221	-0.800918	134.048243	0.005649	30.5
1222	-0.518471	133.987441	0.006057	29.6
1223	-0.854316	133.926713	0.006904	29.8
1224	-0.385681	133.866057	0.004466	28.4
1225	-0.001044	133.805475	0.000063	30.0
1226	-0.241717	133.744966	0.003622	31.5
1227	0.000000	133.684530	0.000000	30.1
1228	-0.932838	133.624167	0.006604	29.1
1229	0.000000	133.563877	0.000000	28.5
1230	-0.587808	133.503658	0.005760	30.2
1231	-0.333592	133.443513	0.005194	28.2
1232	-0.761939	133.383439	0.006861	31.0
1233	-0.633599	133.323437	0.005886	30.1
1234	-0.846845	133.263508	0.006817	31.9
1235	0.000000	133.203650	0.000000	28.2
1236	-0.685676	133.143864	0.004757	30.0
1237	-0.811054	133.084149	0.006767	30.6
1238	0.000000	133.024506	0.000000	29.3
1239	-0.758920	132.964934	0.004655	30.3
1240	-0.842219	132.905433	0.006295	30.6
1241	-0.780977	132.846003	0.006065	34.3
1242	0.000000	132.786643	0.000000	27.8
1243	-0.819813	132.727355	0.005092	30.8
1244	-0.657086	132.668137	0.004852	31.4
1245	-0.184072	132.608989	0.002800	30.8
1246	-0.579291	132.549912	0.006024	30.7
1247	-0.466771	132.490904	0.004391	29.8
1248	-0.589807	132.431967	0.006725	30.3
1249	0.000000	132.373100	0.000000	29.8
1250	-0.911986	132.314302	0.006516	30.3
1251	-0.532266	132.255574	0.006563	29.6
1252	-0.706671	132.196916	0.006620	29.5
1253	-0.667175	132.138326	0.006258	28.8
1254	-0.629675	132.079806	0.007093	28.9
1255	0.000000	132.021355	0.000000	30.0
1256	-0.729568	131.962973	0.006764	29.8
1257	-0.510949	131.904660	0.006442	32.5
1258	-0.331838	131.846415	0.003639	30.2
1259	-0.784340	131.788239	0.006223	29.0
1260	-0.693148	131.730131	0.007677	32.2
1261	-0.000845	131.672092	0.000043	30.6
1262	-0.628656	131.614121	0.007484	33.1
1263	-0.917416	131.556217	0.006383	30.4
1264	-0.373696	131.498382	0.002680	30.9
1265	-0.254233	131.440614	0.005707	30.1
1266	-0.839188	131.382914	0.005510	31.2
1267	-0.805484	131.325282	0.005393	29.4
1268	0.000000	131.267717	0.000000	30.3
1269	-0.771734	131.210219	0.006189	28.4
1270	-0.603751	131.152788	0.006805	31.4
1271	-0.000009	131.095424	0.000005	29.4
1272	-0.032441	131.038127	0.002391	29.3
1273	-0.110053	130.980897	0.002606	31.2
1274	-0.011942	130.923733	0.000572	30.3
1275	-0.632494	130.866636	0.004380	30.5
1276	-0.172663	130.809605	0.002706	30.6
1277	-0.370827	130.752641	0.004655	32.9
1278	-0.000000	130.695742	0.000000	31.2
1279	0.000000	130.638910	0.000000	34.7
1280	-0.545391	130.582143	0.006797	30.6
1281	-0.869726	130.525442	0.005409	31.4
1282	-0.457126	130.468807	0.004258	30.2
1283	-0.710132	130.412237	0.005048	30.3
1284	0.000000	130.355733	0.000000	30.6
1285	0.000000	130.299294	0.000000	31.6
1286	-0.370894	130.242920	0.004948	29.6
1287	-1.074832	130.186611	0.007326	32.9
1288	-0.021645	130.130366	0.001126	31.3
1289	0.000000	130.074187	0.000000	31.3
1290	0.000000	130.018072	0.000000	28.9
1291	-0.148447	129.962022	0.003036	29.2
1292	-0.223712	129.906036	0.003534	31.1
1293	0.000000	129.850114	0.000000	30.5
1294	-0.027505	129.794257	0.000888	28.5
1295	-0.841451	129.738463	0.008414	30.2
1296	-0.705786	129.682734	0.007133	30.2
1297	-0.128170	129.627068	0.003149	30.9
1298	-0.401941	129.571466	0.003581	31.0
1299	-0.292601	129.515927	0.002373	31.4
1300	-0.152089	129.460452	0.001902	30.5
1301	-0.049698	129.405040	0.002299	32.3
1302	-0.832546	129.349692	0.007414	31.6
1303	-0.941085	129.294406	0.006587	29.7
1304	-0.869127	129.239183	0.005002	29.9
1305	-0.820462	129.184024	0.006475	29.6
1306	-0.033482	129.128927	0.000979	29.6
1307	-0.680250	129.073892	0.004256	29.7
1308	-0.513245	129.018921	0.006456	30.0
1309	-0.532950	128.964011	0.007072	29.1
1310	-0.643758	128.909164	0.005650	29.8
1311	-0.698847	128.854379	0.005497	30.0
1312	-0.035293	128.799656	0.000975	31.0
1313	0.000000	128.744995	0.000000	29.4
1314	0.000000	128.690396	0.000000	28.7
1315	-0.545643	128.635858	0.004352	29.7
1316	-0.205034	128.581382	0.003468	28.3
1317	-0.627512	128.526968	0.007581	30.5
1318	-0.728602	128.472615	0.005676	30.0
1319	-0.004348	128.418323	0.000218	28.6
1320	-0.723875	128.364092	0.005807	30.4
1321	-0.490228	128.309922	0.005342	29.5
1322	-0.070363	128.255814	0.001142	30.6
1323	-0.663602	128.201766	0.005221	30.6
1324	-0.007948	128.147778	0.000055	30.4
1325	-0.263064	128.093852	0.002169	28.8
1326	-0.640143	128.039985	0.007492	29.1
1327	-0.000000	127.986180	0.000000	31.9
1328	-0.444549	127.932434	0.006022	29.9
1329	-0.606884	127.878749	0.007387	29.1
1330	-0.000059	127.825123	0.000009	30.1
1331	0.000000	127.771558	0.000000	30.8
1332	0.000000	127.718052	0.000000	30.0
1333	0.000000	127.664606	0.000000	30.1
1334	-0.091929	127.611220	0.002768	28.9
1335	-0.422334	127.557893	0.002797	30.7
1336	-0.813580	127.504625	0.005627	29.3
1337	0.000000	127.451417	0.000000	30.6
1338	-0.696099	127.398268	0.006464	28.7
1339	-0.207824	127.345178	0.001753	30.2
1340	0.000000	127.292147	0.000000	29.9
1341	-0.353712	127.239175	0.003330	30.5
1342	-0.610765	127.186261	0.007528	29.6
1343	-0.892868	127.133407	0.007101	30.1
1344	0.000000	127.080610	0.000000	30.3
1345	-0.506237	127.027872	0.005470	30.0
1346	-0.713764	126.975193	0.006639	31.6
1347	-0.533514	126.922572	0.007707	30.7
1348	-0.169181	126.870008	0.002426	33.8
1349	-0.864210	126.817503	0.006253	32.6
1350	-1.033501	126.765056	0.007579	30.4
1351	-0.725175	126.712667	0.005147	29.2
1352	-0.546408	126.660335	0.005753	29.4
1353	-0.460022	126.608061	0.006427	31.3
1354	-0.217365	126.555844	0.003742	31.8
1355	-0.004300	126.503685	0.000000	29.0
1356	-0.123098	126.451583	0.001836	30.2
1357	-0.519251	126.399538	0.005178	30.7
1358	0.000000	126.347550	0.000000	29.8
1359	-0.534502	126.295619	0.005534	30.2
1360	-0.615115	126.243745	0.007178	30.0
1361	0.000000	126.191928	0.000000	30.5
1362	0.000000	126.140168	0.000000	30.7
1363	-0.697873	126.088464	0.007973	29.6
1364	-0.663965	126.036817	0.007732	31.6
1365	0.000000	125.985226	0.000000	29.8
1366	-0.093676	125.933691	0.001550	29.9
1367	-0.001023	125.882212	0.000031	29.6
1368	-0.010505	125.830790	0.000392	29.7
1369	-0.735452	125.779423	0.005711	30.5
1370	0.000000	125.728113	0.000000	28.6
1371	-0.000737	125.676858	0.000019	29.5
1372	-0.867260	125.625659	0.005929	30.0
1373	-0.035439	125.574515	0.001176	30.7
1374	-0.669770	125.523427	0.004372	30.8
1375	-0.546226	125.472394	0.004248	27.2
1376	-0.873789	125.421417	0.007315	31.8
1377	-0.499520	125.370495	0.005567	28.8
1378	-0.760096	125.319628	0.005911	31.0
1379	0.000000	125.268815	0.000000	30.2
1380	-0.134719	125.218058	0.002666	30.4
1381	-0.789173	125.167356	0.005920	30.2
1382	-0.096183	125.116708	0.002355	29.7
1383	-0.641039	125.066115	0.007273	29.9
1384	-0.412217	125.015576	0.002703	31.1
1385	-0.756468	124.965092	0.005530	30.1
1386	-0.755835	124.914662	0.004480	29.6
1387	-0.256680	124.864287	0.006449	30.3
1388	-0.486460	124.813965	0.004976	29.2
1389	-0.013460	124.763698	0.001216	30.1
1390	-0.233919	124.713485	0.003392	29.9
1391	-0.793359	124.663325	0.007264	30.3
1392	0.000000	124.613219	0.000000	32.5
1393	-0.550098	124.563167	0.006328	29.4
1394	-0.722515	124.513168	0.005047	28.2
1395	-0.600718	124.463223	0.007199	31.2
1396	-0.160405	124.413332	0.002405	30.9
1397	0.000000	124.363493	0.000000	31.7
1398	-0.507039	124.313708	0.005258	30.9
1399	-1.021656	124.263976	0.006401	31.3
1400	-0.810239	124.214297	0.005323	28.7
1401	-0.000000	124.164671	0.000000	29.6
1402	-0.824648	124.115097	0.005211	28.4
1403	-0.392259	124.065577	0.003828	31.1
1404	0.000000	124.016109	0.000000	29.6
1405	-0.505082	123.966693	0.004126	29.7
1406	-0.896803	123.917330	0.007709	28.2
1407	-0.672618	123.868020	0.007221	29.7
1408	0.000000	123.818762	0.000000	30.2
1409	-0.741605	123.769556	0.006241	30.6
1410	-0.485561	123.720402	0.005167	30.2
1411	-0.802586	123.671300	0.006887	30.1
1412	-0.525012	123.622250	0.005671	30.5
1413	0.000000	123.573252	0.000000	30.0
1414	0.000000	123.524305	0.000000	30.4
1415	-0.068839	123.475411	0.002233	30.8
1416	-0.340190	123.426568	0.005672	31.0
1417	-0.494221	123.377776	0.006002	31.6
1418	-0.632906	123.329036	0.005404	28.7
1419	-0.524868	123.280347	0.006591	31.3
1420	-0.001114	123.231709	0.000178	31.8
1421	-0.842274	123.183122	0.006899	28.7
1422	0.000000	123.134587	0.000000	28.6
1423	0.000000	123.086102	0.000000	33.0
1424	-0.167444	123.037669	0.002194	29.3
1425	-0.731564	122.989286	0.007653	29.0
1426	-0.781951	122.940954	0.007677	29.3
1427	-0.843715	122.892672	0.007440	30.5
1428	-0.869371	122.844441	0.007323	30.2
1429	-0.346683	122.796261	0.004815	30.3
1430	-0.738688	122.748130	0.006238	27.6
1431	-0.779127	122.700050	0.004322	29.7
1432	-0.743896	122.652021	0.006138	30.9
1433	0.000000	122.604041	0.000000	30.6
1434	-0.862278	122.556111	0.004913	30.3
1435	-0.713201	122.508232	0.004586	30.7
1436	-0.935186	122.460402	0.006970	29.9
1437	-0.231670	122.412622	0.003223	29.2
1438	0.000000	122.364891	0.000000	29.8
1439	-0.393262	122.317210	0.005225	30.4
1440	0.000000	122.269579	0.000000	30.5
1441	0.000000	122.221997	0.000000	30.1
1442	-0.001660	122.174465	0.000071	29.1
1443	-0.378724	122.126981	0.005659	29.7
1444	-0.639607	122.079547	0.006248	31.1
1445	-0.343269	122.032162	0.006182	30.7
1446	-0.055853	121.984826	0.002020	30.0
1447	-0.434556	121.937539	0.005257	31.9
1448	0.000000	121.890301	0.000000	28.1
1449	-0.001410	121.843112	0.000615	30.4
1450	-0.090918	121.795971	0.002040	29.6
1451	-0.315708	121.748879	0.003282	31.3
1452	-0.573755	121.701835	0.006662	29.5
1453	-0.804796	121.654840	0.007439	30.0
1454	-0.043803	121.607893	0.000789	29.3
1455	-0.077997	121.560994	0.001942	30.0
1456	0.000000	121.514144	0.000000	30.3
1457	-0.000058	121.467342	0.000004	30.1
1458	-0.816628	121.420588	0.006274	30.0
1459	-0.435077	121.373882	0.006271	29.3
1460	-0.893056	121.327223	0.006989	30.3
1461	-0.523584	121.280613	0.004000	29.1
1462	0.000000	121.234050	0.000000	30.3
1463	-0.678169	121.187535	0.003514	29.2
1464	0.000000	121.141067	0.000000	30.4
1465	-0.595904	121.094647	0.007343	29.3
1466	-0.608746	121.048274	0.005383	30.8
1467	-0.359266	121.001949	0.007634	28.1
1468	-0.446869	120.955671	0.004166	30.8
1469	-0.699145	120.909440	0.004329	30.6
1470	0.000000	120.863256	0.000000	31.6
1471	0.000000	120.817119	0.000000	29.0
1472	-0.954567	120.771029	0.007805	30.5
1473	-0.829431	120.724986	0.007065	31.3
1474	-0.698577	120.678990	0.006055	30.3
1475	0.000000	120.633040	0.000000	31.6
1476	-0.411790	120.587137	0.003983	27.3
1477	-0.008469	120.541281	0.000244	30.5
1478	-0.928606	120.495471	0.008145	31.1
1479	-0.854844	120.449707	0.005733	30.5
1480	-0.759775	120.403990	0.006262	31.1
1481	-0.501864	120.358319	0.004746	30.8
1482	-0.441107	120.312694	0.005231	32.6
1483	-0.583147	120.267115	0.005203	31.2
1484	0.000000	120.221582	0.000000	30.4
1485	-0.814148	120.176096	0.006249	29.4
1486	-0.699653	120.130655	0.005606	32.2
1487	-0.908159	120.085260	0.007737	29.5
1488	-0.667101	120.039910	0.004826	31.4
1489	-1.123991	119.994606	0.006679	31.0
1490	-0.705092	119.949348	0.006727	30.1
1491	-0.131363	119.904135	0.002393	29.5
1492	-0.770703	119.858968	0.006461	30.8
1493	-0.429470	119.813846	0.004936	30.5
1494	-0.656709	119.768769	0.006268	29.5
1495	-0.528091	119.723738	0.003245	32.7
1496	-0.896431	119.678752	0.005534	29.6
1497	-0.305267	119.633810	0.004564	29.1
1498	-0.007138	119.588914	0.000098	32.2
1499	-0.827680	119.544062	0.006958	27.7
1500	-0.458654	119.499256	0.005614	28.8
1501	-0.961919	119.454494	0.006885	30.4
1502	-0.011158	119.409777	0.000292	29.4
1503	-0.849391	119.365104	0.006431	30.1
1504	-0.806571	119.320476	0.006691	29.9
1505	-0.916482	119.275893	0.005831	31.0
1506	-0.263583	119.231353	0.005841	31.5
1507	-0.957148	119.186859	0.008032	31.1
1508	-0.668338	119.142408	0.006212	29.3
1509	-0.560620	119.098002	0.005014	29.5
1510	0.000000	119.053639	0.000000	29.9
1511	-0.064393	119.009321	0.001075	29.5
1512	-0.803007	118.965047	0.005764	29.7
1513	-0.034440	118.920816	0.002555	30.4
1514	-0.771415	118.876630	0.005755	31.0
1515	-0.874757	118.832487	0.005554	30.2
1516	-0.737329	118.788388	0.004079	28.8
1517	-0.113577	118.744332	0.001990	29.4
1518	-0.126917	118.700320	0.002674	31.7
1519	0.000000	118.656352	0.000000	31.0
1520	-0.306399	118.612427	0.003990	29.4
1521	0.000000	118.568545	0.000000	31.4
1522	-0.007175	118.524706	0.000217	30.3
1523	-0.000217	118.480911	0.000018	27.4
1524	-0.814314	118.437159	0.006977	30.7
1525	-0.000001	118.393450	0.000000	28.8
1526	-0.025548	118.349784	0.001788	27.9
1527	-1.066494	118.306160	0.008155	29.8
1528	-0.239789	118.262580	0.003181	30.2
1529	-0.858530	118.219042	0.006991	29.8
1530	0.000000	118.175548	0.000000	29.6
1531	-0.692076	118.132095	0.006945	30.7
1532	-0.009932	118.088686	0.000270	30.1
1533	-0.003681	118.045319	0.000187	32.7
1534	-1.059191	118.001994	0.007669	29.8
1535	-0.000714	117.958712	0.000027	31.8
1536	-0.475733	117.915472	0.003010	28.9
1537	-0.895845	117.872274	0.007262	31.0
1538	-0.378203	117.829118	0.005734	29.6
1539	-0.000005	117.786005	0.000001	31.9
1540	-0.895505	117.742933	0.006799	32.2
1541	-0.161930	117.699904	0.002041	33.3
1542	-0.899228	117.656916	0.006497	28.7
1543	-0.521819	117.613971	0.003973	29.6
1544	-0.431405	117.571067	0.004671	31.2
1545	0.000000	117.528205	0.000000	30.2
1546	-0.791515	117.485384	0.006099	27.9
1547	-0.742584	117.442605	0.006032	29.0
1548	-0.400286	117.399867	0.003168	29.3
1549	-0.744000	117.357171	0.005098	29.7
1550	0.000000	117.314517	0.000000	30.0
1551	-0.008164	117.271903	0.000289	30.9
1552	-0.952669	117.229331	0.007660	29.7
1553	-0.007987	117.186800	0.000238	30.4
1554	-0.849742	117.144311	0.006266	32.1
1555	-0.337306	117.101862	0.003825	30.0
1556	-0.722389	117.059454	0.004004	31.3
1557	0.000000	117.017087	0.000000	31.1
1558	-0.724322	116.974762	0.004891	32.6
1559	-0.765451	116.932476	0.009260	31.3
1560	-0.902346	116.890232	0.006490	31.4
1561	0.000000	116.848028	0.000000	28.5
1562	-0.799361	116.805865	0.005681	30.8
1563	-0.006341	116.763743	0.000217	30.1
1564	-0.418830	116.721661	0.005740	34.3
1565	-0.001143	116.679619	0.000082	32.9
1566	-0.608814	116.637618	0.006421	31.8
1567	-0.875925	116.595657	0.005283	31.4
1568	-0.305367	116.553736	0.003298	31.5
1569	-1.030177	116.511855	0.007039	31.1
1570	-0.734168	116.470015	0.006660	31.2
1571	-0.745988	116.428214	0.007265	31.5
1572	-0.000002	116.386454	0.000000	30.9
1573	-0.895905	116.344733	0.006488	30.6
1574	0.000000	116.303052	0.000000	31.2
1575	-0.686841	116.261412	0.004370	31.2
1576	-0.739192	116.219810	0.006464	30.5
1577	-0.382677	116.178249	0.004083	29.7
1578	-0.930826	116.136727	0.006037	31.1
1579	-0.009914	116.095245	0.000204	31.2
1580	-0.577818	116.053802	0.004786	32.2
1581	-0.502172	116.012398	0.004765	31.5
1582	-0.818947	115.971034	0.006603	31.7
1583	0.000000	115.929710	0.000000	29.9
1584	0.000000	115.888424	0.000000	30.4
1585	-0.000000	115.847178	0.000000	29.9
1586	-0.536918	115.805970	0.005900	31.8
1587	-0.166114	115.764802	0.001923	29.5
1588	-0.538732	115.723673	0.005592	30.7
1589	-0.026518	115.682583	0.001393	27.9
1590	-0.255811	115.641532	0.002972	29.2
1591	-0.002551	115.600519	0.003096	29.7
1592	-0.000000	115.559546	0.000000	30.2
1593	-0.724262	115.518610	0.006344	30.0
1594	0.000000	115.477714	0.000000	29.9
1595	-0.247425	115.436856	0.003819	29.9
1596	-0.170805	115.396037	0.002795	29.9
1597	-0.902839	115.355256	0.006866	29.9
1598	-0.680828	115.314514	0.007242	30.8
1599	-0.413322	115.273810	0.004200	30.3
1600	-0.392503	115.233144	0.004212	28.4
1601	-0.416875	115.192517	0.004328	30.0
1602	-0.905128	115.151927	0.006482	30.9
1603	-0.661516	115.111376	0.005803	30.3
1604	0.000000	115.070863	0.000000	32.8
1605	-0.669326	115.030388	0.005787	30.8
1606	-0.668350	114.989951	0.007444	30.9
1607	-0.890980	114.949551	0.005679	30.8
1608	-0.198556	114.909190	0.003921	29.9
1609	-1.061353	114.868866	0.008151	30.8
1610	-0.590232	114.828580	0.005888	29.8
1611	-0.834897	114.788332	0.005792	30.4
1612	-0.507569	114.748121	0.003043	30.8
1613	-0.781046	114.707948	0.006408	32.6
1614	-0.715935	114.667812	0.005309	30.4
1615	-0.716800	114.627714	0.006628	30.3
1616	-0.507801	114.587653	0.004465	28.2
1617	-0.845919	114.547629	0.006447	32.6
1618	-0.177625	114.507643	0.002795	29.5
1619	-0.348527	114.467693	0.004910	29.7
1620	-0.915818	114.427781	0.007045	30.8
1621	-0.525220	114.387907	0.006284	29.6
1622	-0.927090	114.348069	0.005439	30.2
1623	-1.110128	114.308268	0.008848	29.4
1624	-0.000000	114.268504	0.000000	29.9
1625	-0.807517	114.228777	0.008671	32.3
1626	-0.868988	114.189086	0.005950	31.6
1627	-0.719968	114.149433	0.004726	32.6
1628	-0.007663	114.109816	0.000136	30.5
1629	-0.950581	114.070235	0.006826	30.9
1630	-0.744494	114.030692	0.006598	30.8
1631	-0.788387	113.991185	0.004906	29.3
1632	-0.870986	113.951714	0.006533	30.9
1633	-0.531969	113.912280	0.005098	31.0
1634	0.000000	113.872882	0.000000	30.7
1635	-0.384144	113.833521	0.004456	31.8
1636	-0.523923	113.794195	0.006997	30.6
1637	-0.797599	113.754906	0.006082	30.4
1638	-0.000109	113.715653	0.000008	29.4
1639	-0.851517	113.676437	0.007141	31.1
1640	-0.868237	113.637256	0.005894	29.7
1641	-0.790932	113.598111	0.008141	32.1
1642	-0.817161	113.559002	0.007551	29.3
1643	-0.352901	113.519929	0.005876	29.5
1644	-0.704240	113.480892	0.006971	28.3
1645	-0.000458	113.441891	0.000096	29.4
1646	0.000000	113.402925	0.000000	30.2
1647	-0.940263	113.363995	0.006146	30.3
1648	-0.849038	113.325101	0.006798	30.4
1649	-0.027595	113.286242	0.001370	33.0
1650	-0.436944	113.247419	0.004973	29.2
1651	0.000000	113.208631	0.000000	30.0
1652	-0.589298	113.169879	0.005023	30.1
1653	-0.864542	113.131162	0.007189	30.7
1654	-0.700465	113.092480	0.005712	29.4
1655	-0.599789	113.053833	0.007574	31.2
1656	-0.000000	113.015222	0.000000	29.3
1657	0.000000	112.976646	0.000000	29.8
1658	-0.621012	112.938105	0.005285	30.4
1659	-0.026060	112.899599	0.000998	30.8
1660	-0.975369	112.861128	0.006267	30.6
1661	-0.903589	112.822692	0.006251	30.3
1662	0.000000	112.784291	0.000000	28.7
1663	-0.600509	112.745924	0.007454	30.2
1664	-0.257265	112.707593	0.003035	30.9
1665	-0.473658	112.669296	0.006841	30.2
1666	-0.835305	112.631034	0.004147	29.1
1667	-0.131235	112.592806	0.001838	29.9
1668	-0.778522	112.554613	0.007131	30.8
1669	-0.781546	112.516455	0.006268	31.8
1670	-0.720060	112.478331	0.005644	30.4
1671	-0.594815	112.440241	0.006979	30.7
1672	-0.358608	112.402186	0.004817	29.8
1673	-0.839746	112.364165	0.007810	30.1
1674	-0.488920	112.326179	0.006206	30.0
1675	-0.245111	112.288227	0.003253	32.3
1676	-0.468618	112.250309	0.005082	28.6
1677	-0.937783	112.212425	0.007875	30.4
1678	-0.560897	112.174575	0.004160	31.8
1679	-0.934136	112.136759	0.006204	32.0
1680	-0.000000	112.098977	0.000000	33.5
1681	-0.839293	112.061229	0.005282	31.7
1682	-0.851299	112.023515	0.005688	31.5
1683	-0.438077	111.985834	0.005642	31.1
1684	-0.864846	111.948188	0.005674	28.1
1685	-0.931880	111.910575	0.007657	28.7
1686	-0.148629	111.872996	0.002236	29.9
1687	0.000000	111.835450	0.000000	30.2
1688	-0.517371	111.797939	0.006083	30.3
1689	-0.553164	111.760460	0.004938	29.1
1690	-0.675677	111.723015	0.006567	33.4
1691	-0.059766	111.685604	0.002422	30.9
1692	0.000000	111.648226	0.000000	29.7
1693	-0.748992	111.610881	0.005872	31.2
1694	-0.626890	111.573570	0.005701	30.0
1695	-0.633208	111.536292	0.006640	30.2
1696	-0.116709	111.499047	0.001149	31.2
1697	0.000000	111.461835	0.000000	29.9
1698	-0.765726	111.424656	0.006502	30.9
1699	-0.587442	111.387510	0.005845	29.8
1700	-0.933734	111.350398	0.007916	30.7
1701	-0.534316	111.313318	0.005896	30.6
1702	0.000000	111.276271	0.000000	31.9
1703	0.000000	111.239257	0.000000	29.6
1704	-0.670388	111.202276	0.006500	29.9
1705	-0.990945	111.165328	0.006528	29.6
1706	-0.156667	111.128412	0.001529	29.5
1707	-0.058052	111.091529	0.001447	30.4
1708	0.000000	111.054679	0.000000	29.9
1709	-0.603914	111.017861	0.005722	28.6
1710	-0.655714	110.981076	0.006577	29.7
1711	-0.000000	110.944323	0.000001	29.5
1712	-0.047985	110.907603	0.000953	29.2
1713	-0.807179	110.870915	0.006591	28.8
1714	-1.019065	110.834259	0.006384	30.4
1715	0.000000	110.797636	0.000000	28.7
1716	-0.812795	110.761045	0.005883	30.0
1717	-0.486493	110.724486	0.004859	29.9
1718	-0.596086	110.687959	0.006285	30.1
1719	-0.914119	110.651465	0.005140	28.4
1720	-0.000000	110.615002	0.000000	30.2
1721	-0.796783	110.578572	0.005287	31.1
1722	-0.760790	110.542173	0.006129	30.6
1723	0.000000	110.505807	0.000000	31.0
1724	-0.066990	110.469472	0.001549	30.8
1725	-0.555794	110.433169	0.005185	29.7
1726	-0.656216	110.396898	0.005274	29.7
1727	-0.919483	110.360659	0.007465	30.3
1728	-0.012667	110.324451	0.000251	31.5
1729	-0.670778	110.288276	0.005385	30.6
1730	-0.872146	110.252131	0.004650	29.6
1731	-0.550703	110.216019	0.005057	30.1
1732	-0.824180	110.179937	0.007337	28.3
1733	-0.725973	110.143888	0.006188	30.0
1734	-0.861367	110.107869	0.006412	30.9
1735	-0.377839	110.071882	0.005425	31.6
1736	-0.408552	110.035927	0.005065	31.3
1737	-0.822721	110.000003	0.007634	30.0
1738	-0.885275	109.964110	0.010567	30.1
1739	-0.696556	109.928248	0.005681	28.6
1740	-0.814128	109.892417	0.007166	30.9
1741	-0.018618	109.856618	0.000336	30.3
1742	-0.887839	109.820850	0.007248	30.3
1743	-0.810732	109.785112	0.005831	31.2
1744	0.000000	109.749406	0.000000	29.7
1745	0.000000	109.713730	0.000000	29.1
1746	0.000000	109.678086	0.000000	30.7
1747	-0.409461	109.642472	0.005523	29.7
1748	-0.607111	109.606890	0.005200	30.3
1749	-0.316878	109.571337	0.004274	29.5
1750	-0.959712	109.535816	0.006132	30.7
1751	-0.905680	109.500326	0.008029	28.8
1752	-0.462466	109.464866	0.005072	30.3
1753	0.000000	109.429436	0.000000	29.1
1754	0.000000	109.394038	0.000000	30.6
1755	-0.929559	109.358669	0.005599	30.1
1756	-0.796662	109.323331	0.006491	30.2
1757	-0.091502	109.288024	0.001174	27.5
1758	-0.122896	109.252747	0.004096	30.9
1759	-0.700616	109.217501	0.004586	29.7
1760	-0.832081	109.182284	0.007795	29.8
1761	0.000000	109.147098	0.000000	29.5
1762	-0.802758	109.111942	0.005148	30.3
1763	-0.871530	109.076817	0.007264	30.2
1764	0.000000	109.041721	0.000000	31.0
1765	-0.879748	109.006656	0.007081	29.4
1766	-0.893652	108.971620	0.007988	29.3
1767	-0.094798	108.936615	0.001990	29.0
1768	-0.392702	108.901640	0.004241	32.9
1769	-0.794806	108.866694	0.005826	31.7
1770	-0.569009	108.831779	0.003341	30.9
1771	-0.888540	108.796893	0.007087	30.5
1772	-0.065069	108.762037	0.001207	31.2
1773	-0.009724	108.727211	0.000268	29.4
1774	-0.960060	108.692415	0.007257	30.9
1775	-0.004659	108.657648	0.000864	27.6
1776	-0.441109	108.622911	0.005551	29.3
1777	-0.895505	108.588203	0.007316	29.4
1778	-0.219549	108.553525	0.003302	29.4
1779	0.000000	108.518877	0.000000	32.3
1780	-0.008442	108.484258	0.000141	29.5
1781	0.000000	108.449668	0.000000	27.7
1782	-0.644356	108.415108	0.006750	31.0
1783	-0.208067	108.380578	0.003040	28.4
1784	-0.736790	108.346076	0.007051	31.3
1785	0.000000	108.311604	0.000000	29.8
1786	-0.446790	108.277161	0.006042	30.9
1787	-0.620515	108.242747	0.004719	29.3
1788	-0.180701	108.208363	0.001502	30.8
1789	-0.674815	108.174007	0.004896	30.0
1790	-0.698966	108.139681	0.005381	29.7
1791	-0.383731	108.105383	0.004978	29.6
1792	-0.041609	108.071115	0.001119	29.5
1793	-0.971618	108.036875	0.008160	30.1
1794	-0.531934	108.002665	0.006450	31.7
1795	-0.000021	107.968483	0.000001	31.7
1796	-0.029094	107.934330	0.000669	29.8
1797	-0.004765	107.900206	0.000271	31.6
1798	-0.627983	107.866111	0.006162	34.6
1799	-0.354013	107.832044	0.003761	29.3
1800	-1.079966	107.798007	0.010122	29.9
1801	0.000000	107.763997	0.000000	30.6
1802	0.000000	107.730017	0.000000	29.2
1803	-0.895474	107.696065	0.006257	29.6
1804	-0.781931	107.662141	0.005868	28.9
1805	-0.635836	107.628246	0.007335	28.9
1806	-0.492808	107.594379	0.005619	29.5
1807	-0.922299	107.560541	0.007545	30.1
1808	-0.787374	107.526731	0.005449	30.2
1809	0.000000	107.492949	0.000000	28.1
1810	0.000000	107.459196	0.000000	29.0
1811	-0.000000	107.425471	0.000000	29.0
1812	0.000000	107.391774	0.000000	29.1
1813	-0.782956	107.358106	0.004745	28.0
1814	-0.466732	107.324465	0.005893	29.5
1815	-0.251787	107.290853	0.002979	31.1
1816	-0.538178	107.257268	0.005787	29.4
1817	-0.817618	107.223712	0.006988	28.6
1818	-0.817202	107.190184	0.005900	28.0
1819	0.000000	107.156683	0.000000	29.7
1820	-0.461702	107.123211	0.005457	29.1
1821	-0.000095	107.089766	0.000005	30.2
1822	-0.449088	107.056349	0.004053	28.0
1823	-0.051345	107.022960	0.000822	29.6
1824	-0.440222	106.989599	0.004054	29.8
1825	0.000000	106.956265	0.000000	29.4
1826	-0.628637	106.922960	0.006038	28.9
1827	-0.609451	106.889681	0.005561	29.8
1828	-0.787602	106.856431	0.006467	27.3
1829	-0.001139	106.823208	0.000022	30.5
1830	-0.587645	106.790012	0.006176	29.4
1831	-0.439277	106.756844	0.005568	29.8
1832	-0.364159	106.723703	0.003721	26.7
1833	-0.634283	106.690590	0.007502	29.6
1834	-0.000000	106.657505	0.000000	28.5
1835	-0.702471	106.624446	0.007003	29.3
1836	-0.621303	106.591415	0.003907	28.3
1837	-0.415077	106.558411	0.005379	32.4
1838	-0.203034	106.525435	0.004109	30.7
1839	-0.030530	106.492485	0.002039	29.4
1840	-0.781021	106.459563	0.006181	28.8
1841	-0.595003	106.426668	0.006114	29.4
1842	-0.612839	106.393800	0.005960	28.5
1843	-0.885958	106.360959	0.006928	30.4
1844	-0.878194	106.328145	0.007096	27.9
1845	-0.788076	106.295358	0.006310	29.7
1846	-0.033468	106.262598	0.001164	29.5
1847	-0.772031	106.229865	0.007014	28.8
1848	-0.013365	106.197158	0.000301	28.7
1849	0.000000	106.164479	0.000000	30.0
1850	-0.028762	106.131826	0.001212	27.6
1851	-0.537659	106.099201	0.006192	29.2
1852	-0.594141	106.066602	0.006568	30.4
1853	-0.540745	106.034029	0.006566	29.4
1854	-0.485640	106.001483	0.005309	27.4
1855	-0.614449	105.968964	0.004872	28.9
1856	-0.785892	105.936472	0.005992	30.0
1857	-0.790874	105.904006	0.004658	28.6
1858	-0.938185	105.871566	0.006534	29.5
1859	-0.000051	105.839153	0.000038	29.3
1860	0.000000	105.806767	0.000000	30.2
1861	-0.112952	105.774407	0.001315	30.5
1862	-0.539114	105.742073	0.005406	29.6
1863	0.000000	105.709766	0.000000	30.4
1864	-0.059927	105.677485	0.001502	28.2
1865	-0.392650	105.645230	0.004641	29.3
1866	-0.150324	105.613001	0.002632	30.0
1867	-0.524250	105.580799	0.005277	30.3
1868	0.000000	105.548623	0.000000	27.9
1869	-0.663801	105.516473	0.005434	29.9
1870	-0.630371	105.484349	0.005866	28.4
1871	-0.836543	105.452251	0.006165	30.8
1872	-0.803058	105.420179	0.004732	28.7
1873	-0.942740	105.388133	0.006561	29.2
1874	-0.762291	105.356113	0.007152	28.9
1875	-0.011305	105.324119	0.000270	29.7
1876	-0.000177	105.292151	0.000075	29.1
1877	0.000000	105.260209	0.000000	26.9
1878	-0.167268	105.228293	0.003343	28.8
1879	-0.762614	105.196402	0.006431	29.2
1880	-0.877963	105.164537	0.005596	31.0
1881	-0.917322	105.132698	0.007388	28.7
1882	-0.660130	105.100885	0.004572	29.7
1883	-0.688417	105.069097	0.005212	29.9
1884	-0.600482	105.037335	0.004941	29.8
1885	-0.748217	105.005598	0.005602	28.8
1886	-0.046862	104.973887	0.001687	28.4
1887	-0.771312	104.942202	0.005845	28.7
1888	-0.347572	104.910542	0.003448	30.1
1889	-0.654193	104.878907	0.006426	29.8
1890	0.000000	104.847298	0.000000	31.8
1891	-0.301989	104.815715	0.004526	27.5
1892	-0.709477	104.784156	0.005429	29.0
1893	-0.686453	104.752623	0.005968	28.3
1894	-0.345768	104.721116	0.003932	29.1
1895	-0.000003	104.689633	0.000013	29.1
1896	-0.913245	104.658176	0.007769	29.0
1897	-0.463332	104.626744	0.005339	30.0
1898	-0.000068	104.595337	0.000019	29.8
1899	-0.696294	104.563955	0.006514	28.9
1900	-0.810242	104.532599	0.006428	28.8
1901	-0.396611	104.501267	0.003737	27.6
1902	-0.854593	104.469960	0.008896	30.2
1903	-0.992575	104.438679	0.006602	30.2
1904	-1.235417	104.407422	0.007447	31.1
1905	-0.593163	104.376191	0.005733	29.3
1906	-0.102072	104.344984	0.001408	29.2
1907	-0.520840	104.313802	0.003899	30.3
1908	-0.651951	104.282645	0.006368	31.1
1909	-0.689114	104.251513	0.005114	29.4
1910	0.000000	104.220405	0.000000	28.9
1911	0.000000	104.189323	0.000000	29.3
1912	-0.299151	104.158265	0.003182	30.2
1913	-0.000000	104.127231	0.000000	30.1
1914	0.000000	104.096222	0.000000	29.9
1915	0.000000	104.065238	0.000000	27.6
1916	-0.439306	104.034279	0.005024	28.5
1917	-0.354918	104.003344	0.003398	29.3
1918	0.000000	103.972433	0.000000	28.4
1919	-0.003388	103.941547	0.000102	27.2
1920	-0.038459	103.910686	0.001063	29.9
1921	0.000000	103.879849	0.000000	30.0
1922	-0.462609	103.849036	0.005156	29.2
1923	-0.722653	103.818248	0.007057	29.7
1924	-0.180589	103.787484	0.002022	30.0
1925	-0.701761	103.756744	0.007263	27.1
1926	-0.000000	103.726029	0.000000	30.0
1927	-0.067347	103.695338	0.001486	28.9
1928	-0.710244	103.664671	0.003865	28.6
1929	-0.747197	103.634028	0.005618	29.1
1930	-1.204089	103.603409	0.008063	28.4
1931	-0.947922	103.572814	0.006330	30.3
1932	-0.009184	103.542244	0.000147	27.6
1933	-0.029103	103.511698	0.000337	28.3
1934	-0.000000	103.481175	0.000000	29.9
1935	-0.238489	103.450677	0.005567	32.6
1936	-0.657983	103.420202	0.005726	29.1
1937	0.000000	103.389752	0.000000	30.0
1938	-0.425733	103.359325	0.005051	29.0
1939	0.000000	103.328922	0.000000	29.5
1940	-0.007705	103.298543	0.000137	29.5
1941	-0.942319	103.268188	0.005762	29.4
1942	-0.898615	103.237857	0.005656	29.5
1943	-0.053864	103.207549	0.002032	28.5
1944	-1.040827	103.177265	0.006981	29.1
1945	-0.492582	103.147005	0.003220	28.7
1946	-0.048753	103.116768	0.000871	28.3
1947	-0.004129	103.086556	0.000000	28.3
1948	-0.193303	103.056366	0.001781	30.4
1949	0.000000	103.026200	0.000000	30.4
1950	-0.646880	102.996058	0.005506	28.1
1951	-0.565462	102.965939	0.004529	29.7
1952	-0.525033	102.935844	0.006679	29.9
1953	0.000000	102.905772	0.000000	29.6
1954	-0.601370	102.875724	0.004840	29.1
1955	-0.608876	102.845699	0.006583	27.4
1956	-0.521245	102.815697	0.003310	28.7
1957	-0.359474	102.785719	0.005027	28.4
1958	-0.837032	102.755764	0.007546	28.6
1959	0.000000	102.725832	0.000000	28.9
1960	-0.924905	102.695924	0.006683	28.6
1961	-0.007581	102.666038	0.000198	29.9
1962	-0.937676	102.636176	0.006627	29.6
1963	-0.624922	102.606337	0.005697	29.6
1964	-0.780859	102.576521	0.007153	30.6
1965	-0.037599	102.546728	0.000381	30.3
1966	-0.288564	102.516959	0.003851	29.4
1967	-0.720249	102.487212	0.006851	28.2
1968	0.000000	102.457488	0.000000	29.8
1969	-0.860856	102.427788	0.005133	26.6
1970	-0.734419	102.398110	0.004461	29.7
1971	0.000000	102.368455	0.000000	29.5
1972	-0.806538	102.338823	0.004180	30.7
1973	-0.630933	102.309214	0.006848	27.6
1974	-0.727115	102.279628	0.007203	30.0
1975	-0.003415	102.250064	0.000092	29.5
1976	-0.583933	102.220524	0.006251	29.9
1977	-0.779991	102.191006	0.005204	29.4
1978	-0.991775	102.161511	0.006290	28.2
1979	0.000000	102.132038	0.000000	29.5
1980	-0.000019	102.102588	0.000016	29.8
1981	-0.453218	102.073161	0.006794	31.2
1982	0.000000	102.043757	0.000000	28.3
1983	-0.960397	102.014375	0.006395	29.5
1984	0.000000	101.985015	0.000000	29.5
1985	-0.005336	101.955678	0.000102	29.4
1986	-0.807482	101.926364	0.005466	28.6
1987	0.000000	101.897072	0.000000	29.3
1988	-0.007732	101.867802	0.000691	29.9
1989	-0.178279	101.838555	0.003703	29.6
1990	-0.032702	101.809330	0.000235	28.8
1991	-0.000233	101.780128	0.000040	29.7
1992	-1.195920	101.750948	0.008160	26.8
1993	0.000000	101.721790	0.000000	30.1
1994	-0.009996	101.692654	0.000469	29.2
1995	-0.800938	101.663541	0.005521	30.6
1996	-0.759196	101.634450	0.007261	28.2
1997	0.000000	101.605381	0.000000	30.5
1998	-0.714401	101.576335	0.005371	28.7
1999	0.000000	101.547310	0.000000	30.2
