1:ItNr	2:Metric	3:StepSize	4:||Gradient||	Time[ms]
0	-0.000000	627.201626	0.000000	726.3
1	-0.958388	623.504937	0.007192	26.4
2	-0.739032	619.865785	0.007164	26.8
3	-0.324974	616.282728	0.006178	28.4
4	-0.377872	612.754375	0.005914	26.2
5	-0.000000	609.279381	0.000000	29.4
6	-0.000000	605.856447	0.000000	27.0
7	-0.607761	602.484317	0.004298	28.2
8	-0.553520	599.161779	0.003933	28.8
9	-0.000207	595.887656	0.000018	28.9
10	-0.832109	592.660813	0.010449	28.4
11	-0.000000	589.480151	0.000000	27.1
12	-0.494071	586.344606	0.007499	29.2
13	-0.000000	583.253145	0.000000	28.6
14	-0.644470	580.204771	0.006661	30.0
15	-0.273742	577.198517	0.005586	27.5
16	-0.330011	574.233444	0.003706	28.9
17	-0.521504	571.308645	0.007492	28.5
18	-0.002205	568.423237	0.000065	29.0
19	-0.627265	565.576365	0.007463	29.1
20	-0.000044	562.767201	0.000027	28.9
21	-0.915426	559.994938	0.008194	29.4
22	-0.750307	557.258797	0.007150	29.5
23	-0.870171	554.558018	0.007119	28.1
24	-0.615462	551.891865	0.005016	29.4
25	-0.813264	549.259621	0.008831	28.7
26	-0.546257	546.660592	0.007486	31.1
27	-0.000000	544.094102	0.000000	27.9
28	-0.426752	541.559494	0.006890	29.4
29	-0.144731	539.056129	0.002716	29.7
30	-0.291975	536.583387	0.004838	28.6
31	-0.687596	534.140663	0.006954	28.0
32	-0.029885	531.727370	0.002354	29.0
33	-0.059872	529.342935	0.001313	29.0
34	-0.464113	526.986802	0.006189	29.1
35	-0.771133	524.658430	0.007102	27.4
36	-0.005233	522.357290	0.000106	28.5
37	-0.483478	520.082868	0.006484	28.8
38	-0.415943	517.834665	0.005985	28.8
39	-1.072749	515.612193	0.013625	27.3
40	-0.909926	513.414976	0.009871	28.7
41	-0.462346	511.242551	0.008061	27.9
42	-0.487557	509.094468	0.006542	29.7
43	-0.000677	506.970285	0.000024	26.5
44	-0.664202	504.869574	0.007047	29.5
45	-0.633519	502.791916	0.007872	29.1
46	-0.692742	500.736903	0.005786	28.9
47	-0.000000	498.704137	0.000000	27.6
48	-0.593086	496.693228	0.007389	29.2
49	-0.552870	494.703798	0.005403	28.5
50	-0.000000	492.735476	0.000000	29.4
51	-0.000705	490.787900	0.000178	28.3
52	-0.116475	488.860718	0.001552	28.7
53	-0.483850	486.953585	0.006328	29.2
54	-0.767490	485.066164	0.008759	26.5
55	-0.701535	483.198126	0.005624	27.7
56	-0.000000	481.349149	0.000000	28.7
57	-0.000000	479.518920	0.000000	27.8
58	-0.000000	477.707132	0.000000	29.3
59	-0.372198	475.913485	0.005233	28.2
60	-0.000000	474.137684	0.000000	30.4
61	-0.000074	472.379445	0.000012	28.8
62	-0.530164	470.638485	0.006558	28.7
63	-0.000000	468.914531	0.000000	28.4
64	-0.587335	467.207315	0.006853	28.7
65	-0.839965	465.516573	0.009407	27.0
66	-0.678126	463.842050	0.007716	28.9
67	-0.742112	462.183494	0.009577	28.2
68	-0.801461	460.540658	0.006532	29.2
69	-0.010621	458.913303	0.000157	28.9
70	-0.528224	457.301192	0.005338	28.4
71	-0.691163	455.704096	0.007403	30.3
72	-0.891936	454.121787	0.009179	27.9
73	-0.147462	452.554045	0.003137	29.1
74	-0.701046	451.000653	0.007827	27.7
75	-0.557158	449.461399	0.006128	29.9
76	-0.163284	447.936075	0.001421	28.9
77	-0.000000	446.424477	0.000000	28.4
78	-0.103766	444.926406	0.001490	28.0
79	-0.027175	443.441666	0.000708	28.8
80	-0.000000	441.970065	0.000000	28.2
81	-0.000000	440.511415	0.000000	27.9
82	-0.204202	439.065533	0.002542	30.2
83	-0.368826	437.632238	0.005093	29.0
84	-0.771494	436.211351	0.006142	29.3
85	-0.000000	434.802701	0.000000	27.6
86	-0.192523	433.406117	0.002012	29.0
87	-0.415561	432.021430	0.006670	28.3
88	-0.000000	430.648479	0.000000	28.7
89	-0.019152	429.287101	0.000677	26.1
90	-0.514144	427.937140	0.007040	29.3
91	-0.813353	426.598440	0.007612	28.7
92	-0.775746	425.270849	0.006205	28.3
93	-0.000000	423.954220	0.000000	28.2
94	-0.000000	422.648404	0.000000	29.6
95	-0.638913	421.353259	0.013342	28.9
96	-0.323514	420.068643	0.003285	29.6
97	-0.052400	418.794419	0.001549	29.6
98	-0.376019	417.530451	0.005055	29.1
99	-0.059947	416.276604	0.001503	28.9
100	-0.000025	415.032748	0.000014	27.5
101	-0.531773	413.798754	0.006324	28.5
102	-0.391196	412.574495	0.006524	29.2
103	-0.919536	411.359849	0.006541	29.1
104	-0.494315	410.154691	0.005821	27.4
105	-0.816726	408.958904	0.006857	29.0
106	-0.029796	407.772368	0.001637	29.8
107	-0.827789	406.594968	0.009594	28.9
108	-0.574139	405.426590	0.004657	28.0
109	-0.000000	404.267122	0.000000	29.3
110	-0.000000	403.116456	0.000000	29.5
111	-0.503250	401.974481	0.007960	29.1
112	-0.411837	400.841093	0.005062	27.5
113	-0.603759	399.716187	0.003780	28.4
114	-0.361831	398.599660	0.003911	29.7
115	-0.877831	397.491411	0.009667	28.8
116	-0.231305	396.391342	0.002728	29.7
117	-0.000000	395.299353	0.000000	26.6
118	-0.000000	394.215350	0.000000	30.3
119	-0.194285	393.139238	0.002325	27.6
120	-0.749607	392.070924	0.005830	28.4
121	-0.138528	391.010316	0.003057	29.3
122	-0.859784	389.957325	0.009849	29.0
123	-0.000000	388.911862	0.000000	28.2
124	-0.000000	387.873839	0.000000	28.2
125	-0.000000	386.843173	0.000000	28.0
126	-0.000000	385.819777	0.000000	29.1
127	-0.186775	384.803569	0.004223	29.4
128	-0.685480	383.794468	0.008628	29.4
129	-0.763601	382.792393	0.005671	29.1
130	-0.015105	381.797264	0.000657	29.2
131	-0.000000	380.809005	0.000000	28.0
132	-0.000000	379.827537	0.000000	28.2
133	-0.865947	378.852786	0.008929	27.7
134	-0.846039	377.884678	0.007078	29.5
135	-0.057227	376.923138	0.001876	29.0
136	-0.963177	375.968095	0.011419	29.1
137	-0.598802	375.019479	0.008285	28.8
138	-0.736390	374.077218	0.004805	28.5
139	-0.262272	373.141244	0.002918	29.0
140	-0.642421	372.211489	0.006953	27.0
141	-0.027174	371.287887	0.000555	28.9
142	-0.881393	370.370370	0.008992	28.7
143	-0.810523	369.458876	0.006331	28.6
144	-0.009538	368.553338	0.000416	29.4
145	-0.482449	367.653696	0.007582	29.2
146	-0.497728	366.759885	0.009076	28.5
147	-0.043839	365.871846	0.000984	28.0
148	-0.869685	364.989518	0.007746	28.2
149	-0.448101	364.112841	0.006327	29.8
150	-0.439680	363.241757	0.006465	28.0
151	-0.000000	362.376208	0.000000	28.3
152	-0.557637	361.516137	0.006326	28.8
153	-0.240017	360.661488	0.003754	29.5
154	-0.000000	359.812206	0.000000	27.9
155	-0.000040	358.968236	0.000001	28.8
156	-0.448539	358.129524	0.005040	29.2
157	-0.656352	357.296018	0.005958	28.5
158	-0.681129	356.467665	0.005574	26.6
159	-0.471108	355.644414	0.004538	28.2
160	-0.570422	354.826213	0.006200	28.5
161	-0.000000	354.013012	0.000000	28.9
162	-0.000057	353.204763	0.000010	26.1
163	-0.000000	352.401415	0.000000	29.4
164	-0.000000	351.602922	0.000000	28.4
165	-0.853417	350.809235	0.009039	27.0
166	-0.854864	350.020308	0.007547	28.2
167	-0.000000	349.236095	0.000000	29.1
168	-0.000000	348.456550	0.000000	29.1
169	-0.610257	347.681627	0.006961	29.0
170	-0.976949	346.911283	0.009894	29.2
171	-0.000000	346.145474	0.000000	29.2
172	-0.876687	345.384157	0.007722	28.2
173	-0.000000	344.627288	0.000000	28.0
174	-0.535848	343.874826	0.007902	29.5
175	-0.769976	343.126729	0.006280	28.5
176	-0.480407	342.382957	0.007523	28.9
177	-0.638367	341.643469	0.005063	28.4
178	-0.071807	340.908224	0.002470	28.7
179	-0.000000	340.177184	0.000000	29.2
180	-0.964150	339.450309	0.009000	28.2
181	-0.490786	338.727561	0.006953	27.4
182	-0.509481	338.008902	0.008277	29.0
183	-0.594480	337.294295	0.006093	29.7
184	-0.843828	336.583703	0.006414	29.2
185	-0.293096	335.877089	0.002924	28.4
186	-0.689922	335.174416	0.005933	28.7
187	-0.451452	334.475651	0.005589	28.5
188	-0.000000	333.780756	0.000000	26.6
189	-0.708894	333.089698	0.008968	28.6
190	-0.000000	332.402443	0.000000	29.1
191	-0.899733	331.718955	0.009823	28.6
192	-0.615759	331.039203	0.006910	29.1
193	-0.790700	330.363153	0.005204	28.0
194	-0.000000	329.690771	0.000000	28.8
195	-0.874813	329.022027	0.007577	27.8
196	-0.000000	328.356888	0.000000	28.9
197	-0.440546	327.695322	0.008344	29.7
198	-0.891429	327.037299	0.007379	29.0
199	-0.618777	326.382787	0.007149	27.7
200	-0.773333	325.731758	0.011520	26.6
201	-0.059702	325.084179	0.001475	29.0
202	-0.742261	324.440023	0.004214	28.8
203	-0.866605	323.799258	0.010091	27.6
204	-0.143593	323.161858	0.002389	28.4
205	-0.891984	322.527792	0.009053	29.6
206	-1.004347	321.897034	0.012794	29.1
207	-0.709024	321.269554	0.006985	26.6
208	-0.737411	320.645325	0.010716	28.8
209	-0.500236	320.024320	0.006142	29.7
210	-0.450819	319.406512	0.006837	28.1
211	-0.164726	318.791875	0.001713	27.3
212	-0.261942	318.180381	0.003928	28.7
213	-0.024455	317.572005	0.000319	30.3
214	-0.000000	316.966721	0.000000	29.9
215	-0.824168	316.364504	0.009973	27.1
216	-0.415665	315.765329	0.006399	28.5
217	-0.684857	315.169170	0.005122	28.7
218	-0.586729	314.576003	0.007747	29.0
219	-0.593974	313.985804	0.007301	28.7
220	-0.894576	313.398548	0.010911	30.1
221	-1.135363	312.814213	0.012691	29.4
222	-0.139384	312.232773	0.002333	28.5
223	-0.000547	311.654207	0.000039	28.0
224	-0.000000	311.078491	0.000000	28.5
225	-0.000000	310.505602	0.000000	28.5
226	-0.292931	309.935518	0.004552	28.8
227	-0.000000	309.368217	0.000000	26.1
228	-0.063285	308.803676	0.001511	30.1
229	-0.000000	308.241874	0.000000	28.2
230	-0.247723	307.682789	0.004181	28.6
231	-0.966019	307.126400	0.008846	27.1
232	-0.783886	306.572687	0.008677	29.8
233	-0.933949	306.021627	0.011280	28.2
234	-0.435367	305.473201	0.005526	28.9
235	-0.844338	304.927388	0.009610	28.4
236	-0.790382	304.384168	0.007361	29.0
237	-0.477567	303.843521	0.005801	28.1
238	-0.909614	303.305427	0.008261	27.9
239	-0.412714	302.769867	0.006352	29.2
240	-0.172916	302.236821	0.003065	28.6
241	-0.282983	301.706270	0.004447	27.9
242	-0.995454	301.178196	0.009254	29.1
243	-0.756140	300.652580	0.005511	29.5
244	-0.000000	300.129402	0.000000	30.0
245	-0.611608	299.608645	0.005758	28.0
246	-0.438962	299.090291	0.004028	28.4
247	-0.521929	298.574321	0.006867	27.8
248	-0.422433	298.060718	0.006115	28.8
249	-0.014617	297.549465	0.001062	27.4
250	-0.924225	297.040543	0.009375	28.9
251	-0.766189	296.533936	0.006945	28.8
252	-0.731519	296.029626	0.007074	27.5
253	-0.041991	295.527597	0.001653	28.7
254	-0.775359	295.027832	0.008184	27.3
255	-0.000000	294.530315	0.000000	30.0
256	-0.000000	294.035028	0.000000	28.2
257	-0.000000	293.541956	0.000000	28.2
258	-0.000000	293.051083	0.000000	28.9
259	-0.227668	292.562393	0.003115	28.1
260	-0.442395	292.075870	0.004880	28.2
261	-0.598800	291.591498	0.006798	28.0
262	-0.917532	291.109263	0.008027	30.1
263	-1.064060	290.629149	0.010333	27.9
264	-0.534032	290.151140	0.005127	27.9
265	-0.000985	289.675222	0.000452	27.5
266	-0.225707	289.201380	0.003325	28.4
267	-0.931962	288.729600	0.008595	30.2
268	-0.678685	288.259866	0.007951	27.4
269	-0.792820	287.792165	0.005046	29.5
270	-0.000000	287.326481	0.000000	28.8
271	-0.000000	286.862802	0.000000	29.1
272	-0.437748	286.401113	0.005579	28.2
273	-1.053060	285.941400	0.009705	28.8
274	-0.000000	285.483649	0.000000	28.5
275	-0.000000	285.027847	0.000000	27.1
276	-0.529431	284.573981	0.004245	29.1
277	-0.253148	284.122037	0.002030	29.1
278	-0.000000	283.672002	0.000000	28.5
279	-0.985159	283.223863	0.009312	28.8
280	-0.901647	282.777607	0.008441	27.6
281	-0.329803	282.333221	0.004644	27.8
282	-0.877699	281.890692	0.007683	29.3
283	-0.726252	281.450008	0.005662	28.7
284	-0.426132	281.011157	0.003337	28.1
285	-0.751426	280.574125	0.008977	28.5
286	-0.061397	280.138901	0.001334	26.6
287	-0.028980	279.705473	0.000648	28.7
288	-0.667442	279.273829	0.007716	28.6
289	-0.000000	278.843956	0.000000	26.9
290	-0.077289	278.415844	0.001663	30.0
291	-0.527589	277.989479	0.006933	29.3
292	-1.066405	277.564851	0.011595	29.4
293	-0.731255	277.141949	0.007713	27.8
294	-0.000000	276.720761	0.000000	28.9
295	-0.000000	276.301275	0.000000	27.8
296	-0.450135	275.883480	0.005811	28.6
297	-0.708542	275.467366	0.005623	29.7
298	-0.422384	275.052922	0.005441	29.5
299	-0.585741	274.640136	0.005796	29.6
300	-0.327112	274.228998	0.002428	28.9
301	-0.063786	273.819497	0.003168	28.4
302	-0.037145	273.411623	0.001412	27.3
303	-0.666814	273.005365	0.006720	29.3
304	-0.562764	272.600712	0.007000	28.5
305	-0.304525	272.197655	0.003141	28.8
306	-0.645774	271.796184	0.007434	28.3
307	-0.784272	271.396287	0.006352	28.6
308	-0.211473	270.997956	0.003705	28.3
309	-0.890126	270.601180	0.007706	29.1
310	-0.328473	270.205949	0.004374	28.3
311	-0.645551	269.812254	0.006806	30.9
312	-0.145105	269.420085	0.002625	28.3
313	-0.648824	269.029432	0.004684	29.7
314	-0.987554	268.640287	0.008906	28.6
315	-0.800858	268.252638	0.004854	28.7
316	-0.843631	267.866478	0.007933	29.4
317	-0.000000	267.481796	0.000000	29.0
318	-0.273652	267.098584	0.004958	26.9
319	-0.752831	266.716833	0.007361	29.6
320	-0.689133	266.336533	0.011892	28.7
321	-0.912475	265.957676	0.009389	29.2
322	-0.536652	265.580253	0.004778	26.9
323	-0.543661	265.204254	0.007317	30.3
324	-0.251565	264.829672	0.002924	28.8
325	-0.000000	264.456497	0.000000	28.0
326	-0.000000	264.084721	0.000000	28.5
327	-0.294189	263.714335	0.003961	27.7
328	-0.946965	263.345332	0.008283	30.2
329	-0.675455	262.977702	0.008193	28.3
330	-0.502193	262.611438	0.003807	28.1
331	-0.763426	262.246531	0.005668	28.6
332	-0.000000	261.882973	0.000000	28.8
333	-0.439924	261.520756	0.004722	26.9
334	-1.142632	261.159871	0.012189	29.4
335	-0.584102	260.800312	0.004326	28.6
336	-0.519252	260.442070	0.005818	29.7
337	-0.690660	260.085137	0.005685	28.9
338	-0.848538	259.729505	0.009016	29.1
339	-0.694196	259.375167	0.007501	29.5
340	-0.682488	259.022116	0.006061	28.2
341	-0.002224	258.670343	0.000092	28.2
342	-0.535286	258.319841	0.004727	27.9
343	-0.689946	257.970602	0.007591	29.6
344	-0.731025	257.622620	0.006882	28.8
345	-0.008526	257.275887	0.000154	28.7
346	-0.992011	256.930396	0.011267	29.1
347	-0.219477	256.586139	0.003285	28.8
348	-0.527943	256.243109	0.006474	28.3
349	-0.697222	255.901300	0.006702	29.3
350	-0.687738	255.560703	0.005410	27.1
351	-0.037735	255.221313	0.000794	28.8
352	-0.000000	254.883122	0.000000	28.7
353	-0.091167	254.546124	0.001762	28.8
354	-0.217459	254.210311	0.002308	28.3
355	-0.010024	253.875677	0.000282	28.8
356	-0.464776	253.542215	0.005724	29.0
357	-0.657934	253.209918	0.008083	27.7
358	-0.854581	252.878781	0.004985	30.0
359	-0.700735	252.548795	0.007527	28.8
360	-0.169926	252.219956	0.003133	30.1
361	-0.675796	251.892255	0.007286	28.1
362	-0.256097	251.565688	0.004184	29.0
363	-0.047896	251.240247	0.001780	29.0
364	-0.355040	250.915926	0.004274	28.4
365	-0.690110	250.592720	0.009987	27.9
366	-0.003299	250.270621	0.000369	28.0
367	-0.926507	249.949624	0.008265	27.1
368	-0.406715	249.629723	0.004072	28.8
369	-0.206784	249.310911	0.004624	28.9
370	-0.733040	248.993182	0.007431	29.0
371	-0.370307	248.676531	0.003188	28.3
372	-0.931883	248.360952	0.007772	28.6
373	-0.455987	248.046438	0.005888	28.9
374	-0.867973	247.732984	0.007211	29.7
375	-0.980949	247.420584	0.008111	27.9
376	-0.713926	247.109233	0.007531	27.2
377	-0.000000	246.798924	0.000000	29.0
378	-0.614478	246.489652	0.007381	28.3
379	-0.000000	246.181412	0.000000	27.7
380	-0.592511	245.874197	0.007389	28.8
381	-0.700028	245.568002	0.004964	28.9
382	-0.000000	245.262822	0.000000	29.1
383	-0.508937	244.958652	0.004913	27.7
384	-0.642799	244.655485	0.006428	28.5
385	-0.825897	244.353317	0.006197	28.9
386	-0.270759	244.052142	0.004163	28.4
387	-0.572349	243.751955	0.005388	28.9
388	-0.771717	243.452750	0.008820	29.0
389	-0.000000	243.154523	0.000000	31.4
390	-0.768242	242.857268	0.007676	28.5
391	-0.476268	242.560980	0.005298	29.9
392	-0.115539	242.265654	0.002514	28.4
393	-0.955435	241.971285	0.007128	32.5
394	-0.795255	241.677868	0.008949	30.3
395	-0.523865	241.385397	0.004261	31.2
396	-0.336211	241.093869	0.004227	28.9
397	-0.000000	240.803278	0.000000	29.3
398	-0.625031	240.513619	0.006483	28.8
399	-0.534746	240.224887	0.006699	29.4
400	-0.032678	239.937077	0.001491	30.5
401	-0.925949	239.650186	0.006998	30.8
402	-0.991184	239.364207	0.007197	28.6
403	-0.006722	239.079136	0.001806	29.2
404	-0.000000	238.794969	0.000000	29.0
405	-0.000000	238.511701	0.000000	31.2
406	-0.000000	238.229327	0.000000	29.5
407	-0.704034	237.947843	0.006198	30.0
408	-0.000000	237.667244	0.000000	27.4
409	-0.018332	237.387526	0.000275	29.2
410	-0.000000	237.108684	0.000000	28.7
411	-0.000000	236.830714	0.000000	26.8
412	-0.000000	236.553610	0.000000	28.8
413	-0.868469	236.277370	0.005457	28.9
414	-0.014889	236.001989	0.001273	27.2
415	-0.921300	235.727461	0.008826	27.9
416	-0.652057	235.453784	0.005929	29.2
417	-0.000000	235.180952	0.000000	29.6
418	-0.847346	234.908962	0.008428	27.0
419	-0.586241	234.637809	0.006803	27.8
420	-0.008592	234.367488	0.000000	29.8
421	-0.837035	234.097997	0.007282	28.1
422	-0.000000	233.829331	0.000000	28.2
423	-0.000000	233.561485	0.000000	29.1
424	-0.878316	233.294456	0.006468	29.4
425	-0.509616	233.028239	0.005589	28.3
426	-0.903569	232.762831	0.009276	27.4
427	-0.608703	232.498228	0.007009	28.6
428	-0.000000	232.234425	0.000000	28.8
429	-0.452563	231.971419	0.007685	29.1
430	-0.045476	231.709205	0.001162	26.4
431	-0.789266	231.447781	0.008088	29.6
432	-0.000000	231.187141	0.000000	28.7
433	-0.000000	230.927283	0.000000	27.6
434	-0.842614	230.668202	0.007399	28.8
435	-0.827367	230.409895	0.009487	27.9
436	-0.670066	230.152358	0.005831	28.9
437	-0.906373	229.895587	0.009722	28.3
438	-0.425084	229.639578	0.005418	28.4
439	-0.882634	229.384329	0.008221	28.2
440	-0.524166	229.129834	0.005895	28.3
441	-0.671711	228.876091	0.006191	28.9
442	-0.928916	228.623096	0.005990	29.1
443	-0.047176	228.370846	0.001450	30.9
444	-0.369547	228.119336	0.004289	27.8
445	-0.249594	227.868563	0.002542	27.9
446	-0.580225	227.618525	0.004320	26.6
447	-0.000257	227.369216	0.000012	28.8
448	-0.774399	227.120635	0.007026	28.9
449	-0.799757	226.872777	0.007546	29.3
450	-0.563548	226.625638	0.005459	28.5
451	-0.065546	226.379217	0.001674	29.3
452	-0.336219	226.133509	0.005167	26.8
453	-0.000000	225.888510	0.000000	28.4
454	-0.331571	225.644218	0.004623	28.4
455	-0.953165	225.400630	0.009333	28.9
456	-0.445292	225.157741	0.006421	29.0
457	-0.635618	224.915549	0.006014	28.7
458	-0.000000	224.674051	0.000000	28.2
459	-0.786598	224.433242	0.005623	27.6
460	-0.409551	224.193121	0.006611	28.6
461	-0.000000	223.953684	0.000000	29.3
462	-0.000000	223.714927	0.000000	29.6
463	-0.000000	223.476848	0.000000	29.6
464	-0.799881	223.239444	0.008643	29.3
465	-0.709374	223.002710	0.006207	28.8
466	-0.478118	222.766645	0.007008	29.5
467	-0.579780	222.531245	0.006884	28.5
468	-0.680335	222.296508	0.006079	28.6
469	-0.684568	222.062429	0.004898	27.9
470	-0.272857	221.829007	0.003059	29.5
471	-0.604384	221.596238	0.006495	29.1
472	-0.781961	221.364119	0.006200	28.9
473	-0.476744	221.132647	0.006957	29.1
474	-0.000000	220.901820	0.000000	29.7
475	-0.049973	220.671634	0.002115	29.1
476	-0.692698	220.442086	0.007437	27.6
477	-0.514143	220.213174	0.005409	29.3
478	-0.404531	219.984895	0.004468	29.1
479	-0.730849	219.757246	0.005241	29.3
480	-0.728374	219.530224	0.008003	27.0
481	-0.616312	219.303826	0.007899	28.9
482	-0.670309	219.078050	0.004419	29.2
483	-0.000000	218.852893	0.000000	28.0
484	-0.004999	218.628352	0.000099	28.0
485	-0.131842	218.404424	0.002473	29.0
486	-0.681200	218.181106	0.007897	29.9
487	-0.000000	217.958397	0.000000	27.4
488	-0.826938	217.736292	0.006954	29.1
489	-0.275540	217.514790	0.003823	28.7
490	-0.036667	217.293888	0.001548	28.4
491	-0.000043	217.073584	0.000005	29.6
492	-0.624847	216.853873	0.006103	27.3
493	-0.191224	216.634755	0.004283	29.2
494	-0.185029	216.416227	0.002569	28.8
495	-0.000000	216.198285	0.000000	28.7
496	-0.136320	215.980927	0.001952	28.2
497	-0.926087	215.764151	0.007413	28.9
498	-0.261514	215.547955	0.003051	28.9
499	-0.673724	215.332335	0.007613	27.9
500	-0.663150	215.117289	0.007062	28.6
501	-0.714630	214.902815	0.007713	28.3
502	-0.110766	214.688911	0.002382	29.5
503	-0.909525	214.475573	0.005967	29.1
504	-0.885205	214.262800	0.005452	29.1
505	-0.000000	214.050588	0.000000	29.8
506	-0.086040	213.838936	0.001815	28.3
507	-0.184456	213.627842	0.003778	29.2
508	-0.773830	213.417302	0.005908	26.8
509	-0.612997	213.207314	0.007219	31.3
510	-0.805183	212.997877	0.007131	29.0
511	-0.776664	212.788987	0.010222	30.5
512	-0.409861	212.580642	0.005601	27.3
513	-0.059876	212.372841	0.001155	30.2
514	-0.000000	212.165581	0.000000	29.5
515	-0.765527	211.958859	0.005707	28.8
516	-0.951993	211.752673	0.007993	29.1
517	-0.365260	211.547021	0.006613	27.9
518	-0.056032	211.341902	0.003616	30.0
519	-0.001014	211.137311	0.000100	28.8
520	-0.000000	210.933248	0.000000	28.7
521	-0.839927	210.729710	0.007016	29.5
522	-1.023876	210.526695	0.009568	30.0
523	-0.401705	210.324200	0.005354	30.4
524	-0.165575	210.122224	0.003069	29.0
525	-0.249291	209.920765	0.003115	28.3
526	-0.864342	209.719820	0.007574	31.1
527	-0.000036	209.519387	0.000050	28.0
528	-0.191354	209.319463	0.001695	29.9
529	-0.136544	209.120048	0.002859	28.0
530	-0.174742	208.921139	0.001458	30.0
531	-0.699737	208.722733	0.005644	29.1
532	-0.797424	208.524829	0.007011	30.8
533	-0.000000	208.327425	0.000000	32.0
534	-0.666623	208.130518	0.006279	32.2
535	-0.786738	207.934107	0.007186	30.3
536	-0.000000	207.738189	0.000000	30.4
537	-0.000000	207.542762	0.000000	32.6
538	-0.000012	207.347825	0.000016	29.3
539	-0.000000	207.153376	0.000000	29.7
540	-0.641349	206.959412	0.006649	30.1
541	-0.000000	206.765932	0.000000	30.0
542	-0.481851	206.572933	0.003721	29.2
543	-0.880730	206.380414	0.005003	27.8
544	-0.022783	206.188373	0.000518	29.9
545	-0.445573	205.996807	0.005713	29.2
546	-0.580030	205.805716	0.006556	30.0
547	-0.536893	205.615096	0.005885	28.1
548	-0.000000	205.424946	0.000000	28.3
549	-0.613729	205.235265	0.006239	29.5
550	-0.772378	205.046050	0.008598	29.2
551	-0.841409	204.857299	0.005935	29.8
552	-0.603489	204.669011	0.005933	27.5
553	-0.857234	204.481184	0.008302	30.8
554	-0.547726	204.293816	0.007438	29.7
555	-0.844789	204.106905	0.008091	29.4
556	-0.911730	203.920449	0.006653	29.0
557	-0.461600	203.734447	0.005305	29.5
558	-0.000000	203.548896	0.000000	29.0
559	-0.900773	203.363795	0.007917	29.8
560	-0.950686	203.179143	0.008064	29.9
561	-0.737493	202.994937	0.007697	28.5
562	-0.000000	202.811176	0.000000	29.1
563	-0.649566	202.627857	0.005400	29.4
564	-0.304683	202.444980	0.003848	29.0
565	-1.006756	202.262543	0.007371	27.5
566	-0.109733	202.080543	0.002256	29.3
567	-0.850538	201.898979	0.006995	29.6
568	-0.420135	201.717849	0.003505	28.6
569	-0.727766	201.537153	0.004909	29.7
570	-0.584988	201.356887	0.006032	27.9
571	-0.007642	201.177050	0.001214	30.8
572	-0.000000	200.997642	0.000000	30.1
573	-0.995100	200.818659	0.007044	29.1
574	-0.528891	200.640100	0.006608	27.9
575	-0.478921	200.461965	0.006395	29.0
576	-0.000000	200.284250	0.000000	29.1
577	-0.604515	200.106955	0.006730	29.5
578	-0.981952	199.930078	0.007292	28.5
579	-0.000873	199.753617	0.000033	29.2
580	-0.013862	199.577571	0.000670	29.5
581	-0.007879	199.401938	0.000194	29.5
582	-0.759412	199.226717	0.004546	27.3
583	-0.880925	199.051905	0.006344	29.1
584	-0.293142	198.877502	0.007116	28.9
585	-0.000000	198.703506	0.000000	28.8
586	-0.429680	198.529916	0.006486	29.6
587	-0.641202	198.356729	0.008889	29.3
588	-0.485878	198.183944	0.007978	29.1
589	-0.232379	198.011560	0.002568	29.5
590	-0.447790	197.839576	0.005873	29.7
591	-0.140282	197.667989	0.002796	27.2
592	-0.000000	197.496798	0.000000	29.2
593	-0.792273	197.326002	0.007781	28.7
594	-0.000346	197.155600	0.000133	30.2
595	-0.558400	196.985589	0.006032	29.1
596	-0.244699	196.815969	0.002449	29.4
597	-0.556970	196.646738	0.007972	29.7
598	-0.714147	196.477894	0.005450	30.2
599	-0.000000	196.309436	0.000000	29.8
600	-0.002413	196.141363	0.000059	28.8
601	-0.883293	195.973673	0.009445	29.5
602	-0.941308	195.806365	0.008677	30.4
603	-0.000000	195.639437	0.000000	30.5
604	-0.333417	195.472888	0.003092	28.9
605	-0.910702	195.306717	0.008194	29.9
606	-0.038333	195.140922	0.000607	28.9
607	-0.000000	194.975501	0.000000	30.9
608	-0.000000	194.810454	0.000000	31.4
609	-0.858979	194.645779	0.004880	30.3
610	-0.968981	194.481475	0.008558	27.3
611	-0.645029	194.317540	0.006568	29.0
612	-0.565865	194.153973	0.005292	30.4
613	-0.190720	193.990773	0.002466	30.5
614	-0.000000	193.827938	0.000000	29.0
615	-0.000000	193.665467	0.000000	28.5
616	-0.000000	193.503358	0.000000	28.0
617	-0.939969	193.341611	0.007283	30.5
618	-0.072625	193.180224	0.002420	29.1
619	-0.363830	193.019196	0.005898	30.2
620	-0.298035	192.858525	0.002595	27.3
621	-0.299032	192.698210	0.003217	29.8
622	-0.925617	192.538251	0.008679	29.1
623	-0.006592	192.378644	0.000338	29.3
624	-0.637351	192.219391	0.006665	28.8
625	-0.819286	192.060488	0.008285	29.7
626	-0.682494	191.901935	0.008425	29.2
627	-0.488984	191.743730	0.006797	29.0
628	-0.141238	191.585873	0.002497	30.9
629	-0.718128	191.428362	0.006500	28.2
630	-0.728173	191.271196	0.005482	29.2
631	-0.000000	191.114374	0.000000	29.2
632	-0.941948	190.957893	0.008576	29.1
633	-0.796146	190.801755	0.008070	28.7
634	-0.513527	190.645956	0.007258	27.9
635	-0.987179	190.490495	0.007271	30.0
636	-0.039174	190.335373	0.000282	30.2
637	-0.648356	190.180587	0.007631	27.4
638	-0.575933	190.026136	0.005566	29.4
639	-0.000000	189.872019	0.000000	29.8
640	-0.000000	189.718235	0.000000	28.8
641	-0.702000	189.564782	0.006437	28.0
642	-0.057277	189.411661	0.000549	29.8
643	-0.673245	189.258868	0.008240	28.8
644	-0.401145	189.106404	0.003199	28.8
645	-0.150659	188.954267	0.002412	27.0
646	-0.808563	188.802456	0.005751	29.4
647	-0.860657	188.650969	0.004987	29.5
648	-0.907945	188.499807	0.007974	29.4
649	-0.000000	188.348967	0.000000	27.8
650	-0.257522	188.198448	0.003986	29.5
651	-0.257198	188.048250	0.004521	29.1
652	-0.787165	187.898371	0.008124	28.9
653	-0.073863	187.748810	0.002146	27.4
654	-0.507619	187.599566	0.005983	28.9
655	-0.000000	187.450638	0.000000	28.9
656	-0.614131	187.302025	0.005822	28.7
657	-0.000000	187.153725	0.000000	27.8
658	-0.782677	187.005739	0.006964	29.6
659	-0.713025	186.858064	0.008127	30.5
660	-0.873655	186.710699	0.008570	28.7
661	-0.373891	186.563645	0.002607	30.1
662	-0.000000	186.416898	0.000000	28.2
663	-0.000000	186.270459	0.000000	31.0
664	-0.740333	186.124326	0.005678	30.5
665	-0.531761	185.978499	0.006173	28.9
666	-0.918151	185.832976	0.007736	27.6
667	-0.557007	185.687756	0.006639	29.5
668	-0.960780	185.542838	0.008401	28.7
669	-0.897203	185.398222	0.006287	28.9
670	-0.958891	185.253906	0.010598	30.9
671	-0.000000	185.109889	0.000000	28.8
672	-0.751578	184.966170	0.005863	29.1
673	-0.000000	184.822748	0.000000	29.8
674	-0.000000	184.679623	0.000000	30.1
675	-0.381487	184.536792	0.006077	28.9
676	-0.566760	184.394256	0.006278	31.5
677	-0.343452	184.252013	0.002506	28.9
678	-0.000000	184.110062	0.000000	30.4
679	-0.691903	183.968403	0.004650	28.9
680	-0.917203	183.827034	0.008942	31.0
681	-0.381442	183.685954	0.005534	29.3
682	-0.517623	183.545163	0.004949	28.2
683	-0.024314	183.404658	0.000747	29.7
684	-0.160927	183.264441	0.001728	28.9
685	-0.667882	183.124509	0.006814	28.6
686	-0.518878	182.984861	0.005799	30.1
687	-0.694896	182.845497	0.008173	29.9
688	-0.000000	182.706416	0.000000	29.3
689	-0.000000	182.567616	0.000000	30.7
690	-0.000000	182.429098	0.000000	28.4
691	-0.472823	182.290859	0.005166	29.1
692	-0.358074	182.152899	0.004017	28.5
693	-0.664657	182.015217	0.008088	30.3
694	-0.478031	181.877813	0.005576	30.3
695	-0.000000	181.740684	0.000000	29.1
696	-0.566042	181.603832	0.005985	29.7
697	-0.000000	181.467253	0.000000	29.2
698	-0.300113	181.330948	0.002707	29.6
699	-0.259653	181.194916	0.002720	28.9
700	-0.688626	181.059155	0.006404	28.7
701	-0.000000	180.923666	0.000000	28.4
702	-1.008612	180.788446	0.008626	30.6
703	-0.000000	180.653496	0.000000	28.6
704	-0.883206	180.518814	0.009984	30.1
705	-0.209891	180.384399	0.003634	28.5
706	-0.164542	180.250251	0.003985	29.7
707	-0.878160	180.116369	0.008690	30.2
708	-0.857355	179.982752	0.006376	29.7
709	-0.561198	179.849398	0.006892	30.3
710	-0.698722	179.716308	0.007455	28.6
711	-0.695018	179.583480	0.006405	29.7
712	-0.800799	179.450913	0.009293	30.3
713	-0.704685	179.318607	0.006957	28.2
714	-0.699564	179.186561	0.006911	28.1
715	-0.502353	179.054774	0.004400	28.1
716	-0.843730	178.923245	0.005729	30.7
717	-0.158923	178.791973	0.003433	28.7
718	-0.747289	178.660958	0.009886	29.8
719	-0.573235	178.530199	0.006546	29.7
720	-0.951955	178.399694	0.008538	29.4
721	-0.000000	178.269444	0.000000	30.3
722	-0.575101	178.139447	0.004936	29.1
723	-0.505193	178.009702	0.007893	28.2
724	-0.039652	177.880209	0.000557	28.7
725	-0.482023	177.750967	0.005422	29.1
726	-0.642496	177.621975	0.006727	29.2
727	-0.586082	177.493232	0.003960	27.2
728	-0.225889	177.364738	0.003199	30.6
729	-0.736166	177.236492	0.008603	29.5
730	-0.953952	177.108492	0.005822	29.5
731	-0.836720	176.980739	0.008710	27.9
732	-0.063447	176.853231	0.001833	29.4
733	-0.709738	176.725968	0.008010	28.7
734	-0.566447	176.598949	0.006053	29.6
735	-0.108604	176.472173	0.002051	26.9
736	-0.640692	176.345639	0.006948	28.3
737	-0.260913	176.219348	0.002642	29.2
738	-0.000000	176.093296	0.000000	29.7
739	-0.438761	175.967486	0.006124	28.7
740	-0.229729	175.841914	0.002767	30.0
741	-0.708827	175.716581	0.008155	28.0
742	-0.000000	175.591486	0.000000	31.4
743	-0.423443	175.466629	0.005949	28.6
744	-0.780422	175.342008	0.006592	29.4
745	-0.000000	175.217622	0.000000	29.1
746	-0.736711	175.093472	0.008750	29.5
747	-0.302541	174.969556	0.003738	29.9
748	-1.021380	174.845873	0.007454	32.3
749	-0.923858	174.722423	0.009196	30.7
750	-0.961232	174.599206	0.006049	31.5
751	-0.013492	174.476220	0.000594	31.5
752	-0.675994	174.353464	0.007705	29.8
753	-0.070258	174.230939	0.001031	29.8
754	-0.482847	174.108643	0.003688	29.8
755	-0.155523	173.986576	0.003295	29.7
756	-0.955236	173.864737	0.005859	29.9
757	-0.088148	173.743124	0.002383	29.4
758	-0.329379	173.621739	0.004728	29.8
759	-0.000000	173.500579	0.000000	30.4
760	-0.239772	173.379645	0.004132	30.5
761	-0.000000	173.258935	0.000000	29.3
762	-0.900276	173.138449	0.008226	29.2
763	-0.063012	173.018186	0.000950	29.3
764	-0.500924	172.898146	0.007054	29.2
765	-0.429993	172.778327	0.005375	28.8
766	-0.936554	172.658730	0.008985	27.7
767	-0.044249	172.539353	0.000378	29.6
768	-0.562551	172.420196	0.006066	29.0
769	-0.000000	172.301258	0.000000	30.1
770	-0.621487	172.182539	0.006840	30.0
771	-0.339045	172.064037	0.002434	30.5
772	-0.412860	171.945753	0.005568	29.2
773	-0.804586	171.827686	0.007641	29.4
774	-0.683313	171.709834	0.007367	29.1
775	-0.000000	171.592198	0.000000	27.6
776	-0.785742	171.474776	0.005417	29.5
777	-0.092585	171.357568	0.002214	27.5
778	-0.418398	171.240574	0.006772	30.5
779	-0.000000	171.123793	0.000000	28.4
780	-0.641885	171.007223	0.006984	28.9
781	-0.825355	170.890865	0.008608	29.2
782	-0.005172	170.774718	0.000101	30.5
783	-0.000000	170.658782	0.000000	29.2
784	-0.523775	170.543055	0.007431	28.1
785	-0.015099	170.427537	0.000795	30.2
786	-0.031012	170.312227	0.000787	28.9
787	-0.894356	170.197125	0.007346	28.8
788	-0.088096	170.082231	0.001687	28.5
789	-0.869332	169.967543	0.007259	27.4
790	-0.885262	169.853061	0.009953	30.4
791	-0.130305	169.738784	0.003073	29.8
792	-0.902929	169.624713	0.009770	28.4
793	-0.000000	169.510845	0.000000	28.8
794	-0.259976	169.397181	0.003083	29.5
795	-0.389486	169.283720	0.003946	28.4
796	-0.525824	169.170462	0.003981	29.7
797	-0.000000	169.057405	0.000000	27.4
798	-0.780362	168.944549	0.005352	29.6
799	-0.000000	168.831895	0.000000	28.6
800	-0.864672	168.719440	0.005709	30.3
801	-0.000000	168.607185	0.000000	29.1
802	-0.035087	168.495129	0.000436	29.7
803	-0.446487	168.383271	0.005710	29.5
804	-0.008131	168.271611	0.000640	29.2
805	-0.816427	168.160148	0.006067	28.2
806	-0.645422	168.048882	0.007528	31.6
807	-0.734796	167.937812	0.006591	28.4
808	-0.881110	167.826938	0.006716	30.0
809	-0.720436	167.716258	0.008752	29.7
810	-0.353959	167.605773	0.005380	30.0
811	-0.836417	167.495482	0.008073	28.4
812	-0.669125	167.385384	0.007471	29.7
813	-0.051123	167.275479	0.001434	29.5
814	-0.646888	167.165766	0.005100	28.5
815	-0.821043	167.056245	0.007039	28.0
816	-0.115969	166.946915	0.001234	29.1
817	-0.000000	166.837776	0.000000	28.6
818	-0.922230	166.728826	0.009741	29.9
819	-0.000000	166.620067	0.000000	27.5
820	-0.965985	166.511496	0.007065	29.0
821	-0.000000	166.403113	0.000000	29.2
822	-0.000000	166.294919	0.000000	30.0
823	-0.611042	166.186912	0.006736	29.6
824	-0.907204	166.079091	0.006207	29.4
825	-0.504349	165.971458	0.002798	29.5
826	-0.471484	165.864009	0.004163	30.9
827	-0.050892	165.756747	0.000426	28.8
828	-0.883335	165.649669	0.005926	29.8
829	-0.172502	165.542775	0.003217	28.0
830	-0.000000	165.436065	0.000000	30.3
831	-0.430340	165.329538	0.006510	28.7
832	-1.014547	165.223194	0.008782	29.3
833	-0.006552	165.117032	0.000335	28.7
834	-0.513113	165.011052	0.006988	29.7
835	-0.947665	164.905253	0.007377	29.5
836	-0.000000	164.799635	0.000000	29.0
837	-0.842256	164.694197	0.008006	29.1
838	-0.834173	164.588939	0.007469	27.9
839	-0.206954	164.483859	0.003169	29.3
840	-0.001441	164.378959	0.000044	28.9
841	-0.833913	164.274237	0.007132	29.5
842	-0.042480	164.169692	0.001393	27.4
843	-0.493554	164.065325	0.006441	30.0
844	-0.692630	163.961135	0.007798	28.2
845	-0.643171	163.857120	0.007487	29.1
846	-0.783322	163.753282	0.008402	28.3
847	-0.169140	163.649619	0.002165	29.1
848	-0.000006	163.546130	0.000007	28.7
849	-0.803913	163.442816	0.004365	29.7
850	-0.288603	163.339676	0.003839	27.3
851	-0.800191	163.236709	0.006356	30.4
852	-0.671093	163.133915	0.006744	29.5
853	-0.000000	163.031294	0.000000	30.2
854	-0.000000	162.928844	0.000000	28.3
855	-0.000000	162.826566	0.000000	28.3
856	-0.000000	162.724459	0.000000	29.4
857	-0.000000	162.622523	0.000000	28.5
858	-0.890998	162.520757	0.005799	28.6
859	-0.398157	162.419160	0.005782	28.0
860	-0.781164	162.317733	0.009358	29.7
861	-0.976284	162.216474	0.006824	29.5
862	-0.000000	162.115383	0.000000	29.2
863	-0.716091	162.014461	0.005500	30.6
864	-0.000000	161.913705	0.000000	29.2
865	-0.000001	161.813117	0.000000	29.3
866	-0.000000	161.712695	0.000000	29.4
867	-0.477447	161.612439	0.007001	29.7
868	-0.920184	161.512349	0.008319	29.7
869	-0.885841	161.412424	0.007997	29.6
870	-0.000000	161.312663	0.000000	30.2
871	-0.001031	161.213067	0.000255	29.3
872	-0.334171	161.113635	0.004431	28.9
873	-0.597078	161.014366	0.006875	28.4
874	-0.661045	160.915260	0.006429	30.8
875	-0.000000	160.816316	0.000000	29.7
876	-0.931873	160.717535	0.006864	29.0
877	-0.783172	160.618915	0.006694	27.2
878	-0.816484	160.520456	0.006720	30.1
879	-0.518247	160.422158	0.004339	30.9
880	-0.613353	160.324021	0.007708	29.1
881	-1.025825	160.226043	0.009586	30.4
882	-0.901771	160.128225	0.006823	28.7
883	-0.023494	160.030566	0.000273	29.2
884	-0.018170	159.933066	0.001022	30.6
885	-0.174415	159.835723	0.002015	29.1
886	-0.549286	159.738539	0.007007	27.4
887	-0.586895	159.641512	0.005907	28.7
888	-0.843769	159.544642	0.006498	29.2
889	-0.826953	159.447929	0.005048	29.7
890	-0.835173	159.351372	0.005285	28.6
891	-0.358306	159.254971	0.005836	29.3
892	-0.144437	159.158725	0.002780	30.8
893	-0.271370	159.062634	0.003690	30.9
894	-0.391113	158.966697	0.005428	31.4
895	-0.000156	158.870915	0.000047	30.8
896	-0.407980	158.775286	0.005303	31.1
897	-0.761517	158.679811	0.006275	30.3
898	-0.000000	158.584489	0.000000	29.0
899	-0.004023	158.489319	0.000132	29.2
900	-0.866906	158.394302	0.006797	29.3
901	-0.000000	158.299436	0.000000	30.1
902	-0.608273	158.204721	0.006703	29.7
903	-0.903636	158.110158	0.009245	29.2
904	-0.958422	158.015745	0.007891	29.6
905	-0.758419	157.921482	0.008504	29.6
906	-0.154835	157.827369	0.002530	27.8
907	-0.398524	157.733406	0.003770	29.3
908	-0.191571	157.639591	0.003632	29.7
909	-0.599639	157.545925	0.006935	29.6
910	-0.353571	157.452408	0.005220	27.7
911	-0.781567	157.359038	0.007746	29.3
912	-0.671948	157.265816	0.006438	29.7
913	-0.913859	157.172741	0.006578	29.5
914	-0.431478	157.079813	0.004968	29.1
915	-0.000001	156.987031	0.000000	28.5
916	-0.560442	156.894395	0.006331	28.8
917	-0.537689	156.801904	0.005637	29.5
918	-0.397458	156.709559	0.005805	29.0
919	-0.024970	156.617359	0.000254	28.9
920	-0.764844	156.525304	0.006423	29.2
921	-0.903735	156.433392	0.004751	29.0
922	-0.196791	156.341624	0.004185	29.1
923	-0.524738	156.250000	0.005587	28.9
924	-0.332466	156.158519	0.003381	27.9
925	-0.495769	156.067180	0.005240	29.7
926	-0.021667	155.975984	0.000702	30.2
927	-0.000000	155.884930	0.000000	30.3
928	-0.676419	155.794017	0.004719	27.9
929	-0.917899	155.703246	0.007965	30.2
930	-0.431091	155.612615	0.004307	30.0
931	-0.609957	155.522125	0.005489	30.1
932	-0.859188	155.431775	0.008848	29.3
933	-0.826592	155.341565	0.007670	28.7
934	-0.776895	155.251495	0.005405	28.9
935	-0.512736	155.161563	0.005813	28.8
936	-1.005557	155.071771	0.008216	30.6
937	-0.846015	154.982117	0.008352	29.7
938	-0.720949	154.892601	0.007077	28.8
939	-0.934808	154.803222	0.006453	28.5
940	-0.471098	154.713981	0.005712	30.7
941	-0.000000	154.624878	0.000000	28.6
942	-0.864609	154.535910	0.005774	29.6
943	-0.000089	154.447080	0.000036	29.4
944	-0.343760	154.358385	0.004151	29.3
945	-0.559423	154.269826	0.007475	29.6
946	-0.138122	154.181402	0.001717	30.3
947	-0.491476	154.093114	0.005232	28.3
948	-0.761273	154.004960	0.008244	30.1
949	-0.297048	153.916940	0.004759	29.0
950	-0.000000	153.829054	0.000000	29.0
951	-0.000000	153.741303	0.000000	29.9
952	-0.309991	153.653684	0.003760	27.8
953	-0.918794	153.566198	0.007253	29.5
954	-0.059236	153.478846	0.003291	29.2
955	-0.888897	153.391625	0.007082	28.7
956	-0.000000	153.304537	0.000000	29.5
957	-0.772246	153.217580	0.006641	29.6
958	-0.000000	153.130755	0.000000	29.8
959	-0.691875	153.044061	0.005466	28.9
960	-0.000000	152.957498	0.000000	28.8
961	-0.969828	152.871065	0.006644	29.1
962	-0.543193	152.784762	0.007771	29.3
963	-0.757657	152.698589	0.005922	29.4
964	-0.605645	152.612545	0.006489	28.9
965	-0.676544	152.526631	0.007246	29.5
966	-0.885998	152.440845	0.009585	29.8
967	-0.000000	152.355188	0.000000	30.2
968	-0.472127	152.269660	0.004052	31.2
969	-0.498241	152.184259	0.005701	29.5
970	-0.353704	152.098986	0.005168	30.1
971	-0.000000	152.013840	0.000000	29.0
972	-0.591140	151.928821	0.006768	29.0
973	-0.991720	151.843928	0.009682	29.3
974	-0.874040	151.759163	0.008375	29.4
975	-0.000000	151.674523	0.000000	28.6
976	-0.704708	151.590009	0.006284	29.5
977	-0.805455	151.505620	0.007185	29.5
978	-0.023594	151.421357	0.001235	29.1
979	-0.786056	151.337218	0.005525	27.3
980	-0.000000	151.253204	0.000000	29.6
981	-0.321002	151.169314	0.005523	29.8
982	-0.000000	151.085549	0.000000	29.0
983	-0.305315	151.001907	0.003358	28.1
984	-0.724229	150.918388	0.006487	28.5
985	-0.832313	150.834992	0.006944	30.4
986	-0.000000	150.751719	0.000000	30.6
987	-0.740342	150.668569	0.007765	28.1
988	-0.766764	150.585541	0.008917	28.6
989	-0.642084	150.502634	0.006908	30.1
990	-0.648868	150.419849	0.006599	29.5
991	-0.000000	150.337186	0.000000	28.5
992	-0.000000	150.254644	0.000000	28.4
993	-0.000000	150.172222	0.000000	28.9
994	-0.683839	150.089921	0.006378	29.8
995	-0.307891	150.007740	0.002970	28.9
996	-0.381570	149.925679	0.003704	30.1
997	-0.652387	149.843737	0.006315	28.0
998	-0.148379	149.761915	0.002192	28.9
999	-0.001619	149.680212	0.000032	28.5
1000	-0.643186	149.598627	0.006563	28.5
1001	-0.902400	149.517161	0.007411	28.8
1002	-0.000000	149.435814	0.000000	28.0
1003	-0.000000	149.354584	0.000000	31.3
1004	-0.376932	149.273472	0.005119	29.9
1005	-0.853199	149.192477	0.005800	30.3
1006	-0.665334	149.111599	0.006770	27.1
1007	-1.062305	149.030838	0.008383	30.1
1008	-0.538763	148.950194	0.006957	28.8
1009	-1.015460	148.869666	0.007193	28.8
1010	-0.000000	148.789253	0.000000	29.3
1011	-0.779925	148.708957	0.009425	29.1
1012	-0.203684	148.628776	0.003131	31.4
1013	-0.000000	148.548710	0.000000	30.1
1014	-0.850757	148.468759	0.005504	30.2
1015	-0.860294	148.388923	0.006646	28.3
1016	-0.000000	148.309201	0.000000	30.3
1017	-0.582004	148.229594	0.006232	29.3
1018	-0.859757	148.150100	0.004908	29.7
1019	-0.000000	148.070719	0.000000	27.9
1020	-0.048108	147.991452	0.000555	29.3
1021	-0.078275	147.912298	0.000475	29.1
1022	-0.329741	147.833257	0.005355	29.8
1023	-0.663103	147.754329	0.004891	28.0
1024	-0.791908	147.675512	0.005378	28.8
1025	-0.007074	147.596808	0.000169	28.6
1026	-0.510554	147.518216	0.006662	30.3
1027	-0.864798	147.439735	0.008841	29.2
1028	-0.652802	147.361365	0.005777	29.2
1029	-0.919899	147.283106	0.008790	29.6
1030	-0.894117	147.204958	0.009153	29.0
1031	-0.000201	147.126920	0.000018	28.9
1032	-0.000000	147.048993	0.000000	27.7
1033	-0.002445	146.971175	0.000092	29.8
1034	-0.211867	146.893468	0.003130	29.7
1035	-0.000000	146.815869	0.000000	29.0
1036	-0.816423	146.738380	0.005023	28.1
1037	-0.850146	146.661000	0.007121	29.3
1038	-0.358690	146.583729	0.003683	29.8
1039	-0.775771	146.506566	0.005181	30.4
1040	-0.007437	146.429511	0.000463	30.4
1041	-0.537835	146.352565	0.007088	29.6
1042	-0.606880	146.275726	0.006342	28.7
1043	-0.433405	146.198994	0.006719	27.3
1044	-0.848269	146.122370	0.008090	29.5
1045	-0.000000	146.045853	0.000000	29.3
1046	-0.922568	145.969442	0.007693	30.3
1047	-0.550106	145.893139	0.005477	30.0
1048	-0.000000	145.816941	0.000000	29.5
1049	-0.621163	145.740849	0.003686	29.0
1050	-0.265702	145.664863	0.005138	30.0
1051	-0.323628	145.588983	0.004152	27.7
1052	-0.935428	145.513208	0.009133	29.5
1053	-0.970012	145.437538	0.005541	29.4
1054	-0.000000	145.361973	0.000000	28.6
1055	-0.011519	145.286513	0.000247	28.2
1056	-0.000000	145.211157	0.000000	28.4
1057	-0.747210	145.135905	0.005934	29.8
1058	-0.722937	145.060757	0.006276	30.3
1059	-0.000000	144.985712	0.000000	27.8
1060	-0.483133	144.910771	0.005274	30.5
1061	-0.312934	144.835934	0.004872	30.1
1062	-0.031156	144.761199	0.003647	29.5
1063	-0.395575	144.686567	0.003229	29.1
1064	-0.525487	144.612037	0.005765	29.4
1065	-0.807158	144.537610	0.009015	29.6
1066	-0.000000	144.463285	0.000000	29.7
1067	-0.267427	144.389062	0.003284	29.8
1068	-0.667337	144.314940	0.004914	29.9
1069	-0.619066	144.240920	0.008331	28.4
1070	-0.228792	144.167001	0.003607	29.8
1071	-0.000000	144.093182	0.000000	29.6
1072	-0.694160	144.019465	0.008329	30.0
1073	-0.473843	143.945848	0.007340	27.7
1074	-0.000000	143.872331	0.000000	29.5
1075	-0.522208	143.798914	0.006564	28.7
1076	-0.040940	143.725597	0.001133	29.3
1077	-0.806030	143.652380	0.006672	30.7
1078	-0.521675	143.579262	0.006595	28.5
1079	-0.585148	143.506243	0.007179	30.6
1080	-0.842027	143.433323	0.007589	30.7
1081	-0.000000	143.360502	0.000000	29.6
1082	-0.079859	143.287780	0.001671	31.0
1083	-0.376206	143.215155	0.006000	29.1
1084	-0.883339	143.142629	0.008052	30.0
1085	-0.722261	143.070201	0.004878	29.6
1086	-0.581560	142.997870	0.006066	29.5
1087	-0.000000	142.925637	0.000000	29.4
1088	-0.697515	142.853501	0.008145	29.7
1089	-0.710403	142.781462	0.004897	28.3
1090	-0.326492	142.709519	0.004914	30.4
1091	-0.324907	142.637674	0.004206	30.4
1092	-0.000000	142.565924	0.000000	29.8
1093	-0.000000	142.494271	0.000000	29.7
1094	-0.000000	142.422714	0.000000	29.2
1095	-0.210967	142.351252	0.002688	29.6
1096	-0.231972	142.279886	0.003185	29.1
1097	-0.000095	142.208616	0.000027	30.2
1098	-0.839142	142.137440	0.008652	29.6
1099	-1.067761	142.066360	0.009839	28.5
1100	-1.060119	141.995374	0.010026	29.7
1101	-0.601912	141.924483	0.004661	30.5
1102	-0.789290	141.853685	0.006677	30.8
1103	-0.028105	141.782983	0.001308	28.8
1104	-1.007386	141.712373	0.008278	29.9
1105	-0.000000	141.641858	0.000000	29.2
1106	-0.428069	141.571436	0.005677	30.9
1107	-0.000000	141.501108	0.000000	30.8
1108	-0.007749	141.430872	0.000934	33.2
1109	-0.087641	141.360730	0.002695	29.7
1110	-0.001130	141.290680	0.000034	30.1
1111	-0.455157	141.220722	0.005732	29.9
1112	-0.039046	141.150857	0.000972	29.7
1113	-0.875355	141.081084	0.005858	30.5
1114	-0.671431	141.011403	0.006937	30.9
1115	-0.000000	140.941813	0.000000	30.9
1116	-0.000000	140.872315	0.000000	31.2
1117	-0.935778	140.802909	0.007781	29.9
1118	-1.082593	140.733593	0.008411	29.4
1119	-0.130891	140.664369	0.001846	28.7
1120	-0.000000	140.595235	0.000000	30.7
1121	-0.000000	140.526192	0.000000	29.3
1122	-0.000000	140.457239	0.000000	30.0
1123	-0.000000	140.388376	0.000000	29.3
1124	-0.767977	140.319603	0.006768	29.6
1125	-0.549961	140.250920	0.006887	29.8
1126	-0.854324	140.182326	0.008800	29.3
1127	-0.000000	140.113822	0.000000	29.5
1128	-0.000000	140.045407	0.000000	29.5
1129	-0.490002	139.977081	0.005479	28.3
1130	-0.000000	139.908844	0.000000	30.1
1131	-0.551533	139.840696	0.003418	29.0
1132	-0.000000	139.772635	0.000000	30.1
1133	-0.669827	139.704664	0.006941	27.4
1134	-0.000000	139.636780	0.000000	31.4
1135	-0.719632	139.568984	0.007746	30.3
1136	-0.712681	139.501276	0.008215	29.5
1137	-0.596929	139.433655	0.008099	29.8
1138	-0.942771	139.366122	0.009617	29.4
1139	-0.000000	139.298676	0.000000	28.2
1140	-0.704741	139.231317	0.008043	30.7
1141	-0.766087	139.164045	0.006745	28.3
1142	-0.738388	139.096859	0.006396	29.2
1143	-0.650405	139.029760	0.008657	28.2
1144	-0.000000	138.962747	0.000000	30.8
1145	-0.280846	138.895820	0.002057	29.6
1146	-0.926636	138.828978	0.006742	32.3
1147	-0.080899	138.762223	0.001680	29.9
1148	-0.000000	138.695553	0.000000	29.8
1149	-0.000000	138.628969	0.000000	30.9
1150	-0.765939	138.562469	0.007797	30.4
1151	-0.661286	138.496055	0.004113	31.0
1152	-0.804901	138.429725	0.008461	30.6
1153	-0.703760	138.363481	0.007990	29.9
1154	-0.894013	138.297320	0.007806	27.9
1155	-0.972568	138.231244	0.006573	29.5
1156	-0.771896	138.165252	0.007138	29.4
1157	-0.941073	138.099344	0.009493	29.3
1158	-0.600014	138.033520	0.007691	29.1
1159	-0.720598	137.967779	0.007155	29.3
1160	-0.000000	137.902122	0.000000	29.3
1161	-0.425810	137.836548	0.003998	29.6
1162	-1.056850	137.771057	0.006943	29.7
1163	-0.756476	137.705649	0.005077	28.7
1164	-0.483608	137.640324	0.006465	30.8
1165	-0.368646	137.575081	0.003435	28.6
1166	-0.376700	137.509921	0.004095	30.2
1167	-0.000000	137.444842	0.000000	30.3
1168	-0.868214	137.379846	0.005019	29.3
1169	-0.578643	137.314932	0.007431	29.6
1170	-0.600424	137.250100	0.007698	30.2
1171	-0.464580	137.185349	0.004319	31.2
1172	-0.846147	137.120680	0.005411	29.1
1173	-0.000000	137.056092	0.000000	29.8
1174	-0.503825	136.991585	0.004482	30.0
1175	-0.455440	136.927158	0.004603	29.6
1176	-0.400687	136.862813	0.004662	30.0
1177	-0.540372	136.798548	0.004484	30.3
1178	-0.608274	136.734363	0.004152	30.7
1179	-0.970721	136.670259	0.008198	30.2
1180	-0.095910	136.606235	0.001374	30.7
1181	-0.857036	136.542291	0.009213	29.7
1182	-0.058788	136.478426	0.002152	30.5
1183	-0.001519	136.414641	0.000199	30.4
1184	-0.647658	136.350936	0.004241	29.6
1185	-0.868190	136.287310	0.006910	29.6
1186	-0.304868	136.223763	0.002361	30.2
1187	-0.588015	136.160295	0.006409	28.4
1188	-0.246488	136.096905	0.002271	30.8
1189	-0.587279	136.033594	0.004283	29.1
1190	-0.000000	135.970362	0.000000	30.0
1191	-0.804178	135.907208	0.007854	26.8
1192	-0.649516	135.844133	0.004817	30.4
1193	-0.991057	135.781135	0.008441	30.3
1194	-0.561502	135.718215	0.004602	29.5
1195	-0.123465	135.655373	0.003295	28.8
1196	-0.392543	135.592608	0.004724	28.3
1197	-0.064107	135.529921	0.001010	30.6
1198	-0.000000	135.467311	0.000000	29.8
1199	-0.001753	135.404778	0.000059	29.7
1200	-0.909243	135.342322	0.007268	29.5
1201	-0.534156	135.279942	0.006200	30.4
1202	-0.017356	135.217640	0.000271	29.3
1203	-0.323191	135.155413	0.003608	29.8
1204	-0.021315	135.093263	0.000428	29.7
1205	-0.119629	135.031190	0.002331	29.5
1206	-0.777788	134.969192	0.008134	31.0
1207	-1.029536	134.907270	0.007263	30.6
1208	-0.620185	134.845424	0.006354	30.0
1209	-0.126694	134.783653	0.001451	29.5
1210	-1.042799	134.721958	0.006085	29.0
1211	-0.095366	134.660338	0.001869	29.3
1212	-0.896612	134.598793	0.006693	30.1
1213	-0.942178	134.537323	0.007196	30.3
1214	-0.750158	134.475927	0.007030	30.0
1215	-0.683979	134.414607	0.007024	30.7
1216	-0.794500	134.353361	0.010264	27.9
1217	-0.865947	134.292189	0.009021	29.8
1218	-0.837676	134.231092	0.006348	28.6
1219	-0.250770	134.170068	0.002434	29.7
1220	-0.881396	134.109119	0.006578	30.3
1221	-0.866156	134.048243	0.005516	28.5
1222	-0.523756	133.987441	0.005703	29.2
1223	-0.929923	133.926713	0.007942	31.0
1224	-0.446995	133.866057	0.004955	29.9
1225	-0.001137	133.805475	0.000073	29.7
1226	-0.248578	133.744966	0.004548	28.9
1227	-0.000000	133.684530	0.000000	28.9
1228	-0.870950	133.624167	0.007897	30.5
1229	-0.000000	133.563877	0.000000	30.2
1230	-0.616742	133.503658	0.006270	27.9
1231	-0.325298	133.443513	0.005298	29.3
1232	-0.697626	133.383439	0.007121	29.0
1233	-0.697567	133.323437	0.006486	30.9
1234	-0.897512	133.263508	0.008925	29.5
1235	-0.000000	133.203650	0.000000	29.4
1236	-0.710942	133.143864	0.005584	30.2
1237	-0.756051	133.084149	0.006217	30.0
1238	-0.000000	133.024506	0.000000	30.8
1239	-0.796184	132.964934	0.004557	31.5
1240	-0.899146	132.905433	0.009556	31.4
1241	-0.818332	132.846003	0.005872	29.2
1242	-0.000000	132.786643	0.000000	29.2
1243	-0.865887	132.727355	0.006125	29.5
1244	-0.624676	132.668137	0.005710	30.2
1245	-0.187595	132.608989	0.003197	29.1
1246	-0.587903	132.549912	0.005978	28.8
1247	-0.504026	132.490904	0.005326	28.9
1248	-0.595366	132.431967	0.006759	30.0
1249	-0.000000	132.373100	0.000000	30.6
1250	-0.886615	132.314302	0.007518	28.9
1251	-0.553691	132.255574	0.006811	30.0
1252	-0.665344	132.196916	0.008232	30.1
1253	-0.702538	132.138326	0.006677	30.1
1254	-0.701894	132.079806	0.007102	30.6
1255	-0.000000	132.021355	0.000000	29.7
1256	-0.707388	131.962973	0.005774	29.8
1257	-0.535602	131.904660	0.006081	30.2
1258	-0.340250	131.846415	0.005614	29.0
1259	-0.818615	131.788239	0.009453	29.3
1260	-0.680930	131.730131	0.007342	30.1
1261	-0.000847	131.672092	0.000023	29.7
1262	-0.620588	131.614121	0.006547	28.6
1263	-0.937481	131.556217	0.007075	29.6
1264	-0.408628	131.498382	0.003906	30.2
1265	-0.400925	131.440614	0.006257	30.0
1266	-0.885830	131.382914	0.006721	29.6
1267	-0.808074	131.325282	0.006992	30.2
1268	-0.000000	131.267717	0.000000	28.3
1269	-0.699758	131.210219	0.005885	29.5
1270	-0.602659	131.152788	0.008287	28.8
1271	-0.000068	131.095424	0.000013	30.0
1272	-0.034059	131.038127	0.000865	29.4
1273	-0.106431	130.980897	0.002304	29.2
1274	-0.012153	130.923733	0.001147	28.7
1275	-0.673995	130.866636	0.006385	29.5
1276	-0.164488	130.809605	0.002103	28.9
1277	-0.389789	130.752641	0.004341	28.1
1278	-0.000000	130.695742	0.000000	29.9
1279	-0.000000	130.638910	0.000000	31.3
1280	-0.591889	130.582143	0.006255	32.1
1281	-0.895371	130.525442	0.005451	32.2
1282	-0.453472	130.468807	0.004092	32.8
1283	-0.868218	130.412237	0.006007	30.6
1284	-0.000000	130.355733	0.000000	29.8
1285	-0.000000	130.299294	0.000000	28.4
1286	-0.392475	130.242920	0.005051	29.3
1287	-1.038817	130.186611	0.009141	29.9
1288	-0.022038	130.130366	0.001177	30.3
1289	-0.000000	130.074187	0.000000	29.4
1290	-0.000000	130.018072	0.000000	29.7
1291	-0.162079	129.962022	0.002036	28.6
1292	-0.227673	129.906036	0.004642	30.1
1293	-0.000000	129.850114	0.000000	29.3
1294	-0.028643	129.794257	0.001133	28.8
1295	-0.817952	129.738463	0.007201	28.5
1296	-0.771086	129.682734	0.007601	28.9
1297	-0.110608	129.627068	0.002749	30.1
1298	-0.387466	129.571466	0.004506	29.2
1299	-0.338304	129.515927	0.003131	30.0
1300	-0.149628	129.460452	0.002124	28.2
1301	-0.052512	129.405040	0.001598	29.5
1302	-0.746769	129.349692	0.008147	29.9
1303	-0.898296	129.294406	0.008013	28.8
1304	-0.904418	129.239183	0.006081	29.4
1305	-0.739386	129.184024	0.006729	29.9
1306	-0.032573	129.128927	0.001026	29.5
1307	-0.679228	129.073892	0.004526	29.2
1308	-0.551146	129.018921	0.007075	28.2
1309	-0.625084	128.964011	0.007733	30.3
1310	-0.750371	128.909164	0.006757	30.0
1311	-0.765016	128.854379	0.007180	30.8
1312	-0.035887	128.799656	0.001029	29.1
1313	-0.000000	128.744995	0.000000	29.2
1314	-0.000000	128.690396	0.000000	28.2
1315	-0.538657	128.635858	0.005349	30.2
1316	-0.207254	128.581382	0.004764	28.8
1317	-0.686226	128.526968	0.007519	30.6
1318	-0.728731	128.472615	0.006724	29.7
1319	-0.002847	128.418323	0.000092	29.9
1320	-0.788673	128.364092	0.007515	30.6
1321	-0.508232	128.309922	0.005619	33.8
1322	-0.073779	128.255814	0.000932	31.3
1323	-0.776014	128.201766	0.005895	31.4
1324	-0.008272	128.147778	0.000158	29.5
1325	-0.289331	128.093852	0.003265	29.5
1326	-0.713347	128.039985	0.007398	31.1
1327	-0.000000	127.986180	0.000000	30.1
1328	-0.469551	127.932434	0.005788	29.4
1329	-0.566668	127.878749	0.006907	30.0
1330	-0.000118	127.825123	0.000017	28.7
1331	-0.000000	127.771558	0.000000	29.5
1332	-0.000000	127.718052	0.000000	27.9
1333	-0.000000	127.664606	0.000000	30.4
1334	-0.102596	127.611220	0.001515	30.0
1335	-0.451323	127.557893	0.003913	30.0
1336	-0.914055	127.504625	0.007033	27.1
1337	-0.000000	127.451417	0.000000	30.1
1338	-0.736357	127.398268	0.008757	30.7
1339	-0.212434	127.345178	0.001305	30.8
1340	-0.000000	127.292147	0.000000	30.1
1341	-0.339669	127.239175	0.003380	29.9
1342	-0.661203	127.186261	0.007268	29.2
1343	-0.956246	127.133407	0.006634	28.6
1344	-0.000000	127.080610	0.000000	28.5
1345	-0.541996	127.027872	0.005177	30.4
1346	-0.714019	126.975193	0.007410	28.0
1347	-0.576251	126.922572	0.007676	30.4
1348	-0.188285	126.870008	0.002926	29.3
1349	-0.858065	126.817503	0.006642	31.8
1350	-1.056632	126.765056	0.008197	29.1
1351	-0.725408	126.712667	0.005193	29.8
1352	-0.551700	126.660335	0.006253	29.3
1353	-0.538787	126.608061	0.006955	29.9
1354	-0.243516	126.555844	0.003475	29.0
1355	-0.004300	126.503685	0.000000	29.1
1356	-0.136563	126.451583	0.002050	29.4
1357	-0.602350	126.399538	0.004369	29.5
1358	-0.000000	126.347550	0.000000	28.9
1359	-0.606189	126.295619	0.006744	28.4
1360	-0.685939	126.243745	0.006632	29.6
1361	-0.000000	126.191928	0.000000	28.4
1362	-0.000000	126.140168	0.000000	30.8
1363	-0.734341	126.088464	0.007570	31.5
1364	-0.721514	126.036817	0.008761	30.1
1365	-0.000000	125.985226	0.000000	29.2
1366	-0.096165	125.933691	0.002353	29.9
1367	-0.001244	125.882212	0.000043	31.3
1368	-0.009335	125.830790	0.000172	28.8
1369	-0.760478	125.779423	0.005541	31.7
1370	-0.000000	125.728113	0.000000	29.9
1371	-0.000915	125.676858	0.000018	31.1
1372	-1.010196	125.625659	0.007453	30.8
1373	-0.036574	125.574515	0.001272	29.4
1374	-0.783521	125.523427	0.005737	30.6
1375	-0.529458	125.472394	0.004483	30.5
1376	-0.943362	125.421417	0.007599	30.1
1377	-0.570144	125.370495	0.006194	29.5
1378	-0.908138	125.319628	0.006246	28.9
1379	-0.000000	125.268815	0.000000	28.8
1380	-0.137517	125.218058	0.002739	30.1
1381	-0.835853	125.167356	0.006741	29.1
1382	-0.116817	125.116708	0.002187	30.0
1383	-0.629066	125.066115	0.006604	27.9
1384	-0.382516	125.015576	0.002778	29.1
1385	-0.809867	124.965092	0.006335	30.3
1386	-0.800228	124.914662	0.005451	29.4
1387	-0.274320	124.864287	0.003805	28.5
1388	-0.460219	124.813965	0.005538	30.2
1389	-0.013937	124.763698	0.001117	29.5
1390	-0.240058	124.713485	0.003030	31.2
1391	-0.816992	124.663325	0.008914	30.6
1392	-0.000000	124.613219	0.000000	29.3
1393	-0.551368	124.563167	0.007097	30.6
1394	-0.655701	124.513168	0.004580	28.2
1395	-0.564601	124.463223	0.006054	30.5
1396	-0.163942	124.413332	0.001625	31.0
1397	-0.000000	124.363493	0.000000	30.1
1398	-0.546615	124.313708	0.005447	28.9
1399	-1.013921	124.263976	0.009007	28.7
1400	-0.805377	124.214297	0.004982	29.0
1401	-0.000000	124.164671	0.000000	30.5
1402	-0.919362	124.115097	0.005850	30.5
1403	-0.372941	124.065577	0.003747	29.9
1404	-0.000000	124.016109	0.000000	29.8
1405	-0.491166	123.966693	0.005547	29.9
1406	-0.788744	123.917330	0.006785	29.7
1407	-0.716402	123.868020	0.007236	29.6
1408	-0.000000	123.818762	0.000000	30.4
1409	-0.866457	123.769556	0.007779	30.2
1410	-0.475005	123.720402	0.005473	29.6
1411	-0.779976	123.671300	0.007590	29.7
1412	-0.502056	123.622250	0.005139	30.1
1413	-0.000000	123.573252	0.000000	29.7
1414	-0.000000	123.524305	0.000000	28.5
1415	-0.073477	123.475411	0.001680	30.0
1416	-0.473471	123.426568	0.005472	28.9
1417	-0.525341	123.377776	0.007086	31.5
1418	-0.640656	123.329036	0.005523	31.0
1419	-0.595419	123.280347	0.006471	30.3
1420	-0.001677	123.231709	0.001163	28.1
1421	-0.824990	123.183122	0.006446	29.1
1422	-0.000000	123.134587	0.000000	28.8
1423	-0.000000	123.086102	0.000000	29.9
1424	-0.160407	123.037669	0.001448	30.5
1425	-0.845743	122.989286	0.007182	27.9
1426	-0.836199	122.940954	0.006928	29.7
1427	-0.891442	122.892672	0.009859	29.1
1428	-0.823976	122.844441	0.008788	30.0
1429	-0.343487	122.796261	0.003885	29.1
1430	-0.674046	122.748130	0.006140	29.1
1431	-0.798684	122.700050	0.005526	30.0
1432	-0.795396	122.652021	0.007782	29.9
1433	-0.000000	122.604041	0.000000	29.6
1434	-0.807174	122.556111	0.005054	28.2
1435	-0.725625	122.508232	0.004935	29.7
1436	-0.804331	122.460402	0.004357	30.3
1437	-0.227263	122.412622	0.003296	30.5
1438	-0.000000	122.364891	0.000000	29.5
1439	-0.438857	122.317210	0.004972	30.0
1440	-0.000000	122.269579	0.000000	28.3
1441	-0.000000	122.221997	0.000000	30.6
1442	-0.001685	122.174465	0.000062	30.1
1443	-0.513669	122.126981	0.006375	30.4
1444	-0.629835	122.079547	0.007038	31.5
1445	-0.446024	122.032162	0.006444	31.1
1446	-0.056320	121.984826	0.002180	29.1
1447	-0.489621	121.937539	0.005731	30.7
1448	-0.000000	121.890301	0.000000	30.2
1449	-0.000653	121.843112	0.000560	30.4
1450	-0.090557	121.795971	0.002377	29.6
1451	-0.327416	121.748879	0.004423	28.5
1452	-0.655688	121.701835	0.005801	30.3
1453	-0.800257	121.654840	0.007888	30.2
1454	-0.051400	121.607893	0.000424	30.0
1455	-0.089177	121.560994	0.003087	28.3
1456	-0.000000	121.514144	0.000000	31.5
1457	-0.000087	121.467342	0.000004	28.5
1458	-0.821079	121.420588	0.006930	30.5
1459	-0.456347	121.373882	0.005641	30.2
1460	-0.957967	121.327223	0.007449	33.0
1461	-0.528776	121.280613	0.004201	32.1
1462	-0.000000	121.234050	0.000000	35.6
1463	-0.681066	121.187535	0.004828	32.6
1464	-0.000000	121.141067	0.000000	33.2
1465	-0.546178	121.094647	0.007191	30.9
1466	-0.621251	121.048274	0.004708	32.1
1467	-0.479909	121.001949	0.007428	30.2
1468	-0.456112	120.955671	0.004964	30.8
1469	-0.804331	120.909440	0.004855	28.7
1470	-0.000000	120.863256	0.000000	31.8
1471	-0.000000	120.817119	0.000000	31.0
1472	-0.911196	120.771029	0.008955	31.0
1473	-0.952297	120.724986	0.007889	30.9
1474	-0.702271	120.678990	0.006774	30.2
1475	-0.000000	120.633040	0.000000	31.7
1476	-0.425281	120.587137	0.004595	31.0
1477	-0.012351	120.541281	0.000441	29.5
1478	-0.798592	120.495471	0.007289	30.9
1479	-0.907049	120.449707	0.007648	30.7
1480	-0.676682	120.403990	0.006742	30.6
1481	-0.483126	120.358319	0.004593	29.9
1482	-0.503897	120.312694	0.005708	31.4
1483	-0.674247	120.267115	0.006311	29.8
1484	-0.000000	120.221582	0.000000	29.1
1485	-0.804797	120.176096	0.007534	29.6
1486	-0.724709	120.130655	0.004528	30.6
1487	-0.863982	120.085260	0.007075	29.6
1488	-0.780168	120.039910	0.005776	30.5
1489	-1.041851	119.994606	0.008450	29.4
1490	-0.738380	119.949348	0.006710	29.7
1491	-0.128476	119.904135	0.001533	29.6
1492	-0.845686	119.858968	0.007763	29.3
1493	-0.422898	119.813846	0.005215	28.1
1494	-0.726121	119.768769	0.006334	29.7
1495	-0.562748	119.723738	0.005369	28.8
1496	-0.809918	119.678752	0.005285	29.9
1497	-0.358871	119.633810	0.005101	29.2
1498	-0.008507	119.588914	0.000133	27.7
1499	-0.800971	119.544062	0.007994	30.1
1500	-0.543181	119.499256	0.007291	28.5
1501	-0.971517	119.454494	0.006876	30.1
1502	-0.014408	119.409777	0.000149	29.1
1503	-0.869433	119.365104	0.006462	29.0
1504	-0.873438	119.320476	0.008477	29.4
1505	-0.995169	119.275893	0.006653	30.4
1506	-0.401534	119.231353	0.005824	29.0
1507	-1.009888	119.186859	0.009281	29.9
1508	-0.768474	119.142408	0.006470	27.3
1509	-0.507147	119.098002	0.003019	30.0
1510	-0.000000	119.053639	0.000000	29.5
1511	-0.062510	119.009321	0.001107	30.2
1512	-0.840262	118.965047	0.006534	28.8
1513	-0.036012	118.920816	0.002873	31.0
1514	-0.707144	118.876630	0.006289	28.9
1515	-1.028863	118.832487	0.007002	31.6
1516	-0.769595	118.788388	0.004276	29.6
1517	-0.113613	118.744332	0.002365	31.3
1518	-0.134740	118.700320	0.003470	29.5
1519	-0.000000	118.656352	0.000000	29.9
1520	-0.307119	118.612427	0.004233	29.6
1521	-0.000000	118.568545	0.000000	29.8
1522	-0.010095	118.524706	0.000322	28.4
1523	-0.000150	118.480911	0.000006	29.4
1524	-0.904815	118.437159	0.008451	30.6
1525	-0.000001	118.393450	0.000000	30.0
1526	-0.024928	118.349784	0.001234	30.7
1527	-1.065922	118.306160	0.009996	33.1
1528	-0.239454	118.262580	0.004239	30.3
1529	-0.813185	118.219042	0.006609	31.5
1530	-0.000000	118.175548	0.000000	30.3
1531	-0.827101	118.132095	0.008511	30.1
1532	-0.010505	118.088686	0.000184	30.5
1533	-0.004263	118.045319	0.000098	30.7
1534	-1.032718	118.001994	0.009808	36.4
1535	-0.000857	117.958712	0.000049	30.9
1536	-0.502540	117.915472	0.004201	33.0
1537	-0.969177	117.872274	0.009040	31.6
1538	-0.383247	117.829118	0.006890	31.3
1539	-0.000000	117.786005	0.000000	31.4
1540	-1.001684	117.742933	0.009299	30.3
1541	-0.143890	117.699904	0.002302	28.5
1542	-0.910015	117.656916	0.007799	30.9
1543	-0.589294	117.613971	0.005198	31.0
1544	-0.396716	117.571067	0.004171	30.7
1545	-0.000000	117.528205	0.000000	32.3
1546	-0.867019	117.485384	0.007089	32.8
1547	-0.711015	117.442605	0.006944	30.7
1548	-0.421754	117.399867	0.003566	30.5
1549	-0.805711	117.357171	0.006344	32.1
1550	-0.000000	117.314517	0.000000	29.7
1551	-0.011005	117.271903	0.000194	30.2
1552	-0.852614	117.229331	0.008650	28.6
1553	-0.006504	117.186800	0.000167	31.0
1554	-0.955216	117.144311	0.007421	29.5
1555	-0.369251	117.101862	0.005054	30.7
1556	-0.763715	117.059454	0.004259	29.5
1557	-0.000000	117.017087	0.000000	31.5
1558	-0.749931	116.974762	0.005172	31.2
1559	-0.728589	116.932476	0.009456	33.6
1560	-0.886047	116.890232	0.007862	32.6
1561	-0.000000	116.848028	0.000000	30.5
1562	-0.787949	116.805865	0.005732	30.5
1563	-0.006146	116.763743	0.000132	29.6
1564	-0.476261	116.721661	0.006457	29.6
1565	-0.001378	116.679619	0.000064	29.3
1566	-0.632919	116.637618	0.006993	30.3
1567	-0.865193	116.595657	0.006452	29.5
1568	-0.296911	116.553736	0.003628	30.9
1569	-0.935269	116.511855	0.005373	31.1
1570	-0.737118	116.470015	0.006863	31.2
1571	-0.680223	116.428214	0.006341	31.9
1572	-0.000002	116.386454	0.000000	32.7
1573	-1.034294	116.344733	0.007542	29.6
1574	-0.000000	116.303052	0.000000	30.4
1575	-0.713267	116.261412	0.004314	30.0
1576	-0.657491	116.219810	0.005407	30.9
1577	-0.435582	116.178249	0.004823	29.7
1578	-0.958214	116.136727	0.007004	30.1
1579	-0.010826	116.095245	0.000186	27.2
1580	-0.579064	116.053802	0.005560	30.1
1581	-0.527679	116.012398	0.005304	31.1
1582	-0.890196	115.971034	0.007692	29.7
1583	-0.000000	115.929710	0.000000	28.0
1584	-0.000000	115.888424	0.000000	30.0
1585	-0.000000	115.847178	0.000000	29.9
1586	-0.558993	115.805970	0.006102	32.8
1587	-0.167683	115.764802	0.002411	32.5
1588	-0.592956	115.723673	0.005801	34.9
1589	-0.028621	115.682583	0.001798	29.1
1590	-0.257415	115.641532	0.002326	30.6
1591	-0.003481	115.600519	0.000682	29.8
1592	-0.000000	115.559546	0.000000	30.0
1593	-0.758108	115.518610	0.007142	29.3
1594	-0.000000	115.477714	0.000000	29.1
1595	-0.258404	115.436856	0.002911	29.9
1596	-0.179439	115.396037	0.003503	29.4
1597	-0.855623	115.355256	0.007510	28.6
1598	-0.697014	115.314514	0.007206	31.7
1599	-0.408267	115.273810	0.004119	31.0
1600	-0.410901	115.233144	0.004514	31.7
1601	-0.429551	115.192517	0.005380	31.1
1602	-0.884754	115.151927	0.008040	31.7
1603	-0.666739	115.111376	0.005776	31.4
1604	-0.000000	115.070863	0.000000	34.5
1605	-0.707353	115.030388	0.006682	29.6
1606	-0.621954	114.989951	0.007100	30.9
1607	-0.904113	114.949551	0.005799	30.6
1608	-0.205965	114.909190	0.003106	31.7
1609	-1.066869	114.868866	0.009640	30.6
1610	-0.676271	114.828580	0.007284	31.8
1611	-0.790692	114.788332	0.007057	30.9
1612	-0.540807	114.748121	0.003626	29.9
1613	-0.830107	114.707948	0.007110	31.4
1614	-0.724420	114.667812	0.006351	30.6
1615	-0.801266	114.627714	0.006984	31.7
1616	-0.491502	114.587653	0.003675	29.4
1617	-0.922972	114.547629	0.009152	32.8
1618	-0.188206	114.507643	0.002392	29.6
1619	-0.385752	114.467693	0.004801	30.9
1620	-0.876362	114.427781	0.006880	30.7
1621	-0.598214	114.387907	0.006760	31.4
1622	-0.937443	114.348069	0.007821	29.8
1623	-1.043009	114.308268	0.009665	29.5
1624	-0.000000	114.268504	0.000000	27.9
1625	-0.920125	114.228777	0.009219	31.9
1626	-0.996923	114.189086	0.007016	29.0
1627	-0.724099	114.149433	0.004977	31.8
1628	-0.008148	114.109816	0.000266	31.5
1629	-0.938645	114.070235	0.008745	30.9
1630	-0.756382	114.030692	0.005307	31.6
1631	-0.797219	113.991185	0.007651	32.2
1632	-0.967641	113.951714	0.006820	28.9
1633	-0.556605	113.912280	0.005082	29.1
1634	-0.000000	113.872882	0.000000	31.0
1635	-0.387278	113.833521	0.004846	28.9
1636	-0.518349	113.794195	0.006333	29.6
1637	-0.788362	113.754906	0.006371	29.0
1638	-0.000102	113.715653	0.000008	30.2
1639	-0.929484	113.676437	0.009900	28.8
1640	-0.975396	113.637256	0.006506	30.9
1641	-0.873176	113.598111	0.008374	31.2
1642	-0.758438	113.559002	0.008255	33.9
1643	-0.488520	113.519929	0.006267	31.6
1644	-0.682468	113.480892	0.007354	32.8
1645	-0.000002	113.441891	0.000003	32.2
1646	-0.000000	113.402925	0.000000	31.0
1647	-0.877866	113.363995	0.006756	30.6
1648	-0.869676	113.325101	0.008565	30.4
1649	-0.029729	113.286242	0.001529	31.2
1650	-0.522249	113.247419	0.005955	31.0
1651	-0.000000	113.208631	0.000000	30.1
1652	-0.658716	113.169879	0.005447	31.1
1653	-0.838410	113.131162	0.006769	29.1
1654	-0.665490	113.092480	0.004187	30.7
1655	-0.680986	113.053833	0.008188	30.6
1656	-0.000000	113.015222	0.000000	31.4
1657	-0.000000	112.976646	0.000000	31.7
1658	-0.662605	112.938105	0.006463	33.0
1659	-0.026015	112.899599	0.000974	31.4
1660	-0.819402	112.861128	0.005114	30.6
1661	-0.925982	112.822692	0.006574	29.9
1662	-0.000000	112.784291	0.000000	30.7
1663	-0.621539	112.745924	0.007053	29.9
1664	-0.262685	112.707593	0.003537	29.6
1665	-0.526064	112.669296	0.006999	31.8
1666	-0.937503	112.631034	0.005350	30.4
1667	-0.146502	112.592806	0.001743	30.8
1668	-0.770982	112.554613	0.008837	30.6
1669	-0.812803	112.516455	0.007362	32.0
1670	-0.812848	112.478331	0.007347	31.5
1671	-0.533658	112.440241	0.007375	30.4
1672	-0.384401	112.402186	0.005189	31.7
1673	-0.880477	112.364165	0.009108	32.2
1674	-0.540397	112.326179	0.007260	32.3
1675	-0.284268	112.288227	0.003373	30.4
1676	-0.474942	112.250309	0.005301	29.6
1677	-0.879895	112.212425	0.008250	30.5
1678	-0.481949	112.174575	0.003913	30.9
1679	-0.870372	112.136759	0.006030	31.9
1680	-0.000000	112.098977	0.000000	29.1
1681	-0.832679	112.061229	0.005320	29.7
1682	-0.785857	112.023515	0.006260	30.8
1683	-0.482383	111.985834	0.006706	30.5
1684	-0.927013	111.948188	0.006844	29.6
1685	-0.980655	111.910575	0.009555	30.4
1686	-0.126384	111.872996	0.001838	29.0
1687	-0.000000	111.835450	0.000000	30.3
1688	-0.531166	111.797939	0.005397	30.4
1689	-0.535675	111.760460	0.005005	31.7
1690	-0.766203	111.723015	0.007927	28.7
1691	-0.059433	111.685604	0.003486	28.7
1692	-0.000000	111.648226	0.000000	30.9
1693	-0.769705	111.610881	0.006974	29.7
1694	-0.638829	111.573570	0.005290	29.8
1695	-0.675679	111.536292	0.007203	28.5
1696	-0.111612	111.499047	0.001871	29.7
1697	-0.000000	111.461835	0.000000	28.4
1698	-0.743576	111.424656	0.005943	30.6
1699	-0.583999	111.387510	0.006726	30.5
1700	-0.932858	111.350398	0.009014	29.9
1701	-0.574557	111.313318	0.006162	31.0
1702	-0.000000	111.276271	0.000000	29.8
1703	-0.000000	111.239257	0.000000	30.4
1704	-0.728370	111.202276	0.007931	29.8
1705	-1.019051	111.165328	0.009416	30.7
1706	-0.157077	111.128412	0.002370	30.1
1707	-0.055845	111.091529	0.001460	30.1
1708	-0.000000	111.054679	0.000000	29.3
1709	-0.687874	111.017861	0.008657	29.6
1710	-0.654962	110.981076	0.006516	29.4
1711	-0.000004	110.944323	0.000001	29.3
1712	-0.046857	110.907603	0.000619	30.7
1713	-0.862166	110.870915	0.007963	29.4
1714	-1.028944	110.834259	0.007933	30.3
1715	-0.000000	110.797636	0.000000	28.7
1716	-0.910955	110.761045	0.005962	30.8
1717	-0.516274	110.724486	0.004747	28.8
1718	-0.635588	110.687959	0.006297	29.9
1719	-0.986772	110.651465	0.006099	28.4
1720	-0.000000	110.615002	0.000000	30.2
1721	-0.862409	110.578572	0.007367	29.8
1722	-0.828559	110.542173	0.007026	29.9
1723	-0.000000	110.505807	0.000000	30.1
1724	-0.091653	110.469472	0.001734	28.8
1725	-0.543044	110.433169	0.005383	30.1
1726	-0.658339	110.396898	0.006003	29.0
1727	-0.901028	110.360659	0.009849	29.8
1728	-0.014039	110.324451	0.000368	28.5
1729	-0.805585	110.288276	0.005980	30.0
1730	-0.955980	110.252131	0.005792	29.3
1731	-0.654033	110.216019	0.005288	30.4
1732	-0.860381	110.179937	0.008254	30.1
1733	-0.623773	110.143888	0.006416	27.7
1734	-0.907077	110.107869	0.006543	30.5
1735	-0.368601	110.071882	0.005250	30.8
1736	-0.408640	110.035927	0.005263	31.8
1737	-0.822393	110.000003	0.008616	31.3
1738	-0.804524	109.964110	0.008301	31.7
1739	-0.708304	109.928248	0.005757	31.6
1740	-0.872583	109.892417	0.007424	27.9
1741	-0.019433	109.856618	0.000307	31.2
1742	-0.949978	109.820850	0.008841	29.1
1743	-0.884594	109.785112	0.007212	30.7
1744	-0.000000	109.749406	0.000000	29.9
1745	-0.000000	109.713730	0.000000	30.8
1746	-0.000000	109.678086	0.000000	30.5
1747	-0.399906	109.642472	0.005605	29.6
1748	-0.562228	109.606890	0.006062	30.0
1749	-0.315200	109.571337	0.003568	30.3
1750	-0.956821	109.535816	0.007812	30.0
1751	-0.936079	109.500326	0.008339	29.5
1752	-0.480756	109.464866	0.008762	29.9
1753	-0.000000	109.429436	0.000000	30.5
1754	-0.000000	109.394038	0.000000	29.8
1755	-0.943030	109.358669	0.008314	29.1
1756	-0.845447	109.323331	0.005574	28.8
1757	-0.091547	109.288024	0.000934	27.9
1758	-0.125916	109.252747	0.003235	30.3
1759	-0.703043	109.217501	0.005181	30.4
1760	-0.859468	109.182284	0.007076	28.9
1761	-0.000000	109.147098	0.000000	28.0
1762	-0.884668	109.111942	0.006428	30.0
1763	-0.820305	109.076817	0.007891	28.5
1764	-0.000000	109.041721	0.000000	29.3
1765	-0.946518	109.006656	0.007930	28.7
1766	-0.836314	108.971620	0.006113	29.7
1767	-0.097646	108.936615	0.003203	29.7
1768	-0.387985	108.901640	0.003626	29.4
1769	-0.804182	108.866694	0.006328	31.5
1770	-0.531692	108.831779	0.003445	30.4
1771	-0.833191	108.796893	0.007246	30.2
1772	-0.064671	108.762037	0.000938	29.4
1773	-0.012151	108.727211	0.000274	30.9
1774	-1.003592	108.692415	0.008865	28.8
1775	-0.004492	108.657648	0.001182	30.3
1776	-0.479525	108.622911	0.005653	29.4
1777	-0.899966	108.588203	0.006982	29.2
1778	-0.212708	108.553525	0.003184	29.4
1779	-0.000000	108.518877	0.000000	29.8
1780	-0.008350	108.484258	0.000153	29.8
1781	-0.000000	108.449668	0.000000	29.0
1782	-0.722396	108.415108	0.006948	29.7
1783	-0.181772	108.380578	0.002887	28.4
1784	-0.770333	108.346076	0.007567	31.6
1785	-0.000000	108.311604	0.000000	29.1
1786	-0.521606	108.277161	0.006485	31.0
1787	-0.619807	108.242747	0.005335	28.4
1788	-0.192291	108.208363	0.001500	32.5
1789	-0.678013	108.174007	0.005162	29.7
1790	-0.787534	108.139681	0.005349	31.5
1791	-0.392651	108.105383	0.005856	30.5
1792	-0.045265	108.071115	0.000927	30.4
1793	-1.018111	108.036875	0.007556	31.8
1794	-0.570688	108.002665	0.006733	30.0
1795	-0.000019	107.968483	0.000001	29.1
1796	-0.038569	107.934330	0.000393	31.2
1797	-0.004191	107.900206	0.000128	30.1
1798	-0.599542	107.866111	0.005437	28.8
1799	-0.412883	107.832044	0.003633	28.4
1800	-1.111481	107.798007	0.010062	29.9
1801	-0.000000	107.763997	0.000000	31.0
1802	-0.000000	107.730017	0.000000	30.6
1803	-0.882385	107.696065	0.006833	30.2
1804	-0.744205	107.662141	0.008099	31.3
1805	-0.694623	107.628246	0.007215	28.3
1806	-0.555102	107.594379	0.006606	29.9
1807	-0.926589	107.560541	0.008354	29.7
1808	-0.834629	107.526731	0.006341	31.4
1809	-0.000000	107.492949	0.000000	29.7
1810	-0.000000	107.459196	0.000000	31.1
1811	-0.000000	107.425471	0.000000	28.8
1812	-0.000000	107.391774	0.000000	29.5
1813	-0.809436	107.358106	0.005636	29.6
1814	-0.497784	107.324465	0.005232	29.7
1815	-0.277184	107.290853	0.004592	29.4
1816	-0.576803	107.257268	0.006228	28.5
1817	-0.837376	107.223712	0.005745	30.3
1818	-0.876648	107.190184	0.006386	30.1
1819	-0.000000	107.156683	0.000000	30.6
1820	-0.540073	107.123211	0.006404	29.0
1821	-0.000003	107.089766	0.000004	29.6
1822	-0.501463	107.056349	0.004866	29.8
1823	-0.061600	107.022960	0.001017	28.9
1824	-0.444478	106.989599	0.004589	29.7
1825	-0.000000	106.956265	0.000000	27.8
1826	-0.638696	106.922960	0.007749	30.2
1827	-0.632041	106.889681	0.006184	29.9
1828	-0.762902	106.856431	0.006584	30.5
1829	-0.001463	106.823208	0.000076	29.0
1830	-0.550729	106.790012	0.006848	29.4
1831	-0.508386	106.756844	0.005595	28.9
1832	-0.373768	106.723703	0.003968	28.3
1833	-0.683027	106.690590	0.008158	30.8
1834	-0.000000	106.657505	0.000000	29.2
1835	-0.651456	106.624446	0.005101	29.8
1836	-0.599280	106.591415	0.003919	28.8
1837	-0.441286	106.558411	0.006567	30.8
1838	-0.211617	106.525435	0.004365	30.8
1839	-0.031229	106.492485	0.000850	29.8
1840	-0.837542	106.459563	0.006564	30.5
1841	-0.658632	106.426668	0.006477	29.9
1842	-0.596011	106.393800	0.005868	29.4
1843	-0.936906	106.360959	0.008580	28.8
1844	-0.814901	106.328145	0.006008	29.2
1845	-0.825719	106.295358	0.006827	29.1
1846	-0.037474	106.262598	0.000746	30.1
1847	-0.905619	106.229865	0.006611	29.2
1848	-0.014012	106.197158	0.000429	30.5
1849	-0.000000	106.164479	0.000000	29.2
1850	-0.031645	106.131826	0.001902	30.0
1851	-0.548119	106.099201	0.005348	27.5
1852	-0.601667	106.066602	0.007223	30.7
1853	-0.634796	106.034029	0.007726	29.8
1854	-0.551241	106.001483	0.006676	29.1
1855	-0.658941	105.968964	0.004886	27.4
1856	-0.709727	105.936472	0.006165	30.0
1857	-0.832442	105.904006	0.005224	30.1
1858	-0.914267	105.871566	0.007377	30.3
1859	-0.000348	105.839153	0.000035	30.2
1860	-0.000000	105.806767	0.000000	29.1
1861	-0.107488	105.774407	0.001551	30.1
1862	-0.559656	105.742073	0.005825	27.9
1863	-0.000000	105.709766	0.000000	31.2
1864	-0.061647	105.677485	0.001486	28.9
1865	-0.406183	105.645230	0.006846	29.3
1866	-0.153314	105.613001	0.002883	29.0
1867	-0.518134	105.580799	0.005848	30.0
1868	-0.000000	105.548623	0.000000	30.7
1869	-0.672937	105.516473	0.005187	30.6
1870	-0.698133	105.484349	0.007072	31.1
1871	-0.784737	105.452251	0.005944	29.8
1872	-0.831207	105.420179	0.006269	30.2
1873	-0.917715	105.388133	0.007742	29.6
1874	-0.801313	105.356113	0.008207	30.4
1875	-0.011204	105.324119	0.000302	30.0
1876	-0.000261	105.292151	0.000022	30.2
1877	-0.000000	105.260209	0.000000	28.3
1878	-0.170708	105.228293	0.003899	29.7
1879	-0.783450	105.196402	0.006095	31.5
1880	-0.948624	105.164537	0.007481	30.6
1881	-0.862130	105.132698	0.006232	31.2
1882	-0.775823	105.100885	0.005463	30.6
1883	-0.777394	105.069097	0.006433	29.7
1884	-0.664102	105.037335	0.005170	30.0
1885	-0.811590	105.005598	0.007007	29.9
1886	-0.048908	104.973887	0.000843	30.2
1887	-0.777376	104.942202	0.007085	30.1
1888	-0.345602	104.910542	0.003628	29.2
1889	-0.650726	104.878907	0.007667	28.2
1890	-0.000000	104.847298	0.000000	30.8
1891	-0.311496	104.815715	0.002779	29.5
1892	-0.718233	104.784156	0.005235	30.2
1893	-0.658091	104.752623	0.005480	28.7
1894	-0.364200	104.721116	0.003067	29.9
1895	-0.000048	104.689633	0.000041	28.8
1896	-0.944335	104.658176	0.008136	31.3
1897	-0.487379	104.626744	0.005475	29.2
1898	-0.000000	104.595337	0.000000	30.3
1899	-0.827016	104.563955	0.007522	27.5
1900	-0.854525	104.532599	0.009199	31.3
1901	-0.401334	104.501267	0.003422	30.2
1902	-0.904794	104.469960	0.010287	30.6
1903	-1.046419	104.438679	0.007586	31.0
1904	-1.143983	104.407422	0.009901	31.1
1905	-0.605157	104.376191	0.007349	28.4
1906	-0.111834	104.344984	0.001550	29.9
1907	-0.489448	104.313802	0.004004	30.9
1908	-0.627348	104.282645	0.007882	30.5
1909	-0.679981	104.251513	0.006348	31.9
1910	-0.000000	104.220405	0.000000	31.3
1911	-0.000000	104.189323	0.000000	30.5
1912	-0.333062	104.158265	0.004780	29.1
1913	-0.000000	104.127231	0.000000	29.6
1914	-0.000000	104.096222	0.000000	31.2
1915	-0.000000	104.065238	0.000000	32.3
1916	-0.471680	104.034279	0.006083	30.3
1917	-0.404630	104.003344	0.003864	31.1
1918	-0.000000	103.972433	0.000000	29.3
1919	-0.003395	103.941547	0.000096	30.3
1920	-0.039531	103.910686	0.000932	30.3
1921	-0.000000	103.879849	0.000000	30.4
1922	-0.501040	103.849036	0.007974	30.8
1923	-0.732855	103.818248	0.008421	29.8
1924	-0.179578	103.787484	0.001973	30.1
1925	-0.657190	103.756744	0.006248	30.0
1926	-0.000000	103.726029	0.000000	30.6
1927	-0.066028	103.695338	0.001262	30.0
1928	-0.727118	103.664671	0.004247	30.6
1929	-0.752888	103.634028	0.006973	30.3
1930	-1.117197	103.603409	0.009367	29.4
1931	-1.001985	103.572814	0.007903	29.6
1932	-0.010488	103.542244	0.000298	29.4
1933	-0.028504	103.511698	0.000250	31.1
1934	-0.000000	103.481175	0.000000	30.6
1935	-0.242224	103.450677	0.004407	29.1
1936	-0.772938	103.420202	0.006033	31.3
1937	-0.000000	103.389752	0.000000	27.4
1938	-0.374565	103.359325	0.004921	30.2
1939	-0.000000	103.328922	0.000000	29.4
1940	-0.009070	103.298543	0.000345	30.2
1941	-1.033996	103.268188	0.006732	30.6
1942	-0.917437	103.237857	0.004965	30.3
1943	-0.051188	103.207549	0.002053	29.6
1944	-0.947312	103.177265	0.007140	29.5
1945	-0.449813	103.147005	0.003037	32.0
1946	-0.049410	103.116768	0.001226	30.6
1947	-0.002886	103.086556	0.000376	30.4
1948	-0.196017	103.056366	0.001928	30.6
1949	-0.000000	103.026200	0.000000	31.4
1950	-0.676036	102.996058	0.005145	30.4
1951	-0.663122	102.965939	0.005820	31.8
1952	-0.544284	102.935844	0.006554	29.8
1953	-0.000000	102.905772	0.000000	30.6
1954	-0.573171	102.875724	0.007663	29.5
1955	-0.631153	102.845699	0.007798	30.6
1956	-0.533905	102.815697	0.004442	29.8
1957	-0.388329	102.785719	0.005233	30.3
1958	-0.762779	102.755764	0.006901	30.2
1959	-0.000000	102.725832	0.000000	30.6
1960	-0.979133	102.695924	0.009611	29.5
1961	-0.004379	102.666038	0.000116	29.6
1962	-0.958114	102.636176	0.008093	27.0
1963	-0.639570	102.606337	0.006557	30.5
1964	-0.916531	102.576521	0.008486	30.8
1965	-0.034042	102.546728	0.000260	31.7
1966	-0.288908	102.516959	0.005159	29.3
1967	-0.689114	102.487212	0.007011	29.9
1968	-0.000000	102.457488	0.000000	28.6
1969	-0.886248	102.427788	0.006504	31.9
1970	-0.747635	102.398110	0.006192	29.5
1971	-0.000000	102.368455	0.000000	31.6
1972	-0.858447	102.338823	0.005035	29.6
1973	-0.741387	102.309214	0.006988	31.3
1974	-0.752971	102.279628	0.007472	28.7
1975	-0.002773	102.250064	0.000062	31.2
1976	-0.655217	102.220524	0.007033	29.7
1977	-0.732074	102.191006	0.005758	30.9
1978	-0.955701	102.161511	0.005853	29.0
1979	-0.000000	102.132038	0.000000	29.8
1980	-0.000088	102.102588	0.000004	28.9
1981	-0.429861	102.073161	0.006796	30.3
1982	-0.000000	102.043757	0.000000	30.2
1983	-1.027897	102.014375	0.008655	31.9
1984	-0.000000	101.985015	0.000000	29.1
1985	-0.006119	101.955678	0.000127	30.4
1986	-0.870403	101.926364	0.007143	30.3
1987	-0.000000	101.897072	0.000000	30.2
1988	-0.007681	101.867802	0.000800	30.0
1989	-0.172626	101.838555	0.002353	29.6
1990	-0.037324	101.809330	0.000238	30.2
1991	-0.000231	101.780128	0.000009	30.0
1992	-1.127494	101.750948	0.009423	29.1
1993	-0.000000	101.721790	0.000000	30.0
1994	-0.011345	101.692654	0.000383	31.6
1995	-0.843634	101.663541	0.005766	29.7
1996	-0.725081	101.634450	0.007394	30.1
1997	-0.000000	101.605381	0.000000	28.5
1998	-0.746961	101.576335	0.006654	30.1
1999	-0.000000	101.547310	0.000000	30.4
