1:ItNr	2:Metric	3:StepSize	4:||Gradient||	Time[ms]
0	-0.078606	627.201626	0.003688	678.5
1	-0.761475	623.504937	0.011311	4.2
2	-0.000000	619.865785	0.000000	4.3
3	-0.622681	616.282728	0.011635	4.4
4	-0.000000	612.754375	0.000000	4.2
5	-0.017584	609.279381	0.001470	4.4
6	-1.019366	605.856447	0.009346	5.0
7	-0.739357	602.484317	0.009836	4.9
8	-0.266757	599.161779	0.001398	4.5
9	0.000000	595.887656	0.000000	4.7
10	-0.541498	592.660813	0.008522	4.9
11	-0.003362	589.480151	0.000957	5.0
12	-0.701417	586.344606	0.013348	4.7
13	-0.605087	583.253145	0.019006	5.0
14	-0.545096	580.204771	0.004704	4.2
15	-0.000000	577.198517	0.000000	4.3
16	-0.743317	574.233444	0.026237	4.8
17	-0.603251	571.308645	0.007995	6.4
18	-0.000008	568.423237	0.000003	5.1
19	-0.788543	565.576365	0.023811	4.2
20	-0.053457	562.767201	0.001040	4.0
21	-0.003466	559.994938	0.000303	4.0
22	-0.857260	557.258797	0.025337	4.5
23	-0.881012	554.558018	0.010090	4.1
24	-0.651926	551.891865	0.009430	4.1
25	-0.832285	549.259621	0.013657	4.4
26	-0.578505	546.660592	0.009394	4.3
27	-0.738071	544.094102	0.010061	4.2
28	-0.043319	541.559494	0.001221	4.1
29	-0.000776	539.056129	0.000114	4.6
30	-0.830244	536.583387	0.013436	4.2
31	-0.583143	534.140663	0.012670	4.2
32	-0.285779	531.727370	0.002002	4.2
33	-1.051917	529.342935	0.026198	4.4
34	-1.050367	526.986802	0.020993	4.2
35	-0.988718	524.658430	0.011885	4.3
36	-0.563805	522.357290	0.018390	4.5
37	-0.609457	520.082868	0.010989	4.4
38	-0.877042	517.834665	0.020957	4.3
39	-0.000000	515.612193	0.000000	4.5
40	-0.937096	513.414976	0.016656	4.7
41	-0.771565	511.242551	0.020787	4.3
42	-0.970840	509.094468	0.037771	4.6
43	-0.840181	506.970285	0.048318	4.6
44	-0.054605	504.869574	0.006505	4.6
45	-0.835999	502.791916	0.010220	4.6
46	-0.089306	500.736903	0.001754	5.1
47	-1.029455	498.704137	0.017945	4.8
48	-0.527351	496.693228	0.008439	4.7
49	-0.599411	494.703798	0.008846	4.5
50	-0.000000	492.735476	0.000000	5.0
51	-0.856512	490.787900	0.008532	4.7
52	-0.753985	488.860718	0.033650	4.4
53	-1.177200	486.953585	0.013677	4.5
54	-0.436245	485.066164	0.010117	5.0
55	-0.530549	483.198126	0.012373	4.8
56	-0.709249	481.349149	0.049875	4.6
57	-0.742307	479.518920	0.018216	4.9
58	-0.269041	477.707132	0.002479	5.0
59	-0.797476	475.913485	0.009688	4.6
60	-0.000033	474.137684	0.000013	6.0
61	-1.104928	472.379445	0.018386	4.7
62	-0.000000	470.638485	0.000000	4.7
63	-0.782815	468.914531	0.021815	5.2
64	-0.791247	467.207315	0.018084	4.8
65	-0.446666	465.516573	0.017976	4.5
66	-0.000000	463.842050	0.000000	4.9
67	-0.541878	462.183494	0.007565	4.7
68	-0.960627	460.540658	0.025281	4.6
69	-0.000168	458.913303	0.000014	4.6
70	-0.858907	457.301192	0.026981	5.2
71	-0.634019	455.704096	0.030923	4.8
72	-0.740561	454.121787	0.006020	4.6
73	-0.000874	452.554045	0.000029	5.0
74	-0.000000	451.000653	0.000000	4.8
75	-0.843196	449.461399	0.013375	4.7
76	-0.000000	447.936075	0.000000	5.3
77	-0.348926	446.424477	0.007145	4.8
78	-0.000000	444.926406	0.000000	4.7
79	-0.281374	443.441666	0.003885	4.9
80	-0.747692	441.970065	0.012008	4.9
81	-0.281205	440.511415	0.003849	4.8
82	-0.958045	439.065533	0.007733	4.9
83	-0.000000	437.632238	0.000000	5.1
84	-0.772299	436.211351	0.007742	4.8
85	-0.275137	434.802701	0.006528	4.9
86	-0.354272	433.406117	0.003293	5.1
87	-0.560872	432.021430	0.010747	4.8
88	-0.812885	430.648479	0.008349	4.8
89	-0.000000	429.287101	0.000000	4.9
90	-0.622778	427.937140	0.018042	4.8
91	-1.045234	426.598440	0.009628	4.9
92	-0.721685	425.270849	0.004795	4.9
93	-1.122497	423.954220	0.015483	5.0
94	-0.614208	422.648404	0.009159	4.8
95	-0.833436	421.353259	0.009119	4.8
96	-0.578207	420.068643	0.008308	5.0
97	-0.721670	418.794419	0.008354	5.4
98	-0.092700	417.530451	0.001261	4.8
99	-0.000000	416.276604	0.000000	4.7
100	-1.072079	415.032748	0.022045	4.8
101	-0.941906	413.798754	0.005197	4.8
102	-0.550569	412.574495	0.012483	5.1
103	-0.854154	411.359849	0.011542	5.0
104	-0.737989	410.154691	0.007918	4.7
105	-1.045861	408.958904	0.021811	5.0
106	-0.644800	407.772368	0.010717	5.0
107	-0.772764	406.594968	0.047125	4.7
108	-0.426412	405.426590	0.021961	4.8
109	-0.951806	404.267122	0.013310	5.2
110	-0.000000	403.116456	0.000000	4.7
111	-0.000000	401.974481	0.000000	5.3
112	-0.389480	400.841093	0.004131	5.5
113	-0.719459	399.716187	0.008412	4.8
114	-1.013686	398.599660	0.016498	4.7
115	-0.574743	397.491411	0.013942	5.3
116	-0.330110	396.391342	0.007357	4.8
117	-0.000000	395.299353	0.000000	5.4
118	-1.029539	394.215350	0.012672	5.2
119	-0.979476	393.139238	0.009679	4.8
120	-0.572083	392.070924	0.008982	4.9
121	-0.000000	391.010316	0.000000	5.0
122	-0.536328	389.957325	0.011166	4.8
123	-0.000000	388.911862	0.000000	5.0
124	-1.045188	387.873839	0.028152	5.4
125	-0.588984	386.843173	0.011151	4.7
126	-0.461618	385.819777	0.011000	5.0
127	-0.659182	384.803569	0.011743	5.1
128	-0.679224	383.794468	0.008786	4.8
129	-0.787753	382.792393	0.013791	5.2
130	-0.129127	381.797264	0.004459	4.8
131	-0.798364	380.809005	0.012234	5.0
132	-0.000000	379.827537	0.000000	4.9
133	-0.880783	378.852786	0.017443	4.8
134	-0.797364	377.884678	0.005413	5.1
135	-0.210837	376.923138	0.003717	5.1
136	-0.447372	375.968095	0.004241	4.7
137	-0.075848	375.019479	0.001414	4.8
138	-0.520498	374.077218	0.004846	5.3
139	-0.743070	373.141244	0.009905	5.2
140	-0.000000	372.211489	0.000000	5.0
141	-0.016029	371.287887	0.001342	4.8
142	-0.173647	370.370370	0.005342	4.7
143	-1.148964	369.458876	0.012488	5.2
144	-0.117813	368.553338	0.000964	5.0
145	-0.614182	367.653696	0.007759	4.7
146	-0.070948	366.759885	0.000369	5.2
147	-0.611049	365.871846	0.006986	4.7
148	-0.924467	364.989518	0.005404	4.8
149	-0.565360	364.112841	0.005185	4.9
150	-0.926707	363.241757	0.015703	5.1
151	-0.880115	362.376208	0.015303	4.7
152	-0.002308	361.516137	0.000152	4.8
153	-0.763341	360.661488	0.009616	5.3
154	-0.886930	359.812206	0.015328	4.8
155	-0.070303	358.968236	0.000927	4.8
156	-0.718746	358.129524	0.008031	5.2
157	-0.649014	357.296018	0.016827	4.8
158	-0.236281	356.467665	0.004268	5.0
159	-0.135277	355.644414	0.003035	4.9
160	-0.148776	354.826213	0.001738	5.0
161	-1.033300	354.013012	0.017583	5.1
162	-0.000331	353.204763	0.000021	5.1
163	-0.000000	352.401415	0.000000	5.0
164	-1.159417	351.602922	0.026172	5.0
165	-1.102536	350.809235	0.017100	5.4
166	-0.178684	350.020308	0.003494	5.0
167	-0.813536	349.236095	0.018801	5.1
168	-0.022106	348.456550	0.000838	5.4
169	-1.002379	347.681627	0.015765	5.0
170	-0.000000	346.911283	0.000000	5.9
171	-0.873991	346.145474	0.009943	5.4
172	-1.106527	345.384157	0.006016	5.0
173	-0.369429	344.627288	0.007017	5.2
174	-0.946328	343.874826	0.008615	5.1
175	-1.077384	343.126729	0.025892	4.8
176	-0.946426	342.382957	0.008978	5.5
177	-1.130940	341.643469	0.033535	5.1
178	-0.564020	340.908224	0.011210	5.4
179	-0.569584	340.177184	0.004032	5.0
180	-0.132591	339.450309	0.003107	5.1
181	-0.181783	338.727561	0.006231	5.4
182	-1.013712	338.008902	0.021356	4.7
183	-0.638878	337.294295	0.003363	4.7
184	-0.980703	336.583703	0.013055	5.4
185	-1.091677	335.877089	0.014387	4.7
186	-0.898110	335.174416	0.007145	4.7
187	-0.073324	334.475651	0.001487	6.5
188	-0.452809	333.780756	0.019127	4.6
189	-0.640209	333.089698	0.041072	4.7
190	-0.986949	332.402443	0.005225	5.1
191	-0.000000	331.718955	0.000000	4.7
192	-0.965384	331.039203	0.023510	4.7
193	-0.000000	330.363153	0.000000	5.3
194	-0.224894	329.690771	0.002334	4.9
195	-0.514800	329.022027	0.007605	4.8
196	-1.002089	328.356888	0.022000	5.4
197	-0.000922	327.695322	0.000118	4.9
198	-0.263166	327.037299	0.002230	4.8
199	-0.937672	326.382787	0.008571	5.1
200	-0.579659	325.731758	0.006786	4.8
201	-0.045533	325.084179	0.001244	4.9
202	-0.080067	324.440023	0.001807	4.9
203	-0.000000	323.799258	0.000000	4.9
204	-0.872138	323.161858	0.005599	5.2
205	-0.054700	322.527792	0.004236	5.3
206	-0.506404	321.897034	0.006266	5.0
207	-0.000203	321.269554	0.000022	4.9
208	-0.962613	320.645325	0.025091	4.5
209	-0.595538	320.024320	0.007423	4.9
210	-1.141114	319.406512	0.017894	4.9
211	-1.089424	318.791875	0.011739	4.9
212	-1.179581	318.180381	0.007859	5.1
213	-1.055247	317.572005	0.010495	5.0
214	-0.000000	316.966721	0.000000	4.9
215	-0.079635	316.364504	0.000851	5.3
216	-0.000000	315.765329	0.000000	5.0
217	-0.201392	315.169170	0.004381	4.9
218	-0.008844	314.576003	0.000776	5.4
219	-0.000661	313.985804	0.000155	5.0
220	-1.085768	313.398548	0.035401	5.2
221	-0.595473	312.814213	0.009718	5.8
222	-0.393738	312.232773	0.003411	5.2
223	-0.959943	311.654207	0.028669	4.8
224	-0.173966	311.078491	0.005885	5.3
225	-0.000000	310.505602	0.000000	4.9
226	-0.758954	309.935518	0.015555	4.9
227	-0.000000	309.368217	0.000000	5.3
228	-1.073132	308.803676	0.014273	4.9
229	-0.673086	308.241874	0.017463	4.9
230	-0.106285	307.682789	0.003520	5.6
231	-0.000237	307.126400	0.000059	5.1
232	-0.052997	306.572687	0.004065	5.0
233	-0.805911	306.021627	0.008528	5.2
234	-0.282457	305.473201	0.003935	5.1
235	-0.773360	304.927388	0.008006	4.9
236	-1.035373	304.384168	0.023125	7.5
237	-0.192362	303.843521	0.004425	5.0
238	-0.542323	303.305427	0.005982	5.1
239	-0.372302	302.769867	0.005935	5.3
240	-0.017519	302.236821	0.000717	4.8
241	-0.960489	301.706270	0.008997	5.1
242	-0.848021	301.178196	0.009864	4.8
243	-0.534081	300.652580	0.007172	4.9
244	-0.360672	300.129402	0.005665	4.9
245	-0.808785	299.608645	0.023580	4.9
246	-0.882926	299.090291	0.006754	5.0
247	-1.187538	298.574321	0.010645	5.3
248	-0.000013	298.060718	0.000002	5.1
249	-0.000000	297.549465	0.000000	4.9
250	-0.063794	297.040543	0.001717	4.9
251	-0.616708	296.533936	0.007478	4.9
252	-0.217883	296.029626	0.005948	5.1
253	-0.766952	295.527597	0.004616	5.0
254	-0.000000	295.027832	0.000000	4.9
255	-0.570168	294.530315	0.007885	5.0
256	-0.784642	294.035028	0.003115	5.0
257	-0.644346	293.541956	0.004552	4.8
258	-1.076978	293.051083	0.004869	5.2
259	-1.052435	292.562393	0.013168	5.0
260	-0.000000	292.075870	0.000000	4.8
261	-0.943873	291.591498	0.026386	5.1
262	-0.757717	291.109263	0.007766	5.3
263	-0.095219	290.629149	0.003164	4.6
264	-0.037083	290.151140	0.002504	4.9
265	-0.697205	289.675222	0.017218	5.1
266	-0.745514	289.201380	0.017342	4.8
267	-0.567481	288.729600	0.004187	4.8
268	-0.084829	288.259866	0.002642	5.2
269	-1.035419	287.792165	0.006072	4.8
270	-0.644093	287.326481	0.010788	4.8
271	-0.716106	286.862802	0.005614	5.2
272	-0.305087	286.401113	0.001880	5.0
273	-0.671497	285.941400	0.012003	4.9
274	-0.756924	285.483649	0.005587	5.3
275	-0.001953	285.027847	0.000109	4.9
276	-1.107662	284.573981	0.024690	4.9
277	-0.704997	284.122037	0.007383	5.5
278	-0.424263	283.672002	0.009080	5.2
279	-0.000000	283.223863	0.000000	4.8
280	-0.987383	282.777607	0.027144	5.2
281	-0.000000	282.333221	0.000000	5.0
282	-0.230192	281.890692	0.004538	5.0
283	-0.000000	281.450008	0.000000	5.2
284	-0.652771	281.011157	0.009990	5.2
285	-0.386120	280.574125	0.009377	5.1
286	-0.621342	280.138901	0.015476	5.4
287	-0.690297	279.705473	0.013770	5.1
288	-1.137879	279.273829	0.008949	5.7
289	-0.567607	278.843956	0.013681	5.1
290	-0.236547	278.415844	0.004527	4.9
291	-0.000000	277.989479	0.000000	4.8
292	-0.935378	277.564851	0.011257	5.1
293	-1.062743	277.141949	0.018766	4.8
294	-0.996817	276.720761	0.014051	4.9
295	-1.120157	276.301275	0.025801	4.6
296	-0.000000	275.883480	0.000000	5.1
297	-0.588083	275.467366	0.017462	5.0
298	-0.924440	275.052922	0.012664	4.7
299	-0.848130	274.640136	0.012439	5.0
300	-0.139567	274.228998	0.001277	5.0
301	-1.049667	273.819497	0.022023	4.8
302	-0.543140	273.411623	0.013654	5.1
303	-0.000000	273.005365	0.000000	5.1
304	-0.315980	272.600712	0.006019	4.9
305	-0.000000	272.197655	0.000000	5.5
306	-0.000000	271.796184	0.000000	5.0
307	-0.000477	271.396287	0.000049	4.8
308	-0.003354	270.997956	0.000126	5.3
309	-0.000000	270.601180	0.000000	5.3
310	-0.000000	270.205949	0.000000	4.8
311	-0.567021	269.812254	0.010073	4.8
312	-0.623253	269.420085	0.004869	5.0
313	-0.612306	269.029432	0.017067	4.8
314	-0.000000	268.640287	0.000000	4.7
315	-0.649590	268.252638	0.009796	5.3
316	-0.291210	267.866478	0.005121	4.7
317	-0.138574	267.481796	0.002596	4.7
318	-0.984270	267.098584	0.014426	5.1
319	-0.914450	266.716833	0.006671	5.0
320	-0.367879	266.336533	0.006036	5.0
321	0.000000	265.957676	0.000000	5.1
322	-1.102091	265.580253	0.013551	5.0
323	-0.223810	265.204254	0.002826	5.2
324	-0.805695	264.829672	0.012772	5.3
325	-0.705639	264.456497	0.009053	5.0
326	-1.110438	264.084721	0.031764	5.1
327	-0.536684	263.714335	0.012658	5.2
328	-0.000000	263.345332	0.000000	5.1
329	-0.000770	262.977702	0.000153	5.1
330	-1.088990	262.611438	0.040379	5.3
331	-0.383968	262.246531	0.002151	4.9
332	-0.709062	261.882973	0.006908	5.0
333	-0.596696	261.520756	0.013268	5.2
334	-0.745903	261.159871	0.011528	5.2
335	-0.204956	260.800312	0.004072	5.3
336	-1.281740	260.442070	0.011496	5.5
337	-0.655891	260.085137	0.008144	5.5
338	-0.353858	259.729505	0.004801	5.0
339	-0.092134	259.375167	0.000941	5.0
340	-0.000000	259.022116	0.000000	5.0
341	-0.000000	258.670343	0.000000	4.7
342	-1.153459	258.319841	0.014462	4.8
343	-1.046173	257.970602	0.014935	5.7
344	-1.125648	257.622620	0.016660	4.9
345	-0.926209	257.275887	0.019193	4.7
346	-0.942124	256.930396	0.005716	5.4
347	-1.077605	256.586139	0.033225	4.8
348	-0.000000	256.243109	0.000000	4.8
349	-0.531463	255.901300	0.007813	5.2
350	-0.061135	255.560703	0.003063	4.8
351	-0.864438	255.221313	0.044654	4.7
352	-0.794349	254.883122	0.015740	5.5
353	-0.796702	254.546124	0.019294	4.9
354	-0.000980	254.210311	0.000051	4.8
355	-0.626911	253.875677	0.029118	5.2
356	-0.748124	253.542215	0.010713	5.0
357	-1.078383	253.209918	0.016740	4.6
358	-0.000006	252.878781	0.000002	7.0
359	-0.189663	252.548795	0.003506	4.9
360	-0.000438	252.219956	0.000060	4.7
361	-0.041111	251.892255	0.000747	5.1
362	-0.940270	251.565688	0.009892	4.9
363	-0.934645	251.240247	0.016484	4.8
364	-0.953323	250.915926	0.016369	5.1
365	-0.815478	250.592720	0.014786	5.0
366	-0.035510	250.270621	0.000568	4.8
367	-0.656837	249.949624	0.008550	4.7
368	-0.020376	249.629723	0.001336	5.0
369	-0.096177	249.310911	0.008384	4.6
370	-0.813867	248.993182	0.019552	5.2
371	-0.852546	248.676531	0.011888	5.2
372	-0.000000	248.360952	0.000000	4.8
373	-0.855601	248.046438	0.008207	4.9
374	-0.000011	247.732984	0.000004	4.8
375	-0.000914	247.420584	0.000072	5.1
376	-1.152208	247.109233	0.006664	5.2
377	-0.824475	246.798924	0.008860	5.3
378	-0.000000	246.489652	0.000000	5.0
379	-0.015787	246.181412	0.001206	4.8
380	-0.000000	245.874197	0.000000	5.1
381	-1.196818	245.568002	0.007233	5.0
382	-0.906360	245.262822	0.007663	4.8
383	-0.011180	244.958652	0.000504	4.7
384	-0.893787	244.655485	0.008138	5.3
385	-0.000000	244.353317	0.000000	4.8
386	-0.673205	244.052142	0.007577	4.8
387	-0.254347	243.751955	0.005032	5.1
388	-0.251071	243.452750	0.005332	4.8
389	-0.144492	243.154523	0.001501	4.6
390	-0.798477	242.857268	0.009220	5.4
391	-1.194040	242.560980	0.017703	4.8
392	-0.248246	242.265654	0.006350	4.7
393	-0.219044	241.971285	0.005507	5.2
394	-0.046642	241.677868	0.001272	4.6
395	-0.745969	241.385397	0.011778	4.7
396	-1.094809	241.093869	0.029754	5.4
397	-0.181574	240.803278	0.003931	5.2
398	-0.421766	240.513619	0.006896	5.1
399	-0.771322	240.224887	0.007943	5.4
400	-0.999027	239.937077	0.010522	5.4
401	-0.958549	239.650186	0.010378	6.3
402	-0.784526	239.364207	0.014753	5.5
403	-0.038262	239.079136	0.001474	5.3
404	-0.973399	238.794969	0.024866	5.4
405	-0.977239	238.511701	0.014400	5.7
406	-0.124393	238.229327	0.003886	5.1
407	-0.015124	237.947843	0.000895	5.9
408	-0.000000	237.667244	0.000000	6.0
409	-0.470764	237.387526	0.004996	5.3
410	-0.789816	237.108684	0.005635	5.4
411	-0.689531	236.830714	0.006612	5.1
412	-0.348445	236.553610	0.001690	5.0
413	-0.978275	236.277370	0.011842	4.8
414	-0.966499	236.001989	0.027519	5.2
415	-0.761522	235.727461	0.013669	5.1
416	-0.793974	235.453784	0.007850	4.8
417	-0.716516	235.180952	0.005834	5.1
418	-0.048468	234.908962	0.000867	4.9
419	-0.769708	234.637809	0.006621	5.0
420	-0.619577	234.367488	0.007399	5.5
421	-1.018576	234.097997	0.039555	4.9
422	-0.338239	233.829331	0.003955	4.9
423	0.000000	233.561485	0.000000	5.3
424	-0.802607	233.294456	0.006990	5.1
425	-0.861560	233.028239	0.026738	4.8
426	-0.012811	232.762831	0.001089	5.5
427	-1.035334	232.498228	0.007903	4.8
428	-0.613385	232.234425	0.007863	5.0
429	-0.978835	231.971419	0.007978	5.3
430	-0.900550	231.709205	0.011221	4.9
431	-0.144243	231.447781	0.003287	4.7
432	-0.914265	231.187141	0.004705	6.0
433	-0.300644	230.927283	0.002589	5.1
434	-1.116352	230.668202	0.023580	4.8
435	-0.736609	230.409895	0.005666	5.2
436	-0.871212	230.152358	0.013577	5.1
437	-0.021242	229.895587	0.001774	4.7
438	-1.057939	229.639578	0.018527	5.6
439	-0.533283	229.384329	0.006080	5.0
440	-0.060023	229.129834	0.000799	4.7
441	-0.008363	228.876091	0.000797	4.8
442	-0.025470	228.623096	0.000560	5.0
443	-0.348820	228.370846	0.001472	4.8
444	-0.606533	228.119336	0.005788	5.2
445	-0.912575	227.868563	0.005816	4.9
446	-1.188600	227.618525	0.005295	4.8
447	-0.000073	227.369216	0.000028	4.9
448	-0.189313	227.120635	0.005256	5.0
449	-0.000000	226.872777	0.000000	4.9
450	-0.004083	226.625638	0.000261	4.9
451	-1.135856	226.379217	0.022082	5.1
452	-0.424430	226.133509	0.005644	5.0
453	0.000000	225.888510	0.000000	4.8
454	-0.247725	225.644218	0.006945	5.1
455	-0.793266	225.400630	0.015787	5.0
456	-0.000000	225.157741	0.000000	4.8
457	-1.030314	224.915549	0.042032	4.8
458	-0.901527	224.674051	0.009152	5.4
459	-0.000000	224.433242	0.000000	4.7
460	-0.101432	224.193121	0.003015	4.9
461	-1.110070	223.953684	0.017609	5.4
462	-0.847863	223.714927	0.006472	4.9
463	-0.296080	223.476848	0.007189	4.7
464	-0.000013	223.239444	0.000002	5.6
465	-1.196135	223.002710	0.010174	5.0
466	-0.000000	222.766645	0.000000	5.0
467	-0.104555	222.531245	0.003759	5.4
468	-0.660754	222.296508	0.015617	5.0
469	-1.081344	222.062429	0.022599	4.8
470	-0.592660	221.829007	0.010639	5.2
471	-0.560281	221.596238	0.010205	5.1
472	-0.908887	221.364119	0.006108	4.8
473	-0.853114	221.132647	0.007545	5.3
474	-0.920375	220.901820	0.011206	5.1
475	-1.106861	220.671634	0.005068	5.0
476	-1.158134	220.442086	0.007967	5.5
477	-0.000000	220.213174	0.000000	5.1
478	-0.086690	219.984895	0.003187	5.0
479	-0.130391	219.757246	0.004627	5.5
480	-1.008693	219.530224	0.011909	5.1
481	-0.000000	219.303826	0.000000	4.9
482	-0.000000	219.078050	0.000000	5.1
483	-0.000019	218.852893	0.000007	5.0
484	-0.537333	218.628352	0.004787	4.8
485	-0.834273	218.404424	0.011536	5.2
486	-0.000000	218.181106	0.000000	4.9
487	-0.967841	217.958397	0.006850	4.7
488	-0.837782	217.736292	0.007181	4.8
489	-0.000000	217.514790	0.000000	4.9
490	-0.000000	217.293888	0.000000	4.7
491	-0.376408	217.073584	0.003559	4.8
492	-0.062092	216.853873	0.000677	5.2
493	-1.010867	216.634755	0.003910	5.8
494	0.000000	216.416227	0.000000	5.0
495	-1.216513	216.198285	0.009248	5.4
496	-0.612103	215.980927	0.011591	5.2
497	-0.899136	215.764151	0.016218	5.1
498	-0.318940	215.547955	0.007986	5.2
499	-0.949507	215.332335	0.013584	5.2
500	-0.238733	215.117289	0.009843	4.8
501	-0.237794	214.902815	0.004670	5.1
502	-0.000002	214.688911	0.000001	5.0
503	-0.830559	214.475573	0.010760	4.8
504	-0.702704	214.262800	0.010670	4.8
505	-0.791679	214.050588	0.008806	5.1
506	-0.417614	213.838936	0.007904	4.7
507	-0.962669	213.627842	0.009924	4.8
508	-0.023115	213.417302	0.000647	5.2
509	-0.600790	213.207314	0.014252	4.9
510	-0.915469	212.997877	0.009116	4.8
511	-0.000064	212.788987	0.000011	5.3
512	-0.569135	212.580642	0.010829	4.8
513	-1.155789	212.372841	0.008280	4.6
514	-0.000000	212.165581	0.000000	6.2
515	-0.889475	211.958859	0.010972	4.7
516	-0.501130	211.752673	0.007937	4.8
517	-1.042541	211.547021	0.008650	5.2
518	-0.780019	211.341902	0.007983	4.8
519	-0.644581	211.137311	0.007991	4.8
520	-0.168187	210.933248	0.002869	5.2
521	-0.048419	210.729710	0.001743	4.8
522	-0.950528	210.526695	0.009939	5.0
523	-0.568775	210.324200	0.010520	4.9
524	-1.053322	210.122224	0.012333	5.2
525	-0.024736	209.920765	0.001332	5.2
526	-0.000000	209.719820	0.000000	4.7
527	-0.674346	209.519387	0.011112	4.8
528	-1.005380	209.319463	0.010661	4.8
529	-0.363288	209.120048	0.003759	4.8
530	-1.011725	208.921139	0.013711	5.2
531	-0.001656	208.722733	0.000082	4.8
532	-0.197891	208.524829	0.003952	4.7
533	-0.608285	208.327425	0.003735	4.9
534	-0.610427	208.130518	0.009129	4.8
535	-0.105773	207.934107	0.001590	4.8
536	-0.880024	207.738189	0.004388	4.9
537	-0.000000	207.542762	0.000000	5.1
538	-0.710280	207.347825	0.015287	4.9
539	-1.007971	207.153376	0.008676	5.1
540	-0.183394	206.959412	0.004616	5.2
541	-0.666549	206.765932	0.005462	4.9
542	-0.000007	206.572933	0.000001	5.0
543	-0.170401	206.380414	0.002191	5.3
544	-0.000000	206.188373	0.000000	5.0
545	-0.188653	205.996807	0.001999	4.7
546	-0.655736	205.805716	0.013231	6.3
547	-1.044957	205.615096	0.013094	5.3
548	-0.870146	205.424946	0.010181	5.7
549	-0.230010	205.235265	0.002288	5.8
550	-0.670979	205.046050	0.019860	5.0
551	-0.904700	204.857299	0.007819	5.3
552	-0.631684	204.669011	0.007824	5.3
553	-0.909774	204.481184	0.011875	5.0
554	-0.731960	204.293816	0.004928	5.2
555	-0.508930	204.106905	0.006922	5.2
556	-0.610709	203.920449	0.011510	4.8
557	-0.684029	203.734447	0.020807	4.7
558	-1.077462	203.548896	0.026241	5.0
559	-0.869061	203.363795	0.017401	4.8
560	-0.153944	203.179143	0.002780	4.9
561	-0.970367	202.994937	0.025788	5.0
562	-0.236385	202.811176	0.006512	4.8
563	-0.949807	202.627857	0.010385	5.6
564	-0.000961	202.444980	0.000222	4.9
565	-1.088662	202.262543	0.006905	4.9
566	-0.578603	202.080543	0.009441	6.0
567	-1.056029	201.898979	0.011817	5.1
568	-0.000902	201.717849	0.000112	5.1
569	-0.107781	201.537153	0.002608	4.7
570	-0.512985	201.356887	0.008897	5.0
571	-0.020473	201.177050	0.000418	5.0
572	-0.888037	200.997642	0.009573	4.7
573	0.000000	200.818659	0.000000	4.9
574	-1.138930	200.640100	0.010181	4.9
575	-0.683789	200.461965	0.020329	4.9
576	-0.708052	200.284250	0.005842	5.0
577	-0.000000	200.106955	0.000000	5.6
578	-1.248974	199.930078	0.028824	5.3
579	-0.000000	199.753617	0.000000	5.0
580	-0.618120	199.577571	0.009187	5.2
581	-0.000000	199.401938	0.000000	5.0
582	-0.000000	199.226717	0.000000	4.9
583	-1.016144	199.051905	0.010093	5.4
584	-0.808952	198.877502	0.004663	4.9
585	-0.854785	198.703506	0.006727	5.0
586	-0.839326	198.529916	0.010998	6.2
587	-0.000007	198.356729	0.000002	4.9
588	-0.655427	198.183944	0.006807	4.9
589	-0.567681	198.011560	0.019157	5.4
590	-0.921175	197.839576	0.010642	5.0
591	-0.000000	197.667989	0.000000	5.4
592	-0.341747	197.496798	0.003139	5.1
593	-0.000030	197.326002	0.000010	4.9
594	-1.167671	197.155600	0.012610	5.3
595	-0.000000	196.985589	0.000000	5.0
596	-0.014217	196.815969	0.000775	4.9
597	-0.530692	196.646738	0.003554	5.0
598	-0.559495	196.477894	0.007237	5.1
599	-0.000468	196.309436	0.000103	4.9
600	-0.957408	196.141363	0.016937	5.2
601	-1.029852	195.973673	0.006886	5.2
602	-0.202420	195.806365	0.003830	5.0
603	-0.473941	195.639437	0.004634	5.2
604	-0.851197	195.472888	0.005334	5.3
605	-0.871434	195.306717	0.008326	4.9
606	-0.622528	195.140922	0.011434	5.2
607	-0.636510	194.975501	0.008287	5.4
608	-0.791869	194.810454	0.008805	5.0
609	-0.000000	194.645779	0.000000	5.2
610	-0.792114	194.481475	0.008001	5.3
611	-0.465103	194.317540	0.005532	5.2
612	-0.000013	194.153973	0.000001	5.1
613	-0.983368	193.990773	0.011071	5.3
614	-0.937207	193.827938	0.010665	5.6
615	-0.946749	193.665467	0.036368	6.1
616	-0.041191	193.503358	0.001109	6.4
617	-0.735131	193.341611	0.016686	5.5
618	-0.000000	193.180224	0.000000	4.9
619	-0.958431	193.019196	0.010025	6.1
620	-0.544901	192.858525	0.006775	5.0
621	-0.856824	192.698210	0.022526	5.3
622	-1.078424	192.538251	0.016217	5.7
623	-0.975349	192.378644	0.031982	5.8
624	-1.032095	192.219391	0.013911	7.2
625	-0.483083	192.060488	0.004268	5.5
626	-0.499915	191.901935	0.011757	5.4
627	-0.000000	191.743730	0.000000	5.9
628	-0.733378	191.585873	0.008267	5.0
629	-0.000000	191.428362	0.000000	4.9
630	-0.240964	191.271196	0.002707	5.6
631	-0.000000	191.114374	0.000000	5.4
632	-0.948016	190.957893	0.011090	4.8
633	-1.122229	190.801755	0.034925	5.3
634	-1.117890	190.645956	0.005921	5.1
635	-0.572482	190.490495	0.011411	4.9
636	-1.080334	190.335373	0.011855	5.3
637	-1.050872	190.180587	0.009637	4.8
638	-0.000399	190.026136	0.000026	4.9
639	-0.184796	189.872019	0.003096	5.4
640	-0.875610	189.718235	0.016389	5.0
641	-1.039042	189.564782	0.010012	4.8
642	-0.138775	189.411661	0.004111	5.5
643	-0.781448	189.258868	0.009710	4.9
644	-1.014136	189.106404	0.024679	5.1
645	-0.861637	188.954267	0.011923	5.0
646	-0.000000	188.802456	0.000000	5.0
647	-1.175380	188.650969	0.017518	5.1
648	-0.631323	188.499807	0.007710	5.1
649	-0.831291	188.348967	0.004087	5.0
650	-0.000000	188.198448	0.000000	5.1
651	-0.819384	188.048250	0.010972	5.4
652	-1.123469	187.898371	0.022828	5.6
653	-0.000000	187.748810	0.000000	5.3
654	-0.763249	187.599566	0.009298	5.3
655	-1.010060	187.450638	0.011078	4.9
656	-0.252105	187.302025	0.005537	5.0
657	-0.000003	187.153725	0.000000	5.0
658	-0.000161	187.005739	0.000055	5.3
659	-0.787630	186.858064	0.012339	5.1
660	-1.049361	186.710699	0.008217	5.0
661	-1.132797	186.563645	0.007680	5.3
662	-0.756988	186.416898	0.006162	4.9
663	-0.000027	186.270459	0.000001	4.9
664	-0.000000	186.124326	0.000000	5.3
665	-0.810712	185.978499	0.004123	5.0
666	-1.062937	185.832976	0.006974	4.8
667	-0.506634	185.687756	0.007095	6.1
668	-1.169903	185.542838	0.020812	4.9
669	-0.964635	185.398222	0.007912	4.9
670	-0.854815	185.253906	0.008277	5.4
671	-0.961810	185.109889	0.008121	4.9
672	-1.165711	184.966170	0.013889	5.0
673	-0.000000	184.822748	0.000000	5.7
674	-0.375862	184.679623	0.005908	5.0
675	-0.251934	184.536792	0.004319	5.1
676	-0.000000	184.394256	0.000000	5.5
677	-0.029945	184.252013	0.000986	5.4
678	-0.748295	184.110062	0.051730	5.0
679	-0.751468	183.968403	0.014499	5.6
680	-0.964131	183.827034	0.008591	5.2
681	-1.066497	183.685954	0.016487	5.2
682	-0.189298	183.545163	0.001796	31.0
683	-0.464827	183.404658	0.011432	15.3
684	-0.859541	183.264441	0.006795	5.8
685	-0.934437	183.124509	0.009898	4.8
686	-1.077730	182.984861	0.022246	5.1
687	-0.000422	182.845497	0.000016	5.4
688	-0.977336	182.706416	0.015143	5.1
689	-0.759376	182.567616	0.021684	5.2
690	-0.663945	182.429098	0.010750	5.3
691	-0.819301	182.290859	0.004073	5.0
692	-0.949583	182.152899	0.017915	5.0
693	-0.000000	182.015217	0.000000	5.3
694	-0.174954	181.877813	0.005095	4.8
695	-0.000198	181.740684	0.000061	5.0
696	-0.000000	181.603832	0.000000	5.3
697	-0.696756	181.467253	0.005490	5.1
698	-0.000000	181.330948	0.000000	5.1
699	-0.583787	181.194916	0.011143	5.2
700	-0.000000	181.059155	0.000000	5.3
701	-0.354624	180.923666	0.004954	4.9
702	-0.000000	180.788446	0.000000	5.0
703	-0.827802	180.653496	0.042119	5.4
704	-0.794259	180.518814	0.009936	5.1
705	-0.857664	180.384399	0.011125	5.1
706	-1.119544	180.250251	0.028372	5.5
707	-0.000000	180.116369	0.000000	4.9
708	-0.000000	179.982752	0.000000	5.0
709	-1.031942	179.849398	0.007985	5.3
710	-0.062401	179.716308	0.002495	5.0
711	-0.210358	179.583480	0.005408	4.9
712	-0.825201	179.450913	0.008156	5.4
713	-0.326058	179.318607	0.003466	5.0
714	-0.000000	179.186561	0.000000	4.9
715	-1.001878	179.054774	0.007715	5.4
716	-1.116934	178.923245	0.009112	4.9
717	-0.000511	178.791973	0.000052	4.9
718	-0.069739	178.660958	0.002138	5.6
719	-1.029590	178.530199	0.010621	5.0
720	-0.798814	178.399694	0.012568	5.2
721	-0.993382	178.269444	0.005283	5.1
722	-0.854413	178.139447	0.010172	4.9
723	-0.088783	178.009702	0.002982	4.9
724	-0.842432	177.880209	0.019501	5.3
725	-0.802475	177.750967	0.005339	5.0
726	-0.474150	177.621975	0.005432	5.9
727	-0.944983	177.493232	0.009356	5.3
728	-1.101852	177.364738	0.013246	5.0
729	-0.619757	177.236492	0.007787	5.0
730	-1.118077	177.108492	0.018419	5.3
731	-0.020395	176.980739	0.000524	5.1
732	-0.763894	176.853231	0.007899	4.8
733	-0.000000	176.725968	0.000000	5.4
734	-0.625564	176.598949	0.009711	5.1
735	-1.049887	176.472173	0.005044	5.0
736	-1.080428	176.345639	0.006529	5.3
737	-0.000000	176.219348	0.000000	5.2
738	-0.000422	176.093296	0.000083	5.0
739	-0.000000	175.967486	0.000000	4.9
740	-1.070327	175.841914	0.009014	5.1
741	-0.281272	175.716581	0.003880	5.5
742	-1.047886	175.591486	0.015021	5.3
743	-1.058453	175.466629	0.027759	6.1
744	-1.048882	175.342008	0.007963	5.0
745	-0.000638	175.217622	0.000081	5.3
746	-0.000380	175.093472	0.000065	4.9
747	-0.935619	174.969556	0.015367	5.0
748	-1.138870	174.845873	0.017112	5.1
749	-0.684475	174.722423	0.007504	5.1
750	-1.138223	174.599206	0.014894	5.0
751	-0.864800	174.476220	0.009157	5.7
752	-0.372189	174.353464	0.010470	5.0
753	-0.805070	174.230939	0.011658	4.9
754	-0.677915	174.108643	0.004168	5.4
755	-0.464422	173.986576	0.006422	5.3
756	-0.004633	173.864737	0.000283	4.9
757	-0.682157	173.743124	0.013322	5.3
758	-0.000199	173.621739	0.000069	5.1
759	-0.130242	173.500579	0.002375	4.9
760	-0.001507	173.379645	0.000327	5.4
761	-0.806096	173.258935	0.009180	4.9
762	-0.820771	173.138449	0.018790	4.9
763	-0.446601	173.018186	0.010159	6.2
764	-0.849469	172.898146	0.006275	4.9
765	-0.001287	172.778327	0.000332	5.0
766	-0.005904	172.658730	0.000258	5.3
767	-0.880510	172.539353	0.016871	5.0
768	-0.237423	172.420196	0.006201	4.8
769	-0.846837	172.301258	0.012574	4.9
770	-0.609492	172.182539	0.014899	5.2
771	-0.977798	172.064037	0.007798	5.1
772	-0.936521	171.945753	0.012636	5.1
773	-1.015468	171.827686	0.018992	5.0
774	-0.618311	171.709834	0.007350	5.0
775	-0.870187	171.592198	0.003787	5.2
776	-0.622284	171.474776	0.010128	5.4
777	-0.880526	171.357568	0.006375	5.2
778	-0.570633	171.240574	0.007397	5.2
779	-0.000000	171.123793	0.000000	5.6
780	-0.224612	171.007223	0.004214	5.2
781	-0.998709	170.890865	0.017267	5.0
782	-0.668784	170.774718	0.016370	5.5
783	-0.170362	170.658782	0.004485	5.5
784	-0.386841	170.543055	0.008116	5.0
785	-1.016283	170.427537	0.009408	5.6
786	-0.510274	170.312227	0.010288	6.0
787	-1.241758	170.197125	0.019699	5.4
788	-0.759960	170.082231	0.005069	5.7
789	-0.007804	169.967543	0.000463	5.1
790	-0.333257	169.853061	0.005923	5.2
791	-1.176996	169.738784	0.008079	5.7
792	-0.000000	169.624713	0.000000	5.2
793	-0.120682	169.510845	0.004620	5.5
794	-1.228481	169.397181	0.005960	5.3
795	-0.405151	169.283720	0.006953	5.0
796	-1.059149	169.170462	0.015251	5.6
797	-0.065824	169.057405	0.002223	5.1
798	-0.281987	168.944549	0.005304	5.0
799	-0.640454	168.831895	0.007910	5.5
800	-0.861799	168.719440	0.009483	5.6
801	-1.104691	168.607185	0.012458	5.3
802	-0.437501	168.495129	0.004070	5.6
803	-0.627790	168.383271	0.008556	5.1
804	-0.000000	168.271611	0.000000	5.1
805	-0.706854	168.160148	0.004652	5.2
806	-0.149317	168.048882	0.003432	5.0
807	-0.970611	167.937812	0.004738	5.0
808	-0.039940	167.826938	0.001416	5.2
809	-0.796449	167.716258	0.006593	5.0
810	0.000000	167.605773	0.000000	5.0
811	-1.044424	167.495482	0.012783	5.1
812	-0.505157	167.385384	0.007457	5.0
813	-0.730301	167.275479	0.007174	5.1
814	-0.664153	167.165766	0.005420	5.1
815	0.000000	167.056245	0.000000	5.0
816	-0.243894	166.946915	0.003027	5.0
817	-0.000000	166.837776	0.000000	5.2
818	-0.002585	166.728826	0.000119	5.1
819	-0.843471	166.620067	0.010080	4.9
820	-1.076264	166.511496	0.012031	5.3
821	-0.000000	166.403113	0.000000	5.4
822	-0.000000	166.294919	0.000000	4.9
823	-0.510494	166.186912	0.006393	5.4
824	-1.111784	166.079091	0.009289	5.1
825	-0.693196	165.971458	0.009849	5.0
826	-0.777264	165.864009	0.010165	5.2
827	-0.726102	165.756747	0.016260	5.3
828	-0.904992	165.649669	0.014893	5.0
829	-0.842713	165.542775	0.007805	5.2
830	-0.001173	165.436065	0.000159	5.3
831	-0.806939	165.329538	0.008787	4.9
832	-1.027702	165.223194	0.006308	4.9
833	-1.200680	165.117032	0.010914	5.3
834	-0.773022	165.011052	0.007872	4.9
835	-0.004606	164.905253	0.000867	4.9
836	-0.683343	164.799635	0.014364	5.4
837	-0.690253	164.694197	0.011573	5.0
838	-0.000917	164.588939	0.000170	5.8
839	-0.595791	164.483859	0.004882	5.1
840	-0.745587	164.378959	0.003079	5.0
841	-1.190459	164.274237	0.023630	5.2
842	-0.080911	164.169692	0.000857	5.2
843	-0.860504	164.065325	0.006900	4.9
844	-0.000000	163.961135	0.000000	5.2
845	-1.012575	163.857120	0.031167	5.2
846	-1.263109	163.753282	0.007356	4.9
847	-1.189308	163.649619	0.010125	5.1
848	-0.170187	163.546130	0.001551	5.3
849	-1.190629	163.442816	0.005295	4.9
850	-0.007775	163.339676	0.000347	5.1
851	-0.774357	163.236709	0.008931	5.2
852	-0.851025	163.133915	0.015196	5.0
853	-0.132810	163.031294	0.003386	5.7
854	-1.113573	162.928844	0.027849	5.2
855	-0.554798	162.826566	0.014875	5.0
856	-0.567906	162.724459	0.004528	4.9
857	-0.786925	162.622523	0.006041	5.2
858	-0.661845	162.520757	0.008276	5.1
859	-0.581077	162.419160	0.005819	5.0
860	-1.157639	162.317733	0.008800	5.2
861	-1.014510	162.216474	0.014965	5.3
862	-0.660376	162.115383	0.004848	5.0
863	-0.936966	162.014461	0.010193	5.0
864	-1.103490	161.913705	0.009680	5.3
865	-0.995707	161.813117	0.012748	4.9
866	-0.000000	161.712695	0.000000	5.1
867	-0.574785	161.612439	0.005944	5.2
868	-0.577201	161.512349	0.007760	5.0
869	-0.736350	161.412424	0.006465	5.1
870	-1.047727	161.312663	0.013199	5.2
871	-0.377359	161.213067	0.007210	4.9
872	-0.990629	161.113635	0.010788	5.3
873	-0.000000	161.014366	0.000000	5.3
874	-1.126758	160.915260	0.022523	4.9
875	-0.000000	160.816316	0.000000	5.2
876	-0.000000	160.717535	0.000000	5.0
877	-1.203730	160.618915	0.018112	4.9
878	-0.925041	160.520456	0.007444	5.2
879	-0.361946	160.422158	0.003300	5.3
880	-0.844607	160.324021	0.006449	5.0
881	-0.993136	160.226043	0.018501	5.1
882	-0.928849	160.128225	0.016386	5.1
883	-0.976166	160.030566	0.016131	5.0
884	-0.000000	159.933066	0.000000	5.0
885	-0.981011	159.835723	0.007049	5.4
886	-0.590378	159.738539	0.007821	5.0
887	-0.819929	159.641512	0.011179	4.8
888	-0.897357	159.544642	0.006581	5.4
889	-0.015067	159.447929	0.001221	5.0
890	-0.591897	159.351372	0.004935	4.9
891	-0.023552	159.254971	0.000237	5.3
892	-0.763882	159.158725	0.006877	5.1
893	-0.698826	159.062634	0.017042	4.9
894	-0.601034	158.966697	0.020957	5.5
895	-0.763468	158.870915	0.005625	5.0
896	-0.800575	158.775286	0.010479	5.0
897	-0.000000	158.679811	0.000000	5.4
898	-1.006802	158.584489	0.028105	5.2
899	-0.635961	158.489319	0.007285	5.1
900	-0.000007	158.394302	0.000001	5.2
901	-0.938314	158.299436	0.014417	5.2
902	-0.298132	158.204721	0.001983	4.9
903	-0.388567	158.110158	0.003946	5.4
904	-0.000000	158.015745	0.000000	5.2
905	-0.420753	157.921482	0.006194	4.9
906	-1.022380	157.827369	0.012702	5.7
907	-0.658757	157.733406	0.015672	5.1
908	-1.024273	157.639591	0.006362	4.7
909	-0.739920	157.545925	0.006184	6.1
910	-0.000000	157.452408	0.000000	5.6
911	-0.752655	157.359038	0.015894	4.9
912	-0.000000	157.265816	0.000000	5.6
913	-0.950936	157.172741	0.018131	5.0
914	-0.536667	157.079813	0.008269	5.0
915	-0.316373	156.987031	0.003348	5.4
916	-0.734891	156.894395	0.007808	4.8
917	-0.185285	156.801904	0.001792	4.9
918	-1.197983	156.709559	0.016018	5.5
919	-1.237070	156.617359	0.021395	4.9
920	-0.219269	156.525304	0.005892	5.0
921	-0.639771	156.433392	0.008775	5.2
922	-0.431230	156.341624	0.009028	5.1
923	-0.948322	156.250000	0.010536	5.0
924	-1.045894	156.158519	0.012172	5.1
925	-0.000000	156.067180	0.000000	5.0
926	-1.108175	155.975984	0.023485	6.0
927	-0.026128	155.884930	0.001441	5.2
928	-1.129600	155.794017	0.017846	4.8
929	-0.699871	155.703246	0.006866	5.0
930	-0.666389	155.612615	0.008036	5.1
931	-0.412029	155.522125	0.005093	5.2
932	-0.789864	155.431775	0.011285	5.1
933	-0.385636	155.341565	0.003384	5.1
934	-1.176376	155.251495	0.008250	5.3
935	-1.039651	155.161563	0.019647	5.0
936	-0.989292	155.071771	0.005845	5.0
937	-0.440129	154.982117	0.008858	5.4
938	-0.681623	154.892601	0.006520	4.8
939	-0.346693	154.803222	0.006449	5.0
940	-0.778739	154.713981	0.005577	6.1
941	-0.443134	154.624878	0.007217	5.9
942	0.000000	154.535910	0.000000	5.6
943	-0.791382	154.447080	0.021890	5.3
944	-0.000000	154.358385	0.000000	4.9
945	-0.883111	154.269826	0.005266	5.5
946	-0.905445	154.181402	0.003992	4.9
947	-0.946475	154.093114	0.012511	4.9
948	-0.745387	154.004960	0.017057	5.3
949	-1.020572	153.916940	0.007885	5.1
950	-0.808662	153.829054	0.008938	5.5
951	-0.983116	153.741303	0.010510	5.8
952	-0.390082	153.653684	0.008260	4.9
953	-0.849397	153.566198	0.008127	5.1
954	-0.130611	153.478846	0.003930	5.4
955	-0.869755	153.391625	0.007747	5.6
956	-0.966403	153.304537	0.022238	5.4
957	-1.077370	153.217580	0.024456	5.6
958	-0.009573	153.130755	0.000745	4.9
959	-0.442849	153.044061	0.002812	5.0
960	-1.195312	152.957498	0.017884	5.3
961	-0.605425	152.871065	0.013300	5.1
962	-0.091714	152.784762	0.001592	5.1
963	-0.760377	152.698589	0.008811	5.2
964	-0.844998	152.612545	0.024147	5.2
965	-0.844653	152.526631	0.017871	5.0
966	-0.000000	152.440845	0.000000	5.3
967	-0.000000	152.355188	0.000000	5.2
968	-1.161587	152.269660	0.021419	5.0
969	-0.754343	152.184259	0.010553	5.2
970	-0.946703	152.098986	0.020581	5.1
971	-0.773893	152.013840	0.004502	4.9
972	-0.972301	151.928821	0.018637	5.0
973	-1.177699	151.843928	0.011846	5.3
974	-0.000000	151.759163	0.000000	5.1
975	-0.299528	151.674523	0.005317	5.1
976	-1.131827	151.590009	0.008128	5.3
977	-0.859041	151.505620	0.027158	5.0
978	-0.728232	151.421357	0.006267	5.0
979	-0.854906	151.337218	0.021618	5.4
980	-0.000000	151.253204	0.000000	4.9
981	-1.079338	151.169314	0.007611	4.8
982	-0.838830	151.085549	0.008887	5.7
983	-0.519740	151.001907	0.007592	4.9
984	-0.000000	150.918388	0.000000	5.0
985	-0.862588	150.834992	0.015906	6.5
986	-0.000000	150.751719	0.000000	5.0
987	-0.433705	150.668569	0.005439	5.3
988	-0.033583	150.585541	0.001260	5.3
989	-0.153959	150.502634	0.003306	5.0
990	-0.930894	150.419849	0.014079	5.1
991	-0.000062	150.337186	0.000022	5.2
992	-0.888769	150.254644	0.012272	4.9
993	-0.176159	150.172222	0.001739	5.0
994	-1.168167	150.089921	0.013942	5.1
995	-1.174373	150.007740	0.028684	5.0
996	-0.770728	149.925679	0.028494	5.1
997	-1.093616	149.843737	0.027428	5.3
998	-0.009632	149.761915	0.000407	5.2
999	-0.570921	149.680212	0.004761	4.9
1000	-1.112328	149.598627	0.016923	5.3
1001	-1.204789	149.517161	0.014698	5.2
1002	-0.950681	149.435814	0.025452	5.0
1003	-0.709832	149.354584	0.031090	5.2
1004	-1.040399	149.273472	0.012421	5.1
1005	-0.000000	149.192477	0.000000	5.0
1006	-1.137423	149.111599	0.016827	5.3
1007	-0.000000	149.030838	0.000000	5.2
1008	-0.953317	148.950194	0.006887	5.0
1009	-1.150388	148.869666	0.005333	5.4
1010	-0.000000	148.789253	0.000000	5.1
1011	-0.659914	148.708957	0.009715	4.9
1012	-0.628749	148.628776	0.011655	5.8
1013	-0.885733	148.548710	0.005250	5.4
1014	-0.818797	148.468759	0.006532	4.9
1015	-0.000000	148.388923	0.000000	5.7
1016	-0.646090	148.309201	0.021525	5.0
1017	-0.780258	148.229594	0.005657	4.9
1018	-0.565016	148.150100	0.006439	5.5
1019	-1.187985	148.070719	0.033618	4.9
1020	-0.706594	147.991452	0.013049	4.9
1021	-0.957902	147.912298	0.015676	5.7
1022	-1.027514	147.833257	0.012555	5.1
1023	-0.000000	147.754329	0.000000	5.0
1024	-0.920788	147.675512	0.011272	5.3
1025	-0.000000	147.596808	0.000000	5.2
1026	-0.089675	147.518216	0.002076	5.1
1027	-0.672525	147.439735	0.007060	5.1
1028	-0.806981	147.361365	0.009102	5.3
1029	-0.835798	147.283106	0.028782	4.9
1030	-0.669905	147.204958	0.011982	5.1
1031	-0.873421	147.126920	0.012755	5.2
1032	-1.192742	147.048993	0.018508	4.9
1033	-0.750717	146.971175	0.023169	5.0
1034	-0.883636	146.893468	0.007032	5.2
1035	-0.974845	146.815869	0.020483	4.9
1036	-0.607445	146.738380	0.003867	5.0
1037	-0.969913	146.661000	0.014784	5.2
1038	-0.000000	146.583729	0.000000	4.9
1039	-0.000001	146.506566	0.000000	5.0
1040	-0.999880	146.429511	0.009978	5.2
1041	-0.259933	146.352565	0.002727	5.0
1042	-0.636071	146.275726	0.006282	5.1
1043	-0.400967	146.198994	0.006594	5.2
1044	-0.000002	146.122370	0.000001	5.1
1045	-1.189039	146.045853	0.027103	5.0
1046	-0.584327	145.969442	0.013884	5.2
1047	-0.818036	145.893139	0.019318	4.9
1048	0.000000	145.816941	0.000000	4.8
1049	-0.000000	145.740849	0.000000	5.1
1050	-0.048564	145.664863	0.001063	5.0
1051	-0.642757	145.588983	0.007580	4.7
1052	-0.909755	145.513208	0.002832	4.8
1053	-0.000000	145.437538	0.000000	5.1
1054	-0.000000	145.361973	0.000000	4.7
1055	-1.150985	145.286513	0.009825	4.7
1056	-1.255607	145.211157	0.027763	5.1
1057	-0.929869	145.135905	0.009633	4.7
1058	-0.775887	145.060757	0.008338	4.7
1059	-0.038937	144.985712	0.002318	5.4
1060	-1.030426	144.910771	0.007644	4.7
1061	-1.109954	144.835934	0.021196	4.9
1062	-1.037022	144.761199	0.009736	6.5
1063	-0.949604	144.686567	0.008981	5.0
1064	-0.406980	144.612037	0.002441	4.9
1065	-0.278516	144.537610	0.001789	5.4
1066	-0.028690	144.463285	0.001756	5.1
1067	-0.000000	144.389062	0.000000	4.8
1068	-0.611107	144.314940	0.005533	5.6
1069	-0.177082	144.240920	0.002316	5.0
1070	-0.565132	144.167001	0.009162	5.0
1071	-0.915953	144.093182	0.008868	5.3
1072	-0.000000	144.019465	0.000000	4.8
1073	-0.901404	143.945848	0.008761	5.0
1074	-0.367371	143.872331	0.005331	5.1
1075	-0.062380	143.798914	0.000976	5.1
1076	-0.005481	143.725597	0.000272	5.1
1077	-1.123325	143.652380	0.010345	5.1
1078	-0.903188	143.579262	0.011516	5.0
1079	-0.691616	143.506243	0.023915	5.0
1080	-0.043499	143.433323	0.001622	5.0
1081	-0.736253	143.360502	0.008557	5.1
1082	-0.998281	143.287780	0.004981	5.2
1083	-1.187977	143.215155	0.011163	4.9
1084	-1.150906	143.142629	0.027382	5.3
1085	-1.215068	143.070201	0.008340	4.9
1086	-0.008665	142.997870	0.000188	4.9
1087	-0.610560	142.925637	0.006576	5.4
1088	-0.071297	142.853501	0.001708	5.1
1089	-1.159991	142.781462	0.014142	4.9
1090	-1.101002	142.709519	0.006000	5.3
1091	-0.000000	142.637674	0.000000	4.9
1092	-0.601094	142.565924	0.007779	4.7
1093	-0.698851	142.494271	0.006879	5.1
1094	-0.885556	142.422714	0.008999	4.9
1095	-1.202323	142.351252	0.013116	5.0
1096	-1.145804	142.279886	0.014513	6.6
1097	-1.039510	142.208616	0.009331	5.0
1098	-0.766766	142.137440	0.005292	5.0
1099	-0.450786	142.066360	0.006158	5.6
1100	-0.000000	141.995374	0.000000	5.1
1101	-1.116342	141.924483	0.011127	4.8
1102	-1.095424	141.853685	0.015854	5.0
1103	-0.000000	141.782983	0.000000	4.9
1104	-0.940026	141.712373	0.004859	5.1
1105	-0.057887	141.641858	0.000886	5.1
1106	-1.164528	141.571436	0.010663	4.9
1107	-0.472849	141.501108	0.009369	5.2
1108	-0.829907	141.430872	0.007673	6.1
1109	-1.111495	141.360730	0.012147	4.9
1110	-1.184587	141.290680	0.005427	5.1
1111	-0.820131	141.220722	0.013172	5.6
1112	-0.000001	141.150857	0.000000	5.3
1113	-1.070514	141.081084	0.008477	6.8
1114	-0.578443	141.011403	0.006447	5.2
1115	-0.687122	140.941813	0.008884	5.2
1116	-0.068115	140.872315	0.003212	4.8
1117	-0.426514	140.802909	0.008024	4.7
1118	-0.177216	140.733593	0.003291	5.1
1119	-1.207712	140.664369	0.025946	4.8
1120	-0.033500	140.595235	0.000573	5.0
1121	-1.135887	140.526192	0.011173	4.8
1122	-0.776317	140.457239	0.005183	4.8
1123	-0.972619	140.388376	0.012551	5.1
1124	-0.937110	140.319603	0.014954	4.9
1125	-0.898608	140.250920	0.014072	4.8
1126	-0.004198	140.182326	0.000587	5.0
1127	-1.096762	140.113822	0.010570	4.9
1128	-0.823690	140.045407	0.019448	4.8
1129	-0.812744	139.977081	0.015930	4.7
1130	-0.000018	139.908844	0.000001	5.3
1131	-1.156453	139.840696	0.012242	4.6
1132	-0.000000	139.772635	0.000000	4.7
1133	-0.000000	139.704664	0.000000	5.3
1134	-1.067019	139.636780	0.020437	4.9
1135	-0.000000	139.568984	0.000000	4.7
1136	-1.125300	139.501276	0.010971	5.4
1137	-1.127072	139.433655	0.018032	4.9
1138	-0.697253	139.366122	0.006568	4.9
1139	-1.113387	139.298676	0.013035	5.2
1140	-0.905557	139.231317	0.015403	4.9
1141	-0.000000	139.164045	0.000000	4.7
1142	0.000000	139.096859	0.000000	6.1
1143	-0.058140	139.029760	0.001652	5.3
1144	-0.926341	138.962747	0.012158	4.8
1145	-1.278362	138.895820	0.010794	5.0
1146	-0.832225	138.828978	0.010188	4.9
1147	-0.000000	138.762223	0.000000	4.9
1148	-0.000000	138.695553	0.000000	4.7
1149	-0.000000	138.628969	0.000000	4.8
1150	-0.019045	138.562469	0.001180	4.8
1151	-0.092162	138.496055	0.004080	4.7
1152	-0.056556	138.429725	0.000720	5.0
1153	-0.178784	138.363481	0.004673	4.9
1154	-0.883313	138.297320	0.006937	4.9
1155	-0.000037	138.231244	0.000006	5.2
1156	-0.287008	138.165252	0.004168	5.1
1157	-0.829228	138.099344	0.017133	4.9
1158	-0.141482	138.033520	0.003608	5.4
1159	-0.711414	137.967779	0.009376	5.0
1160	-0.409446	137.902122	0.004058	4.8
1161	-0.000000	137.836548	0.000000	5.3
1162	-0.899583	137.771057	0.007665	5.7
1163	-0.820222	137.705649	0.006827	5.0
1164	-0.911319	137.640324	0.016241	5.4
1165	-1.032154	137.575081	0.015500	5.5
1166	-0.000000	137.509921	0.000000	5.0
1167	-0.729072	137.444842	0.018202	5.9
1168	-0.839591	137.379846	0.013904	5.1
1169	-0.690280	137.314932	0.005077	5.0
1170	-0.000000	137.250100	0.000000	5.7
1171	-0.000000	137.185349	0.000000	5.4
1172	-0.066220	137.120680	0.000848	5.1
1173	-0.601580	137.056092	0.008729	5.6
1174	-1.172669	136.991585	0.012056	5.2
1175	-0.766573	136.927158	0.004188	5.8
1176	-0.811740	136.862813	0.012475	5.6
1177	-0.041452	136.798548	0.001724	5.5
1178	-0.310963	136.734363	0.001454	5.1
1179	-0.813009	136.670259	0.009461	5.5
1180	-0.229762	136.606235	0.004866	5.0
1181	-1.006037	136.542291	0.006389	4.8
1182	-0.090515	136.478426	0.001579	5.2
1183	-0.000000	136.414641	0.000000	5.2
1184	-1.002265	136.350936	0.008959	4.9
1185	-0.000000	136.287310	0.000000	5.5
1186	-1.215584	136.223763	0.011545	5.1
1187	-1.027651	136.160295	0.007919	5.0
1188	-0.515905	136.096905	0.005766	5.0
1189	-0.000000	136.033594	0.000000	4.9
1190	-1.173643	135.970362	0.015302	4.8
1191	-0.681587	135.907208	0.012841	5.2
1192	-0.868220	135.844133	0.008414	4.8
1193	-0.024261	135.781135	0.001413	4.7
1194	-1.154502	135.718215	0.010654	5.1
1195	-0.000182	135.655373	0.000017	5.0
1196	-0.223218	135.592608	0.003888	4.8
1197	-0.131240	135.529921	0.005405	5.1
1198	-0.000000	135.467311	0.000000	4.9
1199	-0.693382	135.404778	0.006676	4.7
1200	-0.609293	135.342322	0.005554	4.8
1201	-0.432446	135.279942	0.005635	5.2
1202	-0.690817	135.217640	0.016175	4.6
1203	-1.177211	135.155413	0.012294	4.7
1204	-0.961192	135.093263	0.005999	5.3
1205	-1.088636	135.031190	0.009052	4.8
1206	-0.853686	134.969192	0.005146	4.7
1207	-0.024715	134.907270	0.001199	5.2
1208	-1.100191	134.845424	0.013112	5.0
1209	-0.779072	134.783653	0.009786	4.5
1210	-0.797601	134.721958	0.010974	5.1
1211	-1.255884	134.660338	0.006702	5.0
1212	-0.000649	134.598793	0.000229	4.8
1213	-0.796215	134.537323	0.010112	4.9
1214	-0.608639	134.475927	0.007470	5.0
1215	-1.037249	134.414607	0.007613	4.8
1216	-0.001414	134.353361	0.000308	4.8
1217	-0.588393	134.292189	0.011414	4.7
1218	-1.123588	134.231092	0.018461	4.8
1219	-0.562404	134.170068	0.008562	4.9
1220	-1.103618	134.109119	0.009318	5.1
1221	-1.188387	134.048243	0.013674	4.8
1222	-0.992046	133.987441	0.007097	4.7
1223	-0.581285	133.926713	0.009065	5.0
1224	-0.598866	133.866057	0.005079	4.9
1225	-1.081618	133.805475	0.013509	5.6
1226	-0.348038	133.744966	0.004006	5.0
1227	-1.208157	133.684530	0.020111	5.0
1228	-0.834827	133.624167	0.005770	4.9
1229	-1.220366	133.563877	0.009653	4.8
1230	-0.000000	133.503658	0.000000	5.0
1231	-0.810205	133.443513	0.013767	4.8
1232	-0.820550	133.383439	0.004432	4.9
1233	-0.838986	133.323437	0.013293	5.4
1234	-0.461272	133.263508	0.006913	4.9
1235	-1.168917	133.203650	0.010130	4.8
1236	-0.000000	133.143864	0.000000	5.2
1237	-0.000000	133.084149	0.000000	4.9
1238	-1.186503	133.024506	0.008383	4.8
1239	-0.306094	132.964934	0.003875	5.2
1240	-0.000367	132.905433	0.000019	4.8
1241	-0.132339	132.846003	0.003660	4.8
1242	-1.282611	132.786643	0.014671	5.2
1243	-0.000000	132.727355	0.000000	4.7
1244	-0.687734	132.668137	0.007340	4.8
1245	-0.758319	132.608989	0.011023	5.2
1246	-1.210975	132.549912	0.013728	4.9
1247	-1.181257	132.490904	0.008857	5.0
1248	-0.000000	132.431967	0.000000	5.1
1249	-1.187943	132.373100	0.007596	5.4
1250	-0.000000	132.314302	0.000000	5.0
1251	-1.214394	132.255574	0.009182	4.8
1252	-0.720352	132.196916	0.006890	5.2
1253	-0.054200	132.138326	0.000884	5.0
1254	-0.000001	132.079806	0.000000	5.0
1255	-0.278858	132.021355	0.005352	5.3
1256	-0.882465	131.962973	0.012894	5.0
1257	-0.444523	131.904660	0.007679	5.1
1258	-1.076697	131.846415	0.015262	5.3
1259	-0.033987	131.788239	0.001000	5.0
1260	-0.819864	131.730131	0.005037	5.0
1261	-0.067711	131.672092	0.002456	5.2
1262	-0.169636	131.614121	0.001956	5.0
1263	-0.735707	131.556217	0.013644	5.2
1264	-0.000000	131.498382	0.000000	5.2
1265	-0.660329	131.440614	0.015251	5.1
1266	-0.000035	131.382914	0.000010	4.9
1267	-0.756584	131.325282	0.007968	5.1
1268	-0.741452	131.267717	0.011793	5.0
1269	-0.975419	131.210219	0.027407	5.1
1270	-0.910554	131.152788	0.005942	5.3
1271	-1.142093	131.095424	0.027022	4.9
1272	-0.001456	131.038127	0.000432	4.7
1273	-0.885657	130.980897	0.007829	5.1
1274	-0.042624	130.923733	0.001075	6.8
1275	-0.901549	130.866636	0.011272	5.5
1276	-0.782243	130.809605	0.010332	4.9
1277	-0.705946	130.752641	0.003093	4.6
1278	-0.773209	130.695742	0.024851	4.9
1279	-1.107879	130.638910	0.022703	4.8
1280	-0.513526	130.582143	0.006752	4.8
1281	-0.931579	130.525442	0.007189	5.0
1282	-1.075596	130.468807	0.013588	5.2
1283	-0.611006	130.412237	0.006161	4.8
1284	-0.563875	130.355733	0.005863	6.6
1285	-0.148460	130.299294	0.004138	5.2
1286	-0.747213	130.242920	0.011146	4.9
1287	-0.629231	130.186611	0.008777	4.6
1288	-1.059809	130.130366	0.005455	4.9
1289	-0.748938	130.074187	0.008292	5.5
1290	-1.017152	130.018072	0.004065	4.8
1291	-0.149901	129.962022	0.003832	5.1
1292	-0.125211	129.906036	0.004255	4.9
1293	-0.000000	129.850114	0.000000	4.8
1294	-1.061415	129.794257	0.008389	5.1
1295	-0.958945	129.738463	0.008504	4.9
1296	-0.981430	129.682734	0.012831	4.8
1297	-0.102409	129.627068	0.001501	5.0
1298	-1.050184	129.571466	0.015058	5.0
1299	-0.844616	129.515927	0.014110	4.7
1300	-0.018062	129.460452	0.000186	4.8
1301	-0.434198	129.405040	0.005944	6.6
1302	-0.767586	129.349692	0.008389	4.8
1303	-0.418691	129.294406	0.005799	4.8
1304	-0.306503	129.239183	0.006047	5.5
1305	-0.367639	129.184024	0.002982	4.8
1306	-0.038949	129.128927	0.001030	4.7
1307	-0.319846	129.073892	0.004568	5.2
1308	-1.107818	129.018921	0.007405	4.7
1309	-0.816576	128.964011	0.004422	4.7
1310	-1.206430	128.909164	0.013826	5.7
1311	-0.766639	128.854379	0.007904	4.7
1312	-1.118863	128.799656	0.021550	4.8
1313	-1.165822	128.744995	0.003625	5.0
1314	-1.188875	128.690396	0.039305	5.0
1315	-0.834900	128.635858	0.012782	4.8
1316	-1.015821	128.581382	0.006904	5.0
1317	-0.516365	128.526968	0.008718	4.8
1318	-0.449580	128.472615	0.007127	4.8
1319	-1.018482	128.418323	0.004222	5.2
1320	-0.000552	128.364092	0.000028	4.8
1321	-1.165044	128.309922	0.013186	4.7
1322	-0.000000	128.255814	0.000000	4.8
1323	-0.870969	128.201766	0.010353	5.2
1324	-0.364474	128.147778	0.006357	5.2
1325	-0.417824	128.093852	0.006231	4.8
1326	-1.138601	128.039985	0.008386	5.0
1327	-0.672283	127.986180	0.007400	4.9
1328	-0.079396	127.932434	0.004011	4.7
1329	-0.149357	127.878749	0.002917	4.9
1330	-0.271381	127.825123	0.001658	4.9
1331	-0.400844	127.771558	0.005820	4.7
1332	-0.739458	127.718052	0.008517	5.1
1333	-0.000000	127.664606	0.000000	5.1
1334	-1.079452	127.611220	0.013303	4.9
1335	-0.000000	127.557893	0.000000	4.9
1336	-0.000000	127.504625	0.000000	5.0
1337	-0.000001	127.451417	0.000000	4.8
1338	-0.096480	127.398268	0.001238	4.8
1339	-0.787583	127.345178	0.009185	5.1
1340	-0.112014	127.292147	0.001301	4.8
1341	-0.055963	127.239175	0.000429	4.8
1342	-1.270740	127.186261	0.019253	5.8
1343	-0.125986	127.133407	0.003644	5.7
1344	-0.972245	127.080610	0.009768	4.8
1345	-0.790715	127.027872	0.016701	5.6
1346	-0.592338	126.975193	0.003173	5.0
1347	-0.234950	126.922572	0.003118	4.8
1348	-0.737562	126.870008	0.009096	5.3
1349	-0.000000	126.817503	0.000000	4.7
1350	-0.000003	126.765056	0.000001	4.8
1351	-1.045285	126.712667	0.005396	5.2
1352	-0.689830	126.660335	0.005747	7.0
1353	-0.752754	126.608061	0.007177	5.6
1354	-0.820081	126.555844	0.006375	4.9
1355	-0.442158	126.503685	0.003769	4.8
1356	-0.283314	126.451583	0.003547	5.0
1357	-1.145615	126.399538	0.035332	5.0
1358	-0.882562	126.347550	0.011930	4.6
1359	-0.705881	126.295619	0.012066	4.8
1360	-0.951952	126.243745	0.008099	5.1
1361	-0.210262	126.191928	0.002630	4.8
1362	-0.478442	126.140168	0.003139	4.9
1363	-0.018177	126.088464	0.000698	5.3
1364	-0.014312	126.036817	0.000763	4.9
1365	-0.488567	125.985226	0.005461	5.1
1366	-1.263892	125.933691	0.012414	5.1
1367	-0.869106	125.882212	0.008085	5.0
1368	-1.198127	125.830790	0.005436	5.3
1369	-0.331723	125.779423	0.006521	5.1
1370	-0.000000	125.728113	0.000000	4.8
1371	-0.200122	125.676858	0.003196	4.9
1372	-1.069919	125.625659	0.012195	5.2
1373	-1.138963	125.574515	0.013036	4.8
1374	-1.160715	125.523427	0.008185	5.0
1375	-0.119690	125.472394	0.001292	4.8
1376	-0.000000	125.421417	0.000000	4.7
1377	-1.076776	125.370495	0.009867	5.2
1378	-0.919681	125.319628	0.028881	4.7
1379	-0.000000	125.268815	0.000000	5.0
1380	-1.140135	125.218058	0.012985	4.8
1381	-0.740786	125.167356	0.005311	4.8
1382	-0.995309	125.116708	0.021632	5.2
1383	-0.843199	125.066115	0.032650	4.9
1384	-1.298787	125.015576	0.007366	4.8
1385	-0.015819	124.965092	0.001428	5.3
1386	-0.638272	124.914662	0.009954	4.8
1387	-0.827234	124.864287	0.007808	4.8
1388	-0.866538	124.813965	0.005901	5.3
1389	-0.684681	124.763698	0.004986	4.9
1390	-0.003457	124.713485	0.000499	4.8
1391	-0.709930	124.663325	0.002547	5.5
1392	-1.124018	124.613219	0.008595	5.1
1393	-1.050353	124.563167	0.018993	4.8
1394	-0.375071	124.513168	0.003518	5.1
1395	-0.281704	124.463223	0.006734	4.9
1396	-0.896835	124.413332	0.011629	4.7
1397	-0.000004	124.363493	0.000001	4.9
1398	-0.494647	124.313708	0.006232	5.2
1399	-0.195675	124.263976	0.005411	5.0
1400	-1.030065	124.214297	0.017563	5.0
1401	-0.792448	124.164671	0.007150	5.0
1402	-0.092986	124.115097	0.001450	5.0
1403	-0.974670	124.065577	0.018284	5.6
1404	-0.892876	124.016109	0.007259	5.2
1405	-0.619093	123.966693	0.014351	4.8
1406	-0.000000	123.917330	0.000000	4.9
1407	-0.804069	123.868020	0.013932	5.2
1408	-0.363907	123.818762	0.006398	5.1
1409	-0.209556	123.769556	0.004510	5.0
1410	-0.682711	123.720402	0.012382	5.2
1411	-0.000642	123.671300	0.000157	5.2
1412	-1.138492	123.622250	0.013977	5.0
1413	-1.136269	123.573252	0.016317	5.1
1414	-0.000000	123.524305	0.000000	5.0
1415	-0.834527	123.475411	0.005997	5.0
1416	-0.000000	123.426568	0.000000	5.2
1417	-0.800054	123.377776	0.009211	5.0
1418	-1.316896	123.329036	0.021500	4.8
1419	-1.165120	123.280347	0.013226	4.9
1420	-0.016411	123.231709	0.001304	5.1
1421	-1.203458	123.183122	0.046070	4.9
1422	-1.173547	123.134587	0.035360	4.9
1423	-0.000000	123.086102	0.000000	5.0
1424	-0.946643	123.037669	0.006484	4.8
1425	-0.887446	122.989286	0.004602	4.6
1426	-0.188923	122.940954	0.004565	5.7
1427	-0.685914	122.892672	0.013709	5.2
1428	-0.523219	122.844441	0.012969	5.1
1429	-0.000000	122.796261	0.000000	5.9
1430	-0.000000	122.748130	0.000000	4.8
1431	-0.865681	122.700050	0.009779	4.7
1432	-0.000000	122.652021	0.000000	5.2
1433	-0.510028	122.604041	0.005541	4.8
1434	-0.846639	122.556111	0.008318	4.8
1435	-0.806433	122.508232	0.011438	5.2
1436	-1.110260	122.460402	0.011880	4.7
1437	-1.134773	122.412622	0.005901	4.7
1438	-0.844559	122.364891	0.008081	5.1
1439	-0.000000	122.317210	0.000000	5.0
1440	-1.030744	122.269579	0.027284	4.8
1441	-0.607530	122.221997	0.010405	5.0
1442	-0.000000	122.174465	0.000000	5.0
1443	-1.087873	122.126981	0.009389	4.9
1444	-0.877261	122.079547	0.010661	5.1
1445	-1.060398	122.032162	0.011188	5.0
1446	-0.000000	121.984826	0.000000	4.8
1447	-0.000000	121.937539	0.000000	5.3
1448	-1.025099	121.890301	0.010317	5.1
1449	-0.000090	121.843112	0.000005	4.8
1450	-0.000000	121.795971	0.000000	5.3
1451	-0.978800	121.748879	0.008383	5.3
1452	-0.000000	121.701835	0.000000	4.8
1453	-0.648166	121.654840	0.007468	4.9
1454	-0.902146	121.607893	0.010545	5.3
1455	-0.587078	121.560994	0.012968	4.9
1456	-0.737138	121.514144	0.011651	5.2
1457	-0.242733	121.467342	0.004493	5.3
1458	-0.507660	121.420588	0.004304	5.0
1459	-0.444881	121.373882	0.004909	4.9
1460	-0.000000	121.327223	0.000000	5.3
1461	-0.991631	121.280613	0.006123	5.3
1462	-0.381999	121.234050	0.006411	4.9
1463	0.000000	121.187535	0.000000	5.2
1464	-1.171571	121.141067	0.013424	4.9
1465	-0.067198	121.094647	0.001405	4.8
1466	-0.307084	121.048274	0.001929	5.0
1467	-0.977765	121.001949	0.004641	5.3
1468	-0.854668	120.955671	0.008210	4.6
1469	-0.911099	120.909440	0.013554	4.8
1470	-0.748367	120.863256	0.010066	5.1
1471	-0.819555	120.817119	0.009654	4.9
1472	-0.708080	120.771029	0.007840	4.8
1473	-1.008299	120.724986	0.008938	5.7
1474	-1.125140	120.678990	0.011792	4.8
1475	-1.228555	120.633040	0.013418	4.8
1476	-1.056890	120.587137	0.010885	5.3
1477	-1.169182	120.541281	0.011488	4.9
1478	-0.363328	120.495471	0.004449	4.9
1479	-0.027022	120.449707	0.000249	5.1
1480	-0.804410	120.403990	0.009675	4.7
1481	-0.729177	120.358319	0.014051	4.8
1482	-0.998838	120.312694	0.009678	5.2
1483	-0.292289	120.267115	0.002357	4.8
1484	-0.802199	120.221582	0.007184	4.9
1485	-1.106198	120.176096	0.005073	4.9
1486	-0.417057	120.130655	0.006167	5.0
1487	-0.782474	120.085260	0.021852	5.3
1488	-1.119838	120.039910	0.021578	4.9
1489	-0.008973	119.994606	0.000373	5.0
1490	-0.850170	119.949348	0.012567	5.2
1491	-1.002165	119.904135	0.010320	4.8
1492	-1.097212	119.858968	0.020026	5.0
1493	-0.964559	119.813846	0.007110	5.7
1494	-0.712516	119.768769	0.010292	5.8
1495	-0.852921	119.723738	0.005964	5.0
1496	-0.196237	119.678752	0.002189	4.8
1497	-0.006500	119.633810	0.000563	4.8
1498	-0.028312	119.588914	0.000448	5.0
1499	-0.437605	119.544062	0.003900	4.9
1500	-0.321412	119.499256	0.002820	4.8
1501	-1.138338	119.454494	0.032921	5.0
1502	-1.089167	119.409777	0.010313	4.8
1503	-0.418814	119.365104	0.005813	4.7
1504	-0.525016	119.320476	0.005963	5.2
1505	-0.000000	119.275893	0.000000	4.9
1506	-0.000000	119.231353	0.000000	4.8
1507	-0.499648	119.186859	0.007573	5.4
1508	-0.000000	119.142408	0.000000	4.8
1509	-0.959482	119.098002	0.015677	4.8
1510	-1.080192	119.053639	0.012145	5.3
1511	-0.000000	119.009321	0.000000	4.8
1512	-0.704927	118.965047	0.006806	4.9
1513	-0.893811	118.920816	0.012552	5.0
1514	-0.000000	118.876630	0.000000	4.8
1515	-0.000000	118.832487	0.000000	5.5
1516	-0.008265	118.788388	0.000570	5.1
1517	-1.183829	118.744332	0.011343	4.8
1518	-0.626077	118.700320	0.010488	5.0
1519	-0.000000	118.656352	0.000000	5.1
1520	-0.504227	118.612427	0.004290	4.9
1521	-0.956373	118.568545	0.005697	4.8
1522	-1.020582	118.524706	0.009482	5.0
1523	-0.627678	118.480911	0.007526	4.9
1524	-0.000000	118.437159	0.000000	4.9
1525	-0.000000	118.393450	0.000000	4.8
1526	-0.658836	118.349784	0.012975	4.9
1527	-0.752543	118.306160	0.008588	5.1
1528	-0.513124	118.262580	0.013202	4.7
1529	-0.889294	118.219042	0.005194	4.9
1530	-1.010919	118.175548	0.007087	4.9
1531	-1.137738	118.132095	0.013087	4.6
1532	-0.000000	118.088686	0.000000	5.2
1533	-0.029333	118.045319	0.001249	5.0
1534	-0.613334	118.001994	0.007190	4.8
1535	-1.109877	117.958712	0.011797	5.0
1536	-0.642446	117.915472	0.007557	4.9
1537	-0.799903	117.872274	0.003220	4.8
1538	-0.000000	117.829118	0.000000	4.8
1539	-0.000000	117.786005	0.000000	5.1
1540	-0.994016	117.742933	0.004066	4.7
1541	-0.000000	117.699904	0.000000	4.7
1542	-0.000002	117.656916	0.000001	5.6
1543	-0.721274	117.613971	0.017087	4.7
1544	-0.668506	117.571067	0.007493	5.0
1545	-0.705313	117.528205	0.007013	5.3
1546	-0.193588	117.485384	0.005709	5.0
1547	-0.659114	117.442605	0.006878	4.9
1548	-0.032581	117.399867	0.001150	5.7
1549	-0.000000	117.357171	0.000000	5.1
1550	-1.028231	117.314517	0.004855	5.1
1551	-1.076189	117.271903	0.007411	5.5
1552	-1.055289	117.229331	0.008852	5.1
1553	-0.057371	117.186800	0.000651	7.0
1554	-0.000004	117.144311	0.000001	5.1
1555	-1.089767	117.101862	0.005860	5.0
1556	-0.763901	117.059454	0.013896	5.1
1557	-0.484568	117.017087	0.007902	5.2
1558	-0.708035	116.974762	0.007829	5.3
1559	-1.063768	116.932476	0.006313	5.5
1560	-0.495346	116.890232	0.004199	5.1
1561	-0.959640	116.848028	0.004656	5.3
1562	-0.962360	116.805865	0.006978	5.5
1563	-0.485021	116.763743	0.006809	5.0
1564	-1.145303	116.721661	0.014991	5.3
1565	-0.927747	116.679619	0.006205	5.8
1566	-0.000011	116.637618	0.000002	5.6
1567	-1.038764	116.595657	0.012806	5.2
1568	-0.951764	116.553736	0.007339	5.1
1569	-1.077853	116.511855	0.005835	5.5
1570	-1.245301	116.470015	0.008370	5.1
1571	-0.000000	116.428214	0.000000	4.9
1572	-1.169064	116.386454	0.019681	5.0
1573	-0.075754	116.344733	0.001376	4.8
1574	-0.996688	116.303052	0.006898	5.1
1575	-0.181552	116.261412	0.002793	5.0
1576	-0.000001	116.219810	0.000000	4.8
1577	-0.225092	116.178249	0.001718	4.9
1578	-1.302517	116.136727	0.014902	5.1
1579	-0.130320	116.095245	0.002443	4.8
1580	-0.800254	116.053802	0.007195	5.0
1581	-0.944884	116.012398	0.010340	5.0
1582	-1.055522	115.971034	0.007894	4.8
1583	-0.810209	115.929710	0.008940	4.6
1584	-1.049057	115.888424	0.016271	5.4
1585	-0.756375	115.847178	0.010204	4.7
1586	-0.237479	115.805970	0.006362	5.0
1587	-0.782364	115.764802	0.007473	5.5
1588	-0.503437	115.723673	0.006857	4.7
1589	-0.619509	115.682583	0.006750	4.6
1590	-0.792807	115.641532	0.004548	5.4
1591	-0.000492	115.600519	0.000169	4.9
1592	-0.744464	115.559546	0.002642	4.7
1593	-0.000001	115.518610	0.000000	5.2
1594	-0.663631	115.477714	0.012665	4.8
1595	-0.675346	115.436856	0.006291	4.7
1596	-0.000000	115.396037	0.000000	5.0
1597	-1.011621	115.355256	0.018861	4.9
1598	-0.040810	115.314514	0.001196	4.8
1599	-0.066327	115.273810	0.003039	5.7
1600	-1.009290	115.233144	0.013166	4.9
1601	-0.615164	115.192517	0.005519	4.8
1602	-0.771006	115.151927	0.004613	4.8
1603	-0.495929	115.111376	0.005159	5.0
1604	-0.689193	115.070863	0.011702	4.7
1605	-0.649451	115.030388	0.010115	4.7
1606	-0.907877	114.989951	0.010492	5.1
1607	-0.000003	114.949551	0.000001	4.6
1608	-0.001264	114.909190	0.000221	4.9
1609	-0.668940	114.868866	0.006017	4.9
1610	-0.000000	114.828580	0.000000	4.7
1611	-0.560647	114.788332	0.007344	4.9
1612	-0.047417	114.748121	0.002437	5.1
1613	-0.236557	114.707948	0.002813	4.9
1614	-0.000857	114.667812	0.000035	4.8
1615	-0.835611	114.627714	0.030845	4.9
1616	-1.071514	114.587653	0.011889	5.0
1617	-0.811776	114.547629	0.004794	4.7
1618	-0.998272	114.507643	0.006915	4.8
1619	-0.878694	114.467693	0.011490	5.1
1620	-0.376363	114.427781	0.003852	5.1
1621	-0.698130	114.387907	0.008025	4.8
1622	-0.937917	114.348069	0.007098	5.3
1623	-0.732241	114.308268	0.014069	5.1
1624	-1.142248	114.268504	0.011353	5.0
1625	-0.745653	114.228777	0.010404	5.5
1626	-0.784039	114.189086	0.003583	4.9
1627	-0.280612	114.149433	0.003340	4.9
1628	-0.000000	114.109816	0.000000	6.1
1629	-0.002208	114.070235	0.000175	5.0
1630	-0.628037	114.030692	0.009755	4.8
1631	-1.027033	113.991185	0.008139	6.0
1632	-1.028995	113.951714	0.011418	4.9
1633	-1.217638	113.912280	0.022274	5.0
1634	-0.000000	113.872882	0.000000	5.5
1635	-1.095231	113.833521	0.004568	5.0
1636	-0.905810	113.794195	0.009776	5.2
1637	-0.000000	113.754906	0.000000	5.0
1638	-0.625673	113.715653	0.013964	4.9
1639	-1.118045	113.676437	0.007185	5.2
1640	-0.000000	113.637256	0.000000	5.1
1641	-0.000154	113.598111	0.000020	4.7
1642	-0.000000	113.559002	0.000000	4.8
1643	-1.221452	113.519929	0.043872	5.1
1644	-0.465793	113.480892	0.004807	4.8
1645	-0.000000	113.441891	0.000000	4.8
1646	-1.026801	113.402925	0.005991	4.9
1647	-0.778441	113.363995	0.008169	4.9
1648	-0.841754	113.325101	0.011413	5.0
1649	-0.659531	113.286242	0.008524	4.8
1650	-0.000000	113.247419	0.000000	5.0
1651	-0.183700	113.208631	0.004512	5.3
1652	-0.696189	113.169879	0.017046	4.8
1653	-0.002651	113.131162	0.000429	5.2
1654	-0.223495	113.092480	0.002530	4.9
1655	-0.000000	113.053833	0.000000	4.8
1656	-0.800935	113.015222	0.006447	5.1
1657	-0.927296	112.976646	0.006546	4.8
1658	-1.080376	112.938105	0.006098	4.8
1659	-0.692831	112.899599	0.008771	5.1
1660	-0.317363	112.861128	0.009406	5.1
1661	-0.966638	112.822692	0.008286	4.8
1662	-0.744500	112.784291	0.015744	5.2
1663	-0.000000	112.745924	0.000000	5.3
1664	-0.696352	112.707593	0.006923	4.6
1665	-0.077316	112.669296	0.001337	5.1
1666	-0.892329	112.631034	0.011961	4.7
1667	-0.000000	112.592806	0.000000	4.6
1668	0.000000	112.554613	0.000000	5.3
1669	-0.989439	112.516455	0.007297	5.9
1670	-0.702136	112.478331	0.007083	4.9
1671	-0.000003	112.440241	0.000000	5.7
1672	-0.674214	112.402186	0.016678	4.8
1673	-0.000010	112.364165	0.000003	4.8
1674	-0.000210	112.326179	0.000018	5.3
1675	-0.669452	112.288227	0.005811	5.5
1676	-0.813303	112.250309	0.010048	4.7
1677	-1.195048	112.212425	0.006718	5.4
1678	-0.747229	112.174575	0.011034	5.5
1679	-0.000000	112.136759	0.000000	4.8
1680	-0.654927	112.098977	0.005464	6.0
1681	-0.051928	112.061229	0.002278	4.9
1682	-1.257509	112.023515	0.008330	4.7
1683	-0.858128	111.985834	0.008430	4.7
1684	-0.760155	111.948188	0.009472	5.0
1685	-0.779604	111.910575	0.009183	4.8
1686	-0.000000	111.872996	0.000000	5.3
1687	-0.032938	111.835450	0.001476	5.1
1688	-0.541919	111.797939	0.008369	4.9
1689	-0.000000	111.760460	0.000000	5.0
1690	-1.108726	111.723015	0.020515	5.5
1691	-0.000000	111.685604	0.000000	5.4
1692	-0.295679	111.648226	0.005395	5.0
1693	-1.119379	111.610881	0.007268	5.1
1694	-0.000000	111.573570	0.000000	5.0
1695	-0.998986	111.536292	0.014585	5.1
1696	0.000000	111.499047	0.000000	5.2
1697	-0.000000	111.461835	0.000000	5.1
1698	-0.000000	111.424656	0.000000	4.9
1699	0.000000	111.387510	0.000000	5.5
1700	-0.000000	111.350398	0.000000	5.1
1701	-0.909227	111.313318	0.025509	5.0
1702	-0.340011	111.276271	0.005428	5.3
1703	-0.004527	111.239257	0.000488	5.1
1704	-0.498555	111.202276	0.004323	4.9
1705	-0.851744	111.165328	0.008012	5.4
1706	-0.744162	111.128412	0.004613	4.8
1707	-1.108676	111.091529	0.013696	4.9
1708	-0.071264	111.054679	0.001969	5.4
1709	-0.000000	111.017861	0.000000	5.0
1710	-0.345571	110.981076	0.004755	4.9
1711	-0.146560	110.944323	0.003739	5.6
1712	-0.860780	110.907603	0.010232	5.1
1713	-0.000000	110.870915	0.000000	4.8
1714	-1.253394	110.834259	0.018681	5.4
1715	-0.412970	110.797636	0.006515	4.9
1716	-0.825607	110.761045	0.009249	4.8
1717	-0.056356	110.724486	0.002078	5.2
1718	-1.112133	110.687959	0.010858	5.0
1719	-0.613077	110.651465	0.005755	4.8
1720	-1.011825	110.615002	0.009068	4.9
1721	-0.483403	110.578572	0.006001	5.0
1722	-0.000000	110.542173	0.000000	4.7
1723	-0.714264	110.505807	0.006871	4.7
1724	-0.009704	110.469472	0.000765	5.2
1725	-0.753012	110.433169	0.018789	4.8
1726	-0.822709	110.396898	0.011786	4.9
1727	-0.000000	110.360659	0.000000	5.0
1728	-0.000000	110.324451	0.000000	4.8
1729	-0.990381	110.288276	0.011446	4.8
1730	-0.754846	110.252131	0.005789	5.1
1731	-0.674906	110.216019	0.007666	4.8
1732	-0.812085	110.179937	0.005290	5.0
1733	-0.887233	110.143888	0.009767	5.0
1734	-0.430185	110.107869	0.004391	5.0
1735	-1.076685	110.071882	0.008162	4.8
1736	-0.776823	110.035927	0.010565	4.9
1737	-0.694225	110.000003	0.005252	5.1
1738	-0.925974	109.964110	0.009698	5.3
1739	-0.968353	109.928248	0.020740	5.2
1740	-0.637386	109.892417	0.010187	5.9
1741	-0.777015	109.856618	0.017268	4.7
1742	-0.609848	109.820850	0.006245	4.7
1743	-0.000000	109.785112	0.000000	5.1
1744	-0.794222	109.749406	0.007151	5.3
1745	-1.026959	109.713730	0.013165	5.3
1746	-0.746931	109.678086	0.006905	5.2
1747	-0.473995	109.642472	0.004014	4.7
1748	-0.713305	109.606890	0.006869	4.8
1749	-0.000000	109.571337	0.000000	5.4
1750	-0.685558	109.535816	0.010076	4.8
1751	-0.626340	109.500326	0.003702	4.8
1752	-0.578384	109.464866	0.003847	6.0
1753	-0.954799	109.429436	0.012828	5.3
1754	-0.115813	109.394038	0.005592	5.1
1755	-0.974245	109.358669	0.006899	5.2
1756	-0.032204	109.323331	0.001577	4.8
1757	-0.331390	109.288024	0.005082	5.0
1758	-1.021046	109.252747	0.011184	5.2
1759	-0.981335	109.217501	0.011840	5.0
1760	-0.000000	109.182284	0.000000	5.0
1761	-0.687032	109.147098	0.009331	5.3
1762	-1.038267	109.111942	0.013587	5.0
1763	-1.121057	109.076817	0.012595	5.1
1764	-0.530886	109.041721	0.006046	5.4
1765	-0.000000	109.006656	0.000000	5.0
1766	-1.262185	108.971620	0.006550	5.0
1767	-0.691525	108.936615	0.005177	5.3
1768	-0.522909	108.901640	0.006618	5.1
1769	-0.000142	108.866694	0.000031	4.9
1770	-0.418522	108.831779	0.004726	5.0
1771	-0.805622	108.796893	0.011969	5.1
1772	0.000000	108.762037	0.000000	4.9
1773	-0.968938	108.727211	0.009679	4.8
1774	-0.981788	108.692415	0.010937	5.0
1775	-0.000000	108.657648	0.000000	4.7
1776	-0.716691	108.622911	0.009614	4.8
1777	-0.017776	108.588203	0.000714	5.2
1778	-0.888139	108.553525	0.007298	5.0
1779	-0.000000	108.518877	0.000000	4.8
1780	-0.137326	108.484258	0.002582	5.1
1781	-0.677020	108.449668	0.004537	4.8
1782	-0.967428	108.415108	0.010719	4.8
1783	-0.613588	108.380578	0.004779	5.1
1784	-0.975496	108.346076	0.008908	4.7
1785	-1.068868	108.311604	0.006148	4.7
1786	-0.107864	108.277161	0.002706	5.1
1787	-0.899048	108.242747	0.012825	4.7
1788	-0.480169	108.208363	0.006355	4.9
1789	-0.686599	108.174007	0.007640	5.0
1790	-1.116301	108.139681	0.008613	5.1
1791	-0.383651	108.105383	0.005354	4.7
1792	-0.981039	108.071115	0.009247	4.9
1793	-0.991340	108.036875	0.011288	5.1
1794	-0.729720	108.002665	0.014821	4.8
1795	-0.106894	107.968483	0.002892	5.1
1796	-0.632860	107.934330	0.004686	5.0
1797	-1.159281	107.900206	0.007045	4.8
1798	-0.778489	107.866111	0.007976	4.8
1799	-0.852543	107.832044	0.025303	5.1
1800	-0.817193	107.798007	0.010757	4.9
1801	-0.924709	107.763997	0.008711	4.9
1802	-0.000000	107.730017	0.000000	5.0
1803	-0.843492	107.696065	0.017688	4.9
1804	-0.843490	107.662141	0.006274	4.9
1805	-0.669934	107.628246	0.007460	4.9
1806	-0.730437	107.594379	0.013165	4.9
1807	-1.223324	107.560541	0.006607	5.0
1808	-0.707523	107.526731	0.006986	4.8
1809	-0.381641	107.492949	0.004430	4.8
1810	-0.000000	107.459196	0.000000	4.8
1811	-0.718169	107.425471	0.006108	4.7
1812	-0.122393	107.391774	0.004107	5.0
1813	-0.001625	107.358106	0.000112	4.9
1814	-0.461694	107.324465	0.011465	4.7
1815	-0.017237	107.290853	0.001264	4.9
1816	-0.973023	107.257268	0.010896	5.2
1817	-1.117928	107.223712	0.029155	5.0
1818	-1.131574	107.190184	0.016898	5.1
1819	-0.576667	107.156683	0.005779	5.1
1820	-1.124414	107.123211	0.030583	5.1
1821	-0.000000	107.089766	0.000000	4.9
1822	-0.000000	107.056349	0.000000	5.5
1823	-1.079310	107.022960	0.023890	4.8
1824	-0.307934	106.989599	0.004172	4.8
1825	-0.199909	106.956265	0.002987	5.3
1826	-0.604833	106.922960	0.007577	5.0
1827	-0.477053	106.889681	0.006842	4.9
1828	-0.027365	106.856431	0.001418	5.1
1829	-0.173847	106.823208	0.001934	4.9
1830	-1.056224	106.790012	0.009009	5.0
1831	-1.077831	106.756844	0.007843	5.4
1832	-0.000000	106.723703	0.000000	4.9
1833	-0.000057	106.690590	0.000016	4.9
1834	-0.015210	106.657505	0.001408	5.7
1835	-0.886103	106.624446	0.008000	4.8
1836	-0.011771	106.591415	0.001793	4.8
1837	-0.815590	106.558411	0.014734	5.6
1838	-0.772913	106.525435	0.013718	5.0
1839	-0.915540	106.492485	0.014168	4.8
1840	-0.647314	106.459563	0.007271	5.4
1841	-0.049659	106.426668	0.001544	5.0
1842	-0.747838	106.393800	0.010482	4.9
1843	-1.028817	106.360959	0.011696	5.0
1844	-0.955570	106.328145	0.005172	4.9
1845	-0.000000	106.295358	0.000000	4.8
1846	-0.732516	106.262598	0.007560	4.8
1847	-0.128204	106.229865	0.004669	5.0
1848	-0.345268	106.197158	0.005732	4.7
1849	-0.413272	106.164479	0.005340	4.9
1850	-0.810703	106.131826	0.013510	5.0
1851	-0.557742	106.099201	0.009646	4.8
1852	-0.109719	106.066602	0.001681	5.9
1853	-0.042923	106.034029	0.002180	4.9
1854	-0.793851	106.001483	0.010740	4.8
1855	-0.000000	105.968964	0.000000	5.3
1856	-1.166042	105.936472	0.011411	5.1
1857	-0.160724	105.904006	0.002833	4.7
1858	-1.026865	105.871566	0.006637	4.7
1859	-0.000000	105.839153	0.000000	5.1
1860	-0.927466	105.806767	0.007782	5.0
1861	-0.000793	105.774407	0.000057	4.8
1862	-0.786921	105.742073	0.015475	4.9
1863	-0.940328	105.709766	0.010164	5.1
1864	-1.014926	105.677485	0.011195	4.7
1865	-0.935427	105.645230	0.010549	4.8
1866	-0.008803	105.613001	0.000306	5.6
1867	-0.000000	105.580799	0.000000	4.8
1868	-0.364344	105.548623	0.006140	4.8
1869	-0.638615	105.516473	0.004398	5.2
1870	-0.543136	105.484349	0.006589	4.8
1871	-0.165175	105.452251	0.001151	4.8
1872	-0.840644	105.420179	0.005675	5.4
1873	-0.000059	105.388133	0.000020	4.8
1874	-0.000119	105.356113	0.000022	4.8
1875	-1.054580	105.324119	0.005790	5.3
1876	-0.000000	105.292151	0.000000	4.9
1877	-0.881766	105.260209	0.010832	4.8
1878	-0.000000	105.228293	0.000000	5.3
1879	-0.640410	105.196402	0.009936	5.0
1880	-0.000000	105.164537	0.000000	4.8
1881	-0.660601	105.132698	0.012876	5.0
1882	-0.033761	105.100885	0.000665	4.9
1883	-0.942609	105.069097	0.006727	4.7
1884	-0.000000	105.037335	0.000000	4.8
1885	-0.506103	105.005598	0.004946	4.8
1886	-0.000000	104.973887	0.000000	4.8
1887	-0.597152	104.942202	0.006561	4.9
1888	-0.000032	104.910542	0.000012	5.0
1889	-0.928330	104.878907	0.008253	5.0
1890	-0.842243	104.847298	0.006718	5.0
1891	-1.168238	104.815715	0.014974	5.3
1892	0.000000	104.784156	0.000000	5.1
1893	-0.914658	104.752623	0.009796	5.0
1894	-0.000000	104.721116	0.000000	5.4
1895	-1.010443	104.689633	0.013267	4.9
1896	-0.004040	104.658176	0.000211	5.1
1897	-0.785899	104.626744	0.006434	5.2
1898	-0.000000	104.595337	0.000000	5.2
1899	-0.646099	104.563955	0.006677	5.0
1900	-0.000000	104.532599	0.000000	5.3
1901	-0.479388	104.501267	0.003097	5.1
1902	-1.157117	104.469960	0.023798	5.1
1903	-0.915337	104.438679	0.012746	5.1
1904	-0.876950	104.407422	0.004828	5.2
1905	-0.625237	104.376191	0.005834	5.5
1906	-0.000000	104.344984	0.000000	5.1
1907	-1.051232	104.313802	0.010207	6.7
1908	-0.881649	104.282645	0.008779	5.0
1909	-0.949477	104.251513	0.004084	4.9
1910	-0.374739	104.220405	0.006192	5.0
1911	-0.627045	104.189323	0.006385	4.8
1912	-0.000000	104.158265	0.000000	5.0
1913	-1.004799	104.127231	0.007222	5.1
1914	-0.000000	104.096222	0.000000	4.9
1915	-1.100284	104.065238	0.006734	4.7
1916	-0.428943	104.034279	0.003930	5.0
1917	-0.927042	104.003344	0.007375	4.9
1918	-0.461189	103.972433	0.005781	4.9
1919	-0.111420	103.941547	0.001802	5.4
1920	-0.589088	103.910686	0.010701	5.0
1921	-0.958440	103.879849	0.009441	4.9
1922	-1.030310	103.849036	0.011683	5.4
1923	-0.000000	103.818248	0.000000	4.8
1924	-0.428559	103.787484	0.008317	4.9
1925	-0.063422	103.756744	0.003345	5.1
1926	-0.000000	103.726029	0.000000	4.8
1927	-0.915657	103.695338	0.006799	4.9
1928	-1.065697	103.664671	0.006732	5.1
1929	-1.197313	103.634028	0.012301	4.9
1930	-0.000000	103.603409	0.000000	5.1
1931	-0.949921	103.572814	0.009787	5.2
1932	-0.812294	103.542244	0.008139	4.8
1933	-0.000000	103.511698	0.000000	4.9
1934	-1.036579	103.481175	0.016893	5.3
1935	-0.000000	103.450677	0.000000	4.7
1936	-0.021936	103.420202	0.000589	5.0
1937	-1.003117	103.389752	0.008493	4.6
1938	-0.000001	103.359325	0.000000	5.0
1939	-0.000000	103.328922	0.000000	5.2
1940	-0.498453	103.298543	0.008420	4.8
1941	-0.621897	103.268188	0.009155	5.2
1942	-0.656231	103.237857	0.012456	5.0
1943	-0.000000	103.207549	0.000000	4.7
1944	-0.000000	103.177265	0.000000	5.5
1945	-0.434078	103.147005	0.006734	5.0
1946	-0.166238	103.116768	0.003143	4.9
1947	-0.803031	103.086556	0.002216	5.1
1948	-0.597110	103.056366	0.005224	5.8
1949	-0.567755	103.026200	0.008423	5.3
1950	-0.000000	102.996058	0.000000	5.7
1951	-0.071379	102.965939	0.000556	5.2
1952	-1.096425	102.935844	0.014632	5.6
1953	-0.000000	102.905772	0.000000	5.8
1954	-0.747575	102.875724	0.009731	5.1
1955	-0.847701	102.845699	0.005542	5.3
1956	-0.398837	102.815697	0.003002	5.7
1957	-0.794924	102.785719	0.009814	5.3
1958	-0.279511	102.755764	0.005141	5.8
1959	-0.769497	102.725832	0.008082	5.8
1960	-0.764629	102.695924	0.005494	5.3
1961	-0.961623	102.666038	0.002924	5.3
1962	-1.062221	102.636176	0.014603	5.3
1963	-1.150433	102.606337	0.010683	4.9
1964	-0.200052	102.576521	0.004927	5.3
1965	-0.464620	102.546728	0.006899	5.0
1966	-0.695874	102.516959	0.010796	4.9
1967	-1.009815	102.487212	0.010882	6.1
1968	-1.034886	102.457488	0.006645	5.1
1969	-1.103844	102.427788	0.009328	4.9
1970	-0.760836	102.398110	0.013120	5.1
1971	-1.257954	102.368455	0.013834	5.0
1972	-0.731941	102.338823	0.007628	4.8
1973	-1.228707	102.309214	0.010047	6.1
1974	-0.180154	102.279628	0.004138	4.9
1975	-0.000000	102.250064	0.000000	4.6
1976	-0.716725	102.220524	0.005321	4.8
1977	-0.480768	102.191006	0.006110	4.8
1978	-0.411032	102.161511	0.004517	4.6
1979	-1.114192	102.132038	0.005559	5.0
1980	-1.274991	102.102588	0.010567	5.0
1981	-0.000000	102.073161	0.000000	4.8
1982	-0.000000	102.043757	0.000000	4.7
1983	-0.772044	102.014375	0.028527	5.2
1984	-1.130225	101.985015	0.007148	4.8
1985	-0.934654	101.955678	0.011715	4.7
1986	-0.000000	101.926364	0.000000	4.9
1987	-1.211685	101.897072	0.006256	4.9
1988	-1.020990	101.867802	0.006703	4.8
1989	-0.348793	101.838555	0.003822	4.8
1990	-0.861632	101.809330	0.005105	4.9
1991	-0.822273	101.780128	0.010171	4.8
1992	0.000000	101.750948	0.000000	4.8
1993	-1.025333	101.721790	0.005885	4.9
1994	-1.184229	101.692654	0.011220	4.8
1995	-0.779755	101.663541	0.006251	4.7
1996	-0.429602	101.634450	0.003782	5.1
1997	-0.686041	101.605381	0.008670	5.1
1998	-0.005978	101.576335	0.000518	4.8
1999	-0.309202	101.547310	0.003783	4.8
