1:ItNr	2:Metric	3:StepSize	4:||Gradient||	Time[ms]
0	-0.778025	627.201626	0.011012	800.9
1	-0.848509	623.504937	0.007757	6.5
2	-0.000000	619.865785	0.000000	6.3
3	-0.000000	616.282728	0.000000	7.0
4	-0.029359	612.754375	0.001326	6.4
5	-0.621977	609.279381	0.006361	6.3
6	-0.755430	605.856447	0.012439	7.8
7	-0.076923	602.484317	0.001749	6.7
8	-0.828118	599.161779	0.012851	8.5
9	-0.511892	595.887656	0.007441	6.5
10	-0.404576	592.660813	0.008587	8.6
11	-0.097041	589.480151	0.002313	6.6
12	-0.615176	586.344606	0.012139	8.1
13	-0.000000	583.253145	0.000000	6.8
14	-0.000000	580.204771	0.000000	7.5
15	-0.813559	577.198517	0.005820	7.2
16	-1.085533	574.233444	0.013211	7.2
17	-0.443211	571.308645	0.005882	7.1
18	-0.389611	568.423237	0.005892	7.2
19	-0.003558	565.576365	0.001674	7.1
20	-0.000043	562.767201	0.000002	7.2
21	-0.000000	559.994938	0.000000	7.9
22	-0.539195	557.258797	0.011863	7.5
23	-0.733820	554.558018	0.009901	8.1
24	-0.685841	551.891865	0.006891	7.2
25	-0.566523	549.259621	0.008623	7.9
26	-0.981777	546.660592	0.007671	7.2
27	-0.551582	544.094102	0.006046	7.8
28	-0.670271	541.559494	0.008183	7.6
29	-0.373108	539.056129	0.005888	7.3
30	-1.045269	536.583387	0.016320	7.6
31	-0.393579	534.140663	0.005418	7.1
32	-0.913361	531.727370	0.012702	7.6
33	-0.590447	529.342935	0.006663	7.0
34	-0.646823	526.986802	0.006844	8.0
35	-0.738389	524.658430	0.014515	6.9
36	-0.000000	522.357290	0.000000	8.5
37	-0.812856	520.082868	0.011993	7.0
38	-1.028593	517.834665	0.017158	8.8
39	-0.876668	515.612193	0.009678	7.0
40	-0.198249	513.414976	0.003593	8.7
41	-0.750523	511.242551	0.011500	7.1
42	-0.432897	509.094468	0.003936	8.7
43	-0.000000	506.970285	0.000000	7.0
44	-0.826247	504.869574	0.009734	8.6
45	-0.881266	502.791916	0.008443	6.9
46	-0.208738	500.736903	0.005270	8.6
47	-0.000000	498.704137	0.000000	7.0
48	-0.823074	496.693228	0.016124	8.3
49	-0.920996	494.703798	0.017384	7.0
50	-0.091578	492.735476	0.002050	7.9
51	-0.982822	490.787900	0.016527	7.2
52	-0.921656	488.860718	0.010517	7.0
53	-0.213744	486.953585	0.003446	7.4
54	-0.474875	485.066164	0.007363	7.2
55	-0.000000	483.198126	0.000000	7.8
56	-0.923936	481.349149	0.023821	8.1
57	-0.502288	479.518920	0.009407	8.5
58	-0.274254	477.707132	0.009473	7.6
59	-0.615891	475.913485	0.010965	9.2
60	-0.410401	474.137684	0.006554	8.4
61	-0.000000	472.379445	0.000000	8.6
62	-0.896807	470.638485	0.008703	7.3
63	-0.716061	468.914531	0.006049	7.6
64	-0.008133	467.207315	0.000256	7.2
65	-0.389327	465.516573	0.007601	7.8
66	-0.087039	463.842050	0.001817	7.2
67	-0.620100	462.183494	0.008046	7.3
68	-0.453469	460.540658	0.006419	7.7
69	-0.254794	458.913303	0.006368	7.6
70	-0.699878	457.301192	0.008438	8.3
71	-0.000000	455.704096	0.000000	8.5
72	-0.209964	454.121787	0.004913	7.5
73	-0.862981	452.554045	0.005259	7.7
74	-0.310190	451.000653	0.005259	10.0
75	-0.000000	449.461399	0.000000	7.4
76	-0.409140	447.936075	0.006452	7.4
77	-0.000000	446.424477	0.000000	7.7
78	-0.000000	444.926406	0.000000	7.3
79	-0.000000	443.441666	0.000000	8.2
80	-0.455786	441.970065	0.009792	7.2
81	-0.800103	440.511415	0.010083	8.4
82	-0.612909	439.065533	0.007892	7.3
83	-0.536620	437.632238	0.005873	8.4
84	-0.806390	436.211351	0.008683	7.3
85	-0.781551	434.802701	0.009286	8.8
86	-0.000000	433.406117	0.000000	7.3
87	-0.122937	432.021430	0.003026	9.0
88	-0.000000	430.648479	0.000000	7.2
89	-0.184284	429.287101	0.003132	9.3
90	-0.688926	427.937140	0.008749	7.2
91	-0.485331	426.598440	0.009788	9.1
92	-0.861314	425.270849	0.007607	7.3
93	-1.006757	423.954220	0.019485	9.0
94	-0.245830	422.648404	0.006217	7.0
95	-0.011981	421.353259	0.000529	8.1
96	-0.987100	420.068643	0.009399	7.0
97	-0.650250	418.794419	0.006521	8.6
98	-0.308267	417.530451	0.004981	6.9
99	-0.519102	416.276604	0.005785	8.6
100	-0.364661	415.032748	0.003453	6.9
101	-0.771176	413.798754	0.014393	8.5
102	-0.207084	412.574495	0.004999	7.1
103	-0.832160	411.359849	0.008615	8.4
104	-0.000000	410.154691	0.000000	7.3
105	-0.768515	408.958904	0.010030	8.0
106	-0.719088	407.772368	0.009625	7.5
107	-0.345097	406.594968	0.002506	7.9
108	-0.833034	405.426590	0.004900	7.6
109	-0.402091	404.267122	0.009776	7.1
110	-0.336693	403.116456	0.006189	8.0
111	-0.829811	401.974481	0.008719	7.2
112	-1.018869	400.841093	0.022734	7.8
113	-0.945618	399.716187	0.013392	7.2
114	-0.028537	398.599660	0.002655	7.9
115	-0.473398	397.491411	0.005305	7.1
116	-0.023055	396.391342	0.000324	8.4
117	-0.478184	395.299353	0.005420	7.1
118	-0.379001	394.215350	0.005438	8.5
119	-0.570288	393.139238	0.009075	6.9
120	-0.614404	392.070924	0.009025	8.7
121	-0.231951	391.010316	0.003690	7.2
122	-0.057181	389.957325	0.001087	8.8
123	-0.012074	388.911862	0.001385	7.1
124	-0.460243	387.873839	0.006863	9.0
125	-0.384104	386.843173	0.005030	7.2
126	-0.000013	385.819777	0.000015	8.5
127	-0.152739	384.803569	0.003409	7.2
128	-0.245023	383.794468	0.004827	8.0
129	-0.157067	382.792393	0.003146	7.1
130	-0.000000	381.797264	0.000000	8.7
131	-0.000000	380.809005	0.000000	7.7
132	-0.000000	379.827537	0.000000	9.0
133	-0.824141	378.852786	0.010217	7.9
134	-0.962873	377.884678	0.011536	8.5
135	-0.997417	376.923138	0.036654	7.3
136	-0.897267	375.968095	0.012450	8.6
137	-0.269220	375.019479	0.005652	7.4
138	-0.900508	374.077218	0.009274	8.6
139	-0.520705	373.141244	0.006735	7.3
140	-0.476630	372.211489	0.007545	8.5
141	-0.705011	371.287887	0.008026	7.3
142	-0.014274	370.370370	0.000550	8.5
143	-0.009242	369.458876	0.001125	8.2
144	-0.064226	368.553338	0.002437	8.3
145	-0.000000	367.653696	0.000000	7.0
146	-0.000000	366.759885	0.000000	8.8
147	-0.097434	365.871846	0.001842	6.9
148	-0.887747	364.989518	0.009341	9.2
149	-0.876001	364.112841	0.008982	7.0
150	-0.017926	363.241757	0.000478	8.9
151	-0.458728	362.376208	0.007337	7.2
152	-0.619143	361.516137	0.007268	8.8
153	-0.865773	360.661488	0.013546	7.0
154	-0.256482	359.812206	0.003981	8.9
155	-0.597295	358.968236	0.005407	7.0
156	-0.833472	358.129524	0.006992	8.5
157	-0.254144	357.296018	0.007570	7.1
158	-0.000000	356.467665	0.000000	8.0
159	-0.756661	355.644414	0.006666	7.2
160	-0.311485	354.826213	0.003202	7.5
161	-0.000985	354.013012	0.000039	7.4
162	-0.000000	353.204763	0.000000	7.2
163	-0.005539	352.401415	0.000586	7.4
164	-0.279720	351.602922	0.003456	8.0
165	-0.649867	350.809235	0.007654	8.0
166	-0.804852	350.020308	0.008174	8.0
167	-0.510402	349.236095	0.004741	7.7
168	-0.589811	348.456550	0.006887	7.3
169	-0.520569	347.681627	0.007016	7.7
170	-0.904182	346.911283	0.012862	7.4
171	-0.893406	346.145474	0.023580	8.3
172	-0.000000	345.384157	0.000000	7.1
173	-0.526049	344.627288	0.006251	8.4
174	-0.441537	343.874826	0.006843	7.3
175	-0.402807	343.126729	0.004813	8.5
176	-0.000000	342.382957	0.000000	7.3
177	-0.940797	341.643469	0.013445	9.2
178	-0.514211	340.908224	0.013542	7.1
179	-0.935081	340.177184	0.022161	10.7
180	-0.480305	339.450309	0.005678	7.3
181	-0.000000	338.727561	0.000000	8.2
182	-0.299892	338.008902	0.004350	7.2
183	-0.928357	337.294295	0.008583	9.0
184	-0.553734	336.583703	0.007232	7.3
185	-0.907689	335.877089	0.015116	8.3
186	-0.000000	335.174416	0.000000	7.2
187	-0.879453	334.475651	0.004691	8.5
188	-0.753999	333.780756	0.007732	7.2
189	-0.762170	333.089698	0.019380	8.9
190	-0.263888	332.402443	0.004177	7.6
191	-0.000000	331.718955	0.000000	8.3
192	-0.650676	331.039203	0.014364	7.3
193	-0.000000	330.363153	0.000000	8.5
194	-0.693265	329.690771	0.019978	8.1
195	-0.426946	329.022027	0.006683	8.4
196	-0.079460	328.356888	0.000825	8.2
197	-0.399520	327.695322	0.005186	8.2
198	-0.000000	327.037299	0.000000	7.4
199	-0.656986	326.382787	0.011622	7.3
200	-0.439817	325.731758	0.005076	7.1
201	-0.000000	325.084179	0.000000	8.2
202	-0.670009	324.440023	0.004846	7.3
203	-0.437800	323.799258	0.008585	7.5
204	-0.706252	323.161858	0.008374	7.4
205	-0.475418	322.527792	0.009578	6.8
206	-1.015058	321.897034	0.014211	7.4
207	-0.482058	321.269554	0.006342	7.1
208	-0.807845	320.645325	0.006662	7.9
209	-0.047835	320.024320	0.001044	7.1
210	-0.948226	319.406512	0.014249	8.9
211	-0.000589	318.791875	0.000004	7.2
212	-0.003061	318.180381	0.001445	8.1
213	-0.219500	317.572005	0.005674	6.9
214	-0.729526	316.966721	0.005858	8.4
215	-0.000000	316.364504	0.000000	7.2
216	-0.196503	315.765329	0.002860	9.3
217	-0.475644	315.169170	0.005458	7.8
218	-0.000000	314.576003	0.000000	7.9
219	-0.400299	313.985804	0.009961	7.5
220	-0.859626	313.398548	0.007574	8.1
221	-0.956957	312.814213	0.007311	7.4
222	-0.218463	312.232773	0.003526	8.5
223	-0.014119	311.654207	0.000592	7.6
224	-0.000000	311.078491	0.000000	7.8
225	-0.559750	310.505602	0.009997	7.3
226	-0.752562	309.935518	0.007872	8.6
227	-0.005635	309.368217	0.000427	7.6
228	-0.617320	308.803676	0.006648	8.4
229	-0.101714	308.241874	0.002071	7.3
230	-0.000000	307.682789	0.000000	8.8
231	-0.547598	307.126400	0.007353	7.2
232	-0.672085	306.572687	0.008320	9.3
233	-0.928758	306.021627	0.020612	7.2
234	-0.000000	305.473201	0.000000	8.4
235	-0.000031	304.927388	0.000001	7.2
236	-0.790324	304.384168	0.004656	8.9
237	-0.827889	303.843521	0.007742	7.3
238	-0.559238	303.305427	0.008495	8.4
239	-0.581521	302.769867	0.006610	7.1
240	-0.550627	302.236821	0.010603	8.3
241	-0.965970	301.706270	0.017883	7.5
242	-0.648649	301.178196	0.006817	8.4
243	-1.040540	300.652580	0.011314	7.7
244	-0.891767	300.129402	0.008941	8.4
245	-0.023674	299.608645	0.000577	7.3
246	-0.894145	299.090291	0.027856	8.5
247	-0.041386	298.574321	0.001515	7.2
248	-0.706704	298.060718	0.007968	8.8
249	-0.415897	297.549465	0.004684	7.6
250	-0.530334	297.040543	0.009422	9.4
251	-0.459911	296.533936	0.005666	7.4
252	-0.450849	296.029626	0.015190	8.8
253	-0.092297	295.527597	0.003257	7.3
254	-0.152914	295.027832	0.004253	9.1
255	-0.405074	294.530315	0.006561	8.1
256	-0.000000	294.035028	0.000000	8.7
257	-0.236865	293.541956	0.004125	7.5
258	-0.808392	293.051083	0.016561	8.3
259	-0.000000	292.562393	0.000000	7.2
260	-0.976651	292.075870	0.013583	8.9
261	-0.746700	291.591498	0.008584	7.3
262	-0.854733	291.109263	0.019341	8.6
263	-0.574365	290.629149	0.005776	8.1
264	-0.000000	290.151140	0.000000	7.8
265	-0.235420	289.675222	0.003327	7.5
266	-0.473721	289.201380	0.007103	8.1
267	-0.000000	288.729600	0.000000	8.5
268	-0.380841	288.259866	0.006860	7.5
269	-0.321689	287.792165	0.004388	7.6
270	-0.806583	287.326481	0.008909	8.9
271	-0.000000	286.862802	0.000000	8.1
272	-0.843127	286.401113	0.007914	8.3
273	-0.654483	285.941400	0.007108	7.2
274	-0.004920	285.483649	0.000146	8.8
275	-0.695792	285.027847	0.007696	7.3
276	-0.370621	284.573981	0.005976	8.9
277	-0.605624	284.122037	0.005961	7.0
278	-0.018348	283.672002	0.001617	8.6
279	-0.675464	283.223863	0.008530	7.3
280	-0.950576	282.777607	0.007738	9.6
281	-0.000002	282.333221	0.000001	7.1
282	-0.389333	281.890692	0.005679	9.2
283	-0.000000	281.450008	0.000000	6.9
284	-1.069146	281.011157	0.009530	8.3
285	-0.544224	280.574125	0.013570	7.6
286	-0.734997	280.138901	0.006068	8.1
287	-0.806485	279.705473	0.008359	7.9
288	-0.000000	279.273829	0.000000	8.2
289	-0.132081	278.843956	0.004263	7.4
290	-0.288075	278.415844	0.004744	8.4
291	-0.717901	277.989479	0.020216	7.6
292	-0.152418	277.564851	0.002197	8.4
293	-0.863384	277.141949	0.008723	7.4
294	-0.819790	276.720761	0.007876	8.6
295	-0.389394	276.301275	0.007996	7.5
296	-0.731469	275.883480	0.006685	8.5
297	-0.000000	275.467366	0.000000	7.4
298	-0.000001	275.052922	0.000000	8.6
299	-0.896666	274.640136	0.007001	7.1
300	-0.000000	274.228998	0.000000	8.4
301	-0.000000	273.819497	0.000000	7.4
302	-0.025248	273.411623	0.000883	8.0
303	-0.995849	273.005365	0.009585	8.0
304	-0.997484	272.600712	0.037229	8.9
305	-0.454836	272.197655	0.008235	7.0
306	-0.910390	271.796184	0.007472	9.1
307	-1.008045	271.396287	0.019403	7.0
308	-0.000000	270.997956	0.000000	9.1
309	-0.021376	270.601180	0.000364	7.0
310	-0.865130	270.205949	0.008028	8.9
311	-0.873788	269.812254	0.007195	7.2
312	-0.636510	269.420085	0.005857	8.7
313	-0.806144	269.029432	0.014076	7.1
314	-0.020230	268.640287	0.000204	9.5
315	-0.000000	268.252638	0.000000	7.2
316	-0.038963	267.866478	0.001509	9.4
317	-0.447760	267.481796	0.006590	7.2
318	-0.488001	267.098584	0.005887	8.4
319	-0.839021	266.716833	0.006867	7.1
320	-0.079075	266.336533	0.001474	8.6
321	-0.706259	265.957676	0.006389	7.3
322	-0.000000	265.580253	0.000000	8.6
323	-0.000000	265.204254	0.000000	7.5
324	-0.616308	264.829672	0.007409	8.6
325	-0.000000	264.456497	0.000000	7.4
326	-0.000000	264.084721	0.000000	8.7
327	-0.813193	263.714335	0.014319	7.8
328	-0.000000	263.345332	0.000000	8.9
329	-0.798895	262.977702	0.007925	7.6
330	-0.866882	262.611438	0.017414	8.4
331	-0.000001	262.246531	0.000001	7.4
332	-0.105459	261.882973	0.002648	8.8
333	-0.311447	261.520756	0.006876	7.2
334	-0.046552	261.159871	0.004402	9.0
335	-0.000000	260.800312	0.000000	7.2
336	-0.662049	260.442070	0.010152	9.1
337	-0.681997	260.085137	0.006113	7.4
338	-0.467414	259.729505	0.005988	7.9
339	-0.913555	259.375167	0.013235	7.2
340	-0.398258	259.022116	0.003693	8.8
341	-0.502287	258.670343	0.006267	7.2
342	-0.000000	258.319841	0.000000	8.4
343	-0.493949	257.970602	0.004611	7.1
344	-0.002852	257.622620	0.000038	7.8
345	-0.000000	257.275887	0.000000	7.2
346	-0.339505	256.930396	0.003410	7.2
347	-0.647657	256.586139	0.011173	7.2
348	-0.000000	256.243109	0.000000	7.8
349	-0.000270	255.901300	0.000005	7.3
350	-0.719342	255.560703	0.006471	7.1
351	-0.000000	255.221313	0.000000	7.5
352	-0.026595	254.883122	0.001594	7.3
353	-0.811417	254.546124	0.007212	8.3
354	-0.778285	254.210311	0.005516	7.3
355	-0.848141	253.875677	0.007668	8.4
356	-0.636032	253.542215	0.008373	7.2
357	-0.378280	253.209918	0.004391	8.8
358	-0.005696	252.878781	0.000240	7.1
359	-0.000000	252.548795	0.000000	9.0
360	-0.620888	252.219956	0.006130	7.3
361	-0.395573	251.892255	0.005064	8.9
362	-0.773470	251.565688	0.006669	7.2
363	-0.490920	251.240247	0.005348	8.6
364	-0.001772	250.915926	0.000024	7.2
365	-0.419517	250.592720	0.018545	9.5
366	-0.806186	250.270621	0.008297	7.2
367	-0.124177	249.949624	0.002472	8.9
368	-0.611174	249.629723	0.008123	7.1
369	-0.000000	249.310911	0.000000	8.3
370	-0.047337	248.993182	0.001740	7.4
371	-0.693818	248.676531	0.009889	7.6
372	-0.577184	248.360952	0.009754	7.5
373	-0.534009	248.046438	0.006509	8.7
374	-0.539069	247.732984	0.006390	7.9
375	-0.000083	247.420584	0.000032	8.2
376	-0.685056	247.109233	0.005210	7.4
377	-0.000000	246.798924	0.000000	8.6
378	-0.022678	246.489652	0.000781	7.7
379	-0.041952	246.181412	0.000582	8.2
380	-0.199245	245.874197	0.003044	7.1
381	-0.698645	245.568002	0.006952	8.6
382	-0.000000	245.262822	0.000000	7.0
383	-0.517253	244.958652	0.013833	9.5
384	-0.828675	244.655485	0.008400	7.1
385	-0.451349	244.353317	0.008044	8.9
386	-0.203882	244.052142	0.004093	7.3
387	-0.993905	243.751955	0.010426	9.6
388	-0.000000	243.452750	0.000000	7.2
389	-0.750472	243.154523	0.010097	8.7
390	-0.851574	242.857268	0.016001	7.3
391	-0.889877	242.560980	0.011508	8.3
392	-0.542427	242.265654	0.006888	7.2
393	-1.183926	241.971285	0.018385	8.4
394	-0.000000	241.677868	0.000000	7.5
395	-0.574715	241.385397	0.005536	8.5
396	-0.016409	241.093869	0.001586	7.6
397	-0.497651	240.803278	0.008880	8.4
398	-0.000000	240.513619	0.000000	7.6
399	-0.922913	240.224887	0.006491	8.4
400	-0.000000	239.937077	0.000000	7.7
401	-0.752009	239.650186	0.009071	8.4
402	-1.000582	239.364207	0.006458	7.0
403	-0.398366	239.079136	0.004829	8.3
404	-0.917062	238.794969	0.006418	7.2
405	-0.099916	238.511701	0.000928	8.1
406	-0.972854	238.229327	0.016314	7.4
407	-0.386425	237.947843	0.005376	8.2
408	-0.692346	237.667244	0.006191	6.9
409	-0.745417	237.387526	0.006931	8.5
410	-0.000000	237.108684	0.000000	7.4
411	-0.459611	236.830714	0.005057	8.1
412	-0.000000	236.553610	0.000000	7.3
413	-0.071039	236.277370	0.001828	7.5
414	-0.000000	236.001989	0.000000	7.3
415	-0.220513	235.727461	0.002703	7.4
416	-0.432521	235.453784	0.005780	7.6
417	-0.000074	235.180952	0.000097	7.6
418	-0.095745	234.908962	0.004221	7.6
419	-0.638419	234.637809	0.007606	8.1
420	-0.382768	234.367488	0.003776	7.6
421	-0.532740	234.097997	0.005631	7.3
422	-0.000224	233.829331	0.000237	8.2
423	-0.893741	233.561485	0.007918	7.4
424	-0.057566	233.294456	0.000543	8.2
425	-0.925972	233.028239	0.008344	7.2
426	-0.751118	232.762831	0.005425	8.6
427	-0.132826	232.498228	0.004214	9.4
428	-0.801845	232.234425	0.007033	8.5
429	-1.042055	231.971419	0.014648	7.0
430	-0.084317	231.709205	0.001651	8.5
431	-0.380901	231.447781	0.004366	7.3
432	-0.898303	231.187141	0.004322	8.9
433	-0.243185	230.927283	0.003244	7.1
434	-0.729028	230.668202	0.005574	8.4
435	-0.473107	230.409895	0.006289	7.2
436	-0.007269	230.152358	0.000056	8.8
437	-0.000000	229.895587	0.000000	7.0
438	-0.468606	229.639578	0.008373	8.7
439	-0.499380	229.384329	0.006648	7.2
440	-0.000000	229.129834	0.000000	9.4
441	-0.695975	228.876091	0.020527	7.6
442	-0.882444	228.623096	0.007705	8.1
443	-0.947117	228.370846	0.008014	7.3
444	-0.000000	228.119336	0.000000	8.5
445	-0.578549	227.868563	0.005325	7.4
446	-0.864536	227.618525	0.022157	8.5
447	-0.000000	227.369216	0.000000	7.2
448	-0.000000	227.120635	0.000000	8.3
449	-0.910498	226.872777	0.008592	7.3
450	-0.635127	226.625638	0.007512	8.0
451	-0.000000	226.379217	0.000000	7.2
452	-0.000541	226.133509	0.000302	7.5
453	-0.000000	225.888510	0.000000	7.7
454	-0.625046	225.644218	0.010399	7.4
455	-0.116441	225.400630	0.003241	7.6
456	-0.908377	225.157741	0.006538	7.2
457	-0.714408	224.915549	0.013264	7.8
458	-0.234476	224.674051	0.005775	7.2
459	-0.764386	224.433242	0.007194	9.1
460	-0.005334	224.193121	0.000435	7.1
461	-0.351274	223.953684	0.006153	9.0
462	-0.859300	223.714927	0.005467	7.3
463	-0.628809	223.476848	0.008438	7.7
464	-0.950231	223.239444	0.006151	7.6
465	-0.000000	223.002710	0.000000	7.9
466	-0.334097	222.766645	0.005872	7.5
467	-0.652170	222.531245	0.015192	7.6
468	-0.430560	222.296508	0.008262	7.4
469	-0.955106	222.062429	0.005982	8.2
470	-0.825670	221.829007	0.014186	8.2
471	-0.760566	221.596238	0.008505	8.0
472	-0.000000	221.364119	0.000000	7.5
473	-0.274703	221.132647	0.004026	8.2
474	-0.955463	220.901820	0.007539	8.3
475	-1.080873	220.671634	0.011406	7.4
476	-0.000002	220.442086	0.000001	7.4
477	-0.059098	220.213174	0.000984	8.9
478	-0.507576	219.984895	0.005241	7.6
479	-0.741857	219.757246	0.011318	8.8
480	-0.576739	219.530224	0.006523	7.3
481	-0.524843	219.303826	0.005590	8.8
482	-0.000000	219.078050	0.000000	7.1
483	-0.781113	218.852893	0.011975	9.1
484	-0.552801	218.628352	0.006495	7.3
485	-1.092409	218.404424	0.016388	8.6
486	-0.000000	218.181106	0.000000	7.3
487	-0.758906	217.958397	0.005497	9.0
488	-0.515679	217.736292	0.006133	7.3
489	-0.552351	217.514790	0.007299	8.5
490	-0.472111	217.293888	0.004232	7.2
491	-0.916804	217.073584	0.006257	8.5
492	-0.690169	216.853873	0.006392	7.2
493	-0.630698	216.634755	0.006134	8.9
494	-0.906710	216.416227	0.017395	7.4
495	-0.840467	216.198285	0.004878	8.5
496	-0.000000	215.980927	0.000000	7.7
497	-0.592492	215.764151	0.007460	8.5
498	-0.124847	215.547955	0.003807	7.7
499	-0.398886	215.332335	0.005981	8.5
500	-0.000000	215.117289	0.000000	7.8
501	-0.008411	214.902815	0.000249	8.8
502	-0.000000	214.688911	0.000000	7.7
503	-0.390944	214.475573	0.004415	8.3
504	-0.555932	214.262800	0.007540	7.3
505	-0.156416	214.050588	0.002871	8.4
506	-0.930018	213.838936	0.007315	7.1
507	-0.582023	213.627842	0.005059	8.3
508	-0.771482	213.417302	0.013835	7.4
509	-0.000000	213.207314	0.000000	8.3
510	-0.822801	212.997877	0.005198	7.0
511	-0.828372	212.788987	0.006962	9.4
512	-0.508549	212.580642	0.012012	7.2
513	-0.000000	212.372841	0.000000	9.5
514	-1.005389	212.165581	0.005917	7.3
515	-0.503002	211.958859	0.004156	9.2
516	-0.366196	211.752673	0.004401	7.7
517	-0.000000	211.547021	0.000000	8.6
518	-0.597910	211.341902	0.003805	8.0
519	-0.000000	211.137311	0.000000	7.9
520	-0.000000	210.933248	0.000000	7.4
521	-0.000000	210.729710	0.000000	8.2
522	-0.028498	210.526695	0.001321	7.5
523	-0.650541	210.324200	0.006359	8.4
524	-0.239479	210.122224	0.003043	7.8
525	-0.113985	209.920765	0.002924	8.5
526	-0.710504	209.719820	0.008525	7.5
527	-0.045800	209.519387	0.000606	8.3
528	-0.017104	209.319463	0.000298	7.5
529	-0.291574	209.120048	0.006052	8.4
530	-0.879457	208.921139	0.007340	7.5
531	-0.391604	208.722733	0.006035	8.6
532	-0.263695	208.524829	0.005658	7.4
533	-0.179392	208.327425	0.003172	8.6
534	-0.861170	208.130518	0.010836	7.4
535	-0.299595	207.934107	0.003219	8.9
536	-0.502698	207.738189	0.005606	7.1
537	-0.000000	207.542762	0.000000	9.5
538	-0.000000	207.347825	0.000000	7.1
539	-0.609506	207.153376	0.012354	9.1
540	-0.350051	206.959412	0.006553	7.5
541	-0.139424	206.765932	0.004091	8.7
542	-0.000000	206.572933	0.000000	7.4
543	-0.048193	206.380414	0.002598	8.6
544	-0.660681	206.188373	0.006052	7.0
545	-0.496632	205.996807	0.006322	8.3
546	-0.000000	205.805716	0.000000	7.1
547	-0.664842	205.615096	0.009037	8.6
548	-0.671922	205.424946	0.016819	6.8
549	-0.948359	205.235265	0.007982	9.5
550	-0.987576	205.046050	0.009009	7.1
551	-0.302143	204.857299	0.006477	8.4
552	-0.000000	204.669011	0.000000	7.6
553	-0.632470	204.481184	0.007318	8.5
554	-0.006910	204.293816	0.000967	7.5
555	-0.000001	204.106905	0.000000	8.3
556	-0.000000	203.920449	0.000000	7.2
557	-0.365599	203.734447	0.003576	8.0
558	-0.797530	203.548896	0.007340	7.9
559	-0.934235	203.363795	0.007224	9.0
560	-0.736352	203.179143	0.010334	7.2
561	-0.000000	202.994937	0.000000	8.8
562	-0.702794	202.811176	0.005992	8.4
563	-0.642961	202.627857	0.006833	9.0
564	-0.371506	202.444980	0.005131	7.2
565	-0.851508	202.262543	0.007832	8.4
566	-1.028478	202.080543	0.011850	7.2
567	-0.657265	201.898979	0.004972	9.0
568	-0.000267	201.717849	0.000299	7.4
569	-0.162554	201.537153	0.003644	8.1
570	-0.945677	201.356887	0.006479	7.6
571	-0.049631	201.177050	0.000837	8.3
572	-0.693821	200.997642	0.006198	7.6
573	-0.769787	200.818659	0.006744	8.3
574	-0.672166	200.640100	0.005688	7.5
575	-0.000000	200.461965	0.000000	8.2
576	-0.787961	200.284250	0.010745	7.7
577	-0.935900	200.106955	0.013592	8.4
578	-0.698675	199.930078	0.007113	7.4
579	-0.865459	199.753617	0.013747	7.8
580	-0.000000	199.577571	0.000000	9.4
581	-0.809723	199.401938	0.005804	8.3
582	-0.583703	199.226717	0.007057	7.4
583	-0.409393	199.051905	0.005816	8.4
584	-0.602194	198.877502	0.008035	7.0
585	-0.769489	198.703506	0.006064	8.8
586	-0.000000	198.529916	0.000000	7.0
587	-0.000000	198.356729	0.000000	9.0
588	-1.050603	198.183944	0.011071	7.0
589	-0.971206	198.011560	0.009108	9.2
590	-0.615450	197.839576	0.005187	7.5
591	-0.000000	197.667989	0.000000	8.4
592	-0.215382	197.496798	0.004986	7.1
593	-0.507873	197.326002	0.006249	8.3
594	-0.741965	197.155600	0.008091	7.2
595	-0.502890	196.985589	0.005555	8.4
596	-0.381994	196.815969	0.005347	7.7
597	-0.427036	196.646738	0.004402	8.4
598	-0.865707	196.477894	0.011672	7.6
599	-0.000036	196.309436	0.000016	8.6
600	-0.349467	196.141363	0.012475	7.7
601	-0.846908	195.973673	0.010456	8.4
602	-0.741485	195.806365	0.006222	7.4
603	-0.004354	195.639437	0.000106	8.6
604	-0.892182	195.472888	0.008555	7.6
605	-0.105755	195.306717	0.001504	8.5
606	-0.000000	195.140922	0.000000	7.4
607	-0.371192	194.975501	0.004311	8.9
608	-0.622656	194.810454	0.007842	7.1
609	-0.448366	194.645779	0.007322	9.2
610	-0.858791	194.481475	0.007579	7.0
611	-0.312979	194.317540	0.003504	8.9
612	-0.397334	194.153973	0.006868	6.9
613	-0.332802	193.990773	0.004567	8.8
614	-0.715705	193.827938	0.012622	11.9
615	-0.010248	193.665467	0.000592	7.5
616	-0.000000	193.503358	0.000000	7.7
617	-0.710685	193.341611	0.005837	7.3
618	-0.705397	193.180224	0.007606	7.4
619	-0.000000	193.019196	0.000000	7.3
620	-0.536799	192.858525	0.005150	7.6
621	-0.673207	192.698210	0.011618	7.8
622	-0.619341	192.538251	0.006544	7.7
623	-0.095185	192.378644	0.001558	7.6
624	-0.689383	192.219391	0.007507	7.3
625	-0.298830	192.060488	0.009095	8.1
626	-0.000000	191.901935	0.000000	7.4
627	-1.062879	191.743730	0.011236	8.3
628	-0.004890	191.585873	0.000457	7.3
629	-0.567224	191.428362	0.006190	8.4
630	-0.000000	191.271196	0.000000	7.4
631	-0.964154	191.114374	0.010847	8.3
632	-0.688315	190.957893	0.006652	7.2
633	-0.237764	190.801755	0.004798	8.1
634	-0.314944	190.645956	0.004700	7.3
635	-0.073253	190.490495	0.001065	8.0
636	-0.427974	190.335373	0.004971	7.4
637	-0.881852	190.180587	0.010934	7.2
638	-0.254104	190.026136	0.002123	7.5
639	-0.232448	189.872019	0.004910	7.1
640	-0.865615	189.718235	0.007177	7.9
641	-0.000000	189.564782	0.000000	7.0
642	-0.726648	189.411661	0.007548	7.9
643	-0.815539	189.258868	0.010154	7.1
644	-0.000010	189.106404	0.000009	8.7
645	-1.020750	188.954267	0.015828	7.1
646	-0.157690	188.802456	0.004895	8.5
647	-0.478381	188.650969	0.004486	7.2
648	-0.085867	188.499807	0.003640	8.9
649	-0.007867	188.348967	0.000115	7.3
650	-0.745071	188.198448	0.006906	8.5
651	-0.588165	188.048250	0.006192	7.2
652	-0.835176	187.898371	0.008070	8.9
653	-0.925299	187.748810	0.011958	7.4
654	-0.341863	187.599566	0.003905	8.3
655	-0.591831	187.450638	0.006615	7.4
656	-0.016719	187.302025	0.001268	8.5
657	-0.362231	187.153725	0.003019	7.7
658	-0.754326	187.005739	0.006506	8.2
659	-0.528326	186.858064	0.005635	7.5
660	-0.000000	186.710699	0.000000	8.4
661	-0.338621	186.563645	0.003710	7.2
662	-0.000000	186.416898	0.000000	8.3
663	-0.730884	186.270459	0.007950	7.3
664	-0.418274	186.124326	0.005867	8.0
665	-0.831300	185.978499	0.007108	7.3
666	-0.000000	185.832976	0.000000	7.6
667	-0.727732	185.687756	0.007642	7.3
668	-0.666000	185.542838	0.006410	7.0
669	-0.000000	185.398222	0.000000	7.4
670	-0.692041	185.253906	0.006679	7.0
671	-0.823685	185.109889	0.005126	9.1
672	-0.451431	184.966170	0.004227	6.9
673	-0.017328	184.822748	0.001022	8.1
674	-0.000000	184.679623	0.000000	7.5
675	-0.499410	184.536792	0.005467	7.6
676	-0.005779	184.394256	0.000743	7.3
677	-0.857416	184.252013	0.005809	7.8
678	-0.686034	184.110062	0.006204	7.5
679	-0.000000	183.968403	0.000000	8.1
680	-0.000000	183.827034	0.000000	7.5
681	-0.000000	183.685954	0.000000	8.3
682	-0.947648	183.545163	0.016716	7.7
683	-0.800749	183.404658	0.007191	7.8
684	-0.843398	183.264441	0.007111	8.1
685	-0.000000	183.124509	0.000000	8.9
686	-0.191417	182.984861	0.006496	7.6
687	-1.032787	182.845497	0.007500	8.3
688	-0.000000	182.706416	0.000000	7.6
689	-0.937537	182.567616	0.007942	8.3
690	-0.929045	182.429098	0.006382	7.3
691	-0.000059	182.290859	0.000038	8.4
692	-0.164657	182.152899	0.004336	7.3
693	-0.098843	182.015217	0.003178	8.7
694	-1.025170	181.877813	0.015348	7.4
695	-0.681443	181.740684	0.006914	8.9
696	-0.588425	181.603832	0.005285	7.2
697	-0.960133	181.467253	0.010006	9.5
698	-1.010006	181.330948	0.010541	7.3
699	-0.731361	181.194916	0.004382	8.5
700	-0.011758	181.059155	0.000370	6.9
701	-0.000000	180.923666	0.000000	9.5
702	-0.491007	180.788446	0.005799	7.2
703	-0.016265	180.653496	0.000376	8.4
704	-0.270544	180.518814	0.004161	7.0
705	-0.990627	180.384399	0.008163	8.9
706	-0.000000	180.250251	0.000000	7.1
707	-0.067986	180.116369	0.001260	8.8
708	-0.000000	179.982752	0.000000	7.8
709	-0.908579	179.849398	0.012187	8.6
710	-0.800479	179.716308	0.005354	7.8
711	-0.702039	179.583480	0.005453	8.4
712	-0.000000	179.450913	0.000000	8.2
713	-0.398741	179.318607	0.006589	8.2
714	-1.054961	179.186561	0.010945	7.4
715	-0.700800	179.054774	0.007619	8.2
716	-0.349671	178.923245	0.002877	8.0
717	-0.022504	178.791973	0.000367	7.7
718	-0.616829	178.660958	0.006697	7.2
719	-0.000000	178.530199	0.000000	8.6
720	-0.924358	178.399694	0.006447	7.4
721	-0.000000	178.269444	0.000000	9.2
722	-0.956357	178.139447	0.006116	7.1
723	-0.139715	178.009702	0.004002	9.6
724	-0.639945	177.880209	0.005377	7.4
725	-0.440731	177.750967	0.004792	8.9
726	-0.911075	177.621975	0.010194	7.1
727	-0.532637	177.493232	0.005379	8.9
728	-0.691749	177.364738	0.006585	7.3
729	-0.304552	177.236492	0.003878	8.8
730	-0.819821	177.108492	0.009968	7.0
731	-0.889173	176.980739	0.006664	8.5
732	-0.458736	176.853231	0.006553	8.0
733	-0.662756	176.725968	0.005277	8.3
734	-0.000112	176.598949	0.000022	7.8
735	-0.655316	176.472173	0.006817	8.3
736	-0.000000	176.345639	0.000000	7.2
737	-0.832608	176.219348	0.005933	8.5
738	-0.982694	176.093296	0.014688	7.4
739	-0.000000	175.967486	0.000000	8.6
740	-0.287693	175.841914	0.003901	7.2
741	-0.829284	175.716581	0.005775	8.5
742	-0.301193	175.591486	0.004666	7.4
743	-0.971084	175.466629	0.012919	8.1
744	-0.556270	175.342008	0.007139	7.3
745	-0.780881	175.217622	0.006510	9.5
746	-0.558349	175.093472	0.005482	7.0
747	-0.227682	174.969556	0.005092	9.1
748	-0.662439	174.845873	0.006460	7.0
749	-0.000000	174.722423	0.000000	9.2
750	-0.000000	174.599206	0.000000	7.1
751	-0.033167	174.476220	0.002590	9.2
752	-1.048164	174.353464	0.009744	7.2
753	-0.326167	174.230939	0.005868	8.6
754	-0.095363	174.108643	0.001618	7.2
755	-0.039719	173.986576	0.002764	8.4
756	-1.027646	173.864737	0.008409	7.5
757	-0.000000	173.743124	0.000000	8.5
758	-0.155008	173.621739	0.004664	7.4
759	-0.734554	173.500579	0.005653	8.6
760	-0.814438	173.379645	0.006550	7.4
761	-0.433536	173.258935	0.005950	8.6
762	-0.033835	173.138449	0.001787	7.3
763	-0.810888	173.018186	0.007331	8.7
764	-0.000000	172.898146	0.000000	7.8
765	-0.010840	172.778327	0.000305	9.0
766	-0.020835	172.658730	0.000346	7.6
767	-1.059484	172.539353	0.010003	9.1
768	-0.000000	172.420196	0.000000	7.5
769	-0.788360	172.301258	0.008012	8.6
770	-0.047698	172.182539	0.002534	7.4
771	-0.741242	172.064037	0.007013	8.6
772	-0.732742	171.945753	0.007248	7.7
773	-0.018629	171.827686	0.000788	8.8
774	-0.729437	171.709834	0.004870	7.4
775	-0.000000	171.592198	0.000000	8.2
776	-0.270691	171.474776	0.002226	7.3
777	-0.598166	171.357568	0.005234	8.7
778	-0.121885	171.240574	0.002964	7.3
779	-0.582707	171.123793	0.008603	8.3
780	-0.373068	171.007223	0.004777	7.1
781	-0.000000	170.890865	0.000000	8.4
782	-0.594153	170.774718	0.005697	7.4
783	-1.075105	170.658782	0.007541	8.5
784	-0.000000	170.543055	0.000000	7.5
785	-0.514884	170.427537	0.006975	8.4
786	-0.835606	170.312227	0.008644	7.7
787	-0.000000	170.197125	0.000000	7.8
788	-0.000000	170.082231	0.000000	7.7
789	-0.008848	169.967543	0.000541	8.8
790	-0.053382	169.853061	0.002632	7.6
791	-0.588984	169.738784	0.006593	8.4
792	-0.549557	169.624713	0.009054	8.8
793	-0.036557	169.510845	0.001780	8.5
794	-0.003069	169.397181	0.000218	7.0
795	-0.154425	169.283720	0.002717	8.7
796	-0.566024	169.170462	0.006746	7.1
797	-1.017857	169.057405	0.006947	8.9
798	-0.631797	168.944549	0.009357	7.1
799	-0.981651	168.831895	0.006585	8.9
800	-0.957913	168.719440	0.006844	6.9
801	-0.788972	168.607185	0.005186	9.4
802	-0.450158	168.495129	0.003721	7.2
803	-1.051278	168.383271	0.010120	9.0
804	-0.506286	168.271611	0.002963	7.0
805	-0.000000	168.160148	0.000000	10.2
806	-0.000018	168.048882	0.000002	7.3
807	-0.957598	167.937812	0.010958	8.4
808	-0.350316	167.826938	0.004111	7.2
809	-0.008193	167.716258	0.000147	8.1
810	-1.005862	167.605773	0.008226	7.4
811	-0.000000	167.495482	0.000000	8.3
812	-0.674618	167.385384	0.006991	7.4
813	-0.399896	167.275479	0.004122	8.4
814	-0.363201	167.165766	0.010895	7.3
815	-0.958841	167.056245	0.006405	8.5
816	-0.860787	166.946915	0.005218	7.3
817	-0.802795	166.837776	0.005075	8.6
818	-0.881720	166.728826	0.007335	7.2
819	-0.121003	166.620067	0.002937	9.2
820	-0.000000	166.511496	0.000000	7.2
821	-0.000000	166.403113	0.000000	9.1
822	-0.707250	166.294919	0.004527	7.4
823	-0.533429	166.186912	0.005328	8.7
824	-0.898514	166.079091	0.005136	7.1
825	-0.857734	165.971458	0.006333	8.8
826	-0.499537	165.864009	0.003771	7.6
827	-0.605364	165.756747	0.007416	8.4
828	-0.591948	165.649669	0.005505	7.1
829	-0.506347	165.542775	0.006629	8.7
830	-0.000000	165.436065	0.000000	7.0
831	-0.614166	165.329538	0.004834	8.4
832	-0.720050	165.223194	0.004750	7.8
833	-0.000000	165.117032	0.000000	8.5
834	-0.744106	165.011052	0.005513	7.2
835	-0.000000	164.905253	0.000000	8.5
836	-0.998300	164.799635	0.007825	7.3
837	-0.479343	164.694197	0.006265	8.5
838	-0.945086	164.588939	0.007505	7.3
839	-0.937461	164.483859	0.005263	8.3
840	-0.000000	164.378959	0.000000	7.4
841	-0.000000	164.274237	0.000000	7.9
842	-0.779409	164.169692	0.006732	7.6
843	-0.000000	164.065325	0.000000	7.2
844	-0.703291	163.961135	0.006324	7.6
845	-0.539497	163.857120	0.005720	7.1
846	-0.000000	163.753282	0.000000	7.8
847	-0.144717	163.649619	0.003339	7.0
848	-0.978790	163.546130	0.007855	7.6
849	-0.000000	163.442816	0.000000	6.9
850	-0.790652	163.339676	0.005993	9.0
851	-0.458829	163.236709	0.004799	7.1
852	-0.852445	163.133915	0.007679	8.5
853	-0.081360	163.031294	0.000929	7.5
854	-0.928284	162.928844	0.022837	8.1
855	-0.573652	162.826566	0.004778	7.7
856	-0.515286	162.724459	0.005955	8.2
857	-0.617574	162.622523	0.007202	7.6
858	-0.000000	162.520757	0.000000	8.3
859	-1.023709	162.419160	0.008301	7.8
860	-0.000000	162.317733	0.000000	8.2
861	-0.000000	162.216474	0.000000	7.4
862	-0.380588	162.115383	0.002477	8.4
863	-0.910870	162.014461	0.009822	7.3
864	-0.000000	161.913705	0.000000	8.5
865	-0.382355	161.813117	0.004803	7.7
866	-0.441260	161.712695	0.004117	8.7
867	-0.000002	161.612439	0.000000	7.5
868	-0.039975	161.512349	0.000724	8.7
869	-0.584804	161.412424	0.008005	7.2
870	-0.000000	161.312663	0.000000	8.8
871	-0.819571	161.213067	0.010424	7.0
872	-0.725930	161.113635	0.014695	8.7
873	-0.551316	161.014366	0.004795	6.9
874	-0.379501	160.915260	0.005404	8.6
875	-0.863902	160.816316	0.009696	7.1
876	-0.094825	160.717535	0.002725	8.6
877	-0.395864	160.618915	0.004131	7.0
878	-0.016634	160.520456	0.000204	8.5
879	-0.141634	160.422158	0.005001	6.9
880	-0.075912	160.324021	0.001148	9.2
881	-0.272314	160.226043	0.006393	7.3
882	-0.192169	160.128225	0.002456	8.1
883	-0.000000	160.030566	0.000000	7.7
884	-0.000000	159.933066	0.000000	8.2
885	-0.161648	159.835723	0.002927	7.5
886	-0.853646	159.738539	0.007275	8.0
887	-0.740685	159.641512	0.011463	7.5
888	-0.072545	159.544642	0.001864	7.5
889	-0.680930	159.447929	0.006614	8.1
890	-0.000000	159.351372	0.000000	7.3
891	-0.617114	159.254971	0.006310	7.9
892	-0.534311	159.158725	0.005878	7.2
893	-0.833688	159.062634	0.006589	8.3
894	-0.000000	158.966697	0.000000	7.5
895	-0.065876	158.870915	0.001238	7.7
896	-0.923228	158.775286	0.006118	7.1
897	-0.000000	158.679811	0.000000	7.9
898	-0.967562	158.584489	0.006023	7.1
899	-0.470083	158.489319	0.005034	8.8
900	-0.122898	158.394302	0.004331	7.3
901	-0.467198	158.299436	0.005765	8.0
902	-0.804974	158.204721	0.006249	7.6
903	-0.531040	158.110158	0.004931	8.1
904	-0.956094	158.015745	0.008780	7.7
905	-0.647918	157.921482	0.007008	8.3
906	-0.791767	157.827369	0.016519	7.5
907	-0.945405	157.733406	0.003448	8.4
908	-0.729085	157.639591	0.006613	7.5
909	-0.712418	157.545925	0.005892	8.4
910	-0.000000	157.452408	0.000000	7.6
911	-1.049840	157.359038	0.013485	8.5
912	-0.582191	157.265816	0.006527	7.4
913	-0.000000	157.172741	0.000000	8.6
914	-0.345091	157.079813	0.004082	7.1
915	-0.000000	156.987031	0.000000	8.6
916	-0.746111	156.894395	0.008491	8.3
917	-0.000000	156.801904	0.000000	8.8
918	-0.390567	156.709559	0.006288	7.1
919	-0.391210	156.617359	0.003711	8.8
920	-1.058555	156.525304	0.009867	7.1
921	-0.983747	156.433392	0.008407	8.8
922	-0.683002	156.341624	0.004768	7.1
923	-0.521231	156.250000	0.004296	8.7
924	-0.540833	156.158519	0.004493	6.9
925	-1.002394	156.067180	0.006648	8.8
926	-1.114912	155.975984	0.012765	6.9
927	-0.699701	155.884930	0.003811	8.4
928	-0.468648	155.794017	0.005027	7.1
929	-0.824147	155.703246	0.014216	7.9
930	-0.000000	155.612615	0.000000	7.0
931	-0.697315	155.522125	0.009713	9.1
932	-0.000000	155.431775	0.000000	7.5
933	-0.422971	155.341565	0.007475	8.1
934	-0.937600	155.251495	0.004481	7.6
935	-0.135577	155.161563	0.003047	8.1
936	-0.404783	155.071771	0.002739	7.8
937	-0.050885	154.982117	0.001648	7.9
938	-0.000000	154.892601	0.000000	7.9
939	-0.679016	154.803222	0.005666	8.5
940	-1.076001	154.713981	0.010561	7.5
941	-0.723295	154.624878	0.006633	7.5
942	-0.000000	154.535910	0.000000	7.4
943	-0.000812	154.447080	0.000094	7.5
944	-0.983258	154.358385	0.007630	7.5
945	-0.000033	154.269826	0.000014	6.9
946	-0.722413	154.181402	0.005433	9.7
947	-0.000000	154.093114	0.000000	7.5
948	-0.056958	154.004960	0.003509	7.5
949	-0.000000	153.916940	0.000000	7.8
950	-0.339023	153.829054	0.005729	7.7
951	-0.072467	153.741303	0.002824	8.1
952	-0.539634	153.653684	0.003232	7.4
953	-0.928721	153.566198	0.009571	7.4
954	-0.492314	153.478846	0.006005	7.5
955	-0.491031	153.391625	0.005117	8.6
956	-0.658740	153.304537	0.006891	7.7
957	-0.817305	153.217580	0.007500	7.8
958	-0.664781	153.130755	0.005788	7.5
959	-0.000000	153.044061	0.000000	7.3
960	-0.500657	152.957498	0.005635	8.3
961	-0.004481	152.871065	0.000078	7.3
962	-0.000000	152.784762	0.000000	8.5
963	-0.767794	152.698589	0.008787	7.4
964	-0.795443	152.612545	0.005385	8.5
965	-0.523323	152.526631	0.006623	7.3
966	-0.834196	152.440845	0.005609	9.0
967	-0.689113	152.355188	0.005813	7.0
968	-0.939248	152.269660	0.006493	9.9
969	-0.780703	152.184259	0.007370	7.1
970	-0.000000	152.098986	0.000000	8.8
971	-0.995727	152.013840	0.006463	7.1
972	-0.028848	151.928821	0.002403	8.7
973	-0.442446	151.843928	0.004837	7.2
974	-1.029561	151.759163	0.009299	8.5
975	-0.000000	151.674523	0.000000	6.9
976	-0.532752	151.590009	0.006860	8.8
977	-0.578877	151.505620	0.005109	7.5
978	-0.454725	151.421357	0.006745	8.5
979	-0.148414	151.337218	0.003253	7.3
980	-0.656364	151.253204	0.009034	8.5
981	-0.331053	151.169314	0.006327	7.4
982	-0.840979	151.085549	0.009851	8.5
983	-0.877758	151.001907	0.005980	7.5
984	-0.759169	150.918388	0.009105	8.5
985	-1.228507	150.834992	0.017518	7.4
986	-0.552372	150.751719	0.007781	7.9
987	-0.955302	150.668569	0.009226	7.5
988	-0.546829	150.585541	0.005782	7.9
989	-0.000000	150.502634	0.000000	8.3
990	-0.000000	150.419849	0.000000	9.7
991	-0.454646	150.337186	0.010244	7.8
992	-0.757928	150.254644	0.004619	9.3
993	-0.311660	150.172222	0.002205	7.3
994	-0.465784	150.089921	0.005941	8.4
995	-0.023336	150.007740	0.000326	7.3
996	-0.054408	149.925679	0.000569	9.0
997	-0.876283	149.843737	0.007692	7.4
998	-0.331335	149.761915	0.003380	8.4
999	-0.659595	149.680212	0.010535	7.5
1000	-0.544201	149.598627	0.007307	8.3
1001	-0.367192	149.517161	0.005431	7.3
1002	-0.000000	149.435814	0.000000	8.6
1003	-0.000000	149.354584	0.000000	7.8
1004	-0.000000	149.273472	0.000000	8.4
1005	-0.786767	149.192477	0.009160	7.3
1006	-0.000000	149.111599	0.000000	8.6
1007	-0.001954	149.030838	0.000029	7.3
1008	-0.000000	148.950194	0.000000	8.7
1009	-0.143158	148.869666	0.003108	7.3
1010	-0.115696	148.789253	0.001876	8.9
1011	-0.867442	148.708957	0.007776	7.1
1012	-0.299596	148.628776	0.008751	9.0
1013	-0.000285	148.548710	0.000086	7.2
1014	-0.291011	148.468759	0.003175	9.1
1015	-0.000000	148.388923	0.000000	7.2
1016	-0.685185	148.309201	0.007343	9.3
1017	-0.595201	148.229594	0.004018	6.9
1018	-0.000077	148.150100	0.000012	8.9
1019	-0.000000	148.070719	0.000000	7.9
1020	-0.852110	147.991452	0.007370	8.4
1021	-0.000001	147.912298	0.000000	7.4
1022	-0.983613	147.833257	0.007559	9.0
1023	-0.098163	147.754329	0.003546	7.4
1024	-0.000000	147.675512	0.000000	8.4
1025	-0.921859	147.596808	0.008516	8.1
1026	-0.000000	147.518216	0.000000	8.0
1027	-0.000046	147.439735	0.000044	8.4
1028	-0.753119	147.361365	0.007677	7.6
1029	-0.000000	147.283106	0.000000	8.5
1030	-0.000000	147.204958	0.000000	8.5
1031	-0.981417	147.126920	0.010113	7.1
1032	-0.496043	147.048993	0.005372	8.7
1033	-0.783126	146.971175	0.004667	7.3
1034	-0.152567	146.893468	0.005041	8.6
1035	-0.693218	146.815869	0.005925	7.0
1036	-0.621670	146.738380	0.006855	8.4
1037	-0.000000	146.661000	0.000000	7.1
1038	-0.928917	146.583729	0.005134	8.9
1039	-0.180035	146.506566	0.002234	7.2
1040	-0.024621	146.429511	0.000839	8.9
1041	-0.743653	146.352565	0.009003	7.5
1042	-1.039448	146.275726	0.008047	9.5
1043	-1.047551	146.198994	0.008522	7.7
1044	-0.959292	146.122370	0.005730	8.8
1045	-0.634596	146.045853	0.005180	7.1
1046	-0.487382	145.969442	0.005155	8.2
1047	-0.676393	145.893139	0.007397	7.2
1048	-1.075614	145.816941	0.009184	8.2
1049	-0.863132	145.740849	0.006251	7.3
1050	-0.474486	145.664863	0.003556	8.5
1051	-0.000000	145.588983	0.000000	7.1
1052	-0.793205	145.513208	0.005456	8.7
1053	-0.491881	145.437538	0.005253	8.1
1054	-0.005441	145.361973	0.000118	8.8
1055	-0.724745	145.286513	0.004932	7.6
1056	-0.396660	145.211157	0.004590	8.3
1057	-0.389805	145.135905	0.005628	7.4
1058	-0.433967	145.060757	0.007906	8.3
1059	-0.566482	144.985712	0.005808	7.6
1060	-0.000000	144.910771	0.000000	8.4
1061	-0.324110	144.835934	0.005981	7.7
1062	-0.643034	144.761199	0.005880	7.7
1063	-0.850177	144.686567	0.009649	7.4
1064	-1.073046	144.612037	0.010143	8.9
1065	-0.000000	144.537610	0.000000	7.2
1066	-0.478272	144.463285	0.003888	9.2
1067	-0.041912	144.389062	0.000624	7.3
1068	-0.739982	144.314940	0.008589	9.4
1069	-0.610881	144.240920	0.005321	7.0
1070	-0.126070	144.167001	0.003020	8.6
1071	-0.011435	144.093182	0.000114	7.1
1072	-0.730600	144.019465	0.005980	8.7
1073	-0.948850	143.945848	0.008575	7.1
1074	-0.252788	143.872331	0.003545	8.7
1075	-0.868982	143.798914	0.006988	7.2
1076	-0.947911	143.725597	0.005146	8.3
1077	-0.699390	143.652380	0.007636	7.2
1078	-0.942344	143.579262	0.007524	8.3
1079	-0.778617	143.506243	0.007666	7.2
1080	-0.810427	143.433323	0.010851	7.3
1081	-0.407143	143.360502	0.006941	7.4
1082	-0.930749	143.287780	0.006155	7.6
1083	-0.769759	143.215155	0.006551	7.6
1084	-0.479163	143.142629	0.004728	7.2
1085	-0.846992	143.070201	0.008891	7.8
1086	-0.760010	142.997870	0.010708	7.1
1087	-0.000000	142.925637	0.000000	8.0
1088	-0.826059	142.853501	0.010803	7.2
1089	-0.316432	142.781462	0.004233	8.1
1090	-1.024435	142.709519	0.009477	7.0
1091	-0.948971	142.637674	0.010334	8.7
1092	-0.362606	142.565924	0.004528	7.2
1093	-0.018599	142.494271	0.000960	9.0
1094	-0.135298	142.422714	0.003663	7.2
1095	-0.859095	142.351252	0.004640	9.5
1096	-0.000000	142.279886	0.000000	7.1
1097	-1.006436	142.208616	0.006291	7.9
1098	-0.000000	142.137440	0.000000	7.8
1099	-0.928327	142.066360	0.008844	9.0
1100	-0.085399	141.995374	0.003563	7.4
1101	-0.177720	141.924483	0.003898	8.1
1102	-0.743436	141.853685	0.005102	7.0
1103	-0.660390	141.782983	0.007591	8.7
1104	-0.719686	141.712373	0.003556	7.6
1105	-1.051833	141.641858	0.009596	8.3
1106	-0.000000	141.571436	0.000000	7.9
1107	-0.220837	141.501108	0.002994	8.3
1108	-0.412274	141.430872	0.006272	8.0
1109	-0.480313	141.360730	0.005362	8.1
1110	-0.000000	141.290680	0.000000	7.7
1111	-0.924033	141.220722	0.004154	8.7
1112	-0.520871	141.150857	0.006262	7.4
1113	-0.000000	141.081084	0.000000	8.4
1114	-0.861167	141.011403	0.009483	7.2
1115	-0.371327	140.941813	0.004844	8.5
1116	-0.609899	140.872315	0.006781	7.4
1117	-0.576392	140.802909	0.005107	8.5
1118	-0.329275	140.733593	0.004621	7.2
1119	-0.000000	140.664369	0.000000	8.8
1120	-0.567846	140.595235	0.006810	6.8
1121	-0.000000	140.526192	0.000000	9.2
1122	-0.403031	140.457239	0.007915	7.8
1123	-0.000000	140.388376	0.000000	8.8
1124	-0.437048	140.319603	0.005009	7.0
1125	-0.004508	140.250920	0.000056	8.5
1126	-0.702885	140.182326	0.004870	7.0
1127	-0.000000	140.113822	0.000000	8.7
1128	-0.372831	140.045407	0.002965	7.0
1129	-0.701485	139.977081	0.006191	8.5
1130	-0.000000	139.908844	0.000000	7.1
1131	-0.000000	139.840696	0.000000	8.3
1132	-0.412105	139.772635	0.005087	7.3
1133	-0.090038	139.704664	0.002456	7.9
1134	-0.360829	139.636780	0.004059	7.1
1135	-0.921977	139.568984	0.008033	7.3
1136	-0.000000	139.501276	0.000000	7.4
1137	-0.635317	139.433655	0.006625	7.2
1138	-1.012132	139.366122	0.010123	7.7
1139	-1.092273	139.298676	0.006723	7.2
1140	-0.629486	139.231317	0.006381	7.8
1141	-0.859985	139.164045	0.006119	7.2
1142	-0.559085	139.096859	0.006156	8.5
1143	-1.141853	139.029760	0.013992	7.3
1144	-0.000000	138.962747	0.000000	8.8
1145	-0.702982	138.895820	0.004730	7.0
1146	-0.000000	138.828978	0.000000	8.9
1147	-0.000000	138.762223	0.000000	7.0
1148	-0.277969	138.695553	0.002772	9.2
1149	-0.014264	138.628969	0.000296	7.1
1150	-1.027167	138.562469	0.010664	9.1
1151	-0.000000	138.496055	0.000000	7.2
1152	-0.786454	138.429725	0.010624	8.5
1153	-0.535287	138.363481	0.007483	7.2
1154	-0.000000	138.297320	0.000000	8.6
1155	-0.000000	138.231244	0.000000	7.1
1156	-0.088283	138.165252	0.001997	8.5
1157	-0.798183	138.099344	0.005552	7.5
1158	-0.008432	138.033520	0.001388	8.6
1159	-0.400484	137.967779	0.005916	7.6
1160	-0.000939	137.902122	0.000086	8.3
1161	-0.000932	137.836548	0.000034	7.7
1162	-0.000000	137.771057	0.000000	8.3
1163	-0.415405	137.705649	0.005096	8.3
1164	-0.897063	137.640324	0.009089	7.6
1165	-1.049521	137.575081	0.011184	7.2
1166	-0.974655	137.509921	0.007948	8.0
1167	-0.034755	137.444842	0.002277	7.2
1168	-0.905450	137.379846	0.005110	7.5
1169	-0.292163	137.314932	0.003633	7.5
1170	-0.737870	137.250100	0.010414	7.2
1171	-0.000000	137.185349	0.000000	9.4
1172	-0.519089	137.120680	0.005683	7.3
1173	-0.880050	137.056092	0.006888	7.5
1174	-0.560303	136.991585	0.006357	7.2
1175	-0.002764	136.927158	0.000119	7.8
1176	-0.000000	136.862813	0.000000	7.2
1177	-0.001485	136.798548	0.000051	10.0
1178	-1.114016	136.734363	0.017642	7.3
1179	-0.000000	136.670259	0.000000	8.0
1180	-1.175796	136.606235	0.017467	7.7
1181	-0.698192	136.542291	0.005107	7.4
1182	-0.469715	136.478426	0.005992	7.3
1183	-0.735887	136.414641	0.007018	7.6
1184	-0.612487	136.350936	0.005556	7.7
1185	-0.511718	136.287310	0.003271	8.1
1186	-0.963925	136.223763	0.009507	7.5
1187	-0.001066	136.160295	0.000055	8.8
1188	-0.375221	136.096905	0.007630	7.5
1189	-1.084632	136.033594	0.011433	8.2
1190	-0.884066	135.970362	0.006260	7.8
1191	-0.769963	135.907208	0.009150	8.0
1192	-0.000054	135.844133	0.000016	7.2
1193	-0.220733	135.781135	0.004931	8.9
1194	-0.018705	135.718215	0.000819	7.2
1195	-0.006348	135.655373	0.000754	8.5
1196	-0.916434	135.592608	0.007233	7.2
1197	-0.008455	135.529921	0.000189	9.1
1198	-0.795240	135.467311	0.008811	7.8
1199	-0.948919	135.404778	0.006168	8.0
1200	-0.529407	135.342322	0.006089	7.0
1201	-0.000000	135.279942	0.000000	8.9
1202	-0.008291	135.217640	0.000142	7.8
1203	-0.671625	135.155413	0.010053	8.5
1204	-0.000003	135.093263	0.000000	7.5
1205	-0.358250	135.031190	0.004647	8.1
1206	-0.300990	134.969192	0.004709	7.7
1207	-0.038407	134.907270	0.001295	8.1
1208	-0.689111	134.845424	0.006288	7.7
1209	-0.017335	134.783653	0.000878	8.5
1210	-0.000000	134.721958	0.000000	7.5
1211	-0.000000	134.660338	0.000000	8.3
1212	-0.211769	134.598793	0.003154	7.3
1213	-0.019292	134.537323	0.001379	8.5
1214	-0.877579	134.475927	0.006144	7.3
1215	-0.649551	134.414607	0.005739	8.6
1216	-0.978949	134.353361	0.005540	7.5
1217	-0.927437	134.292189	0.007437	8.9
1218	-1.082414	134.231092	0.015352	7.1
1219	-0.000000	134.170068	0.000000	9.2
1220	-0.001369	134.109119	0.000124	7.0
1221	-0.612647	134.048243	0.005586	8.8
1222	-0.473040	133.987441	0.005788	6.9
1223	-0.000000	133.926713	0.000000	8.8
1224	-1.029258	133.866057	0.008814	7.3
1225	-0.718899	133.805475	0.010429	8.6
1226	-0.000000	133.744966	0.000000	7.0
1227	-0.930995	133.684530	0.006454	8.6
1228	-0.000000	133.624167	0.000000	7.4
1229	-0.987205	133.563877	0.007710	8.5
1230	-0.564177	133.503658	0.006154	7.4
1231	-0.450489	133.443513	0.008083	8.4
1232	-0.000000	133.383439	0.000000	7.4
1233	-0.922702	133.323437	0.005801	8.2
1234	-0.709109	133.263508	0.006992	7.6
1235	-0.004152	133.203650	0.000097	8.6
1236	-1.073148	133.143864	0.009012	7.6
1237	-0.862505	133.084149	0.006031	8.8
1238	-0.000000	133.024506	0.000000	7.5
1239	-0.860428	132.964934	0.007794	8.9
1240	-0.456625	132.905433	0.004541	7.3
1241	-1.186768	132.846003	0.011088	9.1
1242	-0.000000	132.786643	0.000000	7.1
1243	-0.227247	132.727355	0.002929	9.1
1244	-0.767962	132.668137	0.008356	7.3
1245	-0.000000	132.608989	0.000000	9.1
1246	-0.544183	132.549912	0.006817	7.1
1247	-0.844179	132.490904	0.007626	9.0
1248	-0.641361	132.431967	0.007398	7.3
1249	-0.000000	132.373100	0.000000	8.8
1250	-0.823144	132.314302	0.006335	7.2
1251	-0.680549	132.255574	0.004511	9.2
1252	-0.777483	132.196916	0.008131	7.1
1253	-0.000000	132.138326	0.000000	8.6
1254	-0.000000	132.079806	0.000000	7.5
1255	-0.004410	132.021355	0.000050	8.9
1256	-1.006310	131.962973	0.011125	7.6
1257	-0.774218	131.904660	0.008144	8.3
1258	-0.000000	131.846415	0.000000	7.6
1259	-0.184082	131.788239	0.003223	8.4
1260	-0.699184	131.730131	0.011174	7.2
1261	-0.545933	131.672092	0.005607	8.5
1262	-0.000000	131.614121	0.000000	7.3
1263	-0.560432	131.556217	0.005782	8.4
1264	-0.749372	131.498382	0.012029	7.2
1265	-0.466052	131.440614	0.005896	7.9
1266	-0.102875	131.382914	0.001610	7.6
1267	-0.000000	131.325282	0.000000	7.8
1268	-0.000000	131.267717	0.000000	7.1
1269	-0.798089	131.210219	0.008453	6.8
1270	-0.502906	131.152788	0.007229	7.6
1271	-0.000000	131.095424	0.000000	7.1
1272	-0.000000	131.038127	0.000000	7.8
1273	-0.894100	130.980897	0.008516	7.0
1274	-0.949959	130.923733	0.007554	8.1
1275	-0.001520	130.866636	0.000374	7.3
1276	-0.858992	130.809605	0.009138	9.3
1277	-0.073879	130.752641	0.003535	7.3
1278	-0.880250	130.695742	0.004723	8.9
1279	-0.468906	130.638910	0.004070	7.9
1280	-1.051351	130.582143	0.006523	8.1
1281	-0.786940	130.525442	0.004359	8.2
1282	-0.000000	130.468807	0.000000	8.4
1283	-1.015326	130.412237	0.008678	8.2
1284	-0.054540	130.355733	0.002261	7.8
1285	-0.000000	130.299294	0.000000	7.6
1286	-0.633823	130.242920	0.004760	8.0
1287	-0.280769	130.186611	0.005374	7.8
1288	-0.736710	130.130366	0.006630	8.3
1289	-0.023345	130.074187	0.000738	8.0
1290	-0.979943	130.018072	0.005743	7.7
1291	-0.000000	129.962022	0.000000	7.4
1292	-0.532570	129.906036	0.004270	8.1
1293	-0.276098	129.850114	0.002756	7.3
1294	-0.183631	129.794257	0.003304	8.4
1295	-1.023127	129.738463	0.006318	7.3
1296	-0.800743	129.682734	0.006681	8.5
1297	-0.918798	129.627068	0.006045	7.3
1298	-0.881042	129.571466	0.009222	8.6
1299	-0.635072	129.515927	0.006725	8.4
1300	-0.277271	129.460452	0.002887	8.5
1301	-0.000000	129.405040	0.000000	7.2
1302	-0.716684	129.349692	0.005103	7.9
1303	-0.422907	129.294406	0.006584	7.3
1304	-0.000000	129.239183	0.000000	9.0
1305	-0.075040	129.184024	0.001119	7.3
1306	-0.000009	129.128927	0.000001	8.9
1307	-0.513376	129.073892	0.004444	7.6
1308	-0.825486	129.018921	0.010750	9.1
1309	-0.000000	128.964011	0.000000	7.2
1310	-0.792353	128.909164	0.004116	8.3
1311	-0.001334	128.854379	0.000026	7.2
1312	-0.000000	128.799656	0.000000	9.3
1313	-0.558875	128.744995	0.005264	7.5
1314	-0.000000	128.690396	0.000000	8.1
1315	-0.000000	128.635858	0.000000	7.5
1316	-0.716367	128.581382	0.005644	8.2
1317	-1.108471	128.526968	0.006221	7.7
1318	-0.304272	128.472615	0.002825	8.3
1319	-0.493800	128.418323	0.006197	8.1
1320	-0.918532	128.364092	0.009801	8.3
1321	-0.598248	128.309922	0.004893	7.3
1322	-0.888293	128.255814	0.006974	8.3
1323	-0.182440	128.201766	0.003663	7.4
1324	-0.056184	128.147778	0.002349	8.5
1325	-0.025296	128.093852	0.001786	7.1
1326	-0.740909	128.039985	0.005521	8.8
1327	-0.112888	127.986180	0.003216	7.2
1328	-0.922003	127.932434	0.006879	8.7
1329	-0.000000	127.878749	0.000000	7.2
1330	-0.000000	127.825123	0.000000	8.8
1331	-0.000000	127.771558	0.000000	7.1
1332	-0.263429	127.718052	0.004153	8.6
1333	-0.000582	127.664606	0.000067	7.2
1334	-0.535041	127.611220	0.005473	8.5
1335	-0.461442	127.557893	0.002476	7.1
1336	-0.000000	127.504625	0.000000	8.0
1337	-0.039397	127.451417	0.000879	6.9
1338	-0.473647	127.398268	0.004354	8.1
1339	-0.000000	127.345178	0.000000	7.1
1340	-0.221250	127.292147	0.003025	7.2
1341	-1.091877	127.239175	0.006379	7.2
1342	-0.510334	127.186261	0.005622	7.2
1343	-0.025064	127.133407	0.000288	7.7
1344	-0.553009	127.080610	0.007769	7.4
1345	-0.447557	127.027872	0.004672	7.7
1346	-0.883255	126.975193	0.008469	7.3
1347	-0.000000	126.922572	0.000000	8.1
1348	-0.431086	126.870008	0.005295	7.4
1349	-0.776432	126.817503	0.007645	8.3
1350	-0.247314	126.765056	0.002419	7.5
1351	-0.000000	126.712667	0.000000	8.9
1352	-0.000000	126.660335	0.000000	7.1
1353	-0.082548	126.608061	0.002411	9.0
1354	-0.051080	126.555844	0.002248	7.1
1355	-0.529013	126.503685	0.007090	8.8
1356	-0.596640	126.451583	0.006717	7.1
1357	-0.000000	126.399538	0.000000	9.0
1358	-0.000000	126.347550	0.000000	7.7
1359	-0.987872	126.295619	0.007007	8.9
1360	-0.037906	126.243745	0.000928	7.4
1361	-0.512789	126.191928	0.006205	8.4
1362	-0.762214	126.140168	0.005445	7.7
1363	-0.487251	126.088464	0.005824	8.3
1364	-0.533718	126.036817	0.005730	7.5
1365	-0.081546	125.985226	0.001520	8.6
1366	-0.614826	125.933691	0.005486	7.4
1367	-0.000000	125.882212	0.000000	8.5
1368	-0.110327	125.830790	0.005132	7.4
1369	-0.152140	125.779423	0.003014	8.4
1370	-0.594512	125.728113	0.006909	7.2
1371	-0.733287	125.676858	0.006568	7.8
1372	-0.553496	125.625659	0.004551	7.2
1373	-0.476286	125.574515	0.007922	7.9
1374	-0.800756	125.523427	0.005185	7.6
1375	-0.901590	125.472394	0.005840	7.2
1376	-0.177136	125.421417	0.002837	7.6
1377	-0.376940	125.370495	0.004917	7.0
1378	-0.000000	125.319628	0.000000	7.7
1379	-0.608992	125.268815	0.006018	6.9
1380	-0.000000	125.218058	0.000000	8.6
1381	-0.855550	125.167356	0.006688	7.2
1382	-0.917585	125.116708	0.009381	7.8
1383	-0.000000	125.066115	0.000000	7.1
1384	-0.597127	125.015576	0.008025	8.3
1385	-0.000000	124.965092	0.000000	7.3
1386	-0.013961	124.914662	0.000498	8.5
1387	-0.623209	124.864287	0.005266	7.7
1388	-1.043916	124.813965	0.008304	8.5
1389	-0.615469	124.763698	0.007417	7.8
1390	-0.306128	124.713485	0.003604	8.4
1391	-1.040277	124.663325	0.006103	7.5
1392	-0.865140	124.613219	0.004502	8.4
1393	-0.000000	124.563167	0.000000	7.3
1394	-0.507759	124.513168	0.004422	8.6
1395	-0.000000	124.463223	0.000000	7.9
1396	-0.000384	124.413332	0.000009	8.2
1397	-0.000000	124.363493	0.000000	7.8
1398	-0.011278	124.313708	0.000068	8.4
1399	-1.062175	124.263976	0.010012	8.0
1400	-0.000000	124.214297	0.000000	8.7
1401	-0.742726	124.164671	0.004900	7.1
1402	-0.619518	124.115097	0.007615	9.1
1403	-0.449610	124.065577	0.004882	7.2
1404	-0.000000	124.016109	0.000000	9.7
1405	-0.000000	123.966693	0.000000	7.0
1406	-0.720215	123.917330	0.008185	9.1
1407	-0.339620	123.868020	0.004376	6.9
1408	-0.371193	123.818762	0.007080	8.6
1409	-0.000000	123.769556	0.000000	7.2
1410	-0.000000	123.720402	0.000000	8.7
1411	-0.538282	123.671300	0.006277	6.9
1412	-0.460294	123.622250	0.004466	9.0
1413	-0.401828	123.573252	0.004408	7.4
1414	-0.254727	123.524305	0.004585	8.2
1415	-0.604301	123.475411	0.003551	7.7
1416	-0.812719	123.426568	0.007992	8.3
1417	-0.682585	123.377776	0.005202	7.4
1418	-0.000000	123.329036	0.000000	8.6
1419	-0.000000	123.280347	0.000000	7.4
1420	-0.196143	123.231709	0.005186	8.5
1421	-1.005486	123.183122	0.014592	7.4
1422	-0.768246	123.134587	0.007732	8.5
1423	-0.925489	123.086102	0.007620	8.8
1424	-0.392028	123.037669	0.006134	8.9
1425	-0.816965	122.989286	0.004090	7.2
1426	-0.034510	122.940954	0.001589	8.6
1427	-0.667713	122.892672	0.004451	7.1
1428	-0.561676	122.844441	0.006865	9.0
1429	-0.837668	122.796261	0.011204	7.0
1430	-0.888425	122.748130	0.007016	9.0
1431	-0.868479	122.700050	0.009010	7.0
1432	-0.000000	122.652021	0.000000	9.0
1433	-0.989744	122.604041	0.006334	7.5
1434	-0.952358	122.556111	0.010843	8.1
1435	-0.336706	122.508232	0.006410	7.2
1436	-0.000000	122.460402	0.000000	8.9
1437	-0.022341	122.412622	0.001305	7.5
1438	-0.312944	122.364891	0.003658	8.3
1439	-0.517797	122.317210	0.005692	7.6
1440	-0.374791	122.269579	0.004782	7.8
1441	-0.025181	122.221997	0.000228	8.4
1442	-0.545283	122.174465	0.006126	8.4
1443	-0.583093	122.126981	0.007311	7.4
1444	-0.098156	122.079547	0.002253	8.5
1445	-0.000000	122.032162	0.000000	7.4
1446	-0.797930	121.984826	0.006481	8.6
1447	-0.631576	121.937539	0.005765	7.3
1448	-0.964389	121.890301	0.009535	8.7
1449	-0.000000	121.843112	0.000000	7.1
1450	-0.747224	121.795971	0.007503	9.1
1451	-0.000791	121.748879	0.000056	7.1
1452	-0.758771	121.701835	0.003673	9.0
1453	-0.000000	121.654840	0.000000	7.2
1454	-0.463291	121.607893	0.004927	8.9
1455	-0.067975	121.560994	0.000931	7.3
1456	-0.052613	121.514144	0.000685	9.0
1457	-0.639478	121.467342	0.004905	7.1
1458	-0.978134	121.420588	0.009692	8.4
1459	-1.074811	121.373882	0.011564	6.9
1460	-1.025122	121.327223	0.008315	8.6
1461	-1.202381	121.280613	0.009116	7.0
1462	-0.503349	121.234050	0.005446	8.4
1463	-0.942218	121.187535	0.004993	7.1
1464	-0.157197	121.141067	0.002950	8.0
1465	-0.361705	121.094647	0.004605	7.1
1466	-0.000000	121.048274	0.000000	7.3
1467	-0.832267	121.001949	0.005585	7.4
1468	-0.034421	120.955671	0.001313	7.8
1469	-0.893350	120.909440	0.008066	7.3
1470	-0.359449	120.863256	0.003769	7.4
1471	-0.884396	120.817119	0.006803	7.6
1472	-0.600459	120.771029	0.006142	8.2
1473	-0.767896	120.724986	0.005695	7.9
1474	-0.304272	120.678990	0.003476	7.8
1475	-0.782080	120.633040	0.006113	7.4
1476	-0.000000	120.587137	0.000000	7.5
1477	-1.146264	120.541281	0.019484	8.3
1478	-0.970345	120.495471	0.007983	7.1
1479	-0.479032	120.449707	0.005727	8.4
1480	-0.001712	120.403990	0.000166	7.6
1481	-0.505714	120.358319	0.004475	8.8
1482	-0.902073	120.312694	0.004529	7.8
1483	-0.963025	120.267115	0.009243	8.4
1484	-0.036297	120.221582	0.000623	7.3
1485	-0.660597	120.176096	0.006692	8.7
1486	-0.029085	120.130655	0.000490	7.1
1487	-0.001059	120.085260	0.000072	8.7
1488	-0.127401	120.039910	0.002489	7.1
1489	-1.041106	119.994606	0.015260	8.9
1490	-0.000000	119.949348	0.000000	7.1
1491	-0.178783	119.904135	0.004133	8.8
1492	-0.120800	119.858968	0.002359	7.1
1493	-0.901345	119.813846	0.005884	8.9
1494	-0.943214	119.768769	0.008857	7.2
1495	-0.107007	119.723738	0.002526	8.8
1496	-0.900275	119.678752	0.007018	7.2
1497	-0.026811	119.633810	0.001211	8.8
1498	-0.039732	119.588914	0.000907	7.3
1499	-0.663569	119.544062	0.005121	8.7
1500	-0.080062	119.499256	0.001888	7.6
1501	-0.999372	119.454494	0.005965	8.6
1502	-0.108907	119.409777	0.003504	7.7
1503	-1.111561	119.365104	0.008296	8.4
1504	-0.059231	119.320476	0.001915	7.3
1505	-0.881020	119.275893	0.007132	8.5
1506	-0.289302	119.231353	0.004875	7.2
1507	-1.019853	119.186859	0.005637	8.5
1508	-0.000000	119.142408	0.000000	7.8
1509	-0.160520	119.098002	0.003718	7.8
1510	-0.000000	119.053639	0.000000	7.0
1511	-0.525682	119.009321	0.005497	7.9
1512	-0.015637	118.965047	0.000286	7.2
1513	-0.000116	118.920816	0.000011	7.0
1514	-0.497051	118.876630	0.007133	8.0
1515	-0.000000	118.832487	0.000000	7.4
1516	-0.000000	118.788388	0.000000	8.2
1517	-0.709656	118.744332	0.008868	7.2
1518	-0.003701	118.700320	0.000633	7.8
1519	-1.169598	118.656352	0.008330	7.6
1520	-0.926373	118.612427	0.006924	7.3
1521	-0.371703	118.568545	0.004610	7.9
1522	-0.146335	118.524706	0.001884	8.3
1523	-0.550980	118.480911	0.005667	7.6
1524	-0.282121	118.437159	0.001913	7.6
1525	-0.535446	118.393450	0.004744	7.4
1526	-0.000000	118.349784	0.000000	8.2
1527	-0.771733	118.306160	0.006846	7.4
1528	-0.617875	118.262580	0.006171	8.3
1529	-0.034552	118.219042	0.000611	8.5
1530	-0.000000	118.175548	0.000000	8.0
1531	-0.000000	118.132095	0.000000	7.4
1532	-0.485163	118.088686	0.005874	8.3
1533	-0.000000	118.045319	0.000000	7.2
1534	-0.804864	118.001994	0.007639	8.8
1535	-1.040933	117.958712	0.010077	7.5
1536	-0.864544	117.915472	0.007973	8.5
1537	-1.069684	117.872274	0.007637	7.6
1538	-0.000000	117.829118	0.000000	9.3
1539	-0.194296	117.786005	0.001759	7.1
1540	-0.929080	117.742933	0.006995	8.4
1541	-0.576790	117.699904	0.004820	7.8
1542	-0.774677	117.656916	0.006477	9.0
1543	-0.369622	117.613971	0.005194	7.3
1544	-0.348862	117.571067	0.003715	8.4
1545	-0.952210	117.528205	0.006387	7.3
1546	-0.000000	117.485384	0.000000	9.7
1547	-0.025355	117.442605	0.001790	8.1
1548	-0.611002	117.399867	0.006035	7.8
1549	-0.544484	117.357171	0.004245	7.8
1550	-0.306075	117.314517	0.003366	7.8
1551	-0.000000	117.271903	0.000000	7.4
1552	-0.000000	117.229331	0.000000	7.7
1553	-0.000000	117.186800	0.000000	7.4
1554	-1.034103	117.144311	0.010106	8.1
1555	-0.893908	117.101862	0.004705	7.5
1556	-0.474703	117.059454	0.005428	8.4
1557	-0.487007	117.017087	0.005370	7.4
1558	-0.985304	116.974762	0.006264	8.4
1559	-0.000000	116.932476	0.000000	7.4
1560	-0.000000	116.890232	0.000000	8.4
1561	-1.064770	116.848028	0.010364	7.5
1562	-0.000000	116.805865	0.000000	8.5
1563	-0.644833	116.763743	0.006617	7.7
1564	-0.476123	116.721661	0.005752	8.8
1565	-0.597789	116.679619	0.003748	7.1
1566	-0.166366	116.637618	0.002219	9.1
1567	-0.915334	116.595657	0.011392	7.2
1568	-0.737191	116.553736	0.003502	9.2
1569	-0.917681	116.511855	0.006444	7.1
1570	-0.431676	116.470015	0.004090	8.6
1571	-0.000000	116.428214	0.000000	7.2
1572	-0.428484	116.386454	0.004439	9.0
1573	-0.003870	116.344733	0.000319	7.4
1574	-0.862839	116.303052	0.005505	8.7
1575	-0.000000	116.261412	0.000000	7.3
1576	-0.911412	116.219810	0.006792	7.9
1577	-0.277720	116.178249	0.005282	7.1
1578	-0.000000	116.136727	0.000000	8.5
1579	-0.000000	116.095245	0.000000	7.3
1580	-1.007210	116.053802	0.007694	8.2
1581	-0.338580	116.012398	0.004730	7.6
1582	-0.000000	115.971034	0.000000	8.2
1583	-0.510937	115.929710	0.004693	7.6
1584	-0.941649	115.888424	0.008762	7.8
1585	-0.115832	115.847178	0.001620	7.5
1586	-0.551070	115.805970	0.007340	7.2
1587	-0.112253	115.764802	0.002911	7.5
1588	-0.532669	115.723673	0.006503	7.1
1589	-0.889925	115.682583	0.004440	7.8
1590	-0.000000	115.641532	0.000000	6.9
1591	-1.091860	115.600519	0.012774	8.1
1592	-0.029153	115.559546	0.001689	6.9
1593	-0.803117	115.518610	0.006074	8.6
1594	-0.845704	115.477714	0.005950	7.0
1595	-0.453473	115.436856	0.005853	9.1
1596	-0.977563	115.396037	0.006609	6.9
1597	-0.026176	115.355256	0.000762	8.9
1598	-0.000000	115.314514	0.000000	7.3
1599	-0.235854	115.273810	0.003943	8.7
1600	-0.000000	115.233144	0.000000	7.1
1601	-0.944980	115.192517	0.007693	8.8
1602	-0.000174	115.151927	0.000322	7.7
1603	-0.000000	115.111376	0.000000	8.5
1604	-0.201589	115.070863	0.003343	7.9
1605	-0.000000	115.030388	0.000000	8.4
1606	-0.513830	114.989951	0.006908	7.4
1607	-0.756505	114.949551	0.005727	8.4
1608	-0.931202	114.909190	0.014951	7.3
1609	-0.634467	114.868866	0.006498	8.5
1610	-0.986609	114.828580	0.007863	8.2
1611	-0.621625	114.788332	0.006541	7.6
1612	-0.947532	114.748121	0.005875	7.3
1613	-0.000000	114.707948	0.000000	8.6
1614	-0.825527	114.667812	0.007511	7.8
1615	-1.129059	114.627714	0.010198	9.3
1616	-0.445062	114.587653	0.007888	7.1
1617	-0.354533	114.547629	0.004630	9.2
1618	-0.842240	114.507643	0.006822	7.4
1619	-0.717697	114.467693	0.004826	9.3
1620	-1.043612	114.427781	0.006144	7.4
1621	-0.320970	114.387907	0.005446	8.6
1622	-0.854640	114.348069	0.007371	7.3
1623	-1.027683	114.308268	0.006816	8.3
1624	-0.567054	114.268504	0.005897	7.1
1625	-0.745047	114.228777	0.004990	8.6
1626	-0.673017	114.189086	0.006073	7.3
1627	-0.825808	114.149433	0.007724	8.9
1628	-0.713004	114.109816	0.006778	7.2
1629	-0.099281	114.070235	0.003146	7.9
1630	-0.328789	114.030692	0.004044	7.4
1631	-0.487013	113.991185	0.005283	8.3
1632	-0.861062	113.951714	0.007797	7.4
1633	-0.220552	113.912280	0.004768	8.5
1634	-0.804412	113.872882	0.007286	7.4
1635	-0.000002	113.833521	0.000002	8.7
1636	-0.751214	113.794195	0.005945	7.6
1637	-1.052076	113.754906	0.007405	8.6
1638	-0.542294	113.715653	0.004981	7.3
1639	-0.000000	113.676437	0.000000	8.8
1640	-0.007866	113.637256	0.000034	7.2
1641	-0.831857	113.598111	0.005155	8.8
1642	-0.798809	113.559002	0.005544	7.2
1643	-0.707584	113.519929	0.008931	8.6
1644	-0.000000	113.480892	0.000000	7.2
1645	-1.007111	113.441891	0.008295	9.2
1646	-0.787966	113.402925	0.006283	7.5
1647	-0.005208	113.363995	0.000054	8.2
1648	-0.002120	113.325101	0.000195	6.9
1649	-0.151852	113.286242	0.004792	8.8
1650	-0.000000	113.247419	0.000000	7.2
1651	-0.001947	113.208631	0.000078	8.8
1652	-0.342517	113.169879	0.004216	7.0
1653	-0.000000	113.131162	0.000000	8.7
1654	-0.004719	113.092480	0.000519	7.0
1655	-0.574734	113.053833	0.007640	9.1
1656	-0.601664	113.015222	0.005541	7.0
1657	-0.012613	112.976646	0.000234	8.2
1658	-0.710491	112.938105	0.004952	7.2
1659	-0.004908	112.899599	0.000788	7.8
1660	-0.520732	112.861128	0.005682	7.6
1661	-1.057674	112.822692	0.008970	7.8
1662	-0.794082	112.784291	0.006405	7.8
1663	-0.005183	112.745924	0.000172	7.3
1664	-0.936547	112.707593	0.006095	7.6
1665	-0.418715	112.669296	0.003657	7.3
1666	-0.700364	112.631034	0.007910	8.0
1667	-1.053655	112.592806	0.005976	7.1
1668	-0.000000	112.554613	0.000000	8.3
1669	-0.000162	112.516455	0.000005	7.5
1670	-0.290037	112.478331	0.002169	8.0
1671	-1.004422	112.440241	0.004853	7.2
1672	-0.512615	112.402186	0.004057	8.5
1673	-0.090248	112.364165	0.001242	7.2
1674	-0.546604	112.326179	0.009009	8.6
1675	-0.600662	112.288227	0.004715	7.2
1676	-0.514061	112.250309	0.006475	8.5
1677	-0.446493	112.212425	0.008557	7.4
1678	-0.508845	112.174575	0.008527	8.3
1679	-0.181932	112.136759	0.003533	7.2
1680	-0.000000	112.098977	0.000000	8.6
1681	-0.863473	112.061229	0.004923	7.9
1682	-0.000000	112.023515	0.000000	7.8
1683	-1.125684	111.985834	0.008096	7.8
1684	-0.870064	111.948188	0.008001	8.1
1685	-0.024927	111.910575	0.000742	8.2
1686	-0.716709	111.872996	0.004315	8.2
1687	-0.859266	111.835450	0.005658	7.3
1688	-0.361022	111.797939	0.002639	8.2
1689	-0.925248	111.760460	0.007295	7.5
1690	-0.683657	111.723015	0.006910	8.4
1691	-0.173430	111.685604	0.002189	7.2
1692	-0.853273	111.648226	0.005240	8.5
1693	-0.292619	111.610881	0.007865	7.9
1694	-0.544419	111.573570	0.004360	8.4
1695	-0.895303	111.536292	0.007559	7.4
1696	-0.807596	111.499047	0.004962	9.2
1697	-0.000000	111.461835	0.000000	7.2
1698	-0.000000	111.424656	0.000000	9.1
1699	-0.011717	111.387510	0.000107	7.2
1700	-0.615516	111.350398	0.006753	8.5
1701	-0.202056	111.313318	0.001642	7.2
1702	-0.013417	111.276271	0.000403	8.7
1703	-0.850272	111.239257	0.006414	7.0
1704	-0.760223	111.202276	0.005798	9.0
1705	-0.682272	111.165328	0.007803	8.2
1706	-0.752242	111.128412	0.006190	8.2
1707	-0.969522	111.091529	0.006844	6.9
1708	-0.000000	111.054679	0.000000	8.3
1709	-0.909147	111.017861	0.005638	7.1
1710	-0.797401	110.981076	0.007056	8.7
1711	-1.015473	110.944323	0.007476	6.9
1712	-0.863145	110.907603	0.006685	8.6
1713	-0.438217	110.870915	0.004409	7.4
1714	-0.000000	110.834259	0.000000	8.7
1715	-0.328142	110.797636	0.004312	7.7
1716	-0.883551	110.761045	0.004745	8.1
1717	-0.000000	110.724486	0.000000	7.6
1718	-0.956533	110.687959	0.007469	8.6
1719	-0.690580	110.651465	0.005890	7.6
1720	-0.000000	110.615002	0.000000	8.8
1721	-0.498402	110.578572	0.004482	8.0
1722	-0.732759	110.542173	0.006189	8.9
1723	-0.425582	110.505807	0.004234	7.3
1724	-1.096364	110.469472	0.008093	8.7
1725	-0.000000	110.433169	0.000000	7.4
1726	-0.749230	110.396898	0.006810	9.0
1727	-1.018978	110.360659	0.006332	7.2
1728	-0.375940	110.324451	0.004567	9.0
1729	-0.899203	110.288276	0.004813	7.3
1730	-0.961236	110.252131	0.005713	8.2
1731	-0.034587	110.216019	0.001631	7.0
1732	-0.931591	110.179937	0.007832	8.6
1733	-0.732791	110.143888	0.005957	7.2
1734	-0.000000	110.107869	0.000000	8.6
1735	-0.000000	110.071882	0.000000	7.1
1736	-0.365027	110.035927	0.007751	8.9
1737	-0.883398	110.000003	0.008974	7.4
1738	-0.000000	109.964110	0.000000	8.5
1739	-0.501390	109.928248	0.005293	7.6
1740	-0.000000	109.892417	0.000000	8.5
1741	-0.000000	109.856618	0.000000	7.4
1742	-0.592594	109.820850	0.007278	8.6
1743	-0.186219	109.785112	0.002060	7.5
1744	-0.014315	109.749406	0.001792	8.7
1745	-0.088190	109.713730	0.003533	7.2
1746	-0.002360	109.678086	0.000418	8.3
1747	-0.261576	109.642472	0.004735	7.2
1748	-0.052724	109.606890	0.000727	8.3
1749	-0.095747	109.571337	0.002827	7.4
1750	-0.351937	109.535816	0.003671	7.7
1751	-0.480494	109.500326	0.006168	7.1
1752	-0.346428	109.464866	0.005147	7.0
1753	-0.912590	109.429436	0.006378	7.5
1754	-0.675600	109.394038	0.005599	6.6
1755	-0.000000	109.358669	0.000000	7.6
1756	-0.000000	109.323331	0.000000	7.2
1757	-0.000000	109.288024	0.000000	8.8
1758	-0.213552	109.252747	0.003453	7.3
1759	-0.708942	109.217501	0.006465	8.1
1760	-0.063284	109.182284	0.000591	7.1
1761	-0.036426	109.147098	0.001200	8.2
1762	-0.344936	109.111942	0.007623	7.1
1763	-0.002466	109.076817	0.000059	8.9
1764	-0.662735	109.041721	0.005261	7.5
1765	-0.192184	109.006656	0.002750	8.4
1766	-0.649699	108.971620	0.004853	7.7
1767	-0.484958	108.936615	0.005576	8.4
1768	-0.337451	108.901640	0.004367	8.0
1769	-0.195222	108.866694	0.004074	8.5
1770	-0.033621	108.831779	0.002690	7.3
1771	-0.774120	108.796893	0.003833	8.4
1772	-0.277776	108.762037	0.006656	7.3
1773	-0.519351	108.727211	0.006000	8.7
1774	-0.381006	108.692415	0.003826	8.7
1775	-0.615843	108.657648	0.005469	8.8
1776	-0.909917	108.622911	0.007425	7.1
1777	-0.000000	108.588203	0.000000	8.8
1778	-0.594930	108.553525	0.005110	6.9
1779	-0.816721	108.518877	0.006156	9.4
1780	-0.114838	108.484258	0.001818	6.9
1781	-0.042491	108.449668	0.000832	8.3
1782	-0.843113	108.415108	0.007663	7.0
1783	-0.011182	108.380578	0.000550	8.1
1784	-0.000000	108.346076	0.000000	6.9
1785	-0.000000	108.311604	0.000000	8.4
1786	-0.095713	108.277161	0.002691	7.2
1787	-0.000000	108.242747	0.000000	7.8
1788	-0.954239	108.208363	0.005521	7.1
1789	-0.970236	108.174007	0.005948	8.6
1790	-0.018773	108.139681	0.000233	7.3
1791	-0.000000	108.105383	0.000000	11.5
1792	-0.991083	108.071115	0.006893	7.5
1793	-0.824890	108.036875	0.006880	8.9
1794	-0.126952	108.002665	0.002801	7.6
1795	-0.841485	107.968483	0.008599	8.8
1796	-0.954997	107.934330	0.009250	7.6
1797	-0.654230	107.900206	0.004450	9.0
1798	-0.000000	107.866111	0.000000	7.7
1799	-0.727910	107.832044	0.006510	8.8
1800	-0.668618	107.798007	0.005605	7.8
1801	-0.935982	107.763997	0.008235	8.7
1802	-0.897306	107.730017	0.006304	7.2
1803	-0.000000	107.696065	0.000000	8.3
1804	-0.984605	107.662141	0.006704	7.2
1805	-0.695663	107.628246	0.006218	8.7
1806	-0.844506	107.594379	0.005352	7.6
1807	-0.742050	107.560541	0.006004	8.4
1808	-1.223321	107.526731	0.006519	7.2
1809	-0.000000	107.492949	0.000000	8.3
1810	-0.002222	107.459196	0.000541	7.2
1811	-1.078080	107.425471	0.007632	8.5
1812	-0.594596	107.391774	0.005584	7.1
1813	-0.447296	107.358106	0.002443	8.7
1814	-0.976713	107.324465	0.008930	7.2
1815	-0.676577	107.290853	0.006367	8.6
1816	-0.210831	107.257268	0.003850	7.2
1817	-0.481163	107.223712	0.005374	8.7
1818	-0.610859	107.190184	0.006791	7.3
1819	-0.693359	107.156683	0.005197	8.7
1820	-0.085203	107.123211	0.001562	7.6
1821	-0.000000	107.089766	0.000000	8.5
1822	-0.791830	107.056349	0.005364	7.6
1823	-0.000000	107.022960	0.000000	8.6
1824	-0.000000	106.989599	0.000000	8.1
1825	-0.377824	106.956265	0.004505	8.6
1826	-0.809301	106.922960	0.004823	7.7
1827	-0.436738	106.889681	0.005114	8.5
1828	-0.945723	106.856431	0.006671	7.3
1829	-0.580278	106.823208	0.003429	8.9
1830	-0.864982	106.790012	0.009284	7.1
1831	-0.809942	106.756844	0.006927	8.9
1832	-0.399230	106.723703	0.005316	7.2
1833	-0.827359	106.690590	0.007567	8.7
1834	-0.183502	106.657505	0.005456	7.2
1835	-0.214752	106.624446	0.004646	8.9
1836	-0.635352	106.591415	0.006943	7.2
1837	-0.618242	106.558411	0.003938	8.5
1838	-0.652878	106.525435	0.004853	7.2
1839	-0.444214	106.492485	0.007206	9.0
1840	-0.515951	106.459563	0.004909	7.5
1841	-0.885464	106.426668	0.007573	8.6
1842	-0.882930	106.393800	0.007056	7.9
1843	-0.504034	106.360959	0.003723	8.5
1844	-0.894341	106.328145	0.006298	7.4
1845	-0.695117	106.295358	0.006408	8.4
1846	-1.101598	106.262598	0.008943	7.5
1847	-0.504813	106.229865	0.006791	8.9
1848	-0.000000	106.197158	0.000000	7.7
1849	-1.068526	106.164479	0.008704	8.4
1850	-0.040156	106.131826	0.001208	7.3
1851	-0.000000	106.099201	0.000000	8.4
1852	-0.000014	106.066602	0.000009	7.3
1853	-0.000000	106.034029	0.000000	8.1
1854	-1.131956	106.001483	0.011114	7.1
1855	-0.454977	105.968964	0.008270	9.1
1856	-0.753794	105.936472	0.006954	7.0
1857	-0.000000	105.904006	0.000000	9.0
1858	-0.000000	105.871566	0.000000	7.0
1859	-0.462740	105.839153	0.005758	8.7
1860	-0.000000	105.806767	0.000000	7.2
1861	-0.440668	105.774407	0.003397	9.1
1862	-0.053080	105.742073	0.001044	7.1
1863	-0.000000	105.709766	0.000000	8.5
1864	-0.328382	105.677485	0.003437	7.0
1865	-0.970075	105.645230	0.006263	8.7
1866	-0.912298	105.613001	0.004746	6.8
1867	-0.873120	105.580799	0.005638	8.0
1868	-0.766408	105.548623	0.005380	7.3
1869	-0.851381	105.516473	0.005474	7.9
1870	-0.499623	105.484349	0.006385	7.5
1871	-0.544055	105.452251	0.005777	7.2
1872	-0.952135	105.420179	0.010544	7.3
1873	-1.139088	105.388133	0.008545	7.4
1874	-0.000000	105.356113	0.000000	7.6
1875	-0.044468	105.324119	0.001736	7.2
1876	-1.118237	105.292151	0.010591	8.1
1877	-0.688309	105.260209	0.008148	7.5
1878	-0.449797	105.228293	0.006273	8.3
1879	-0.000000	105.196402	0.000000	7.5
1880	-0.850896	105.164537	0.006047	8.4
1881	-0.187513	105.132698	0.001731	7.3
1882	-0.719319	105.100885	0.005395	8.5
1883	-0.911952	105.069097	0.012180	7.3
1884	-0.010686	105.037335	0.000539	8.9
1885	-0.664745	105.005598	0.005595	7.2
1886	-0.762098	104.973887	0.006647	9.0
1887	-0.205591	104.942202	0.002614	7.4
1888	-0.002961	104.910542	0.000040	7.9
1889	-0.274931	104.878907	0.002913	7.2
1890	-0.326708	104.847298	0.004394	8.8
1891	-0.004042	104.815715	0.000506	7.3
1892	-0.971871	104.784156	0.007210	8.9
1893	-0.539908	104.752623	0.003369	7.0
1894	-0.614547	104.721116	0.006706	8.7
1895	-0.000000	104.689633	0.000000	7.1
1896	-1.054561	104.658176	0.010757	9.6
1897	-0.762099	104.626744	0.005869	7.3
1898	-0.172816	104.595337	0.001449	8.4
1899	-0.875847	104.563955	0.003970	7.7
1900	-0.402905	104.532599	0.006041	8.5
1901	-0.000000	104.501267	0.000000	7.5
1902	-0.597409	104.469960	0.007681	8.5
1903	-0.618721	104.438679	0.007008	9.7
1904	-0.738544	104.407422	0.005216	7.7
1905	-0.712080	104.376191	0.004575	7.1
1906	-0.182383	104.344984	0.003182	8.1
1907	-1.106904	104.313802	0.007787	7.2
1908	-0.579009	104.282645	0.004677	8.5
1909	-1.055080	104.251513	0.008732	7.2
1910	-0.000000	104.220405	0.000000	8.8
1911	-0.000140	104.189323	0.000017	7.2
1912	-0.577720	104.158265	0.008131	9.9
1913	-0.000000	104.127231	0.000000	7.8
1914	-0.041045	104.096222	0.001697	8.3
1915	-0.745541	104.065238	0.004492	7.2
1916	-0.231666	104.034279	0.003588	9.0
1917	-0.016533	104.003344	0.001329	7.2
1918	-0.000000	103.972433	0.000000	9.0
1919	-1.061743	103.941547	0.007691	7.8
1920	-0.787102	103.910686	0.006021	7.5
1921	-0.336445	103.879849	0.002042	7.3
1922	-0.148143	103.849036	0.003031	9.1
1923	-0.571135	103.818248	0.004680	7.6
1924	-0.514229	103.787484	0.004146	7.8
1925	-0.000000	103.756744	0.000000	7.6
1926	-0.070830	103.726029	0.004467	8.2
1927	-0.952443	103.695338	0.006932	8.3
1928	-0.000000	103.664671	0.000000	8.1
1929	-0.263802	103.634028	0.004238	7.4
1930	-0.000000	103.603409	0.000000	8.6
1931	-0.873510	103.572814	0.007022	7.4
1932	-0.795124	103.542244	0.008441	8.3
1933	-0.603804	103.511698	0.005917	7.4
1934	-0.969738	103.481175	0.008345	8.4
1935	-1.107489	103.450677	0.009195	7.6
1936	-0.431123	103.420202	0.003152	8.6
1937	-0.000000	103.389752	0.000000	7.3
1938	-0.000000	103.359325	0.000000	8.8
1939	-0.715950	103.328922	0.006603	7.1
1940	-0.000000	103.298543	0.000000	9.0
1941	-0.815925	103.268188	0.004379	7.3
1942	-0.733862	103.237857	0.006660	8.8
1943	-0.696058	103.207549	0.006574	7.2
1944	-0.000000	103.177265	0.000000	8.8
1945	-0.665054	103.147005	0.003416	7.2
1946	-0.000000	103.116768	0.000000	8.8
1947	-0.000000	103.086556	0.000000	7.4
1948	-0.119316	103.056366	0.003162	9.1
1949	-0.472285	103.026200	0.004677	7.5
1950	-0.616111	102.996058	0.003130	8.3
1951	-0.825560	102.965939	0.004600	7.3
1952	-0.784559	102.935844	0.005868	8.4
1953	-1.040385	102.905772	0.006535	8.0
1954	-0.708123	102.875724	0.005755	8.9
1955	-1.148454	102.845699	0.008853	7.7
1956	-0.000931	102.815697	0.000030	7.8
1957	-0.738250	102.785719	0.003912	7.8
1958	-0.000000	102.755764	0.000000	8.3
1959	-0.265468	102.725832	0.005360	7.0
1960	-0.915268	102.695924	0.008014	8.5
1961	-0.000000	102.666038	0.000000	7.4
1962	-0.779046	102.636176	0.007086	8.4
1963	-1.066807	102.606337	0.009470	7.1
1964	-0.779594	102.576521	0.005269	8.1
1965	-0.000000	102.546728	0.000000	7.9
1966	-0.949592	102.516959	0.007715	8.4
1967	-0.082793	102.487212	0.003633	7.2
1968	-0.000000	102.457488	0.000000	7.8
1969	-0.000000	102.427788	0.000000	7.3
1970	-0.000000	102.398110	0.000000	8.1
1971	-0.622133	102.368455	0.006503	7.7
1972	-0.826591	102.338823	0.007377	7.6
1973	-0.549819	102.309214	0.006903	7.6
1974	-0.776635	102.279628	0.004842	7.1
1975	-0.189984	102.250064	0.001959	8.0
1976	-0.648402	102.220524	0.006814	7.2
1977	-0.240811	102.191006	0.002870	8.0
1978	-0.549262	102.161511	0.003021	7.1
1979	-0.109032	102.132038	0.002314	7.8
1980	-0.910184	102.102588	0.007183	7.2
1981	-0.914604	102.073161	0.005559	8.9
1982	-1.031499	102.043757	0.005725	7.3
1983	-0.748686	102.014375	0.003993	9.0
1984	-0.000000	101.985015	0.000000	7.2
1985	-0.000000	101.955678	0.000000	8.1
1986	-0.053567	101.926364	0.001466	7.2
1987	-0.000000	101.897072	0.000000	8.9
1988	-0.623490	101.867802	0.003972	7.2
1989	-0.183742	101.838555	0.001913	8.4
1990	-0.294235	101.809330	0.008172	7.4
1991	-0.589700	101.780128	0.004649	7.7
1992	-0.871045	101.750948	0.009454	7.6
1993	-1.119244	101.721790	0.007421	8.8
1994	-0.895779	101.692654	0.006276	7.4
1995	-0.130460	101.663541	0.005158	8.7
1996	-0.051206	101.634450	0.002263	7.3
1997	-0.348476	101.605381	0.003840	8.6
1998	-0.064858	101.576335	0.000744	7.3
1999	-0.278001	101.547310	0.002252	8.6
