1:ItNr	2:Metric	3a:Time	3b:StepSize	4:||Gradient||	Time[ms]
0	-0.579585	0.000000	23.635665	0.006996	970.9
1	-0.552504	0.000000	23.635665	0.011090	2.1
2	-0.522746	1.000000	22.561316	0.011062	2.0
3	-0.581627	2.000000	21.580390	0.008577	2.1
4	-0.568621	2.999988	20.681217	0.010112	2.0
5	-0.570875	3.999988	19.853968	0.008677	1.9
6	-0.579394	3.206885	20.504454	0.007257	2.1
7	-0.570641	4.206885	19.691007	0.010277	1.9
8	-0.557071	3.413782	20.330687	0.008551	1.9
9	-0.587329	2.620678	21.013324	0.010941	2.1
10	-0.563249	3.620674	20.159844	0.009818	2.1
11	-0.556637	4.620674	19.372986	0.009817	1.9
12	-0.589980	3.827838	19.991630	0.009935	2.2
13	-0.578692	4.827838	19.217596	0.015037	2.0
14	-0.579990	5.827838	18.501266	0.005761	1.9
15	-0.575503	6.827824	17.836427	0.010214	2.2
16	-0.602053	6.034721	18.359685	0.012495	1.9
17	-0.584754	5.241617	18.914572	0.006732	1.9
18	-0.560813	4.448514	19.504045	0.008360	2.1
19	-0.567968	5.448514	18.766610	0.009339	2.2
20	-0.549561	4.655411	19.346756	0.008162	2.0
21	-0.588049	5.655373	18.620972	0.009172	1.9
22	-0.554543	4.862270	19.192011	0.006037	2.2
23	-0.577302	5.862235	18.477575	0.007567	2.0
24	-0.585015	5.069132	19.039719	0.012706	1.9
25	-0.595277	4.276029	19.637141	0.007183	1.9
26	-0.592374	3.482926	20.273269	0.012837	2.3
27	-0.571931	2.689823	20.951991	0.010017	2.1
28	-0.584180	1.896720	21.677732	0.009758	2.1
29	-0.571253	2.895257	20.771861	0.014965	2.0
30	-0.588026	2.102154	21.484965	0.009492	1.9
31	-0.564209	3.102154	20.593552	0.012273	2.0
32	-0.557258	4.102154	19.773162	0.006729	1.9
33	-0.582330	3.309051	20.418278	0.009455	2.2
34	-0.557856	4.308961	19.611590	0.007472	2.1
35	-0.560666	3.520002	20.242615	0.007905	2.0
36	-0.565053	4.519605	19.449711	0.010540	1.9
37	-0.584162	3.726502	20.073561	0.010606	1.9
38	-0.577644	3.017801	20.665879	0.011270	2.0
39	-0.575353	2.228241	21.368341	0.005780	1.9
40	-0.576282	3.228241	20.486380	0.006552	2.2
41	-0.593707	3.865151	19.961631	0.010862	2.8
42	-0.587423	3.072704	20.618746	0.013651	2.0
43	-0.559954	2.279601	21.321197	0.008032	2.0
44	-0.561571	1.486497	22.073200	0.012854	1.9
45	-0.558321	2.486497	21.133375	0.005723	1.9
46	-0.540839	3.486497	20.270313	0.007605	2.0
47	-0.582718	2.694705	20.947674	0.006097	2.6
48	-0.586610	3.694705	20.099408	0.011927	2.1
49	-0.560757	2.901608	20.766341	0.007202	2.0
50	-0.553391	3.893715	19.938726	0.009193	2.0
51	-0.563717	4.036169	19.825276	0.006152	1.9
52	-0.564981	5.036169	19.063825	0.007898	1.9
53	-0.539745	6.036169	18.358702	0.010036	1.9
54	-0.562266	5.243065	18.913528	0.008300	2.5
55	-0.551781	6.243065	18.219277	0.010673	2.0
56	-0.577708	5.449962	18.765583	0.010284	2.0
57	-0.569801	4.656946	19.345598	0.008766	1.9
58	-0.566293	5.656946	18.619873	0.007320	1.9
59	-0.565418	4.879086	19.179539	0.008061	1.9
60	-0.544862	4.085984	19.785908	0.010066	2.0
61	-0.552169	5.085984	19.027420	0.010636	2.6
62	-0.574433	4.292880	19.624058	0.010499	2.1
63	-0.605049	5.292880	18.877694	0.007055	2.0
64	-0.572953	6.292880	18.186023	0.010058	1.9
65	-0.589224	5.499777	18.730307	0.010018	2.0
66	-0.566719	4.707606	19.307475	0.016810	1.9
67	-0.598181	3.919009	19.918487	0.009682	2.1
68	-0.603301	3.125906	20.573278	0.007930	2.3
69	-0.558303	4.125906	19.754470	0.010605	2.3
70	-0.565012	5.125904	18.998346	0.010356	2.0
71	-0.560210	6.125904	18.297969	0.009438	2.0
72	-0.581438	5.336044	18.846754	0.010771	1.9
73	-0.584252	4.542941	19.431942	0.007245	2.3
74	-0.600701	3.749838	20.054635	0.007230	2.2
75	-0.588862	2.956818	20.718485	0.006161	2.3
76	-0.584881	3.956686	19.888416	0.008040	2.1
77	-0.539301	4.956685	19.122201	0.008604	2.0
78	-0.549825	4.163582	19.724893	0.008111	2.0
79	-0.564559	3.372993	20.364711	0.011412	2.0
80	-0.615777	4.372993	19.562098	0.008826	2.2
81	-0.578367	4.182895	19.709766	0.007110	2.1
82	-0.603129	3.389791	20.350685	0.011491	2.2
83	-0.568477	4.389788	19.549157	0.008328	2.2
84	-0.605703	5.389788	18.808372	0.007508	2.0
85	-0.582261	6.133722	18.292697	0.008165	2.0
86	-0.563581	5.341752	18.842671	0.004461	2.0
87	-0.593882	6.329911	18.161382	0.007040	2.1
88	-0.588838	5.537169	18.703915	0.008028	2.1
89	-0.568616	6.378591	18.129090	0.010782	2.3
90	-0.600665	7.378591	17.490261	0.011367	2.0
91	-0.573628	8.345583	16.913924	0.011021	2.0
92	-0.594348	9.345583	16.356547	0.009408	2.2
93	-0.559223	8.552501	16.795498	0.011807	2.7
94	-0.610521	7.759398	17.258670	0.013566	2.3
95	-0.588033	8.759398	16.678730	0.008706	2.3
96	-0.550592	9.759389	16.136502	0.008175	2.0
97	-0.560197	10.759198	15.628510	0.009212	2.0
98	-0.578622	11.759198	15.151438	0.009223	1.9
99	-0.581465	12.759198	14.702629	0.012381	3.5
100	-0.551448	11.966095	15.056347	0.008068	2.0
101	-0.552680	12.966095	14.613071	0.008656	2.2
102	-0.558317	13.966025	14.195178	0.011376	2.3
103	-0.578832	13.172922	14.524627	0.009313	2.0
104	-0.556348	12.379819	14.869732	0.009322	2.1
105	-0.566376	13.379814	14.437221	0.004528	2.0
106	-0.578198	14.369876	14.033099	0.009900	1.9
107	-0.580199	15.369809	13.647280	0.006171	2.0
108	-0.581752	14.576715	13.951512	0.006853	2.1
109	-0.572672	13.783853	14.269522	0.007708	2.2
110	-0.571838	14.783846	13.870755	0.008563	2.0
111	-0.547805	15.376999	13.644582	0.008671	2.2
112	-0.592144	16.344353	13.291138	0.007412	2.0
113	-0.567039	16.616577	13.194953	0.009400	2.0
114	-0.567355	15.823474	13.479145	0.006783	2.0
115	-0.598939	15.030511	13.775796	0.007893	2.3
116	-0.615121	16.030511	13.403784	0.009322	2.3
117	-0.589442	17.030510	13.051336	0.010231	2.0
118	-0.558646	17.519204	12.885753	0.008667	2.1
119	-0.547874	16.726101	13.156646	0.008531	2.0
120	-0.601495	17.726101	12.816910	0.008419	2.0
121	-0.579252	16.932997	13.084886	0.010204	1.9
122	-0.576409	17.932456	12.748976	0.008331	2.3
123	-0.574433	18.932456	12.429713	0.011949	2.1
124	-0.603214	18.139353	12.681583	0.004435	2.3
125	-0.591215	18.939885	12.427401	0.007066	2.3
126	-0.567855	18.146782	12.679176	0.005858	2.2
127	-0.560715	17.932934	12.748820	0.008562	2.0
128	-0.578017	17.152789	13.009507	0.006999	2.0
129	-0.585285	16.359685	13.285684	0.014710	2.2
130	-0.578591	17.359677	12.939342	0.008068	2.2
131	-0.570729	16.566573	13.212516	0.007805	3.2
132	-0.545547	17.566573	12.869926	0.011016	2.0
133	-0.563850	16.773470	13.140147	0.008174	2.5
134	-0.573618	17.773470	12.801252	0.012516	2.3
135	-0.596865	16.980397	13.068556	0.012774	2.4
136	-0.566608	17.980245	12.733346	0.007210	2.8
137	-0.579611	17.187141	12.997803	0.009782	3.2
138	-0.559096	16.395187	13.273071	0.006809	2.0
139	-0.574169	17.395187	12.927374	0.006041	2.0
140	-0.596019	18.353698	12.612511	0.013293	2.4
141	-0.560418	17.560595	12.871922	0.012870	2.0
142	-0.572564	18.560595	12.546549	0.006897	2.1
143	-0.569789	19.560594	12.237221	0.008671	2.0
144	-0.570936	18.799551	12.471220	0.012115	2.0
145	-0.580359	18.152135	12.677443	0.008483	1.9
146	-0.553745	17.359970	12.939243	0.005288	2.0
147	-0.548256	16.571591	13.210752	0.007834	2.6
148	-0.584636	17.384015	12.931137	0.010604	2.2
149	-0.585955	18.383606	12.602933	0.009154	2.0
150	-0.579724	17.590975	12.861788	0.010554	2.0
151	-0.568993	16.797872	13.131664	0.009056	1.9
152	-0.561638	16.004769	13.413108	0.008899	2.1
153	-0.621156	15.211665	13.706880	0.011500	2.0
154	-0.579179	14.425387	14.011109	0.008129	4.1
155	-0.558067	13.632296	14.331968	0.009910	2.1
156	-0.588599	14.632296	13.929750	0.010763	2.0
157	-0.574937	13.839193	14.246856	0.005885	2.0
158	-0.572225	14.839193	13.849334	0.008128	2.0
159	-0.584220	15.838236	13.473744	0.006783	1.9
160	-0.594074	16.837435	13.117934	0.008089	2.5
161	-0.603421	16.358090	13.286251	0.013310	2.2
162	-0.597013	17.358090	12.939877	0.009508	1.9
163	-0.576252	18.358090	12.611104	0.003468	2.0
164	-0.602490	17.565804	12.870183	0.012268	2.1
165	-0.578586	16.772701	13.140415	0.007634	1.9
166	-0.567119	15.979598	13.422238	0.010298	2.2
167	-0.617542	16.979598	13.068831	0.009086	2.3
168	-0.573173	17.979598	12.733558	0.006515	2.2
169	-0.583245	18.979510	12.415084	0.006753	2.1
170	-0.571967	19.107037	12.375608	0.004921	1.9
171	-0.598790	19.682855	12.200446	0.008013	2.0
172	-0.553848	20.674546	11.910123	0.006420	2.0
173	-0.527613	21.614536	11.647410	0.010382	2.4
174	-0.571903	22.614536	11.380356	0.008246	2.7
175	-0.587583	21.821433	11.591134	0.009613	2.2
176	-0.548094	22.694744	11.359466	0.009668	2.6
177	-0.564866	23.694744	11.105309	0.006238	2.0
178	-0.554437	24.504821	10.907613	0.007255	2.2
179	-0.569719	23.711719	11.101093	0.009607	3.2
180	-0.574886	22.918615	11.301562	0.012135	2.5
181	-0.584863	22.125512	11.509404	0.007830	2.1
182	-0.564882	23.125512	11.248571	0.010135	2.0
183	-0.561482	24.125432	10.999318	0.007086	2.0
184	-0.578205	25.125432	10.760852	0.012395	1.9
185	-0.601208	24.333060	10.948940	0.009397	2.2
186	-0.581473	23.633312	11.120594	0.005996	1.9
187	-0.574430	22.963567	11.290006	0.008189	2.2
188	-0.577421	23.963567	11.038914	0.005843	2.2
189	-0.571950	23.171487	11.236863	0.007260	1.9
190	-0.564833	24.171482	10.988104	0.008049	2.0
191	-0.565167	23.891888	11.056540	0.005657	2.1
192	-0.566322	23.098801	11.255384	0.007385	2.0
193	-0.542163	22.305747	11.461503	0.009133	2.0
194	-0.574032	23.305744	11.202813	0.007786	2.2
195	-0.574121	22.512743	11.406979	0.008875	2.1
196	-0.586742	21.719640	11.618753	0.010726	2.1
197	-0.571135	20.926545	11.838537	0.006255	2.0
198	-0.555418	20.133441	12.066799	0.008582	2.0
199	-0.534741	21.133441	11.780404	0.010021	2.0
200	-0.567435	22.133441	11.507289	0.005568	2.1
201	-0.565840	21.398033	11.706886	0.007129	2.2
202	-0.579985	20.621771	11.925224	0.007389	2.0
203	-0.544845	19.828675	12.156872	0.011371	2.0
204	-0.560944	19.036033	12.397556	0.008164	2.0
205	-0.555245	18.242997	12.648090	0.008812	1.9
206	-0.569603	19.242997	12.333797	0.006857	2.0
207	-0.549857	18.449906	12.581753	0.008161	2.3
208	-0.584115	17.656806	12.839886	0.008194	2.4
209	-0.584511	18.656194	12.516303	0.010676	2.1
210	-0.576675	17.863091	12.771731	0.004923	2.3
211	-0.543273	17.069987	13.037802	0.010629	2.0
212	-0.560484	16.276884	13.315194	0.012275	2.0
213	-0.570742	17.276884	12.967329	0.010249	2.0
214	-0.567140	18.276884	12.637178	0.007394	2.3
215	-0.547846	17.514711	12.887256	0.007453	2.3
216	-0.559848	18.514711	12.561118	0.004620	2.6
217	-0.550990	19.513113	12.251563	0.007642	2.1
218	-0.594902	18.720017	12.496192	0.007549	2.0
219	-0.567677	19.720017	12.189311	0.010640	2.0
220	-0.547335	20.719986	11.897151	0.005436	2.0
221	-0.579090	19.926883	12.127700	0.006544	2.2
222	-0.535638	20.857622	11.858031	0.007339	2.5
223	-0.574310	20.064572	12.087036	0.014845	2.2
224	-0.556776	19.271469	12.325077	0.003976	2.1
225	-0.584143	18.478365	12.572683	0.007290	2.0
226	-0.597444	17.713213	12.821177	0.011600	2.0
227	-0.561136	18.713213	12.498333	0.007515	1.9
228	-0.572989	19.713213	12.191348	0.005521	2.3
229	-0.574427	20.703725	11.901790	0.006405	2.3
230	-0.576671	21.436513	11.696271	0.006819	2.0
231	-0.559754	22.192191	11.491636	0.006816	2.0
232	-0.532676	21.519377	11.673477	0.010208	2.0
233	-0.588348	22.031343	11.534591	0.006540	2.0
234	-0.587236	22.515958	11.406137	0.008497	2.3
235	-0.576249	23.515958	11.149911	0.008583	2.3
236	-0.591051	22.723714	11.351940	0.008086	2.0
237	-0.588010	21.931708	11.561361	0.006230	2.0
238	-0.601158	21.475578	11.685514	0.005997	2.1
239	-0.574398	22.455381	11.422037	0.011310	2.0
240	-0.568916	23.323815	11.198245	0.008069	2.1
241	-0.549935	22.530715	11.402270	0.007335	2.4
242	-0.584021	23.530710	11.146217	0.005244	2.1
243	-0.556186	24.520593	10.903833	0.008162	2.0
244	-0.600713	23.817113	11.074987	0.008577	2.0
245	-0.589382	24.817107	10.833267	0.008195	2.0
246	-0.557241	25.817106	10.601872	0.011667	1.9
247	-0.570482	25.024003	10.784567	0.006892	2.4
248	-0.569910	24.230900	10.973670	0.009128	2.4
249	-0.586596	25.230900	10.736303	0.006385	2.0
250	-0.590518	24.437800	10.923701	0.011089	2.0
251	-0.594046	25.437002	10.688652	0.011112	2.0
252	-0.579308	24.643899	10.874377	0.009362	2.0
253	-0.591095	23.851104	11.066594	0.008420	2.2
254	-0.568719	23.058001	11.265808	0.009839	2.2
255	-0.568084	24.058001	11.015779	0.009052	2.2
256	-0.583710	25.058001	10.776607	0.007276	2.0
257	-0.542273	24.264898	10.965428	0.009897	2.1
258	-0.553993	23.471794	11.160983	0.002802	2.0
259	-0.547113	24.277332	10.962416	0.009901	2.2
260	-0.581236	24.888693	10.816367	0.007059	2.0
261	-0.585113	25.888693	10.585685	0.007598	2.3
262	-0.591729	25.095590	10.767819	0.006604	2.3
263	-0.543772	24.302487	10.956329	0.009551	2.0
264	-0.588577	25.302487	10.719704	0.006539	2.0
265	-0.582522	26.265861	10.501215	0.007632	2.0
266	-0.541397	27.169118	10.304298	0.008096	2.2
267	-0.579702	26.376029	10.476795	0.007240	2.1
268	-0.592550	27.376029	10.260225	0.008377	2.4
269	-0.601588	26.582925	10.431241	0.010563	2.2
270	-0.587006	27.582925	10.216531	0.008869	2.0
271	-0.586408	28.582925	10.010482	0.009826	2.0
272	-0.556058	27.789921	10.173186	0.009650	2.2
273	-0.550987	26.996829	10.341286	0.009337	2.0
274	-0.576312	26.203726	10.515038	0.009291	2.0
275	-0.561401	27.203726	10.296900	0.009583	2.3
276	-0.566454	28.203695	10.087636	0.007797	2.1
277	-0.581181	27.410591	10.252900	0.009234	2.0
278	-0.576516	26.899114	10.362383	0.009797	2.2
279	-0.584966	26.106241	10.536798	0.007706	2.0
280	-0.524633	25.313138	10.717239	0.005440	1.9
281	-0.608782	26.313138	10.490722	0.009804	2.1
282	-0.568637	27.313138	10.273581	0.009354	2.3
283	-0.581017	26.521737	10.444672	0.009847	2.1
284	-0.587605	25.728634	10.621945	0.017506	2.1
285	-0.562681	26.728634	10.399396	0.008900	2.4
286	-0.546135	25.935531	10.575122	0.008538	2.0
287	-0.587730	25.161476	10.752450	0.004163	2.0
288	-0.587938	24.368375	10.940417	0.009433	1.9
289	-0.580883	25.364707	10.705319	0.011563	2.2
290	-0.561195	26.281893	10.497654	0.006878	2.2
291	-0.559165	27.281878	10.280233	0.009211	2.4
292	-0.560918	27.450176	10.244523	0.008402	2.0
293	-0.605433	26.657072	10.415012	0.011714	2.0
294	-0.581611	27.657072	10.200962	0.008352	2.2
295	-0.582269	28.657072	9.995534	0.008011	2.1
296	-0.568084	29.657072	9.798216	0.005921	2.2
297	-0.578341	30.618693	9.615682	0.010013	2.3
298	-0.574275	31.618691	9.432940	0.006767	2.0
299	-0.538399	32.618566	9.257035	0.006233	2.1
300	-0.552423	31.837957	9.393795	0.004753	1.9
301	-0.591653	31.044913	9.536935	0.008276	2.0
302	-0.590109	30.706890	9.599281	0.006726	2.3
303	-0.591057	29.913787	9.748812	0.009566	2.8
304	-0.588743	30.913786	9.561024	0.008609	2.1
305	-0.582635	31.913786	9.380334	0.009174	2.0
306	-0.607847	31.199413	9.508708	0.008420	2.0
307	-0.585296	30.406309	9.655409	0.009452	2.0
308	-0.581371	30.556638	9.627256	0.008294	2.0
309	-0.568197	29.763535	9.777667	0.009387	2.5
310	-0.596797	28.988485	9.929266	0.006814	3.3
311	-0.581994	28.195382	10.089341	0.009105	2.9
312	-0.606545	27.458721	10.242717	0.009526	2.3
313	-0.581733	26.665618	10.413144	0.007468	3.0
314	-0.596350	26.355549	10.481326	0.009879	2.3
315	-0.549925	25.562449	10.659855	0.010586	2.6
316	-0.562467	26.562448	10.435732	0.009095	2.1
317	-0.574262	25.769344	10.612699	0.009811	2.0
318	-0.596381	24.976241	10.795771	0.005912	2.1
319	-0.595507	25.976062	10.565998	0.013172	2.1
320	-0.590919	26.882704	10.365934	0.006980	2.3
321	-0.555772	26.089600	10.540522	0.008782	2.2
322	-0.583697	25.296497	10.721091	0.011595	2.0
323	-0.581370	26.296497	10.494413	0.011589	2.1
324	-0.599135	25.503394	10.673392	0.009367	2.1
325	-0.579193	24.710291	10.858582	0.012110	2.1
326	-0.596447	23.917187	11.050313	0.006133	2.1
327	-0.578756	24.915573	10.810035	0.011189	2.3
328	-0.588482	25.915573	10.579621	0.008571	2.1
329	-0.585546	25.122469	10.761543	0.008879	2.0
330	-0.568940	26.122469	10.533170	0.008552	2.1
331	-0.586897	27.122469	10.314287	0.005699	2.1
332	-0.605267	28.122469	10.104316	0.008537	2.0
333	-0.549082	29.113797	9.904437	0.008756	2.3
334	-0.569021	28.320694	10.063706	0.013128	2.2
335	-0.585842	27.527591	10.228181	0.010292	2.1
336	-0.587947	28.527591	10.021666	0.008462	2.0
337	-0.572927	29.527582	9.823327	0.007046	2.2
338	-0.570193	28.905111	9.945854	0.004176	2.0
339	-0.575784	28.159085	10.096790	0.009920	2.0
340	-0.551052	29.159085	9.895495	0.006771	2.3
341	-0.610345	28.365982	10.054474	0.009203	2.2
342	-0.568575	27.572928	10.218634	0.010289	2.0
343	-0.609983	28.572575	10.012572	0.007741	2.4
344	-0.546909	29.571119	9.814870	0.006444	2.0
345	-0.595422	30.571119	9.624553	0.007418	4.0
346	-0.534510	30.370916	9.662062	0.010023	3.7
347	-0.563092	31.370916	9.477569	0.006030	3.0
348	-0.579662	32.116299	9.344570	0.007829	2.3
349	-0.560037	31.323220	9.486208	0.009624	2.0
350	-0.602707	32.307317	9.311085	0.010622	2.0
351	-0.588910	33.307317	9.139633	0.007588	2.0
352	-0.573435	32.514214	9.275086	0.008620	2.2
353	-0.583434	33.514210	9.104946	0.014302	2.3
354	-0.582861	34.514210	8.940935	0.012110	2.2
355	-0.567155	33.721107	9.070521	0.009510	2.1
356	-0.551398	34.721107	8.907737	0.007721	1.9
357	-0.566738	35.721107	8.750692	0.006910	1.9
358	-0.543988	34.928004	8.874784	0.012120	1.9
359	-0.556010	35.928003	8.718889	0.005736	2.2
360	-0.568791	36.928003	8.568377	0.006431	2.1
361	-0.600725	37.927207	8.423086	0.011384	2.0
362	-0.564555	37.134105	8.538000	0.007433	1.9
363	-0.594234	36.341001	8.656092	0.006305	1.9
364	-0.590539	37.339499	8.507940	0.009186	1.9
365	-0.581556	37.593356	8.471079	0.006444	1.9
366	-0.563543	36.800253	8.587315	0.007868	2.5
367	-0.599670	37.800252	8.441273	0.008304	2.0
368	-0.562194	37.007149	8.556686	0.007537	1.9
369	-0.568834	36.214045	8.675299	0.005529	1.9
370	-0.579545	35.420983	8.797241	0.008684	1.9
371	-0.571967	36.420983	8.644035	0.003777	1.9
372	-0.580623	37.420689	8.496116	0.005473	1.9
373	-0.579983	37.307240	8.512647	0.008362	2.5
374	-0.562969	36.516867	8.629624	0.013344	2.1
375	-0.560063	37.516375	8.482223	0.010683	2.0
376	-0.579925	38.516375	8.339704	0.009240	1.9
377	-0.570530	37.723285	8.452336	0.009542	1.9
378	-0.567825	36.960277	8.563606	0.007753	1.9
379	-0.565585	37.960277	8.418362	0.012580	2.4
380	-0.572189	38.960276	8.277963	0.008832	2.2
381	-0.585655	39.960276	8.142170	0.010493	2.2
382	-0.566993	40.958760	8.010957	0.006843	2.0
383	-0.557794	40.165657	8.114831	0.009157	1.9
384	-0.599640	39.372554	8.221434	0.006485	1.9
385	-0.594667	38.579468	8.330873	0.007945	2.0
386	-0.561258	39.562033	8.195712	0.012213	2.1
387	-0.555397	40.562033	8.062582	0.009673	2.2
388	-0.597762	41.560273	7.933932	0.006005	2.1
389	-0.555269	42.479470	7.819047	0.008389	2.0
390	-0.556354	41.836759	7.899022	0.011649	2.0
391	-0.545837	41.045622	7.999742	0.008500	1.9
392	-0.540557	42.045622	7.872854	0.009330	2.1
393	-0.590788	41.252519	7.973155	0.009716	1.9
394	-0.604892	40.477729	8.073638	0.006870	2.2
395	-0.572813	39.684626	8.179155	0.009514	2.2
396	-0.587018	38.899045	8.286425	0.007293	2.0
397	-0.573353	38.106024	8.397604	0.010634	1.9
398	-0.593970	37.312921	8.511818	0.004509	2.0
399	-0.575695	38.182241	8.386789	0.010762	2.2
400	-0.544293	39.182241	8.247432	0.006200	2.3
401	-0.574788	40.182241	8.112631	0.009250	2.3
402	-0.574599	41.040482	8.000405	0.011494	2.1
403	-0.574859	40.247378	8.104003	0.009654	2.2
404	-0.570446	39.454275	8.210320	0.006380	2.2
405	-0.585444	40.454275	8.076720	0.008213	2.1
406	-0.568344	41.454275	7.947398	0.009335	2.0
407	-0.576973	42.454275	7.822152	0.006738	2.0
408	-0.561598	41.661172	7.921157	0.012658	2.2
409	-0.576276	42.661172	7.796730	0.008624	2.0
410	-0.572752	41.868069	7.895088	0.006583	1.9
411	-0.559472	42.868066	7.771473	0.012714	2.0
412	-0.582057	42.074963	7.869191	0.009818	2.1
413	-0.583215	43.074963	7.746379	0.012122	2.0
414	-0.580160	44.074963	7.627341	0.006079	1.9
415	-0.577147	43.603831	7.682965	0.006201	2.2
416	-0.564945	42.810728	7.778456	0.008353	2.1
417	-0.620097	42.900398	7.767541	0.010140	2.0
418	-0.616644	42.107294	7.865160	0.013125	2.9
419	-0.574704	43.107294	7.742472	0.009121	2.0
420	-0.548630	44.107294	7.623554	0.009688	1.9
421	-0.546894	43.314191	7.717565	0.006836	1.9
422	-0.576277	44.314191	7.599405	0.008825	2.2
423	-0.582231	43.521088	7.692818	0.012131	2.1
424	-0.588662	42.728200	7.788529	0.006944	1.9
425	-0.582066	43.728200	7.668203	0.005868	2.2
426	-0.541487	44.728008	7.551559	0.007726	2.1
427	-0.574833	45.727769	7.438417	0.005775	2.2
428	-0.573089	44.934667	7.527891	0.007827	2.0
429	-0.575938	45.933456	7.415559	0.009689	2.1
430	-0.569067	46.933455	7.306399	0.008982	1.9
431	-0.585493	46.140352	7.392707	0.003033	2.0
432	-0.551529	47.139473	7.284309	0.008025	1.9
433	-0.567287	47.852987	7.208822	0.010624	1.9
434	-0.582217	48.845461	7.106388	0.008589	1.9
435	-0.587494	49.652942	7.025170	0.005943	2.0
436	-0.585310	48.859844	7.104925	0.008953	2.1
437	-0.548007	48.066746	7.186511	0.013090	2.5
438	-0.583347	49.066746	7.083945	0.008428	2.0
439	-0.574691	50.066746	6.984265	0.008236	1.9
440	-0.571299	51.066746	6.887351	0.004746	1.8
441	-0.575329	51.474537	6.848598	0.008327	1.9
442	-0.572200	50.981634	6.895494	0.010435	1.9
443	-0.567378	51.981634	6.801012	0.008982	2.3
444	-0.592604	51.188532	6.875731	0.013074	2.1
445	-0.597024	52.188532	6.781786	0.013092	1.9
446	-0.585201	51.395428	6.856082	0.010527	1.9
447	-0.541161	50.602325	6.932023	0.007116	1.9
448	-0.589491	51.602325	6.836544	0.007089	2.0
449	-0.563387	50.830034	6.910048	0.008265	2.2
450	-0.563329	51.829930	6.815178	0.007368	2.8
451	-0.577711	51.052654	6.888698	0.005802	2.1
452	-0.593709	50.262006	6.965128	0.008315	2.1
453	-0.598491	51.262006	6.868740	0.009289	2.0
454	-0.558292	52.240849	6.776942	0.015438	1.9
455	-0.569307	53.240849	6.685658	0.008222	1.9
456	-0.586405	54.220794	6.598561	0.008781	2.2
457	-0.545701	55.220771	6.511991	0.008951	2.6
458	-0.583920	54.428233	6.580413	0.009231	2.2
459	-0.561045	53.635679	6.650291	0.005566	2.1
460	-0.581924	54.609427	6.564644	0.005623	2.0
461	-0.596462	54.381063	6.584531	0.007339	2.0
462	-0.589751	53.606580	6.652885	0.010357	2.0
463	-0.587691	52.813908	6.724328	0.007029	2.3
464	-0.578038	53.813841	6.634454	0.006383	2.3
465	-0.573850	54.812712	6.547041	0.005985	2.1
466	-0.559456	55.812608	6.461816	0.006131	2.0
467	-0.576259	56.812595	6.378774	0.010114	1.9
468	-0.562119	56.332670	6.418361	0.008546	2.2
469	-0.592185	55.539567	6.484868	0.008326	2.3
470	-0.595104	55.308062	6.504542	0.013477	2.2
471	-0.553606	54.904673	6.539109	0.011095	2.0
472	-0.573151	55.904569	6.454089	0.007754	2.1
473	-0.554539	55.120554	6.520564	0.008042	2.0
474	-0.563949	54.327452	6.589217	0.011672	2.1
475	-0.557007	55.327452	6.502889	0.009557	2.1
476	-0.606534	54.534349	6.571169	0.008548	2.3
477	-0.555809	55.533833	6.485353	0.010966	2.2
478	-0.559964	54.740732	6.553263	0.005812	1.9
479	-0.573949	55.740732	6.467868	0.013347	2.0
480	-0.572522	54.947629	6.535411	0.012880	2.1
481	-0.559597	54.154526	6.604379	0.006634	2.0
482	-0.589570	55.154523	6.517656	0.009808	2.0
483	-0.565838	56.154523	6.433180	0.008217	2.2
484	-0.587005	55.361419	6.499996	0.005944	2.1
485	-0.561643	56.361419	6.415975	0.010423	2.0
486	-0.548908	55.568316	6.482433	0.007017	2.3
487	-0.581798	54.775213	6.550281	0.008691	2.4
488	-0.565665	55.598827	6.479851	0.010192	2.3
489	-0.559044	56.598827	6.396346	0.007941	2.3
490	-0.572981	55.805723	6.462395	0.010535	2.0
491	-0.577297	55.012620	6.529823	0.008841	2.0
492	-0.584396	54.219517	6.598673	0.007385	2.0
493	-0.571626	55.219517	6.512098	0.006867	2.1
494	-0.590964	54.426485	6.580566	0.010000	2.0
495	-0.580081	53.653112	6.648738	0.007537	2.0
496	-0.572515	52.860009	6.720131	0.008178	2.2
497	-0.604339	53.859976	6.630365	0.008349	2.2
498	-0.567775	54.859483	6.543005	0.007499	2.1
499	-0.542143	55.859482	6.457875	0.009619	2.6
