1:ItNr	2:Metric	3:StepSize	4:||Gradient||	Time[ms]
0	0.000000	627.201626	0.000000	832.9
1	-0.918320	623.504937	0.007075	27.3
2	-0.786266	619.865785	0.006096	25.3
3	-0.324466	616.282728	0.005274	28.9
4	-0.412931	612.754375	0.007236	27.1
5	-0.000000	609.279381	0.000000	27.3
6	-0.000000	605.856447	0.000000	30.1
7	-0.643481	602.484317	0.004802	29.6
8	-0.542276	599.161779	0.006233	28.3
9	-0.000118	595.887656	0.000029	26.8
10	-0.803598	592.660813	0.009198	29.2
11	-0.000000	589.480151	0.000000	28.4
12	-0.489313	586.344606	0.006172	29.7
13	0.000000	583.253145	0.000000	29.1
14	-0.649899	580.204771	0.007006	29.1
15	-0.284026	577.198517	0.005697	28.8
16	-0.327285	574.233444	0.003435	29.5
17	-0.432806	571.308645	0.006808	27.5
18	-0.003044	568.423237	0.000188	30.4
19	-0.645226	565.576365	0.008451	28.8
20	-0.000008	562.767201	0.000006	28.4
21	-0.873183	559.994938	0.006709	28.5
22	-0.829617	557.258797	0.006372	27.9
23	-0.819581	554.558018	0.007225	28.3
24	-0.595958	551.891865	0.006160	28.4
25	-0.788568	549.259621	0.008555	27.0
26	-0.536729	546.660592	0.006683	28.8
27	-0.000000	544.094102	0.000000	28.6
28	-0.365416	541.559494	0.005604	28.7
29	-0.141009	539.056129	0.001960	28.2
30	-0.263587	536.583387	0.006726	28.5
31	-0.654671	534.140663	0.007642	29.1
32	-0.030796	531.727370	0.000505	26.6
33	-0.054469	529.342935	0.001894	28.1
34	-0.425541	526.986802	0.005090	29.2
35	-0.680026	524.658430	0.006183	28.1
36	-0.003793	522.357290	0.000072	27.7
37	-0.558211	520.082868	0.006574	28.7
38	-0.413954	517.834665	0.005351	28.1
39	-1.066061	515.612193	0.010972	28.8
40	-0.982677	513.414976	0.010103	28.2
41	-0.444938	511.242551	0.007472	28.9
42	-0.378887	509.094468	0.005840	28.5
43	-0.000464	506.970285	0.000038	28.3
44	-0.665996	504.869574	0.006680	28.2
45	-0.689526	502.791916	0.007110	28.8
46	-0.721754	500.736903	0.006020	29.2
47	-0.000000	498.704137	0.000000	29.1
48	-0.505199	496.693228	0.006775	28.0
49	-0.573134	494.703798	0.005305	29.0
50	-0.000000	492.735476	0.000000	28.8
51	-0.000190	490.787900	0.000105	28.8
52	-0.104281	488.860718	0.002713	28.5
53	-0.405724	486.953585	0.005761	29.8
54	-0.746974	485.066164	0.007653	28.2
55	-0.681970	483.198126	0.006039	28.2
56	-0.000000	481.349149	0.000000	28.7
57	-0.000000	479.518920	0.000000	29.0
58	-0.000000	477.707132	0.000000	29.2
59	-0.300336	475.913485	0.004717	28.1
60	-0.000000	474.137684	0.000000	28.4
61	-0.000124	472.379445	0.000017	29.4
62	-0.387127	470.638485	0.005045	29.6
63	-0.000000	468.914531	0.000000	27.5
64	-0.516661	467.207315	0.006627	29.3
65	-0.839830	465.516573	0.007211	29.6
66	-0.721578	463.842050	0.007279	28.4
67	-0.697489	462.183494	0.008613	28.5
68	-0.809497	460.540658	0.006767	28.6
69	-0.007888	458.913303	0.000123	29.2
70	-0.537300	457.301192	0.003368	26.5
71	-0.630469	455.704096	0.005153	29.4
72	-0.882547	454.121787	0.009172	29.4
73	-0.151057	452.554045	0.002580	28.8
74	-0.616515	451.000653	0.006647	27.6
75	-0.557761	449.461399	0.006262	29.2
76	-0.126065	447.936075	0.001617	29.7
77	-0.000000	446.424477	0.000000	28.8
78	-0.099795	444.926406	0.001765	27.4
79	-0.026716	443.441666	0.001814	28.8
80	-0.000000	441.970065	0.000000	28.8
81	-0.000000	440.511415	0.000000	29.0
82	-0.166027	439.065533	0.002776	28.3
83	-0.354065	437.632238	0.004919	29.6
84	-0.770828	436.211351	0.005947	29.3
85	-0.000000	434.802701	0.000000	29.1
86	-0.180787	433.406117	0.002050	28.3
87	-0.440475	432.021430	0.005629	28.3
88	-0.000000	430.648479	0.000000	28.3
89	-0.017226	429.287101	0.001141	30.2
90	-0.483746	427.937140	0.007420	28.8
91	-0.914103	426.598440	0.008628	28.3
92	-0.734875	425.270849	0.005939	28.0
93	-0.000000	423.954220	0.000000	28.7
94	-0.000000	422.648404	0.000000	27.7
95	-0.588930	421.353259	0.008353	29.7
96	-0.317367	420.068643	0.002108	28.8
97	-0.050497	418.794419	0.000975	30.1
98	-0.340610	417.530451	0.004825	27.6
99	-0.054821	416.276604	0.001728	29.1
100	-0.000000	415.032748	0.000000	29.2
101	-0.545030	413.798754	0.006397	29.1
102	-0.394396	412.574495	0.006680	29.7
103	-0.893255	411.359849	0.007676	27.3
104	-0.475306	410.154691	0.005553	28.8
105	-0.777712	408.958904	0.005093	27.8
106	-0.024552	407.772368	0.001190	28.1
107	-0.791665	406.594968	0.008094	28.7
108	-0.575774	405.426590	0.005762	30.5
109	-0.000000	404.267122	0.000000	28.4
110	0.000000	403.116456	0.000000	28.2
111	-0.439211	401.974481	0.006346	28.6
112	-0.275649	400.841093	0.004221	29.3
113	-0.637347	399.716187	0.004158	28.2
114	-0.356841	398.599660	0.004136	27.9
115	-0.995596	397.491411	0.008528	27.2
116	-0.232561	396.391342	0.002958	29.6
117	-0.000000	395.299353	0.000000	30.2
118	-0.000000	394.215350	0.000000	28.5
119	-0.193021	393.139238	0.003646	28.4
120	-0.756689	392.070924	0.005626	29.3
121	-0.119429	391.010316	0.003141	28.7
122	-0.983027	389.957325	0.008051	27.4
123	-0.000000	388.911862	0.000000	29.1
124	-0.000000	387.873839	0.000000	29.9
125	-0.000000	386.843173	0.000000	30.3
126	-0.000000	385.819777	0.000000	28.0
127	-0.187789	384.803569	0.002929	29.1
128	-0.616555	383.794468	0.006967	30.2
129	-0.714443	382.792393	0.004852	33.1
130	-0.014875	381.797264	0.000768	31.8
131	-0.000000	380.809005	0.000000	30.5
132	-0.000000	379.827537	0.000000	31.7
133	-0.848956	378.852786	0.006550	28.6
134	-0.917858	377.884678	0.006180	29.4
135	-0.048234	376.923138	0.002614	29.6
136	-0.979531	375.968095	0.009350	31.1
137	-0.545523	375.019479	0.007759	31.1
138	-0.710878	374.077218	0.005196	29.7
139	-0.234810	373.141244	0.003920	29.3
140	-0.666984	372.211489	0.007176	30.1
141	-0.027211	371.287887	0.000992	30.2
142	-0.880675	370.370370	0.006766	29.7
143	-0.827203	369.458876	0.006255	28.6
144	-0.012675	368.553338	0.001706	27.1
145	-0.460669	367.653696	0.007196	29.9
146	-0.486680	366.759885	0.009626	29.0
147	-0.038637	365.871846	0.001087	30.0
148	-0.900220	364.989518	0.006598	28.5
149	-0.441373	364.112841	0.005592	29.5
150	-0.354759	363.241757	0.004875	29.4
151	-0.000000	362.376208	0.000000	29.4
152	-0.502999	361.516137	0.005960	27.8
153	-0.234832	360.661488	0.003595	28.9
154	-0.000000	359.812206	0.000000	28.8
155	-0.000021	358.968236	0.000001	28.6
156	-0.402673	358.129524	0.005479	27.2
157	-0.632054	357.296018	0.003853	28.6
158	-0.632793	356.467665	0.005491	28.9
159	-0.446774	355.644414	0.004405	28.3
160	-0.607359	354.826213	0.006868	29.0
161	-0.000000	354.013012	0.000000	28.8
162	-0.000029	353.204763	0.000004	29.4
163	-0.000000	352.401415	0.000000	27.8
164	-0.000000	351.602922	0.000000	28.2
165	-0.848844	350.809235	0.007939	28.1
166	-0.816566	350.020308	0.006338	30.6
167	-0.000000	349.236095	0.000000	27.7
168	-0.000000	348.456550	0.000000	28.4
169	-0.593392	347.681627	0.006917	29.7
170	-0.972116	346.911283	0.010174	28.8
171	-0.000000	346.145474	0.000000	28.4
172	-0.883213	345.384157	0.007971	27.2
173	-0.000000	344.627288	0.000000	28.6
174	-0.531973	343.874826	0.007161	28.5
175	-0.748046	343.126729	0.003990	27.7
176	-0.516161	342.382957	0.007277	29.2
177	-0.568602	341.643469	0.004462	27.9
178	-0.064585	340.908224	0.003032	28.3
179	-0.000000	340.177184	0.000000	26.7
180	-0.949172	339.450309	0.008084	29.6
181	-0.509611	338.727561	0.006533	28.7
182	-0.493366	338.008902	0.007357	29.4
183	-0.572740	337.294295	0.005056	29.2
184	-0.815806	336.583703	0.005139	28.5
185	-0.276039	335.877089	0.003470	28.5
186	-0.695063	335.174416	0.005341	31.3
187	-0.373235	334.475651	0.004725	27.0
188	-0.000000	333.780756	0.000000	28.9
189	-0.618125	333.089698	0.006324	29.3
190	-0.000000	332.402443	0.000000	29.8
191	-0.991034	331.718955	0.008954	27.6
192	-0.720220	331.039203	0.007010	28.3
193	-0.782292	330.363153	0.005470	28.0
194	-0.000000	329.690771	0.000000	27.2
195	-0.906966	329.022027	0.006957	28.7
196	-0.000000	328.356888	0.000000	28.8
197	-0.416200	327.695322	0.004732	28.7
198	-0.819794	327.037299	0.006650	26.9
199	-0.572303	326.382787	0.006463	29.0
200	-0.760415	325.731758	0.012226	29.6
201	-0.058158	325.084179	0.002153	30.3
202	-0.776117	324.440023	0.004315	27.1
203	-0.876471	323.799258	0.009397	28.9
204	-0.115099	323.161858	0.002536	28.3
205	-1.036933	322.527792	0.008017	29.3
206	-1.015648	321.897034	0.012032	27.1
207	-0.738373	321.269554	0.008566	28.9
208	-0.678243	320.645325	0.007989	28.2
209	-0.454433	320.024320	0.005195	27.1
210	-0.485480	319.406512	0.005761	28.9
211	-0.160267	318.791875	0.004116	29.0
212	-0.264952	318.180381	0.004324	29.6
213	-0.014713	317.572005	0.000281	26.6
214	-0.000000	316.966721	0.000000	28.7
215	-0.833607	316.364504	0.008090	28.4
216	-0.427124	315.765329	0.006895	28.4
217	-0.680964	315.169170	0.005902	27.7
218	-0.599038	314.576003	0.006527	29.8
219	-0.519534	313.985804	0.007494	28.7
220	-0.847644	313.398548	0.010736	29.7
221	-1.113733	312.814213	0.010491	26.9
222	-0.141704	312.232773	0.001684	29.5
223	-0.000484	311.654207	0.000019	28.6
224	-0.000000	311.078491	0.000000	27.8
225	-0.000000	310.505602	0.000000	29.0
226	-0.288845	309.935518	0.002864	29.0
227	-0.000000	309.368217	0.000000	28.5
228	-0.061568	308.803676	0.001368	28.2
229	-0.000000	308.241874	0.000000	28.8
230	-0.219033	307.682789	0.004425	28.4
231	-1.029362	307.126400	0.007798	27.9
232	-0.756863	306.572687	0.008137	27.4
233	-0.934155	306.021627	0.007864	28.7
234	-0.331309	305.473201	0.005030	28.7
235	-0.842077	304.927388	0.008869	27.8
236	-0.753115	304.384168	0.007372	29.3
237	-0.473228	303.843521	0.003443	28.5
238	-1.024230	303.305427	0.007661	28.3
239	-0.429139	302.769867	0.005503	27.9
240	-0.162107	302.236821	0.003348	28.1
241	-0.177799	301.706270	0.003761	29.6
242	-0.996391	301.178196	0.008396	27.1
243	-0.700234	300.652580	0.005332	28.7
244	-0.000000	300.129402	0.000000	28.8
245	-0.588855	299.608645	0.005547	27.6
246	-0.442611	299.090291	0.003962	27.1
247	-0.539178	298.574321	0.006780	26.8
248	-0.405490	298.060718	0.005269	29.4
249	-0.012866	297.549465	0.000149	28.4
250	-0.957970	297.040543	0.010645	29.4
251	-0.777481	296.533936	0.006674	29.0
252	-0.733698	296.029626	0.007502	28.6
253	-0.038216	295.527597	0.000531	27.2
254	-0.710860	295.027832	0.006608	29.2
255	-0.000000	294.530315	0.000000	29.4
256	-0.000000	294.035028	0.000000	29.3
257	-0.000000	293.541956	0.000000	26.5
258	-0.000001	293.051083	0.000000	28.5
259	-0.205426	292.562393	0.003266	29.2
260	-0.393970	292.075870	0.004094	28.2
261	-0.559286	291.591498	0.005759	28.3
262	-1.019567	291.109263	0.008005	28.7
263	-1.012721	290.629149	0.008536	29.0
264	-0.490093	290.151140	0.003746	27.4
265	-0.001113	289.675222	0.000361	28.3
266	-0.225655	289.201380	0.004089	29.0
267	-0.889612	288.729600	0.007676	28.2
268	-0.598730	288.259866	0.006522	27.4
269	-0.831211	287.792165	0.005060	28.9
270	-0.000000	287.326481	0.000000	28.4
271	-0.000000	286.862802	0.000000	29.8
272	-0.353859	286.401113	0.005168	28.0
273	-1.102551	285.941400	0.008743	29.1
274	-0.000000	285.483649	0.000000	29.5
275	-0.000000	285.027847	0.000000	27.4
276	-0.519561	284.573981	0.004389	27.8
277	-0.247163	284.122037	0.003970	28.4
278	-0.000000	283.672002	0.000000	29.1
279	-1.045521	283.223863	0.008176	28.3
280	-0.963896	282.777607	0.007414	28.5
281	-0.324737	282.333221	0.003007	29.6
282	-1.025983	281.890692	0.007653	27.8
283	-0.696414	281.450008	0.005619	28.1
284	-0.425289	281.011157	0.003744	27.2
285	-0.696725	280.574125	0.007632	29.3
286	-0.063228	280.138901	0.001531	29.5
287	-0.022692	279.705473	0.001087	29.3
288	-0.726197	279.273829	0.006384	29.2
289	-0.000000	278.843956	0.000000	28.7
290	-0.064310	278.415844	0.001944	28.8
291	-0.499043	277.989479	0.006474	29.5
292	-1.043955	277.564851	0.008543	27.4
293	-0.642733	277.141949	0.006737	29.5
294	-0.000000	276.720761	0.000000	27.5
295	-0.000000	276.301275	0.000000	28.4
296	-0.475150	275.883480	0.006136	29.6
297	-0.628630	275.467366	0.005198	28.2
298	-0.420430	275.052922	0.003529	29.0
299	-0.602535	274.640136	0.006946	26.5
300	-0.352642	274.228998	0.002295	29.8
301	-0.063385	273.819497	0.003500	27.6
302	-0.035205	273.411623	0.000634	28.4
303	-0.659773	273.005365	0.007024	29.2
304	-0.551476	272.600712	0.006845	29.1
305	-0.249339	272.197655	0.003727	28.7
306	-0.664163	271.796184	0.007760	27.9
307	-0.836258	271.396287	0.006794	29.8
308	-0.187817	270.997956	0.003069	29.0
309	-0.963877	270.601180	0.008215	28.6
310	-0.334550	270.205949	0.003458	27.9
311	-0.620828	269.812254	0.009534	28.2
312	-0.124108	269.420085	0.002849	28.3
313	-0.624603	269.029432	0.005597	29.1
314	-0.965730	268.640287	0.008847	26.7
315	-0.778771	268.252638	0.005494	30.0
316	-0.884388	267.866478	0.007737	30.2
317	-0.000000	267.481796	0.000000	29.1
318	-0.282127	267.098584	0.004839	28.4
319	-0.761810	266.716833	0.004439	28.7
320	-0.598740	266.336533	0.007539	28.8
321	-1.008961	265.957676	0.007718	27.0
322	-0.488877	265.580253	0.004738	28.7
323	-0.521212	265.204254	0.006517	28.8
324	-0.245572	264.829672	0.005449	29.3
325	-0.000000	264.456497	0.000000	27.6
326	-0.000000	264.084721	0.000000	29.5
327	-0.288924	263.714335	0.003043	30.1
328	-1.009720	263.345332	0.008377	28.6
329	-0.638641	262.977702	0.006981	27.6
330	-0.500706	262.611438	0.004470	28.5
331	-0.801275	262.246531	0.005544	29.2
332	-0.000000	261.882973	0.000000	28.7
333	-0.433892	261.520756	0.003027	26.2
334	-1.098234	261.159871	0.009660	29.0
335	-0.598814	260.800312	0.005474	28.3
336	-0.474772	260.442070	0.005372	28.7
337	-0.708264	260.085137	0.006010	27.4
338	-0.835141	259.729505	0.008799	29.0
339	-0.661439	259.375167	0.005858	28.0
340	-0.648931	259.022116	0.005216	28.6
341	-0.001299	258.670343	0.000268	29.1
342	-0.528112	258.319841	0.003003	29.3
343	-0.593444	257.970602	0.007842	26.7
344	-0.751972	257.622620	0.007117	29.1
345	-0.005720	257.275887	0.000088	29.2
346	-0.972610	256.930396	0.009229	29.7
347	-0.233663	256.586139	0.004444	28.7
348	-0.466724	256.243109	0.008130	27.6
349	-0.617338	255.901300	0.007791	29.3
350	-0.599709	255.560703	0.006780	28.4
351	-0.032833	255.221313	0.001383	29.0
352	-0.000000	254.883122	0.000000	27.6
353	-0.077155	254.546124	0.001775	30.1
354	-0.215384	254.210311	0.002728	28.9
355	-0.008723	253.875677	0.000222	28.0
356	-0.427210	253.542215	0.006148	28.1
357	-0.670460	253.209918	0.008180	30.0
358	-0.817882	252.878781	0.004794	30.2
359	-0.717691	252.548795	0.007473	29.2
360	-0.157169	252.219956	0.002773	27.8
361	-0.735949	251.892255	0.007899	29.9
362	-0.278515	251.565688	0.004199	30.6
363	-0.045789	251.240247	0.002088	30.7
364	-0.351903	250.915926	0.004578	28.8
365	-0.679685	250.592720	0.007937	29.4
366	-0.003873	250.270621	0.000706	28.9
367	-0.884007	249.949624	0.008077	28.7
368	-0.416529	249.629723	0.005138	28.8
369	-0.225433	249.310911	0.003926	27.0
370	-0.762149	248.993182	0.006903	28.8
371	-0.355826	248.676531	0.004158	28.4
372	-0.903753	248.360952	0.007388	27.3
373	-0.451435	248.046438	0.005178	28.4
374	-0.887672	247.732984	0.007769	28.7
375	-0.966507	247.420584	0.007599	28.1
376	-0.741184	247.109233	0.007702	29.2
377	-0.000000	246.798924	0.000000	28.7
378	-0.554170	246.489652	0.006782	29.0
379	-0.000000	246.181412	0.000000	28.0
380	-0.543831	245.874197	0.007214	28.4
381	-0.624385	245.568002	0.004736	28.9
382	-0.000000	245.262822	0.000000	29.0
383	-0.473580	244.958652	0.005393	27.4
384	-0.609662	244.655485	0.004577	28.2
385	-0.805579	244.353317	0.006214	29.0
386	-0.275893	244.052142	0.005547	28.1
387	-0.472162	243.751955	0.006248	27.2
388	-0.759164	243.452750	0.009127	29.6
389	-0.000000	243.154523	0.000000	29.6
390	-0.804906	242.857268	0.006364	28.9
391	-0.526379	242.560980	0.005423	28.6
392	-0.117849	242.265654	0.003036	28.3
393	-0.863113	241.971285	0.007417	28.9
394	-0.817906	241.677868	0.007708	27.8
395	-0.482102	241.385397	0.003687	28.2
396	-0.337421	241.093869	0.003673	28.0
397	-0.000000	240.803278	0.000000	30.1
398	-0.575520	240.513619	0.005593	26.6
399	-0.537344	240.224887	0.006915	29.4
400	-0.024954	239.937077	0.000736	29.0
401	-0.932534	239.650186	0.007865	28.2
402	-0.957613	239.364207	0.007631	27.4
403	-0.007403	239.079136	0.000873	28.1
404	-0.000000	238.794969	0.000000	28.7
405	-0.000000	238.511701	0.000000	29.3
406	-0.000000	238.229327	0.000000	26.7
407	-0.694708	237.947843	0.006587	30.1
408	-0.000000	237.667244	0.000000	29.2
409	-0.013929	237.387526	0.002309	27.7
410	-0.000000	237.108684	0.000000	29.6
411	-0.000000	236.830714	0.000000	28.4
412	-0.000000	236.553610	0.000000	28.7
413	-0.852403	236.277370	0.005465	26.9
414	-0.013887	236.001989	0.001608	28.6
415	-0.940169	235.727461	0.009456	28.5
416	-0.652785	235.453784	0.006221	28.3
417	0.000000	235.180952	0.000000	27.5
418	-0.832617	234.908962	0.007560	29.1
419	-0.547342	234.637809	0.006992	28.9
420	-0.008591	234.367488	0.000019	30.0
421	-0.960640	234.097997	0.008362	27.4
422	-0.000000	233.829331	0.000000	28.8
423	-0.000000	233.561485	0.000000	28.4
424	-0.805459	233.294456	0.006456	29.9
425	-0.450304	233.028239	0.005619	28.2
426	-0.938004	232.762831	0.009343	28.8
427	-0.588248	232.498228	0.006607	28.8
428	-0.000000	232.234425	0.000000	29.9
429	-0.380180	231.971419	0.006778	26.8
430	-0.036163	231.709205	0.001228	30.9
431	-0.818758	231.447781	0.008042	28.8
432	-0.000000	231.187141	0.000000	27.3
433	-0.000000	230.927283	0.000000	28.1
434	-0.891237	230.668202	0.007373	29.1
435	-0.843491	230.409895	0.009851	29.6
436	-0.584503	230.152358	0.005694	27.4
437	-0.997577	229.895587	0.008579	29.5
438	-0.469043	229.639578	0.006704	28.9
439	-0.884381	229.384329	0.006547	27.9
440	-0.519095	229.129834	0.007254	26.5
441	-0.639036	228.876091	0.004715	29.3
442	-0.863252	228.623096	0.004751	29.5
443	-0.043536	228.370846	0.001861	29.2
444	-0.356190	228.119336	0.004272	27.2
445	-0.248496	227.868563	0.003488	29.6
446	-0.577867	227.618525	0.005725	28.6
447	-0.000215	227.369216	0.000060	27.8
448	-0.773177	227.120635	0.006002	29.1
449	-0.714557	226.872777	0.005188	29.2
450	-0.598269	226.625638	0.006194	29.2
451	-0.063718	226.379217	0.001545	27.7
452	-0.357871	226.133509	0.005334	28.7
453	-0.000000	225.888510	0.000000	28.9
454	-0.306509	225.644218	0.003892	28.5
455	-0.956270	225.400630	0.009372	27.6
456	-0.421604	225.157741	0.005778	28.6
457	-0.653874	224.915549	0.005070	29.4
458	-0.000000	224.674051	0.000000	29.8
459	-0.784315	224.433242	0.005451	27.1
460	-0.311705	224.193121	0.006305	28.4
461	-0.000000	223.953684	0.000000	29.0
462	-0.000000	223.714927	0.000000	27.4
463	-0.000000	223.476848	0.000000	27.6
464	-0.780969	223.239444	0.007824	29.7
465	-0.734393	223.002710	0.006160	28.2
466	-0.460798	222.766645	0.007317	27.9
467	-0.646295	222.531245	0.006520	29.1
468	-0.602538	222.296508	0.004780	29.1
469	-0.648417	222.062429	0.004575	29.2
470	-0.273938	221.829007	0.003905	27.3
471	-0.512532	221.596238	0.005560	27.9
472	-0.802104	221.364119	0.006008	28.5
473	-0.425460	221.132647	0.006459	28.4
474	-0.000000	220.901820	0.000000	26.8
475	-0.051157	220.671634	0.001798	30.0
476	-0.666715	220.442086	0.006318	27.7
477	-0.438186	220.213174	0.005354	28.5
478	-0.275040	219.984895	0.004034	27.2
479	-0.644514	219.757246	0.004651	29.2
480	-0.664952	219.530224	0.006964	29.5
481	-0.574984	219.303826	0.007189	28.3
482	-0.593987	219.078050	0.004411	29.4
483	-0.000000	218.852893	0.000000	28.8
484	-0.005892	218.628352	0.000121	28.2
485	-0.127637	218.404424	0.001899	27.8
486	-0.687606	218.181106	0.007033	27.5
487	-0.000000	217.958397	0.000000	28.8
488	-0.763576	217.736292	0.006535	29.1
489	-0.274024	217.514790	0.003383	28.1
490	-0.035227	217.293888	0.002071	28.4
491	-0.000001	217.073584	0.000001	27.8
492	-0.450566	216.853873	0.004848	29.8
493	-0.205211	216.634755	0.003650	29.3
494	-0.167944	216.416227	0.003039	30.0
495	-0.000000	216.198285	0.000000	28.7
496	-0.125309	215.980927	0.002447	27.6
497	-0.907394	215.764151	0.006479	29.1
498	-0.232213	215.547955	0.003669	28.5
499	-0.653412	215.332335	0.006871	28.6
500	-0.640644	215.117289	0.006544	29.0
501	-0.758889	214.902815	0.006481	27.9
502	-0.097613	214.688911	0.001887	28.7
503	-0.931602	214.475573	0.006084	28.4
504	-0.812513	214.262800	0.005467	27.2
505	-0.000000	214.050588	0.000000	28.8
506	-0.081977	213.838936	0.001639	28.7
507	-0.186270	213.627842	0.002723	28.6
508	-0.717078	213.417302	0.005753	28.3
509	-0.513287	213.207314	0.006046	29.5
510	-0.761934	212.997877	0.006255	28.5
511	-0.729442	212.788987	0.008856	29.8
512	-0.348712	212.580642	0.005218	28.0
513	-0.051870	212.372841	0.001558	29.0
514	-0.000000	212.165581	0.000000	29.3
515	-0.770505	211.958859	0.006876	27.1
516	-0.974444	211.752673	0.007329	28.2
517	-0.358038	211.547021	0.005604	29.4
518	-0.054164	211.341902	0.001802	28.3
519	-0.000937	211.137311	0.000044	27.6
520	-0.000000	210.933248	0.000000	28.6
521	-0.876130	210.729710	0.006269	28.5
522	-1.007645	210.526695	0.007260	29.2
523	-0.290504	210.324200	0.004325	28.1
524	-0.171022	210.122224	0.003306	28.0
525	-0.230730	209.920765	0.002550	28.3
526	-0.975705	209.719820	0.006650	28.7
527	-0.000001	209.519387	0.000001	28.5
528	-0.194086	209.319463	0.002160	29.2
529	-0.127078	209.120048	0.002226	28.5
530	-0.180778	208.921139	0.002195	28.7
531	-0.666826	208.722733	0.005064	28.9
532	-0.750145	208.524829	0.006687	28.6
533	-0.000000	208.327425	0.000000	28.4
534	-0.748329	208.130518	0.005472	28.9
535	-0.743858	207.934107	0.007593	27.4
536	-0.000000	207.738189	0.000000	29.2
537	-0.000000	207.542762	0.000000	28.5
538	-0.000667	207.347825	0.000063	28.4
539	-0.000000	207.153376	0.000000	28.4
540	-0.635680	206.959412	0.005922	28.7
541	-0.000000	206.765932	0.000000	28.2
542	-0.470165	206.572933	0.003056	28.3
543	-0.848825	206.380414	0.005157	27.6
544	-0.020885	206.188373	0.000723	29.2
545	-0.432453	205.996807	0.004643	28.9
546	-0.535271	205.805716	0.007342	28.5
547	-0.536924	205.615096	0.005752	28.4
548	-0.000000	205.424946	0.000000	27.6
549	-0.520279	205.235265	0.005911	28.8
550	-0.763892	205.046050	0.007360	28.2
551	-0.806848	204.857299	0.005942	29.5
552	-0.597469	204.669011	0.005467	28.4
553	-0.846785	204.481184	0.006436	28.5
554	-0.466589	204.293816	0.008177	29.3
555	-0.819033	204.106905	0.007240	29.4
556	-0.918357	203.920449	0.006468	28.5
557	-0.444973	203.734447	0.005026	26.7
558	-0.000000	203.548896	0.000000	28.5
559	-0.786411	203.363795	0.006443	28.1
560	-0.957184	203.179143	0.008123	29.0
561	-0.705279	202.994937	0.008957	29.2
562	-0.000000	202.811176	0.000000	29.1
563	-0.635024	202.627857	0.005058	29.9
564	-0.280496	202.444980	0.003853	28.1
565	-0.994285	202.262543	0.007670	28.1
566	-0.107538	202.080543	0.001845	30.1
567	-0.816610	201.898979	0.006996	30.2
568	-0.390528	201.717849	0.002821	29.2
569	-0.684989	201.537153	0.004360	27.7
570	-0.505510	201.356887	0.005492	28.2
571	-0.006884	201.177050	0.001360	29.0
572	-0.000000	200.997642	0.000000	28.4
573	-0.894915	200.818659	0.006115	27.4
574	-0.523398	200.640100	0.006925	28.8
575	-0.429978	200.461965	0.005956	28.0
576	-0.000000	200.284250	0.000000	29.0
577	-0.652645	200.106955	0.006435	27.6
578	-0.921858	199.930078	0.006598	28.1
579	-0.000641	199.753617	0.000040	28.4
580	-0.009488	199.577571	0.000355	28.3
581	-0.004740	199.401938	0.000341	27.6
582	-0.732783	199.226717	0.005106	30.1
583	-0.858077	199.051905	0.006757	27.2
584	-0.265472	198.877502	0.004955	28.7
585	-0.000000	198.703506	0.000000	35.2
586	-0.422925	198.529916	0.006184	30.8
587	-0.523233	198.356729	0.007157	29.6
588	-0.460012	198.183944	0.006754	28.6
589	-0.228991	198.011560	0.003000	29.2
590	-0.480566	197.839576	0.005836	27.2
591	-0.153191	197.667989	0.003096	28.6
592	-0.000000	197.496798	0.000000	28.6
593	-0.669429	197.326002	0.007285	28.8
594	-0.000294	197.155600	0.000099	28.3
595	-0.504283	196.985589	0.006431	28.2
596	-0.201577	196.815969	0.002956	28.2
597	-0.473698	196.646738	0.007132	29.5
598	-0.670685	196.477894	0.004331	28.6
599	-0.000000	196.309436	0.000000	28.9
600	-0.001744	196.141363	0.000110	27.7
601	-0.979067	195.973673	0.006497	28.2
602	-0.976082	195.806365	0.007146	29.2
603	-0.000000	195.639437	0.000000	29.3
604	-0.350908	195.472888	0.004780	28.1
605	-0.905858	195.306717	0.008288	29.1
606	-0.037955	195.140922	0.000622	28.1
607	-0.000000	194.975501	0.000000	29.5
608	-0.000000	194.810454	0.000000	28.7
609	-0.766653	194.645779	0.004573	28.7
610	-0.973634	194.481475	0.008148	28.3
611	-0.561413	194.317540	0.007673	28.8
612	-0.607010	194.153973	0.004482	28.7
613	-0.175586	193.990773	0.003264	27.1
614	-0.000000	193.827938	0.000000	29.1
615	-0.000000	193.665467	0.000000	28.4
616	-0.000000	193.503358	0.000000	26.9
617	-0.938369	193.341611	0.007034	28.5
618	-0.083812	193.180224	0.002150	28.5
619	-0.223191	193.019196	0.004440	29.2
620	-0.290499	192.858525	0.003349	27.6
621	-0.305282	192.698210	0.003746	28.7
622	-0.888819	192.538251	0.008467	28.5
623	-0.004913	192.378644	0.000096	30.1
624	-0.595650	192.219391	0.006121	29.8
625	-0.784622	192.060488	0.008337	28.5
626	-0.585735	191.901935	0.007766	28.5
627	-0.383828	191.743730	0.005526	28.1
628	-0.130735	191.585873	0.003725	28.7
629	-0.688170	191.428362	0.006190	28.7
630	-0.719832	191.271196	0.005981	29.0
631	-0.000000	191.114374	0.000000	26.7
632	-0.967677	190.957893	0.007694	29.4
633	-0.750730	190.801755	0.007065	29.7
634	-0.358517	190.645956	0.004414	29.2
635	-1.010512	190.490495	0.008065	28.6
636	-0.029800	190.335373	0.000251	28.9
637	-0.650093	190.180587	0.006059	28.5
638	-0.660837	190.026136	0.006129	28.2
639	-0.000000	189.872019	0.000000	27.0
640	-0.000000	189.718235	0.000000	30.5
641	-0.710952	189.564782	0.006434	28.3
642	-0.042298	189.411661	0.000827	29.3
643	-0.645384	189.258868	0.007885	29.4
644	-0.390411	189.106404	0.003943	28.1
645	-0.146392	188.954267	0.002787	28.8
646	-0.788072	188.802456	0.006587	28.5
647	-0.781718	188.650969	0.005275	27.6
648	-0.819064	188.499807	0.006891	26.8
649	-0.000000	188.348967	0.000000	29.8
650	-0.261208	188.198448	0.003025	27.9
651	-0.279636	188.048250	0.004021	28.2
652	-0.726969	187.898371	0.004200	28.2
653	-0.078370	187.748810	0.002266	29.6
654	-0.535413	187.599566	0.006105	28.4
655	-0.000000	187.450638	0.000000	28.4
656	-0.622310	187.302025	0.005294	27.5
657	-0.000000	187.153725	0.000000	29.0
658	-0.793879	187.005739	0.006814	28.5
659	-0.747647	186.858064	0.009948	28.9
660	-0.818318	186.710699	0.008029	28.9
661	-0.349693	186.563645	0.004574	29.3
662	-0.000000	186.416898	0.000000	27.5
663	-0.000000	186.270459	0.000000	28.2
664	-0.648970	186.124326	0.005417	28.3
665	-0.547360	185.978499	0.005839	29.0
666	-0.905266	185.832976	0.005043	27.8
667	-0.551619	185.687756	0.007007	29.2
668	-0.839967	185.542838	0.007418	28.9
669	-0.872140	185.398222	0.005465	29.5
670	-1.002206	185.253906	0.009229	28.0
671	-0.000000	185.109889	0.000000	27.8
672	-0.705926	184.966170	0.006154	28.3
673	-0.000000	184.822748	0.000000	28.0
674	-0.000000	184.679623	0.000000	27.5
675	-0.386159	184.536792	0.005198	29.7
676	-0.540156	184.394256	0.005985	28.1
677	-0.335344	184.252013	0.003383	28.8
678	-0.000000	184.110062	0.000000	28.9
679	-0.720298	183.968403	0.004421	28.7
680	-0.971151	183.827034	0.008222	27.3
681	-0.359007	183.685954	0.005884	28.6
682	-0.480821	183.545163	0.003608	29.1
683	-0.023265	183.404658	0.000750	28.8
684	-0.157512	183.264441	0.001916	27.0
685	-0.556661	183.124509	0.007047	29.2
686	-0.487871	182.984861	0.006806	28.5
687	-0.616045	182.845497	0.007860	28.4
688	-0.000000	182.706416	0.000000	28.7
689	-0.000000	182.567616	0.000000	27.7
690	-0.000000	182.429098	0.000000	29.4
691	-0.464012	182.290859	0.003810	28.1
692	-0.368539	182.152899	0.003429	28.0
693	-0.658740	182.015217	0.007750	28.4
694	-0.483854	181.877813	0.005186	28.7
695	-0.000000	181.740684	0.000000	28.4
696	-0.447940	181.603832	0.005137	28.6
697	-0.000000	181.467253	0.000000	27.9
698	-0.264950	181.330948	0.003558	28.6
699	-0.251493	181.194916	0.003311	26.6
700	-0.703475	181.059155	0.008317	30.3
701	-0.000000	180.923666	0.000000	29.8
702	-1.020977	180.788446	0.008446	29.1
703	-0.000000	180.653496	0.000000	28.4
704	-0.850440	180.518814	0.008599	29.6
705	-0.223872	180.384399	0.003697	29.6
706	-0.169537	180.250251	0.003038	28.4
707	-0.884808	180.116369	0.009423	27.7
708	-0.843325	179.982752	0.005704	28.8
709	-0.535936	179.849398	0.006739	29.6
710	-0.625281	179.716308	0.006420	28.1
711	-0.755949	179.583480	0.007195	27.3
712	-0.712995	179.450913	0.007750	29.3
713	-0.597418	179.318607	0.006161	30.0
714	-0.734431	179.186561	0.009190	29.4
715	-0.501864	179.054774	0.004243	28.0
716	-0.828657	178.923245	0.005723	29.1
717	-0.150231	178.791973	0.002614	29.7
718	-0.702824	178.660958	0.008548	28.8
719	-0.569130	178.530199	0.006034	27.1
720	-0.908802	178.399694	0.007573	28.5
721	-0.000000	178.269444	0.000000	29.2
722	-0.551603	178.139447	0.005815	27.8
723	-0.428178	178.009702	0.006906	28.2
724	-0.036959	177.880209	0.000675	27.2
725	-0.370954	177.750967	0.004805	28.8
726	-0.596499	177.621975	0.006175	28.4
727	-0.635194	177.493232	0.004476	29.2
728	-0.222101	177.364738	0.003764	28.9
729	-0.657713	177.236492	0.007237	28.6
730	-0.888486	177.108492	0.005627	26.4
731	-0.858477	176.980739	0.009459	29.0
732	-0.052954	176.853231	0.001762	28.5
733	-0.705105	176.725968	0.006732	27.7
734	-0.452551	176.598949	0.005169	27.2
735	-0.099399	176.472173	0.003023	30.0
736	-0.533889	176.345639	0.006036	27.9
737	-0.260898	176.219348	0.004705	28.6
738	-0.000000	176.093296	0.000000	29.0
739	-0.411368	175.967486	0.005541	29.1
740	-0.227032	175.841914	0.002369	28.4
741	-0.723465	175.716581	0.005994	27.0
742	-0.000000	175.591486	0.000000	28.9
743	-0.411625	175.466629	0.006826	28.6
744	-0.872687	175.342008	0.006112	29.3
745	-0.000000	175.217622	0.000000	27.2
746	-0.695588	175.093472	0.008809	30.7
747	-0.303369	174.969556	0.003428	29.9
748	-0.952686	174.845873	0.007204	29.0
749	-1.001599	174.722423	0.007625	30.5
750	-0.868834	174.599206	0.006328	28.6
751	-0.013419	174.476220	0.000794	28.4
752	-0.678083	174.353464	0.007388	27.7
753	-0.066782	174.230939	0.000930	28.2
754	-0.456408	174.108643	0.004345	27.9
755	-0.154672	173.986576	0.003281	30.6
756	-0.871497	173.864737	0.005180	28.9
757	-0.070842	173.743124	0.002637	30.4
758	-0.315731	173.621739	0.004202	28.8
759	-0.000000	173.500579	0.000000	29.3
760	-0.229061	173.379645	0.003712	29.2
761	-0.000000	173.258935	0.000000	28.0
762	-0.893541	173.138449	0.007663	28.0
763	-0.055198	173.018186	0.000969	28.9
764	-0.497198	172.898146	0.007051	29.2
765	-0.452555	172.778327	0.005003	27.3
766	-0.913748	172.658730	0.009163	30.3
767	-0.053647	172.539353	0.000558	29.5
768	-0.593825	172.420196	0.005311	29.3
769	-0.000000	172.301258	0.000000	33.3
770	-0.551631	172.182539	0.006381	30.5
771	-0.310180	172.064037	0.003446	29.9
772	-0.409370	171.945753	0.005139	28.9
773	-0.718231	171.827686	0.006102	28.7
774	-0.671930	171.709834	0.007623	28.8
775	-0.000000	171.592198	0.000000	28.4
776	-0.772016	171.474776	0.004992	27.8
777	-0.086645	171.357568	0.001975	28.1
778	-0.379352	171.240574	0.005517	30.0
779	-0.000000	171.123793	0.000000	30.0
780	-0.697098	171.007223	0.007244	30.6
781	-0.775923	170.890865	0.008018	30.1
782	-0.003268	170.774718	0.000071	29.9
783	-0.000000	170.658782	0.000000	28.8
784	-0.444172	170.543055	0.006707	28.9
785	-0.013206	170.427537	0.001976	27.5
786	-0.026956	170.312227	0.000921	29.0
787	-0.788262	170.197125	0.007101	29.5
788	-0.074028	170.082231	0.002615	29.1
789	-0.842079	169.967543	0.007667	29.4
790	-0.866450	169.853061	0.007398	28.8
791	-0.136576	169.738784	0.001779	28.6
792	-1.034706	169.624713	0.009461	30.2
793	-0.000000	169.510845	0.000000	29.1
794	-0.260905	169.397181	0.003585	30.3
795	-0.375510	169.283720	0.003644	28.9
796	-0.522591	169.170462	0.004615	29.8
797	-0.000000	169.057405	0.000000	29.0
798	-0.771255	168.944549	0.004606	29.6
799	-0.000000	168.831895	0.000000	28.9
800	-0.846796	168.719440	0.005664	29.0
801	-0.000000	168.607185	0.000000	29.9
802	-0.021531	168.495129	0.000402	28.5
803	-0.347099	168.383271	0.004740	29.0
804	-0.008571	168.271611	0.000515	27.1
805	-0.826252	168.160148	0.005992	29.5
806	-0.710704	168.048882	0.007463	29.6
807	-0.695307	167.937812	0.005806	29.4
808	-0.912592	167.826938	0.005329	29.0
809	-0.645021	167.716258	0.005994	30.0
810	-0.355602	167.605773	0.003860	29.6
811	-0.819966	167.495482	0.008083	30.4
812	-0.693685	167.385384	0.006976	30.2
813	-0.049377	167.275479	0.001607	29.1
814	-0.644048	167.165766	0.005236	28.9
815	-0.924310	167.056245	0.006046	29.3
816	-0.111797	166.946915	0.001124	29.1
817	-0.000000	166.837776	0.000000	28.3
818	-0.930564	166.728826	0.008533	28.8
819	-0.000000	166.620067	0.000000	29.3
820	-0.938386	166.511496	0.005906	28.2
821	-0.000000	166.403113	0.000000	27.9
822	-0.000000	166.294919	0.000000	27.7
823	-0.598747	166.186912	0.004111	30.1
824	-0.861079	166.079091	0.005796	29.4
825	-0.434172	165.971458	0.003985	29.3
826	-0.457085	165.864009	0.005575	27.9
827	-0.045745	165.756747	0.000369	32.1
828	-0.887459	165.649669	0.004751	30.4
829	-0.173076	165.542775	0.002667	29.5
830	-0.000000	165.436065	0.000000	28.5
831	-0.414270	165.329538	0.006208	29.2
832	-1.004586	165.223194	0.007578	28.7
833	-0.005839	165.117032	0.000473	28.8
834	-0.551817	165.011052	0.007181	27.1
835	-0.984618	164.905253	0.007961	28.8
836	-0.000000	164.799635	0.000000	28.4
837	-0.838513	164.694197	0.006884	29.8
838	-0.832452	164.588939	0.007192	28.5
839	-0.200967	164.483859	0.002475	29.3
840	-0.000934	164.378959	0.000015	29.7
841	-0.813972	164.274237	0.006115	30.8
842	-0.040254	164.169692	0.001971	27.7
843	-0.369073	164.065325	0.005121	28.9
844	-0.625107	163.961135	0.007215	30.5
845	-0.583965	163.857120	0.006510	29.7
846	-0.808300	163.753282	0.006916	29.6
847	-0.162130	163.649619	0.002449	28.4
848	-0.000002	163.546130	0.000002	28.3
849	-0.778433	163.442816	0.004594	29.0
850	-0.296924	163.339676	0.004320	31.1
851	-0.805886	163.236709	0.005324	28.6
852	-0.613280	163.133915	0.006717	28.9
853	-0.000000	163.031294	0.000000	27.8
854	-0.000000	162.928844	0.000000	30.2
855	-0.000000	162.826566	0.000000	27.7
856	-0.000000	162.724459	0.000000	28.6
857	-0.000000	162.622523	0.000000	29.3
858	-0.896629	162.520757	0.005640	29.8
859	-0.368392	162.419160	0.003753	29.8
860	-0.746139	162.317733	0.009380	29.0
861	-0.948413	162.216474	0.006580	29.7
862	-0.000000	162.115383	0.000000	30.8
863	-0.685219	162.014461	0.004326	29.8
864	-0.000000	161.913705	0.000000	27.8
865	-0.000000	161.813117	0.000000	28.7
866	-0.000000	161.712695	0.000000	27.7
867	-0.463298	161.612439	0.007215	28.7
868	-0.916836	161.512349	0.007352	27.9
869	-0.739196	161.412424	0.006814	28.5
870	-0.000000	161.312663	0.000000	27.8
871	-0.000065	161.213067	0.000042	31.3
872	-0.264653	161.113635	0.004387	31.4
873	-0.557224	161.014366	0.006302	31.3
874	-0.679594	160.915260	0.005879	31.5
875	-0.000000	160.816316	0.000000	28.9
876	-0.967318	160.717535	0.007332	29.2
877	-0.697427	160.618915	0.006526	28.7
878	-0.776456	160.520456	0.006966	28.5
879	-0.520167	160.422158	0.004851	28.5
880	-0.597924	160.324021	0.007418	28.6
881	-1.021814	160.226043	0.008676	29.1
882	-0.901292	160.128225	0.006231	29.4
883	-0.016787	160.030566	0.000199	31.2
884	-0.015093	159.933066	0.001392	27.5
885	-0.173230	159.835723	0.001685	30.4
886	-0.440962	159.738539	0.005893	30.2
887	-0.585933	159.641512	0.004481	30.0
888	-0.754634	159.544642	0.005776	27.6
889	-0.788376	159.447929	0.004285	28.6
890	-0.761566	159.351372	0.005228	28.6
891	-0.386692	159.254971	0.005041	28.2
892	-0.156083	159.158725	0.002423	27.1
893	-0.261850	159.062634	0.002860	28.9
894	-0.365347	158.966697	0.004619	28.3
895	-0.000002	158.870915	0.000002	29.2
896	-0.398175	158.775286	0.003305	29.2
897	-0.696478	158.679811	0.005231	29.1
898	-0.000000	158.584489	0.000000	30.8
899	-0.004021	158.489319	0.000140	29.1
900	-0.968879	158.394302	0.007125	28.4
901	-0.000000	158.299436	0.000000	29.0
902	-0.508453	158.204721	0.005999	28.8
903	-0.853559	158.110158	0.007805	28.1
904	-0.938367	158.015745	0.006979	28.7
905	-0.696135	157.921482	0.007621	27.5
906	-0.134571	157.827369	0.002318	30.2
907	-0.403252	157.733406	0.003162	28.6
908	-0.187189	157.639591	0.003119	30.1
909	-0.556665	157.545925	0.005784	29.2
910	-0.326680	157.452408	0.004890	30.2
911	-0.704987	157.359038	0.008916	31.1
912	-0.593091	157.265816	0.006284	29.5
913	-0.879458	157.172741	0.005187	29.2
914	-0.334325	157.079813	0.004260	29.1
915	-0.000001	156.987031	0.000000	28.9
916	-0.481410	156.894395	0.004942	29.4
917	-0.441419	156.801904	0.004996	28.7
918	-0.334476	156.709559	0.004841	27.3
919	-0.026482	156.617359	0.000415	28.8
920	-0.720338	156.525304	0.003068	28.7
921	-0.875333	156.433392	0.005456	28.1
922	-0.200594	156.341624	0.004225	28.6
923	-0.508824	156.250000	0.005650	28.6
924	-0.322023	156.158519	0.002655	28.2
925	-0.462792	156.067180	0.005825	27.5
926	-0.018874	155.975984	0.002164	28.3
927	-0.000000	155.884930	0.000000	28.8
928	-0.708899	155.794017	0.004415	29.2
929	-0.918510	155.703246	0.006649	28.2
930	-0.391280	155.612615	0.003546	28.4
931	-0.531046	155.522125	0.005672	29.9
932	-0.871913	155.431775	0.007654	28.4
933	-0.795948	155.341565	0.007593	29.1
934	-0.772873	155.251495	0.005235	28.5
935	-0.516018	155.161563	0.006275	29.8
936	-1.028296	155.071771	0.009565	28.4
937	-0.812880	154.982117	0.007704	29.4
938	-0.654699	154.892601	0.006289	27.8
939	-0.907879	154.803222	0.006134	30.0
940	-0.256201	154.713981	0.004234	28.2
941	0.000000	154.624878	0.000000	27.0
942	-0.858633	154.535910	0.005875	28.9
943	-0.000003	154.447080	0.000007	29.6
944	-0.303081	154.358385	0.002853	28.1
945	-0.471522	154.269826	0.006629	27.9
946	-0.122155	154.181402	0.001996	28.7
947	-0.483855	154.093114	0.004239	28.7
948	-0.630259	154.004960	0.004874	28.9
949	-0.243693	153.916940	0.004331	26.7
950	-0.000000	153.829054	0.000000	29.2
951	-0.000000	153.741303	0.000000	27.9
952	-0.265559	153.653684	0.004190	29.5
953	-0.903790	153.566198	0.006367	29.1
954	-0.067279	153.478846	0.002655	28.8
955	-0.904927	153.391625	0.005746	28.2
956	-0.000000	153.304537	0.000000	28.2
957	-0.687985	153.217580	0.005390	27.1
958	-0.000000	153.130755	0.000000	30.0
959	-0.665489	153.044061	0.004442	28.0
960	-0.000000	152.957498	0.000000	28.6
961	-0.952333	152.871065	0.006738	28.7
962	-0.464071	152.784762	0.005910	29.2
963	-0.760962	152.698589	0.006062	28.4
964	-0.525952	152.612545	0.005574	29.1
965	-0.595445	152.526631	0.006533	28.0
966	-0.862186	152.440845	0.008733	29.7
967	-0.000000	152.355188	0.000000	28.1
968	-0.478403	152.269660	0.004601	28.6
969	-0.332682	152.184259	0.004689	28.9
970	-0.230445	152.098986	0.004244	28.0
971	-0.000000	152.013840	0.000000	29.1
972	-0.590923	151.928821	0.006173	27.2
973	-1.006995	151.843928	0.007109	29.8
974	-0.747785	151.759163	0.007441	28.6
975	-0.000000	151.674523	0.000000	29.7
976	-0.602740	151.590009	0.005391	28.6
977	-0.915858	151.505620	0.006819	29.0
978	-0.022501	151.421357	0.001410	29.1
979	-0.762272	151.337218	0.005161	29.6
980	-0.000000	151.253204	0.000000	29.7
981	-0.315550	151.169314	0.005146	27.1
982	-0.000000	151.085549	0.000000	31.2
983	-0.285835	151.001907	0.003730	29.2
984	-0.732038	150.918388	0.006423	28.6
985	-0.779467	150.834992	0.006093	26.7
986	-0.000000	150.751719	0.000000	29.8
987	-0.668607	150.668569	0.006266	27.7
988	-0.731420	150.585541	0.007629	28.3
989	-0.558224	150.502634	0.005542	27.5
990	-0.595516	150.419849	0.006196	29.3
991	-0.000000	150.337186	0.000000	27.2
992	-0.000000	150.254644	0.000000	29.3
993	-0.000000	150.172222	0.000000	29.6
994	-0.695732	150.089921	0.006925	28.3
995	-0.305009	150.007740	0.002962	28.5
996	-0.349999	149.925679	0.004719	27.0
997	-0.719674	149.843737	0.006204	29.2
998	-0.147627	149.761915	0.003322	28.2
999	-0.000993	149.680212	0.000053	28.4
1000	-0.680065	149.598627	0.006752	28.7
1001	-0.906049	149.517161	0.007224	30.5
1002	-0.000000	149.435814	0.000000	28.0
1003	-0.000000	149.354584	0.000000	28.3
1004	-0.346231	149.273472	0.003975	27.7
1005	-0.892384	149.192477	0.005459	29.3
1006	-0.633226	149.111599	0.006981	29.8
1007	-1.040993	149.030838	0.007489	28.7
1008	-0.536337	148.950194	0.007551	29.2
1009	-0.944325	148.869666	0.006425	29.0
1010	-0.000000	148.789253	0.000000	28.3
1011	-0.716559	148.708957	0.007206	27.3
1012	-0.205009	148.628776	0.003652	29.1
1013	-0.000000	148.548710	0.000000	28.9
1014	-0.824193	148.468759	0.005139	27.4
1015	-0.796479	148.388923	0.005523	28.7
1016	-0.000000	148.309201	0.000000	28.4
1017	-0.580669	148.229594	0.007273	27.3
1018	-0.835040	148.150100	0.005909	28.9
1019	-0.000000	148.070719	0.000000	28.9
1020	-0.047823	147.991452	0.000725	28.6
1021	-0.050875	147.912298	0.000523	27.0
1022	-0.341659	147.833257	0.005081	27.9
1023	-0.720209	147.754329	0.005836	29.7
1024	-0.789145	147.675512	0.004719	28.6
1025	-0.006056	147.596808	0.000240	29.0
1026	-0.539166	147.518216	0.006480	28.2
1027	-0.878451	147.439735	0.008186	29.1
1028	-0.694792	147.361365	0.005539	28.7
1029	-1.037495	147.283106	0.008344	28.0
1030	-0.886929	147.204958	0.007601	27.4
1031	-0.000219	147.126920	0.000074	29.7
1032	-0.000000	147.048993	0.000000	28.3
1033	-0.001949	146.971175	0.000051	28.2
1034	-0.185391	146.893468	0.003623	28.3
1035	-0.000000	146.815869	0.000000	29.4
1036	-0.770464	146.738380	0.005179	28.6
1037	-0.898031	146.661000	0.006829	28.9
1038	-0.363694	146.583729	0.004107	28.9
1039	-0.819818	146.506566	0.006448	28.9
1040	-0.007908	146.429511	0.000110	28.4
1041	-0.490863	146.352565	0.007696	27.5
1042	-0.442091	146.275726	0.004679	29.8
1043	-0.461607	146.198994	0.006900	28.4
1044	-0.863655	146.122370	0.009566	29.7
1045	-0.000000	146.045853	0.000000	26.8
1046	-0.953047	145.969442	0.006767	29.7
1047	-0.571764	145.893139	0.006874	28.6
1048	-0.000000	145.816941	0.000000	28.4
1049	-0.668009	145.740849	0.003788	28.9
1050	-0.243825	145.664863	0.006107	29.2
1051	-0.316670	145.588983	0.004698	29.2
1052	-0.903597	145.513208	0.007860	27.9
1053	-0.941430	145.437538	0.006154	27.9
1054	-0.000000	145.361973	0.000000	27.4
1055	-0.006127	145.286513	0.000121	29.7
1056	0.000000	145.211157	0.000000	29.6
1057	-0.783399	145.135905	0.008287	28.4
1058	-0.666766	145.060757	0.006162	28.3
1059	-0.000000	144.985712	0.000000	29.2
1060	-0.465324	144.910771	0.004517	26.9
1061	-0.245827	144.835934	0.004261	28.3
1062	-0.025846	144.761199	0.003891	27.9
1063	-0.401554	144.686567	0.002510	28.7
1064	-0.515936	144.612037	0.005928	28.5
1065	-0.744619	144.537610	0.007371	28.8
1066	-0.000000	144.463285	0.000000	28.5
1067	-0.250032	144.389062	0.002645	26.5
1068	-0.639578	144.314940	0.006106	28.1
1069	-0.620517	144.240920	0.008151	29.3
1070	-0.216160	144.167001	0.004267	28.9
1071	-0.000000	144.093182	0.000000	27.6
1072	-0.671757	144.019465	0.007396	28.0
1073	-0.484977	143.945848	0.006629	28.4
1074	-0.000000	143.872331	0.000000	28.3
1075	-0.516650	143.798914	0.006746	26.2
1076	-0.042387	143.725597	0.001173	29.9
1077	-0.841168	143.652380	0.006076	28.5
1078	-0.515083	143.579262	0.003373	28.6
1079	-0.534128	143.506243	0.006971	30.2
1080	-0.878665	143.433323	0.006653	28.7
1081	0.000000	143.360502	0.000000	30.0
1082	-0.081637	143.287780	0.003078	29.3
1083	-0.386750	143.215155	0.004796	28.2
1084	-0.820076	143.142629	0.006452	28.5
1085	-0.741852	143.070201	0.005090	28.5
1086	-0.540024	142.997870	0.006183	28.3
1087	-0.000000	142.925637	0.000000	27.5
1088	-0.641299	142.853501	0.009530	30.1
1089	-0.709248	142.781462	0.005237	28.2
1090	-0.355262	142.709519	0.003487	29.3
1091	-0.337858	142.637674	0.005717	29.5
1092	-0.000000	142.565924	0.000000	29.0
1093	-0.000000	142.494271	0.000000	28.2
1094	-0.000000	142.422714	0.000000	27.8
1095	-0.216033	142.351252	0.003185	27.3
1096	-0.227541	142.279886	0.005104	29.3
1097	-0.000066	142.208616	0.000021	26.9
1098	-0.880046	142.137440	0.009022	29.1
1099	-1.070603	142.066360	0.008709	28.3
1100	-1.030584	141.995374	0.009883	28.0
1101	-0.577233	141.924483	0.004858	28.2
1102	-0.714740	141.853685	0.006575	27.5
1103	-0.022505	141.782983	0.001054	29.3
1104	-0.972166	141.712373	0.007142	28.6
1105	-0.000000	141.641858	0.000000	28.8
1106	-0.388707	141.571436	0.004852	29.0
1107	-0.000000	141.501108	0.000000	28.7
1108	-0.007163	141.430872	0.001755	26.9
1109	-0.090615	141.360730	0.002127	28.0
1110	-0.000900	141.290680	0.000065	27.3
1111	-0.397393	141.220722	0.005636	29.2
1112	-0.035974	141.150857	0.000889	29.4
1113	-0.819964	141.081084	0.006602	29.3
1114	-0.618191	141.011403	0.006861	29.1
1115	-0.000000	140.941813	0.000000	28.2
1116	-0.000000	140.872315	0.000000	28.1
1117	-1.014980	140.802909	0.006938	27.6
1118	-1.096052	140.733593	0.007044	30.7
1119	-0.129037	140.664369	0.002274	28.4
1120	-0.000000	140.595235	0.000000	28.8
1121	-0.000000	140.526192	0.000000	28.5
1122	-0.000000	140.457239	0.000000	28.5
1123	-0.000000	140.388376	0.000000	26.6
1124	-0.738321	140.319603	0.005433	27.8
1125	-0.504487	140.250920	0.007083	28.4
1126	-0.918772	140.182326	0.007020	28.8
1127	-0.000000	140.113822	0.000000	27.5
1128	-0.000000	140.045407	0.000000	28.9
1129	-0.455193	139.977081	0.005323	28.7
1130	-0.000000	139.908844	0.000000	29.2
1131	-0.532622	139.840696	0.002824	27.1
1132	-0.000000	139.772635	0.000000	29.0
1133	-0.655178	139.704664	0.007114	27.8
1134	-0.000000	139.636780	0.000000	27.3
1135	-0.759952	139.568984	0.007057	28.4
1136	-0.733782	139.501276	0.008280	29.6
1137	-0.557195	139.433655	0.007332	28.8
1138	-0.922864	139.366122	0.008141	26.7
1139	-0.000000	139.298676	0.000000	28.9
1140	-0.588472	139.231317	0.006064	28.3
1141	-0.815943	139.164045	0.005745	27.4
1142	-0.728231	139.096859	0.005581	29.0
1143	-0.576954	139.029760	0.007068	29.1
1144	-0.000000	138.962747	0.000000	29.2
1145	-0.270648	138.895820	0.001916	27.1
1146	-0.877971	138.828978	0.005592	29.2
1147	-0.073436	138.762223	0.001071	29.4
1148	-0.000000	138.695553	0.000000	29.6
1149	-0.000000	138.628969	0.000000	29.1
1150	-0.821293	138.562469	0.007955	28.7
1151	-0.612574	138.496055	0.005182	27.8
1152	-0.771146	138.429725	0.007491	28.5
1153	-0.719972	138.363481	0.007038	29.2
1154	-0.956459	138.297320	0.007568	29.6
1155	-0.968321	138.231244	0.007086	29.0
1156	-0.779039	138.165252	0.006339	28.7
1157	-1.027823	138.099344	0.008018	27.8
1158	-0.595098	138.033520	0.008293	28.2
1159	-0.671315	137.967779	0.006585	28.7
1160	-0.000000	137.902122	0.000000	28.8
1161	-0.420213	137.836548	0.003736	27.9
1162	-1.026633	137.771057	0.006505	28.3
1163	-0.734309	137.705649	0.005590	28.8
1164	-0.467267	137.640324	0.005400	28.4
1165	-0.371743	137.575081	0.004395	29.7
1166	-0.365881	137.509921	0.004930	27.7
1167	-0.000000	137.444842	0.000000	29.2
1168	-0.783368	137.379846	0.005071	29.0
1169	-0.549733	137.314932	0.007342	28.1
1170	-0.484234	137.250100	0.005592	28.9
1171	-0.475751	137.185349	0.003919	28.0
1172	-0.826424	137.120680	0.006024	28.2
1173	-0.000000	137.056092	0.000000	26.7
1174	-0.496384	136.991585	0.003869	29.2
1175	-0.458232	136.927158	0.004333	29.3
1176	-0.274812	136.862813	0.004050	28.8
1177	-0.502936	136.798548	0.004381	29.1
1178	-0.617727	136.734363	0.006025	29.2
1179	-1.010208	136.670259	0.007062	29.2
1180	-0.092809	136.606235	0.002006	27.2
1181	-0.832071	136.542291	0.007470	29.3
1182	-0.053687	136.478426	0.002615	27.7
1183	-0.000869	136.414641	0.000131	29.7
1184	-0.627789	136.350936	0.003160	28.6
1185	-0.802745	136.287310	0.006515	28.2
1186	-0.312603	136.223763	0.002403	28.8
1187	-0.552292	136.160295	0.006021	27.1
1188	-0.213958	136.096905	0.002362	28.2
1189	-0.578528	136.033594	0.005640	29.0
1190	-0.000000	135.970362	0.000000	27.8
1191	-0.788782	135.907208	0.007160	29.7
1192	-0.674418	135.844133	0.005438	27.2
1193	-1.016734	135.781135	0.007180	29.6
1194	-0.548564	135.718215	0.004527	27.7
1195	-0.122895	135.655373	0.003557	28.9
1196	-0.353022	135.592608	0.005189	27.1
1197	-0.051370	135.529921	0.001990	29.6
1198	-0.000000	135.467311	0.000000	28.7
1199	-0.000956	135.404778	0.000022	27.3
1200	-0.817906	135.342322	0.005622	28.8
1201	-0.512262	135.279942	0.004107	29.0
1202	-0.010367	135.217640	0.000308	28.5
1203	-0.308582	135.155413	0.002830	28.7
1204	-0.017549	135.093263	0.000899	27.8
1205	-0.114222	135.031190	0.001544	28.4
1206	-0.782322	134.969192	0.006782	28.0
1207	-1.013567	134.907270	0.006553	28.3
1208	-0.697947	134.845424	0.006512	27.3
1209	-0.113147	134.783653	0.001862	29.1
1210	-1.024411	134.721958	0.006757	28.1
1211	-0.081724	134.660338	0.001999	29.1
1212	-0.896079	134.598793	0.006062	28.9
1213	-0.999549	134.537323	0.008127	28.7
1214	-0.753690	134.475927	0.006900	27.0
1215	-0.578782	134.414607	0.007071	28.4
1216	-0.739312	134.353361	0.009558	28.6
1217	-0.810504	134.292189	0.008172	27.5
1218	-0.839136	134.231092	0.005580	29.0
1219	-0.236329	134.170068	0.002307	28.2
1220	-0.875859	134.109119	0.007561	27.8
1221	-0.758710	134.048243	0.005480	29.0
1222	-0.457479	133.987441	0.005871	28.7
1223	-0.913289	133.926713	0.007513	28.4
1224	-0.397441	133.866057	0.004047	29.3
1225	-0.000822	133.805475	0.000115	27.9
1226	-0.254061	133.744966	0.004363	29.4
1227	-0.000000	133.684530	0.000000	30.0
1228	-0.856435	133.624167	0.007121	30.1
1229	-0.000000	133.563877	0.000000	29.4
1230	-0.589919	133.503658	0.006615	32.9
1231	-0.372682	133.443513	0.004647	30.2
1232	-0.680627	133.383439	0.006240	29.1
1233	-0.641516	133.323437	0.005747	28.1
1234	-0.922440	133.263508	0.007925	30.9
1235	-0.000000	133.203650	0.000000	29.2
1236	-0.559893	133.143864	0.005744	28.8
1237	-0.813161	133.084149	0.006648	29.6
1238	-0.000000	133.024506	0.000000	29.9
1239	-0.766011	132.964934	0.004406	30.0
1240	-0.856558	132.905433	0.007401	29.4
1241	-0.794253	132.846003	0.005869	28.3
1242	-0.000000	132.786643	0.000000	29.5
1243	-0.849187	132.727355	0.006211	29.8
1244	-0.615111	132.668137	0.004709	29.7
1245	-0.183910	132.608989	0.003781	28.4
1246	-0.564827	132.549912	0.005952	29.0
1247	-0.460219	132.490904	0.004247	29.3
1248	-0.555301	132.431967	0.006267	28.3
1249	-0.000000	132.373100	0.000000	28.5
1250	-1.026339	132.314302	0.006575	29.9
1251	-0.511768	132.255574	0.005982	29.2
1252	-0.670312	132.196916	0.003825	29.6
1253	-0.649398	132.138326	0.006524	27.5
1254	-0.640259	132.079806	0.006926	29.0
1255	-0.000000	132.021355	0.000000	28.4
1256	-0.693279	131.962973	0.004783	28.4
1257	-0.582530	131.904660	0.006183	28.3
1258	-0.345632	131.846415	0.005115	30.1
1259	-0.769515	131.788239	0.007644	28.3
1260	-0.682956	131.730131	0.007974	28.5
1261	-0.000482	131.672092	0.000016	26.5
1262	-0.598457	131.614121	0.007191	28.8
1263	-0.940728	131.556217	0.006883	28.6
1264	-0.355912	131.498382	0.003362	27.7
1265	-0.242815	131.440614	0.004720	29.4
1266	-0.932983	131.382914	0.006663	28.2
1267	-0.773629	131.325282	0.004122	29.7
1268	-0.000000	131.267717	0.000000	27.9
1269	-0.741977	131.210219	0.005892	28.0
1270	-0.566086	131.152788	0.007373	28.8
1271	-0.000003	131.095424	0.000002	28.2
1272	-0.028786	131.038127	0.003150	27.9
1273	-0.101837	130.980897	0.001551	28.5
1274	-0.009745	130.923733	0.000878	29.7
1275	-0.709011	130.866636	0.005846	28.8
1276	-0.140032	130.809605	0.002777	27.1
1277	-0.406765	130.752641	0.005446	29.6
1278	-0.000000	130.695742	0.000000	28.3
1279	-0.000000	130.638910	0.000000	26.8
1280	-0.603641	130.582143	0.006798	28.7
1281	-0.859894	130.525442	0.005431	29.1
1282	-0.459083	130.468807	0.004313	29.1
1283	-0.812583	130.412237	0.005936	27.8
1284	-0.000000	130.355733	0.000000	29.0
1285	-0.000000	130.299294	0.000000	28.2
1286	-0.391316	130.242920	0.004773	28.6
1287	-1.080216	130.186611	0.007714	29.5
1288	-0.023677	130.130366	0.001244	27.4
1289	0.000000	130.074187	0.000000	29.9
1290	-0.000000	130.018072	0.000000	28.1
1291	-0.151768	129.962022	0.002686	28.7
1292	-0.221883	129.906036	0.004237	28.7
1293	-0.000000	129.850114	0.000000	29.6
1294	-0.026850	129.794257	0.001187	28.8
1295	-0.797796	129.738463	0.005630	28.2
1296	-0.774483	129.682734	0.007850	27.4
1297	-0.107122	129.627068	0.002687	29.9
1298	-0.416160	129.571466	0.005149	26.5
1299	-0.290982	129.515927	0.002968	29.0
1300	-0.145987	129.460452	0.002745	29.2
1301	-0.053057	129.405040	0.001263	30.1
1302	-0.711943	129.349692	0.007413	28.6
1303	-0.899984	129.294406	0.007708	29.7
1304	-0.930075	129.239183	0.005085	28.1
1305	-0.749229	129.184024	0.006021	30.0
1306	-0.032136	129.128927	0.001015	28.1
1307	-0.698395	129.073892	0.006112	28.6
1308	-0.523728	129.018921	0.006588	28.3
1309	-0.578459	128.964011	0.008076	28.1
1310	-0.636966	128.909164	0.005410	28.2
1311	-0.754531	128.854379	0.006503	28.0
1312	-0.044770	128.799656	0.000883	29.5
1313	-0.000000	128.744995	0.000000	28.8
1314	-0.000000	128.690396	0.000000	27.1
1315	-0.572178	128.635858	0.004541	29.6
1316	-0.209992	128.581382	0.004084	28.9
1317	-0.668049	128.526968	0.007606	28.2
1318	-0.727788	128.472615	0.005983	29.1
1319	-0.001705	128.418323	0.000037	28.2
1320	-0.854620	128.364092	0.006447	28.9
1321	-0.479951	128.309922	0.005105	28.4
1322	-0.071498	128.255814	0.000887	29.0
1323	-0.748853	128.201766	0.006187	28.7
1324	-0.008313	128.147778	0.000076	29.2
1325	-0.265026	128.093852	0.003370	28.4
1326	-0.629855	128.039985	0.006395	28.4
1327	-0.000000	127.986180	0.000000	27.7
1328	-0.422822	127.932434	0.005605	29.2
1329	-0.534378	127.878749	0.006334	27.7
1330	-0.000200	127.825123	0.000022	28.9
1331	-0.000000	127.771558	0.000000	28.6
1332	-0.000000	127.718052	0.000000	28.4
1333	-0.000000	127.664606	0.000000	27.5
1334	-0.091071	127.611220	0.003129	28.8
1335	-0.431503	127.557893	0.003534	27.9
1336	-0.910374	127.504625	0.006519	28.6
1337	-0.000000	127.451417	0.000000	28.4
1338	-0.805249	127.398268	0.007504	28.3
1339	-0.160774	127.345178	0.001230	28.8
1340	0.000000	127.292147	0.000000	26.4
1341	-0.336942	127.239175	0.002908	29.1
1342	-0.635360	127.186261	0.006512	28.9
1343	-0.929057	127.133407	0.005832	29.0
1344	-0.000000	127.080610	0.000000	27.9
1345	-0.474188	127.027872	0.005056	28.6
1346	-0.768729	126.975193	0.005905	29.3
1347	-0.597866	126.922572	0.006968	28.7
1348	-0.171669	126.870008	0.002437	26.4
1349	-0.857029	126.817503	0.005883	29.1
1350	-1.051557	126.765056	0.007771	29.0
1351	-0.741647	126.712667	0.005947	27.9
1352	-0.530366	126.660335	0.005890	27.4
1353	-0.423419	126.608061	0.006097	30.1
1354	-0.227779	126.555844	0.004223	29.1
1355	-0.004300	126.503685	0.000000	29.0
1356	-0.120645	126.451583	0.002118	28.2
1357	-0.525074	126.399538	0.005782	28.8
1358	0.000000	126.347550	0.000000	29.2
1359	-0.607965	126.295619	0.006392	29.5
1360	-0.620804	126.243745	0.007545	27.1
1361	-0.000000	126.191928	0.000000	29.4
1362	-0.000000	126.140168	0.000000	29.7
1363	-0.740989	126.088464	0.007662	30.0
1364	-0.701346	126.036817	0.007316	28.6
1365	-0.000000	125.985226	0.000000	30.1
1366	-0.090847	125.933691	0.002693	29.0
1367	-0.001111	125.882212	0.000035	28.1
1368	-0.005842	125.830790	0.000081	27.9
1369	-0.718886	125.779423	0.005398	27.3
1370	-0.000000	125.728113	0.000000	29.8
1371	-0.000629	125.676858	0.000046	29.1
1372	-0.958743	125.625659	0.007631	28.5
1373	-0.037306	125.574515	0.001322	29.0
1374	-0.742668	125.523427	0.005768	29.1
1375	-0.532907	125.472394	0.004725	28.8
1376	-0.862080	125.421417	0.006944	29.0
1377	-0.540535	125.370495	0.005749	28.8
1378	-0.891353	125.319628	0.005723	29.2
1379	0.000000	125.268815	0.000000	27.7
1380	-0.134108	125.218058	0.002939	29.0
1381	-0.820387	125.167356	0.006196	29.2
1382	-0.102665	125.116708	0.002560	28.6
1383	-0.591619	125.066115	0.006619	27.9
1384	-0.389362	125.015576	0.002933	28.8
1385	-0.791015	124.965092	0.004995	29.0
1386	-0.796145	124.914662	0.004656	29.6
1387	-0.261408	124.864287	0.003499	29.0
1388	-0.456805	124.813965	0.005366	28.7
1389	-0.013646	124.763698	0.001609	29.0
1390	-0.246278	124.713485	0.004288	29.2
1391	-0.772881	124.663325	0.008766	29.2
1392	-0.000000	124.613219	0.000000	28.0
1393	-0.554254	124.563167	0.006026	28.6
1394	-0.670349	124.513168	0.004230	29.5
1395	-0.596752	124.463223	0.006972	29.5
1396	-0.174669	124.413332	0.002504	28.1
1397	-0.000000	124.363493	0.000000	28.6
1398	-0.472840	124.313708	0.005242	29.0
1399	-0.982810	124.263976	0.008170	27.9
1400	-0.785813	124.214297	0.004968	27.3
1401	-0.000000	124.164671	0.000000	29.7
1402	-0.838414	124.115097	0.005388	29.3
1403	-0.367913	124.065577	0.004463	27.9
1404	-0.000000	124.016109	0.000000	28.8
1405	-0.497910	123.966693	0.005594	28.3
1406	-0.818171	123.917330	0.006299	28.8
1407	-0.584458	123.868020	0.006478	28.3
1408	-0.000000	123.818762	0.000000	27.5
1409	-0.769395	123.769556	0.006104	29.4
1410	-0.534461	123.720402	0.004980	27.6
1411	-0.791835	123.671300	0.006650	28.2
1412	-0.382962	123.622250	0.004772	28.6
1413	-0.000000	123.573252	0.000000	28.8
1414	-0.000000	123.524305	0.000000	28.8
1415	-0.064665	123.475411	0.002562	27.6
1416	-0.386636	123.426568	0.005444	29.2
1417	-0.457220	123.377776	0.006579	28.4
1418	-0.686157	123.329036	0.006100	29.2
1419	-0.473900	123.280347	0.006372	27.8
1420	-0.001248	123.231709	0.000221	29.0
1421	-0.809262	123.183122	0.005913	29.3
1422	-0.000000	123.134587	0.000000	29.2
1423	-0.000000	123.086102	0.000000	27.5
1424	-0.162386	123.037669	0.002088	29.6
1425	-0.822516	122.989286	0.008150	28.8
1426	-0.829340	122.940954	0.007692	29.3
1427	-0.917553	122.892672	0.008888	29.0
1428	-0.827070	122.844441	0.006760	29.2
1429	-0.387758	122.796261	0.005338	29.0
1430	-0.711265	122.748130	0.005068	28.1
1431	-0.783811	122.700050	0.004613	28.6
1432	-0.809880	122.652021	0.007399	29.2
1433	-0.000000	122.604041	0.000000	29.3
1434	-0.808614	122.556111	0.005431	28.5
1435	-0.781172	122.508232	0.005385	28.2
1436	-0.851497	122.460402	0.005160	29.0
1437	-0.215695	122.412622	0.001737	29.1
1438	-0.000000	122.364891	0.000000	28.0
1439	-0.294705	122.317210	0.004235	28.9
1440	-0.000000	122.269579	0.000000	29.0
1441	-0.000000	122.221997	0.000000	29.0
1442	-0.001358	122.174465	0.000044	26.4
1443	-0.357077	122.126981	0.005340	28.2
1444	-0.576024	122.079547	0.006748	29.2
1445	-0.436340	122.032162	0.005967	27.8
1446	-0.052280	121.984826	0.002627	27.4
1447	-0.431832	121.937539	0.005346	29.0
1448	-0.000000	121.890301	0.000000	28.9
1449	-0.000535	121.843112	0.000224	29.5
1450	-0.090993	121.795971	0.002738	28.3
1451	-0.325885	121.748879	0.003950	28.4
1452	-0.557857	121.701835	0.005799	29.8
1453	-0.792231	121.654840	0.006496	28.8
1454	-0.041555	121.607893	0.000362	28.4
1455	-0.069159	121.560994	0.000865	29.1
1456	-0.000000	121.514144	0.000000	31.2
1457	-0.000026	121.467342	0.000012	30.2
1458	-0.885684	121.420588	0.006489	28.8
1459	-0.404797	121.373882	0.006162	28.7
1460	-0.965451	121.327223	0.007873	28.8
1461	-0.519376	121.280613	0.004544	29.3
1462	-0.000000	121.234050	0.000000	27.9
1463	-0.651878	121.187535	0.004395	28.3
1464	-0.000000	121.141067	0.000000	27.3
1465	-0.585049	121.094647	0.007443	29.0
1466	-0.630772	121.048274	0.005394	26.8
1467	-0.448527	121.001949	0.007130	28.8
1468	-0.463487	120.955671	0.004457	29.1
1469	-0.802264	120.909440	0.005504	29.4
1470	-0.000000	120.863256	0.000000	27.6
1471	-0.000000	120.817119	0.000000	29.1
1472	-0.895837	120.771029	0.007489	29.2
1473	-0.828115	120.724986	0.007167	27.8
1474	-0.723127	120.678990	0.006307	28.0
1475	-0.000000	120.633040	0.000000	27.3
1476	-0.419694	120.587137	0.004594	29.0
1477	-0.012666	120.541281	0.000173	28.5
1478	-0.820005	120.495471	0.006785	28.6
1479	-1.024693	120.449707	0.007847	28.4
1480	-0.720008	120.403990	0.006517	28.5
1481	-0.490428	120.358319	0.004511	27.0
1482	-0.356824	120.312694	0.004741	28.2
1483	-0.553536	120.267115	0.005526	27.6
1484	-0.000000	120.221582	0.000000	28.2
1485	-0.807707	120.176096	0.007010	28.5
1486	-0.608339	120.130655	0.004569	28.0
1487	-0.834913	120.085260	0.005746	28.1
1488	-0.676806	120.039910	0.004867	28.6
1489	-1.067045	119.994606	0.006594	27.8
1490	-0.713758	119.949348	0.006227	29.6
1491	-0.124221	119.904135	0.001867	29.1
1492	-0.869908	119.858968	0.008008	27.7
1493	-0.435700	119.813846	0.005818	29.3
1494	-0.786409	119.768769	0.007221	28.9
1495	-0.556863	119.723738	0.003232	30.1
1496	-0.855657	119.678752	0.006411	28.8
1497	-0.244561	119.633810	0.004610	28.3
1498	-0.006095	119.588914	0.000150	28.2
1499	-0.770178	119.544062	0.006908	27.1
1500	-0.499699	119.499256	0.006656	28.1
1501	-0.902405	119.454494	0.006140	28.0
1502	-0.009836	119.409777	0.000107	29.3
1503	-0.907950	119.365104	0.006417	28.5
1504	-0.844530	119.320476	0.007064	29.2
1505	-1.048697	119.275893	0.007392	29.2
1506	-0.344066	119.231353	0.005609	28.7
1507	-1.065645	119.186859	0.008631	26.7
1508	-0.686795	119.142408	0.005778	29.3
1509	-0.528204	119.098002	0.002932	29.2
1510	-0.000000	119.053639	0.000000	28.1
1511	-0.077249	119.009321	0.001016	27.8
1512	-0.836373	118.965047	0.006192	29.4
1513	-0.041079	118.920816	0.002551	28.3
1514	-0.728321	118.876630	0.005861	28.2
1515	-1.016531	118.832487	0.006809	27.0
1516	-0.789589	118.788388	0.005630	29.1
1517	-0.116928	118.744332	0.001988	29.1
1518	-0.128704	118.700320	0.003618	29.4
1519	-0.000000	118.656352	0.000000	28.8
1520	-0.322329	118.612427	0.004554	29.1
1521	-0.000000	118.568545	0.000000	29.8
1522	-0.006845	118.524706	0.000171	28.7
1523	-0.000167	118.480911	0.000014	29.2
1524	-0.874242	118.437159	0.007128	28.9
1525	-0.000001	118.393450	0.000000	30.3
1526	-0.025167	118.349784	0.001553	28.2
1527	-1.028943	118.306160	0.009006	29.3
1528	-0.251564	118.262580	0.004170	28.3
1529	-0.788600	118.219042	0.005187	29.6
1530	-0.000000	118.175548	0.000000	27.7
1531	-0.714282	118.132095	0.006022	28.7
1532	-0.012443	118.088686	0.000280	29.2
1533	-0.003226	118.045319	0.000134	29.1
1534	-1.036794	118.001994	0.007860	27.9
1535	-0.000385	117.958712	0.000021	29.5
1536	-0.505472	117.915472	0.003775	27.7
1537	-0.925817	117.872274	0.006977	30.0
1538	-0.372366	117.829118	0.005783	27.7
1539	-0.000001	117.786005	0.000001	28.6
1540	-0.983409	117.742933	0.007758	28.7
1541	-0.149316	117.699904	0.001425	28.5
1542	-0.952473	117.656916	0.006982	27.2
1543	-0.563372	117.613971	0.004814	28.5
1544	-0.374552	117.571067	0.004579	28.9
1545	-0.000000	117.528205	0.000000	28.9
1546	-0.820096	117.485384	0.006790	27.3
1547	-0.711673	117.442605	0.006187	28.1
1548	-0.421998	117.399867	0.003205	28.4
1549	-0.820338	117.357171	0.005815	28.0
1550	-0.000000	117.314517	0.000000	28.1
1551	-0.010098	117.271903	0.000133	29.4
1552	-0.858881	117.229331	0.007585	28.2
1553	-0.008373	117.186800	0.000226	28.2
1554	-0.927040	117.144311	0.008015	28.1
1555	-0.337557	117.101862	0.004054	28.4
1556	-0.690690	117.059454	0.004747	28.4
1557	-0.000000	117.017087	0.000000	28.0
1558	-0.755620	116.974762	0.006090	29.7
1559	-0.657406	116.932476	0.008024	28.2
1560	-0.865088	116.890232	0.007317	29.2
1561	-0.000000	116.848028	0.000000	28.5
1562	-0.800372	116.805865	0.005944	29.1
1563	-0.009360	116.763743	0.000237	28.5
1564	-0.457572	116.721661	0.006237	29.5
1565	-0.000748	116.679619	0.000083	27.1
1566	-0.648164	116.637618	0.006852	29.2
1567	-0.871823	116.595657	0.005601	28.2
1568	-0.292179	116.553736	0.003728	27.6
1569	-0.967124	116.511855	0.005909	29.3
1570	-0.752692	116.470015	0.007090	28.9
1571	-0.676268	116.428214	0.006736	28.4
1572	-0.000000	116.386454	0.000000	30.5
1573	-0.996783	116.344733	0.007445	27.7
1574	-0.000000	116.303052	0.000000	29.1
1575	-0.677357	116.261412	0.005217	28.1
1576	-0.630539	116.219810	0.005102	28.7
1577	-0.403141	116.178249	0.004286	28.2
1578	-1.065121	116.136727	0.007383	29.0
1579	-0.010375	116.095245	0.000180	28.6
1580	-0.579150	116.053802	0.005456	28.5
1581	-0.520966	116.012398	0.004742	27.5
1582	-0.877543	115.971034	0.008449	30.4
1583	-0.000000	115.929710	0.000000	28.6
1584	-0.000000	115.888424	0.000000	28.8
1585	-0.000000	115.847178	0.000000	28.5
1586	-0.481921	115.805970	0.005052	28.6
1587	-0.154683	115.764802	0.002981	28.2
1588	-0.509136	115.723673	0.005352	28.2
1589	-0.026050	115.682583	0.001770	27.8
1590	-0.249648	115.641532	0.003261	29.4
1591	-0.003680	115.600519	0.000207	27.7
1592	-0.000000	115.559546	0.000000	29.2
1593	-0.795515	115.518610	0.007003	29.2
1594	-0.000000	115.477714	0.000000	29.8
1595	-0.252213	115.436856	0.003646	29.5
1596	-0.183882	115.396037	0.003828	28.5
1597	-0.872911	115.355256	0.005756	29.4
1598	-0.682906	115.314514	0.007159	28.5
1599	-0.414770	115.273810	0.004925	27.7
1600	-0.399223	115.233144	0.003974	28.6
1601	-0.426274	115.192517	0.005547	29.2
1602	-0.890078	115.151927	0.005772	29.1
1603	-0.632771	115.111376	0.005762	28.0
1604	-0.000000	115.070863	0.000000	27.7
1605	-0.714756	115.030388	0.006314	29.3
1606	-0.636275	114.989951	0.006551	28.8
1607	-0.844724	114.949551	0.004618	28.8
1608	-0.195700	114.909190	0.002023	27.9
1609	-1.057264	114.868866	0.009019	27.4
1610	-0.619389	114.828580	0.006465	28.0
1611	-0.788845	114.788332	0.005442	28.7
1612	-0.535331	114.748121	0.004218	28.2
1613	-0.819626	114.707948	0.007361	30.7
1614	-0.717264	114.667812	0.005783	31.3
1615	-0.772272	114.627714	0.008339	29.8
1616	-0.464403	114.587653	0.004515	28.8
1617	-0.878126	114.547629	0.009089	28.6
1618	-0.175952	114.507643	0.002900	28.5
1619	-0.356209	114.467693	0.004315	28.4
1620	-0.880866	114.427781	0.006544	28.3
1621	-0.579017	114.387907	0.006393	26.9
1622	-1.083895	114.348069	0.007303	29.3
1623	-0.969825	114.308268	0.009861	28.7
1624	-0.000000	114.268504	0.000000	28.9
1625	-0.985494	114.228777	0.008521	28.3
1626	-0.972871	114.189086	0.006670	28.7
1627	-0.688720	114.149433	0.005275	28.2
1628	-0.005204	114.109816	0.000306	28.6
1629	-0.943829	114.070235	0.007753	27.8
1630	-0.707250	114.030692	0.004887	31.4
1631	-0.789891	113.991185	0.006864	33.0
1632	-0.925043	113.951714	0.006873	25.9
1633	-0.541673	113.912280	0.005041	29.3
1634	-0.000000	113.872882	0.000000	29.3
1635	-0.418241	113.833521	0.004750	28.9
1636	-0.510844	113.794195	0.006399	28.1
1637	-0.774835	113.754906	0.005428	26.6
1638	-0.000076	113.715653	0.000006	29.5
1639	-0.969034	113.676437	0.007415	28.8
1640	-0.984983	113.637256	0.006337	28.0
1641	-0.838641	113.598111	0.007188	28.8
1642	-0.788397	113.559002	0.007896	28.9
1643	-0.395296	113.519929	0.006548	29.0
1644	-0.706781	113.480892	0.007474	27.3
1645	-0.000632	113.441891	0.000031	29.9
1646	-0.000000	113.402925	0.000000	27.9
1647	-0.885640	113.363995	0.007289	28.1
1648	-0.864238	113.325101	0.006235	26.3
1649	-0.031207	113.286242	0.001432	29.7
1650	-0.410160	113.247419	0.005462	27.9
1651	-0.000000	113.208631	0.000000	27.2
1652	-0.632124	113.169879	0.004661	28.6
1653	-0.830212	113.131162	0.004624	28.4
1654	-0.681041	113.092480	0.004220	28.5
1655	-0.664357	113.053833	0.006507	28.0
1656	-0.000000	113.015222	0.000000	29.0
1657	-0.000000	112.976646	0.000000	28.1
1658	-0.635866	112.938105	0.005514	28.0
1659	-0.026323	112.899599	0.001145	27.1
1660	-0.859565	112.861128	0.005082	28.7
1661	-0.900061	112.822692	0.006005	28.6
1662	-0.000000	112.784291	0.000000	28.4
1663	-0.652725	112.745924	0.007190	29.2
1664	-0.255216	112.707593	0.004343	28.5
1665	-0.506172	112.669296	0.007372	28.3
1666	-0.874650	112.631034	0.005326	29.2
1667	-0.128976	112.592806	0.001744	29.6
1668	-0.684243	112.554613	0.007347	28.8
1669	-0.757988	112.516455	0.005448	28.9
1670	-0.719940	112.478331	0.003174	28.2
1671	-0.543101	112.440241	0.007085	29.6
1672	-0.347176	112.402186	0.004687	28.1
1673	-0.864106	112.364165	0.007974	28.8
1674	-0.469799	112.326179	0.005934	28.0
1675	-0.266118	112.288227	0.002807	28.4
1676	-0.316381	112.250309	0.004494	28.4
1677	-0.878422	112.212425	0.008507	28.8
1678	-0.516114	112.174575	0.003754	28.3
1679	-0.887892	112.136759	0.005722	29.7
1680	-0.000000	112.098977	0.000000	27.2
1681	-0.845207	112.061229	0.005395	28.4
1682	-0.785188	112.023515	0.004814	29.4
1683	-0.435703	111.985834	0.005434	29.0
1684	-1.039001	111.948188	0.007252	29.4
1685	-1.074098	111.910575	0.009427	26.6
1686	-0.133261	111.872996	0.001662	28.6
1687	-0.000000	111.835450	0.000000	28.6
1688	-0.480005	111.797939	0.005237	27.6
1689	-0.473780	111.760460	0.005570	28.6
1690	-0.692960	111.723015	0.005860	29.2
1691	-0.056533	111.685604	0.003214	28.0
1692	-0.000000	111.648226	0.000000	28.4
1693	-0.765806	111.610881	0.004987	28.7
1694	-0.613360	111.573570	0.006000	29.2
1695	-0.654458	111.536292	0.007800	27.9
1696	-0.110367	111.499047	0.001317	28.1
1697	0.000000	111.461835	0.000000	28.6
1698	-0.728028	111.424656	0.003469	28.6
1699	-0.580038	111.387510	0.006398	27.4
1700	-0.959000	111.350398	0.007988	28.9
1701	-0.568242	111.313318	0.005747	29.3
1702	-0.000000	111.276271	0.000000	28.6
1703	-0.000000	111.239257	0.000000	27.7
1704	-0.620899	111.202276	0.004584	28.3
1705	-1.091868	111.165328	0.007892	28.3
1706	-0.155548	111.128412	0.002498	29.7
1707	-0.057058	111.091529	0.000950	27.2
1708	-0.000000	111.054679	0.000000	29.6
1709	-0.597818	111.017861	0.006563	29.3
1710	-0.670071	110.981076	0.006325	28.8
1711	-0.000007	110.944323	0.000001	28.6
1712	-0.048538	110.907603	0.001039	28.2
1713	-0.863096	110.870915	0.007232	29.2
1714	-1.048567	110.834259	0.007496	28.2
1715	-0.000000	110.797636	0.000000	27.4
1716	-0.793546	110.761045	0.005423	27.0
1717	-0.514433	110.724486	0.005226	28.5
1718	-0.597654	110.687959	0.005858	29.1
1719	-0.947504	110.651465	0.006045	28.6
1720	-0.000000	110.615002	0.000000	28.8
1721	-0.837164	110.578572	0.006689	29.3
1722	-0.740857	110.542173	0.005926	27.3
1723	-0.000000	110.505807	0.000000	29.2
1724	-0.073480	110.469472	0.001118	28.7
1725	-0.593812	110.433169	0.004714	27.7
1726	-0.667306	110.396898	0.005968	27.6
1727	-0.860196	110.360659	0.010399	29.4
1728	-0.009311	110.324451	0.000306	27.7
1729	-0.729937	110.288276	0.005177	29.1
1730	-0.878333	110.252131	0.004926	28.9
1731	-0.561955	110.216019	0.005357	28.7
1732	-0.862269	110.179937	0.007176	29.5
1733	-0.659574	110.143888	0.005536	27.9
1734	-0.892036	110.107869	0.008253	28.5
1735	-0.401599	110.071882	0.004828	29.2
1736	-0.387621	110.035927	0.004817	29.6
1737	-0.856386	110.000003	0.007648	27.2
1738	-0.816523	109.964110	0.007162	28.5
1739	-0.696463	109.928248	0.006320	29.2
1740	-0.761159	109.892417	0.006474	29.2
1741	-0.017445	109.856618	0.000209	28.9
1742	-0.870188	109.820850	0.007171	29.5
1743	-0.874768	109.785112	0.006843	30.6
1744	-0.000000	109.749406	0.000000	29.5
1745	-0.000000	109.713730	0.000000	29.4
1746	-0.000000	109.678086	0.000000	27.7
1747	-0.408111	109.642472	0.004940	28.6
1748	-0.560318	109.606890	0.005463	28.8
1749	-0.302881	109.571337	0.004432	28.1
1750	-0.956557	109.535816	0.006781	28.0
1751	-1.068826	109.500326	0.008576	29.4
1752	-0.431262	109.464866	0.005520	28.1
1753	-0.000000	109.429436	0.000000	28.5
1754	-0.000000	109.394038	0.000000	28.3
1755	-1.043153	109.358669	0.006605	29.1
1756	-0.823070	109.323331	0.006025	28.1
1757	-0.087118	109.288024	0.001444	28.2
1758	-0.112078	109.252747	0.004050	28.1
1759	-0.632606	109.217501	0.004318	29.2
1760	-0.884543	109.182284	0.008072	29.0
1761	-0.000000	109.147098	0.000000	28.3
1762	-0.826708	109.111942	0.005446	28.6
1763	-0.789553	109.076817	0.008158	30.2
1764	-0.000000	109.041721	0.000000	28.0
1765	-0.923569	109.006656	0.007192	28.8
1766	-0.860363	108.971620	0.006682	28.6
1767	-0.094265	108.936615	0.001171	32.8
1768	-0.402018	108.901640	0.004163	29.3
1769	-0.825564	108.866694	0.006237	32.9
1770	-0.502633	108.831779	0.003034	29.7
1771	-0.817174	108.796893	0.007976	32.4
1772	-0.060724	108.762037	0.000953	28.4
1773	-0.007811	108.727211	0.000114	30.1
1774	-0.992527	108.692415	0.008029	31.2
1775	-0.001577	108.657648	0.001196	29.5
1776	-0.516000	108.622911	0.005930	27.8
1777	-0.896439	108.588203	0.006478	29.3
1778	-0.207452	108.553525	0.003436	28.4
1779	-0.000000	108.518877	0.000000	30.5
1780	-0.005883	108.484258	0.000175	29.5
1781	0.000000	108.449668	0.000000	29.2
1782	-0.681165	108.415108	0.006566	28.6
1783	-0.189299	108.380578	0.002807	28.5
1784	-0.786203	108.346076	0.007574	29.0
1785	-0.000000	108.311604	0.000000	27.6
1786	-0.470761	108.277161	0.005962	28.4
1787	-0.648121	108.242747	0.005270	29.5
1788	-0.198486	108.208363	0.002715	28.2
1789	-0.749180	108.174007	0.004949	27.1
1790	-0.705252	108.139681	0.005015	28.0
1791	-0.393402	108.105383	0.005907	27.5
1792	-0.040935	108.071115	0.001969	28.8
1793	-0.911073	108.036875	0.006528	26.7
1794	-0.542375	108.002665	0.006193	29.5
1795	-0.000000	107.968483	0.000000	28.1
1796	-0.021115	107.934330	0.000328	28.2
1797	-0.002415	107.900206	0.000079	28.8
1798	-0.585864	107.866111	0.006078	28.3
1799	-0.351562	107.832044	0.004036	29.6
1800	-1.061169	107.798007	0.008453	27.6
1801	-0.000000	107.763997	0.000000	30.4
1802	-0.000000	107.730017	0.000000	29.9
1803	-1.000621	107.696065	0.008500	28.7
1804	-0.758432	107.662141	0.003639	29.1
1805	-0.631783	107.628246	0.007317	28.9
1806	-0.492745	107.594379	0.006574	29.0
1807	-0.941191	107.560541	0.006615	28.9
1808	-0.868545	107.526731	0.006540	27.5
1809	-0.000000	107.492949	0.000000	28.7
1810	-0.000000	107.459196	0.000000	28.9
1811	-0.000000	107.425471	0.000000	29.1
1812	-0.000000	107.391774	0.000000	28.1
1813	-0.783202	107.358106	0.005845	29.1
1814	-0.506261	107.324465	0.005454	29.0
1815	-0.253994	107.290853	0.003753	29.0
1816	-0.531128	107.257268	0.006148	28.0
1817	-0.814999	107.223712	0.006224	29.5
1818	-0.902515	107.190184	0.007650	30.0
1819	0.000000	107.156683	0.000000	29.9
1820	-0.479316	107.123211	0.005841	26.9
1821	-0.000069	107.089766	0.000003	28.3
1822	-0.455703	107.056349	0.003793	29.1
1823	-0.060443	107.022960	0.000852	27.4
1824	-0.411464	106.989599	0.004017	27.7
1825	-0.000000	106.956265	0.000000	27.7
1826	-0.713174	106.922960	0.006728	30.0
1827	-0.619157	106.889681	0.005886	28.2
1828	-0.731367	106.856431	0.005584	28.5
1829	-0.000836	106.823208	0.000112	28.5
1830	-0.539193	106.790012	0.006340	28.3
1831	-0.393948	106.756844	0.005094	26.7
1832	-0.375433	106.723703	0.004399	28.9
1833	-0.622892	106.690590	0.007751	28.8
1834	-0.000000	106.657505	0.000000	28.5
1835	-0.636192	106.624446	0.004909	29.0
1836	-0.542596	106.591415	0.004099	28.6
1837	-0.454141	106.558411	0.005591	28.2
1838	-0.216318	106.525435	0.004606	28.6
1839	-0.026085	106.492485	0.001619	26.7
1840	-0.821153	106.459563	0.008425	30.4
1841	-0.660219	106.426668	0.005871	29.1
1842	-0.596268	106.393800	0.007040	27.4
1843	-1.019683	106.360959	0.008158	28.6
1844	-0.865584	106.328145	0.006260	29.1
1845	-0.804285	106.295358	0.006756	28.4
1846	-0.040920	106.262598	0.001532	27.6
1847	-0.865002	106.229865	0.007106	28.8
1848	-0.018469	106.197158	0.000550	27.5
1849	-0.000000	106.164479	0.000000	29.5
1850	-0.029303	106.131826	0.001952	28.6
1851	-0.571468	106.099201	0.006692	29.0
1852	-0.619809	106.066602	0.006702	28.6
1853	-0.543866	106.034029	0.006620	27.7
1854	-0.462756	106.001483	0.005604	27.6
1855	-0.599919	105.968964	0.005422	29.7
1856	-0.723335	105.936472	0.005768	27.8
1857	-0.826069	105.904006	0.005185	28.8
1858	-0.934674	105.871566	0.007444	28.8
1859	-0.000155	105.839153	0.000062	29.0
1860	-0.000000	105.806767	0.000000	28.1
1861	-0.105974	105.774407	0.001098	28.5
1862	-0.430957	105.742073	0.004931	27.7
1863	-0.000000	105.709766	0.000000	30.3
1864	-0.057061	105.677485	0.002582	29.4
1865	-0.405310	105.645230	0.007214	28.7
1866	-0.150168	105.613001	0.003490	28.1
1867	-0.578811	105.580799	0.004311	28.5
1868	-0.000000	105.548623	0.000000	28.8
1869	-0.606946	105.516473	0.004759	27.4
1870	-0.670753	105.484349	0.006753	30.1
1871	-0.775249	105.452251	0.004794	28.9
1872	-0.805793	105.420179	0.005542	28.9
1873	-0.931894	105.388133	0.006350	29.5
1874	-0.844372	105.356113	0.008073	28.9
1875	-0.007354	105.324119	0.000272	28.7
1876	-0.000156	105.292151	0.000009	29.1
1877	-0.000000	105.260209	0.000000	27.2
1878	-0.195945	105.228293	0.003494	28.5
1879	-0.761245	105.196402	0.006057	28.7
1880	-0.996214	105.164537	0.007947	28.7
1881	-0.841733	105.132698	0.005565	28.6
1882	-0.724297	105.100885	0.005225	28.8
1883	-0.752099	105.069097	0.005488	28.5
1884	-0.640258	105.037335	0.004665	28.0
1885	-0.794085	105.005598	0.006789	27.1
1886	-0.047680	104.973887	0.001440	28.7
1887	-0.761220	104.942202	0.007041	27.9
1888	-0.335044	104.910542	0.003845	28.9
1889	-0.588919	104.878907	0.006452	29.3
1890	-0.000000	104.847298	0.000000	29.8
1891	-0.295754	104.815715	0.003628	28.8
1892	-0.615755	104.784156	0.004894	29.5
1893	-0.624337	104.752623	0.005013	27.6
1894	-0.343321	104.721116	0.003990	30.6
1895	-0.000021	104.689633	0.000030	28.9
1896	-0.957512	104.658176	0.008202	29.5
1897	-0.368030	104.626744	0.004981	28.9
1898	-0.000100	104.595337	0.000005	28.7
1899	-0.789664	104.563955	0.007190	29.1
1900	-0.832892	104.532599	0.008629	27.3
1901	-0.392646	104.501267	0.006158	28.0
1902	-0.920241	104.469960	0.007780	29.5
1903	-1.031503	104.438679	0.006964	28.2
1904	-1.107409	104.407422	0.008800	27.5
1905	-0.528542	104.376191	0.006063	31.4
1906	-0.105501	104.344984	0.001741	33.0
1907	-0.487802	104.313802	0.003918	31.1
1908	-0.629510	104.282645	0.005799	31.7
1909	-0.672996	104.251513	0.007157	31.6
1910	-0.000000	104.220405	0.000000	32.6
1911	-0.000000	104.189323	0.000000	31.7
1912	-0.302747	104.158265	0.003890	31.8
1913	-0.000000	104.127231	0.000000	32.8
1914	-0.000000	104.096222	0.000000	32.0
1915	-0.000000	104.065238	0.000000	29.4
1916	-0.431229	104.034279	0.005228	32.1
1917	-0.349514	104.003344	0.003629	29.3
1918	-0.000000	103.972433	0.000000	30.1
1919	-0.003041	103.941547	0.000115	29.6
1920	-0.037559	103.910686	0.001388	31.7
1921	-0.000000	103.879849	0.000000	28.7
1922	-0.507124	103.849036	0.006368	30.7
1923	-0.718417	103.818248	0.007792	29.0
1924	-0.182499	103.787484	0.002324	29.2
1925	-0.664928	103.756744	0.005863	29.6
1926	-0.000000	103.726029	0.000000	29.3
1927	-0.062715	103.695338	0.002004	29.0
1928	-0.674463	103.664671	0.004246	29.3
1929	-0.853749	103.634028	0.007319	31.9
1930	-1.110733	103.603409	0.009761	29.6
1931	-1.059197	103.572814	0.007896	28.5
1932	-0.008913	103.542244	0.000129	27.9
1933	-0.022895	103.511698	0.000210	28.9
1934	-0.000000	103.481175	0.000000	29.0
1935	-0.268557	103.450677	0.003360	27.9
1936	-0.739397	103.420202	0.005183	28.6
1937	-0.000000	103.389752	0.000000	28.7
1938	-0.348429	103.359325	0.004641	30.1
1939	-0.000000	103.328922	0.000000	29.0
1940	-0.007430	103.298543	0.000144	28.1
1941	-1.016407	103.268188	0.006171	28.4
1942	-0.904144	103.237857	0.005036	29.5
1943	-0.042461	103.207549	0.002376	29.2
1944	-0.945038	103.177265	0.005301	26.8
1945	-0.460556	103.147005	0.003220	28.5
1946	-0.047943	103.116768	0.000929	28.7
1947	-0.004129	103.086556	0.000002	30.3
1948	-0.185016	103.056366	0.002618	28.9
1949	-0.000000	103.026200	0.000000	28.7
1950	-0.553996	102.996058	0.004816	29.5
1951	-0.627034	102.965939	0.006140	28.1
1952	-0.504248	102.935844	0.006141	28.0
1953	-0.000000	102.905772	0.000000	27.6
1954	-0.561010	102.875724	0.006511	29.2
1955	-0.640616	102.845699	0.006916	29.2
1956	-0.528303	102.815697	0.004263	28.4
1957	-0.391616	102.785719	0.004807	28.9
1958	-0.785369	102.755764	0.007354	28.2
1959	-0.000000	102.725832	0.000000	27.9
1960	-1.004579	102.695924	0.008165	28.3
1961	-0.002895	102.666038	0.000053	30.3
1962	-1.064162	102.636176	0.007948	29.2
1963	-0.619639	102.606337	0.006005	29.7
1964	-0.974150	102.576521	0.007296	29.0
1965	-0.047003	102.546728	0.000402	30.8
1966	-0.286831	102.516959	0.006004	28.9
1967	-0.755996	102.487212	0.006733	28.1
1968	-0.000000	102.457488	0.000000	27.6
1969	-0.878019	102.427788	0.005861	29.0
1970	-0.718884	102.398110	0.005608	29.4
1971	-0.000000	102.368455	0.000000	28.5
1972	-0.870420	102.338823	0.005137	26.8
1973	-0.673753	102.309214	0.006604	29.2
1974	-0.724245	102.279628	0.006175	28.9
1975	-0.001951	102.250064	0.000031	29.7
1976	-0.579807	102.220524	0.006754	27.5
1977	-0.766560	102.191006	0.004962	28.8
1978	-0.954226	102.161511	0.005602	28.7
1979	-0.000000	102.132038	0.000000	28.6
1980	-0.000052	102.102588	0.000003	28.6
1981	-0.423569	102.073161	0.006309	28.4
1982	-0.000000	102.043757	0.000000	28.6
1983	-1.084784	102.014375	0.007193	26.6
1984	-0.000000	101.985015	0.000000	29.0
1985	-0.004296	101.955678	0.000121	29.1
1986	-0.852006	101.926364	0.006088	28.3
1987	-0.000000	101.897072	0.000000	28.5
1988	-0.007493	101.867802	0.000727	29.0
1989	-0.163724	101.838555	0.001273	29.7
1990	-0.024022	101.809330	0.000534	27.4
1991	-0.000131	101.780128	0.000008	28.6
1992	-1.084302	101.750948	0.008622	28.7
1993	0.000000	101.721790	0.000000	28.5
1994	-0.008224	101.692654	0.000700	27.4
1995	-0.775936	101.663541	0.005055	28.2
1996	-0.680000	101.634450	0.006210	29.6
1997	-0.000000	101.605381	0.000000	29.0
1998	-0.740480	101.576335	0.005113	26.4
1999	-0.000000	101.547310	0.000000	28.6
