1:ItNr	2:Metric	3a:Time	3b:StepSize	4:||Gradient||	Time[ms]
0	-0.673897	0.000000	10.072736	0.029667	445.9
1	-0.669252	0.000000	10.072736	0.029966	3.6
2	-0.658501	0.000000	10.072736	0.031918	3.2
3	-0.704817	0.000000	10.072736	0.013060	3.2
4	-0.725740	0.000000	10.072736	0.023768	3.4
5	-0.689779	0.150113	10.001245	0.015708	3.4
6	-0.708260	1.150113	9.549724	0.021264	3.6
7	-0.683294	2.149993	9.137258	0.015547	3.8
8	-0.698678	1.993512	9.199441	0.014103	3.7
9	-0.703332	2.993512	8.816027	0.009534	3.5
10	-0.724516	2.837071	8.873886	0.022294	3.4
11	-0.685790	3.823113	8.521391	0.022336	3.2
12	-0.670205	4.823113	8.191401	0.012401	3.4
13	-0.667241	5.823113	7.886015	0.019480	3.2
14	-0.707904	5.666633	7.932290	0.014411	3.0
15	-0.700055	5.510153	7.979111	0.012279	3.7
16	-0.697468	6.275377	7.755254	0.017430	3.5
17	-0.650540	7.275373	7.480979	0.015918	3.4
18	-0.717688	7.149572	7.514411	0.020067	3.1
19	-0.694962	8.149572	7.256623	0.013660	3.5
20	-0.683796	7.997935	7.294570	0.010195	3.5
21	-0.691770	8.997935	7.051401	0.022869	3.4
22	-0.680354	8.979324	7.055778	0.016357	3.2
23	-0.678185	9.971978	6.829640	0.015796	3.4
24	-0.694254	10.971978	6.616027	0.015408	3.2
25	-0.680905	10.815500	6.648566	0.018740	3.5
26	-0.652526	11.815499	6.445962	0.006303	3.5
27	-0.699145	11.949059	6.419833	0.011137	3.4
28	-0.691632	12.121094	6.386488	0.012342	3.6
29	-0.683485	13.120823	6.199366	0.008477	3.4
30	-0.707420	13.935604	6.054782	0.018004	3.4
31	-0.677961	13.779185	6.082013	0.006922	3.5
32	-0.682917	14.778942	5.912066	0.014339	3.5
33	-0.672343	15.116552	5.856801	0.020298	3.6
34	-0.690330	14.960072	5.882287	0.018711	3.4
35	-0.716586	15.950423	5.724629	0.023842	3.2
36	-0.693232	16.950423	5.573784	0.014619	3.6
37	-0.687038	17.950053	5.430736	0.014429	3.5
38	-0.693751	17.793724	5.452621	0.012586	3.2
39	-0.685183	18.793673	5.315605	0.014906	3.1
40	-0.674394	18.644429	5.335616	0.012866	3.4
41	-0.715674	18.487949	5.356760	0.027514	3.6
42	-0.666024	19.487949	5.224455	0.014294	3.6
43	-0.670867	20.487949	5.098528	0.013239	3.6
44	-0.702833	21.487948	4.978529	0.013895	3.5
45	-0.677472	21.331922	4.996878	0.019217	3.5
46	-0.634693	21.175442	5.015418	0.012693	3.6
47	-0.713244	22.175440	4.899254	0.010416	3.4
48	-0.671697	23.148712	4.791249	0.011364	3.5
49	-0.685563	24.148711	4.685127	0.023769	3.4
50	-0.673359	23.992231	4.701422	0.017913	3.6
51	-0.685477	23.835962	4.717808	0.013705	3.4
52	-0.714806	23.679483	4.734331	0.023536	3.3
53	-0.697963	23.552826	4.747790	0.024681	3.6
54	-0.680896	24.552826	4.643564	0.008790	3.2
55	-0.711766	24.396899	4.659514	0.017728	3.3
56	-0.685248	25.366846	4.562041	0.017348	3.5
57	-0.703818	25.210365	4.577490	0.012729	3.7
58	-0.701870	25.053886	4.593043	0.011734	3.6
59	-0.706602	24.897413	4.608701	0.011813	3.5
60	-0.672963	24.740934	4.624468	0.010640	3.6
61	-0.708738	25.740465	4.525575	0.012417	3.6
62	-0.693054	26.541865	4.449288	0.015571	3.6
63	-0.674976	27.532716	4.358451	0.013502	3.5
64	-0.648331	28.459365	4.276793	0.011414	3.5
65	-0.655098	28.302886	4.290367	0.015918	3.9
66	-0.692497	28.208672	4.298581	0.020687	3.1
67	-0.688305	29.208606	4.212972	0.017104	3.5
68	-0.702000	30.208603	4.130702	0.009994	3.6
69	-0.708238	31.161738	4.055223	0.013716	3.4
70	-0.692656	32.142578	3.980376	0.015099	3.5
71	-0.699264	33.142549	3.906862	0.005791	3.5
72	-0.684785	32.991269	3.917809	0.015646	3.2
73	-0.693664	33.984709	3.847023	0.011872	3.6
74	-0.667878	33.828235	3.858002	0.015095	3.7
75	-0.684326	34.439591	3.815459	0.022889	3.7
76	-0.683353	35.439591	3.747856	0.024036	3.7
77	-0.660878	35.283111	3.758276	0.010561	3.5
78	-0.698196	36.283102	3.692668	0.016323	3.4
79	-0.682687	36.128266	3.702676	0.011363	3.2
80	-0.652959	35.971787	3.712846	0.014985	3.2
81	-0.659394	35.828147	3.722231	0.010976	3.3
82	-0.668984	36.811511	3.658916	0.015724	3.5
83	-0.713140	37.801719	3.597301	0.017324	3.7
84	-0.698897	37.645239	3.606899	0.015609	3.8
85	-0.677404	38.645239	3.546427	0.005392	3.6
86	-0.668453	39.593161	3.490946	0.018349	3.5
87	-0.680197	39.443045	3.499616	0.015773	3.3
88	-0.673037	40.443045	3.442659	0.017786	3.4
89	-0.687445	41.443045	3.387526	0.012336	3.4
90	-0.677213	42.443045	3.334132	0.010995	3.6
91	-0.667688	43.103833	3.299763	0.010117	3.5
92	-0.634922	43.887072	3.259932	0.013917	3.6
93	-0.683900	44.081723	3.250182	0.012407	3.6
94	-0.685622	45.081723	3.200998	0.017555	3.5
95	-0.703482	45.642667	3.174055	0.011525	3.7
96	-0.682522	45.486187	3.181525	0.016916	3.7
97	-0.696778	46.486187	3.134382	0.014730	3.4
98	-0.731924	46.329706	3.141666	0.014339	3.5
99	-0.698240	46.173432	3.148975	0.014480	3.5
100	-0.700668	47.173404	3.102786	0.010523	3.5
101	-0.718626	47.963641	3.067232	0.012022	3.4
102	-0.667514	48.960064	3.023546	0.019025	3.6
103	-0.657497	48.803591	3.030324	0.008570	3.6
104	-0.656593	48.828135	3.029258	0.011208	3.7
105	-0.727705	49.241668	3.011424	0.016208	3.4
106	-0.704107	50.241659	2.969154	0.011071	3.6
107	-0.681600	50.085524	2.975676	0.011399	3.4
108	-0.657444	49.931355	2.982143	0.018861	3.5
109	-0.700764	49.774875	2.988737	0.019196	3.5
110	-0.709751	50.440878	2.960874	0.014019	3.3
111	-0.695284	51.427427	2.920544	0.018945	3.3
112	-0.699671	52.414805	2.881264	0.018551	3.4
113	-0.654810	52.258325	2.887419	0.015782	3.6
114	-0.670376	53.258325	2.848535	0.011110	3.1
115	-0.679669	53.102096	2.854541	0.012154	3.6
116	-0.697479	54.097879	2.816690	0.019025	3.6
117	-0.688265	53.941412	2.822571	0.019400	3.7
118	-0.678993	54.941411	2.785403	0.011921	3.6
119	-0.700766	55.941411	2.749202	0.008606	3.8
120	-0.675496	56.082173	2.744181	0.017024	3.8
121	-0.644249	56.967330	2.713027	0.014769	3.8
122	-0.686181	56.810894	2.718481	0.012301	3.7
123	-0.692909	56.654677	2.723950	0.010750	3.8
124	-0.705413	56.498484	2.729440	0.020521	3.6
125	-0.671398	56.480241	2.730083	0.008317	3.2
126	-0.692879	56.356112	2.734463	0.013047	3.4
127	-0.714758	57.330369	2.700453	0.007582	3.4
128	-0.692327	58.312038	2.667028	0.014718	5.1
129	-0.670629	58.337589	2.666170	0.012400	3.7
130	-0.686194	59.337589	2.632982	0.015434	4.8
131	-0.682941	60.337516	2.600614	0.010645	3.3
132	-0.682547	60.181037	2.605627	0.016199	3.3
133	-0.712662	61.153564	2.574781	0.020111	3.3
134	-0.705797	62.153562	2.543817	0.014238	3.3
135	-0.657884	62.018994	2.547941	0.012433	3.2
136	-0.698386	61.862573	2.552750	0.016079	3.4
137	-0.658374	62.792847	2.524410	0.017767	3.5
138	-0.710947	63.792847	2.494638	0.017651	3.4
139	-0.692099	63.636367	2.499250	0.015395	3.6
140	-0.712470	63.479886	2.503880	0.012236	3.6
141	-0.698047	64.436028	2.475858	0.013684	3.3
142	-0.688822	64.279550	2.480401	0.014335	3.4
143	-0.679459	64.123070	2.484960	0.011822	3.6
144	-0.660087	63.966615	2.489536	0.017540	3.2
145	-0.668441	63.810135	2.494130	0.012775	3.6
146	-0.672583	64.810135	2.465064	0.011171	3.5
147	-0.647256	64.653655	2.469567	0.015985	3.6
148	-0.676513	64.497174	2.474087	0.012559	3.5
149	-0.726005	64.340694	2.478624	0.012124	3.2
150	-0.669058	64.185282	2.483146	0.021042	3.3
151	-0.663499	64.241108	2.481519	0.012437	3.4
152	-0.671197	64.084748	2.486080	0.015792	3.5
153	-0.671218	65.084660	2.457203	0.015832	3.6
154	-0.650722	64.928492	2.461669	0.015903	3.5
155	-0.692095	64.772012	2.466160	0.013540	3.5
156	-0.688342	64.615531	2.470667	0.020098	3.4
157	-0.688833	64.459051	2.475191	0.010393	3.8
158	-0.697449	65.434320	2.447262	0.012067	3.7
159	-0.658537	66.357709	2.421394	0.019180	3.7
160	-0.682783	67.357709	2.393990	0.015406	3.3
161	-0.698287	68.357701	2.367199	0.017331	3.6
162	-0.660004	68.211586	2.371076	0.009154	3.7
163	-0.674899	68.055265	2.375238	0.014334	3.7
164	-0.701757	69.046757	2.349085	0.014743	3.6
165	-0.686654	70.046755	2.323284	0.019691	3.4
166	-0.700617	69.890322	2.327283	0.012544	3.6
167	-0.684242	69.734885	2.331269	0.016426	3.6
168	-0.703436	69.578405	2.335297	0.017012	3.8
169	-0.704442	69.422047	2.339335	0.020764	3.7
170	-0.685014	70.422046	2.313747	0.013656	3.6
171	-0.709865	70.311248	2.316554	0.010783	3.7
172	-0.662993	71.299473	2.291752	0.009149	4.2
173	-0.694865	71.144149	2.295615	0.021605	4.2
174	-0.692662	71.648908	2.283108	0.009606	3.8
175	-0.716411	71.503354	2.286700	0.018077	4.4
176	-0.697569	72.501291	2.262295	0.019651	3.9
177	-0.674874	73.501291	2.238355	0.009479	3.7
178	-0.668249	73.344980	2.242064	0.016090	4.0
179	-0.694227	74.344979	2.218549	0.029655	4.3
180	-0.675352	74.188527	2.222195	0.013672	3.9
181	-0.680127	75.188527	2.199092	0.016153	3.8
182	-0.677364	75.032047	2.202676	0.015694	4.0
183	-0.698657	74.875567	2.206271	0.019108	3.8
184	-0.708672	75.875567	2.183497	0.010636	4.4
185	-0.686060	75.719092	2.187029	0.016320	4.0
186	-0.681811	75.565290	2.190512	0.010632	4.0
187	-0.692819	75.576341	2.190262	0.009928	4.0
188	-0.719458	75.421462	2.193780	0.023530	3.9
189	-0.715947	76.417507	2.171350	0.028433	4.0
190	-0.648088	77.417507	2.149287	0.014916	3.6
191	-0.668539	77.261027	2.152710	0.011042	3.9
192	-0.686770	78.261025	2.131022	0.020386	3.5
193	-0.659283	79.261025	2.109768	0.012926	3.9
194	-0.674390	79.106357	2.113027	0.014576	3.7
195	-0.644545	78.949876	2.116335	0.012372	3.4
196	-0.713488	78.793779	2.119646	0.013258	3.6
197	-0.658800	78.642483	2.122864	0.019368	3.6
198	-0.664749	79.642476	2.101771	0.011992	3.6
199	-0.690362	79.486692	2.105030	0.012893	3.5
200	-0.674547	79.330233	2.108312	0.015232	3.8
201	-0.704114	80.330229	2.087506	0.020239	3.6
202	-0.708002	81.317008	2.067373	0.019528	3.6
203	-0.668160	81.160926	2.070532	0.012649	3.7
204	-0.692620	81.004446	2.073708	0.015521	3.5
205	-0.697576	82.004257	2.053580	0.023695	3.5
206	-0.696958	83.004257	2.033835	0.012323	3.6
207	-0.686429	84.004257	2.014466	0.011986	3.3
208	-0.688526	83.847776	2.017472	0.016792	3.4
209	-0.662300	84.498401	2.005030	0.017046	3.4
210	-0.684143	85.498401	1.986203	0.014702	3.6
211	-0.669911	85.341923	1.989126	0.014119	3.5
212	-0.644935	85.953118	1.977759	0.016443	3.5
213	-0.675417	86.953118	1.959438	0.018735	3.7
214	-0.691671	87.934093	1.941793	0.015309	3.2
215	-0.687471	88.934093	1.924130	0.013423	3.4
216	-0.684542	89.933763	1.906791	0.015843	3.3
217	-0.697682	90.384146	1.899081	0.016495	3.4
218	-0.687246	90.227672	1.901752	0.019739	3.3
219	-0.674922	91.227640	1.884807	0.017653	3.3
220	-0.690599	92.227640	1.868161	0.020582	3.6
221	-0.713919	93.226844	1.851819	0.013083	3.4
222	-0.665301	94.226842	1.835748	0.013864	3.2
223	-0.682461	95.189615	1.820537	0.016326	3.5
224	-0.634021	95.652120	1.813319	0.013488	3.4
225	-0.687730	95.495639	1.815754	0.014391	3.3
226	-0.676171	96.293443	1.803404	0.006632	3.6
227	-0.656007	97.290676	1.788201	0.025174	3.2
228	-0.690955	98.290676	1.773210	0.012543	3.3
229	-0.655445	99.290676	1.758469	0.012944	3.4
230	-0.671001	99.168742	1.760254	0.017992	3.6
231	-0.705978	99.012262	1.762549	0.013558	3.6
232	-0.683012	98.855782	1.764850	0.009665	3.4
233	-0.721053	98.705717	1.767062	0.025443	3.3
234	-0.705885	99.705716	1.752423	0.020977	3.3
235	-0.693558	100.705716	1.738024	0.018661	3.6
236	-0.687904	100.549235	1.740262	0.014459	3.7
237	-0.658007	100.392755	1.742505	0.012560	3.6
238	-0.670572	101.392755	1.728268	0.014506	3.7
239	-0.680785	102.392267	1.714268	0.010746	3.6
240	-0.701477	103.055787	1.705100	0.014849	3.6
241	-0.709054	104.055763	1.691465	0.026212	3.5
242	-0.720473	103.899283	1.693584	0.019097	3.7
243	-0.707275	104.896819	1.680165	0.009903	3.7
244	-0.679346	104.740339	1.682256	0.011682	3.7
245	-0.690032	105.740275	1.668984	0.008405	3.8
246	-0.684166	105.583877	1.671046	0.015827	3.9
247	-0.657410	106.558147	1.658283	0.018878	4.0
248	-0.676169	106.401669	1.660319	0.016452	3.8
249	-0.666669	106.245188	1.662361	0.010055	3.9
